100
72
47
42
71
120
165
177
160
128
84
39
4
-10
-3
34
110
210
290
312
286
243
212
203
203
206
215
239
258
230
149
75
72
140
217
261
276
264
210
98
-40
-147
-192
-185
-163
-138
-123
-136
-181
-236
-253
-226
-182
-175
-219
-285
-332
-339
-314
-259
-184
-110
-70
-76
-121
-187
-242
-236
-155
-42
35
53
26
-23
-76
-121
-150
-157
-136
-81
-15
21
-6
-77
-149
-197
-228
-263
-291
-286
-244
-200
-187
-194
-192
-184
-195
-242
-304
-358
-395
-407
-393
-365
-340
-336
-352
-383
-424
-454
-442
-364
-228
-80
24
58
32
-9
-18
19
76
97
53
-42
-122
-135
-72
6
37
28
42
119
227
310
359
379
365
311
241
171
115
107
177
300
395
423
422
433
450
448
424
398
376
340
269
175
95
58
44
20
-16
-12
67
197
319
402
458
495
512
500
470
431
389
340
271
169
44
-55
-77
-31
34
69
56
-2
-78
-128
-120
-70
-12
47
109
155
148
67
-63
-191
-273
-298
-260
-169
-64
-11
-28
-69
-84
-82
-84
-88
-78
-76
-86
-88
-77
-61
-52
-39
-31
-50
-90
-110
-95
-76
-73
-76
-78
-80
-88
-101
-114
-116
-91
-44
-2
7
-28
-103
-195
-285
-346
-361
-299
-158
25
178
247
230
146
8
-152
-284
-320
-258
-157
-98
-110
-158
-203
-218
-214
-209
-202
-177
-134
-112
-116
-108
-55
14
38
4
-71
-155
-229
-265
-249
-184
-120
-100
-132
-185
-210
-189
-131
-63
-2
39
59
44
1
-55
-93
-98
-73
-30
32
108
171
196
192
195
224
253
259
217
123
3
-89
-127
-129
-121
-103
-56
27
129
197
198
149
100
82
90
110
136
157
154
120
72
36
23
23
14
3
-1
5
6
11
50
107
129
87
12
-33
-19
28
79
118
169
239
308
338
324
272
197
128
113
178
270
296
216
76
-52
-120
-136
-125
-105
-84
-76
-88
-105
-107
-106
-101
-59
41
163
250
294
325
362
396
410
380
313
224
140
67
0
-46
-54
-11
54
104
107
70
21
0
22
67
107
137
166
190
189
145
71
22
47
151
276
347
314
176
0
-135
-188
-181
-154
-122
-80
-33
-18
-44
-98
-147
-181
-198
-198
-189
-187
-211
-244
-266
-276
-305
-375
-462
-524
-541
-522
-494
-464
-447
-445
-451
-448
-417
-356
-297
-262
-267
-291
-331
-381
-427
-439
-395
-308
-211
-132
-87
-63
-48
-20
31
107
188
231
202
110
16
-36
-53
-68
-77
-53
11
87
164
242
298
309
282
264
248
210
146
97
91
112
130
130
109
73
29
-34
-122
-213
-267
-265
-221
-161
-97
-34
39
125
206
260
266
236
199
193
226
257
248
197
128
53
-18
-57
-39
29
100
128
110
79
95
180
305
403
409
333
222
133
85
80
108
144
153
125
84
52
39
43
75
131
184
209
197
174
157
156
183
250
348
448
515
527
461
343
220
140
98
76
74
95
102
50
-56
-166
-238
-263
-239
-160
-30
95
155
125
47
-27
-79
-116
-148
-175
-208
-244
-282
-307
-316
-297
-262
-233
-236
-275
-329
-352
-320
-267
-254
-308
-390
-446
-450
-416
-367
-331
-314
-306
-285
-254
-216
-184
-152
-99
-34
27
45
18
-21
-43
-51
-72
-103
-121
-120
-129
-162
-201
-205
-154
-77
-6
43
60
41
9
2
43
102
129
121
105
101
112
121
115
83
38
9
3
-6
-58
-160
-258
-282
-210
-96
-1
50
69
64
52
62
106
177
251
316
358
342
257
144
72
76
132
190
227
251
268
261
226
181
148
132
120
102
78
51
34
41
72
121
167
176
115
-5
-119
-165
-129
-45
54
149
223
247
225
187
175
186
197
193
177
147
99
43
10
9
24
20
-8
-31
-26
13
67
105
102
65
27
12
4
-30
-75
-106
-108
-104
-111
-119
-118
-113
-119
-139
-161
-175
-180
-174
-151
-100
-31
34
77
85
61
25
-2
-32
-91
-167
-224
-238
-208
-116
35
197
299
303
216
85
-17
-34
15
62
94
132
178
183
126
40
-33
-63
-69
-56
-30
10
54
69
27
-62
-152
-194
-187
-161
-149
-145
-128
-98
-62
-24
8
20
-7
-69
-142
-192
-195
-165
-128
-119
-142
-185
-215
-209
-173
-138
-136
-163
-211
-270
-323
-362
-378
-355
-269
-124
24
111
113
52
-18
-63
-88
-124
-196
-284
-352
-368
-327
-257
-196
-166
-141
-86
-13
29
14
-10
13
101
214
293
298
236
150
99
121
211
326
420
455
429
365
305
274
267
260
239
194
130
63
27
45
106
171
177
102
-34
-153
-194
-149
-50
37
67
28
-55
-133
-172
-150
-69
31
57
-64
-264
-318
-51
448
874
966
711
345
155
217
372
437
408
363
289
139
-46
-141
-91
29
100
41
-103
-205
-163
-15
135
217
220
155
40
-85
-185
-211
-127
28
142
153
107
56
-4
-77
-108
-58
42
106
80
-31
-129
-101
64
246
323
288
202
110
22
-60
-117
-134
-117
-107
-150
-235
-295
-268
-166
-47
39
95
123
86
-61
-282
-457
-492
-410
-333
-359
-468
-552
-544
-452
-337
-239
-172
-125
-80
-33
7
20
13
-24
-98
-211
-336
-434
-474
-454
-415
-391
-391
-383
-360
-334
-306
-251
-161
-68
-4
14
-6
-44
-82
-104
-98
-53
15
51
25
-39
-77
-50
40
157
263
323
334
313
284
260
243
232
219
197
162
129
106
74
12
-64
-107
-103
-77
-50
-6
63
148
211
234
211
172
165
213
302
388
443
445
394
303
222
179
171
156
104
35
4
68
212
364
432
391
284
172
93
59
70
116
173
229
286
335
375
409
443
468
466
448
423
381
318
242
179
120
66
19
-3
-9
-10
-10
-22
-66
-152
-241
-284
-253
-157
-42
53
95
71
-20
-141
-249
-300
-279
-204
-135
-143
-235
-341
-391
-392
-367
-321
-236
-158
-138
-188
-241
-221
-133
-41
-2
-2
-13
-35
-83
-148
-198
-203
-158
-93
-48
-23
-16
-34
-105
-219
-327
-385
-392
-378
-370
-382
-414
-449
-472
-477
-482
-486
-472
-411
-301
-160
-23
66
85
42
-31
-104
-167
-227
-285
-315
-294
-217
-110
9
108
147
102
22
-35
-49
-34
-1
39
43
-18
-117
-206
-245
-227
-164
-91
-28
26
69
95
89
67
61
80
118
160
205
244
274
296
312
324
342
393
465
528
556
562
544
496
414
314
224
180
213
317
436
508
513
472
411
351
308
290
290
298
300
284
252
211
156
92
53
75
147
198
175
103
38
0
-20
-22
-9
9
11
-9
-58
-118
-147
-103
-9
68
89
58
4
-44
-82
-110
-142
-170
-202
-251
-309
-346
-337
-293
-238
-206
-187
-154
-75
40
143
199
191
142
89
46
-16
-104
-169
-164
-131
-144
-214
-273
-281
-255
-248
-296
-379
-428
-380
-248
-99
0
25
7
14
78
134
111
16
-83
-131
-133
-110
-70
-20
43
106
151
160
114
25
-71
-117
-111
-102
-138
-210
-264
-249
-168
-100
-126
-256
-407
-505
-531
-501
-423
-315
-204
-127
-92
-97
-106
-90
-46
17
72
89
26
-95
-187
-186
-92
40
150
201
228
283
365
407
372
289
192
69
-89
-246
-388
-661
-1251
-2014
-2253
-1237
1061
3690
5142
4246
1236
-1793
-2351
91
3367
4539
2287
-2119
-5520
-5254
-1640
2247
3690
2365
-449
-3041
-3717
-1735
1678
4165
4027
1258
-2193
-3340
-872
2905
4256
2097
-1145
-2563
-1694
-382
-380
-1305
-1221
513
1939
856
-2009
-3458
-1581
1957
3752
2334
-456
-1705
-620
920
938
-361
-1333
-1221
-866
-1192
-1862
-1758
-527
815
991
-34
-995
-852
81
744
714
478
477
459
-14
-755
-1017
-437
371
415
-473
-1383
-1321
-291
770
1059
662
254
250
470
546
396
208
104
-43
-388
-798
-922
-612
-120
177
145
-36
-70
190
605
922
1036
1022
925
738
473
207
14
-75
-89
-169
-426
-759
-854
-489
190
741
802
439
119
270
826
1287
1228
666
-64
-628
-849
-760
-544
-406
-453
-727
-1125
-1311
-961
-177
528
699
329
-153
-242
155
607
640
285
-68
-164
-104
-115
-276
-369
-123
391
726
549
41
-314
-239
105
364
374
273
247
249
141
-58
-154
-121
-272
-906
-1783
-2141
-1469
-184
677
519
-241
-695
-369
444
1165
1528
1639
1572
1180
498
50
324
1076
1491
1045
-23
-980
-1222
-759
-167
4
-255
-578
-691
-496
0
642
1096
1074
552
-166
-554
-294
337
621
121
-917
-1849
-2171
-1821
-1151
-605
-344
-182
62
305
370
309
351
559
662
297
-562
-1498
-1929
-1638
-972
-529
-563
-820
-925
-762
-410
120
793
1342
1365
757
-48
-375
66
825
1101
552
-383
-1016
-1098
-840
-450
71
694
1132
1041
471
13
264
1116
1814
1779
1165
500
67
-176
-262
-87
329
603
247
-728
-1586
-1538
-597
425
776
404
-206
-548
-391
211
1014
1662
1782
1219
292
-309
-98
739
1536
1745
1373
859
605
655
767
778
756
798
797
499
-142
-784
-938
-459
264
617
292
-438
-964
-833
-95
751
1161
934
322
-222
-364
-75
366
543
176
-618
-1368
-1610
-1296
-798
-549
-684
-1006
-1201
-1067
-641
-143
190
272
150
-79
-355
-637
-882
-1042
-1086
-1056
-1077
-1240
-1493
-1703
-1809
-1823
-1760
-1609
-1359
-1021
-719
-709
-1114
-1636
-1755
-1272
-515
-16
-115
-726
-1369
-1500
-987
-217
291
287
-70
-347
-183
370
885
983
649
200
16
238
682
1023
1056
773
322
-16
42
507
1077
1390
1345
1161
1164
1459
1832
1980
1832
1570
1395
1315
1161
786
275
-62
-2
348
687
883
1058
1350
1681
1841
1751
1584
1605
1785
1758
1246
475
-14
107
652
1106
1056
595
212
264
657
1088
1415
1676
1824
1590
706
-670
-1831
-2082
-1481
-875
-1088
-2085
-3016
-3127
-2464
-1676
-1259
-1212
-1290
-1383
-1471
-1408
-906
92
1080
1305
568
-382
-530
313
1224
1125
-79
-1362
-1633
-863
-37
23
-420
-456
290
1254
1685
1523
1326
1482
1765
1748
1439
1288
1582
2037
2117
1672
1087
773
666
327
-465
-1417
-2051
-2317
-2674
-3459
-4365
-4731
-4296
-3478
-2936
-2921
-3072
-2859
-2175
-1366
-728
-231
251
656
851
863
878
989
1014
614
-323
-1496
-2429
-2901
-3058
-3222
-3554
-3920
-4045
-3756
-3092
-2204
-1326
-734
-517
-338
331
1584
2814
3219
2581
1553
1109
1612
2467
2795
2386
1860
1902
2615
3534
4152
4296
4184
4180
4521
5198
5937
6279
5887
4981
4249
4178
4523
4607
3980
2650
928
-826
-2313
-3369
-3959
-4210
-4516
-5274
-6364
-7007
-6458
-4817
-3059
-2160
-2249
-2529
-2004
-330
1936
3797
4600
4453
3995
3766
3837
3914
3583
2560
886
-986
-2476
-3319
-3700
-3996
-4402
-4862
-5178
-5213
-4954
-4441
-3694
-2733
-1665
-673
72
547
876
1259
1799
2362
2642
2433
1873
1365
1224
1427
1731
1935
2017
2064
2199
2540
3119
3821
4414
4746
4862
4910
4921
4747
4270
3543
2674
1610
226
-1393
-2892
-3932
-4566
-5252
-6413
-7868
-8850
-8761
-7809
-6796
-6305
-6239
-5980
-4950
-3080
-918
850
1965
2667
3310
4078
4923
5585
5680
4938
3480
1818
516
-275
-949
-2007
-3470
-4812
-5463
-5329
-4815
-4405
-4201
-3866
-3054
-1811
-539
425
1069
1625
2264
2942
3477
3749
3773
3650
3492
3410
3502
3741
3935
3857
3530
3284
3448
3945
4360
4414
4247
4186
4360
4640
4730
4382
3586
2639
1860
1271
621
-380
-1807
-3390
-4624
-5208
-5371
-5603
-6140
-6783
-7085
-6649
-5423
-3809
-2371
-1361
-559
435
1786
3230
4299
4759
4801
4728
4629
4373
3849
3069
2122
1129
175
-693
-1479
-2271
-3196
-4171
-4807
-4715
-3983
-3170
-2784
-2825
-2799
-2197
-1009
216
930
1149
1353
1871
2546
3005
3099
3028
3073
3301
3537
3587
3414
3104
2802
2682
2799
2991
2979
2632
2049
1397
759
145
-463
-1041
-1545
-2009
-2595
-3436
-4381
-5106
-5425
-5498
-5658
-6083
-6591
-6751
-6253
-5252
-4246
-3591
-3128
-2376
-1072
492
1726
2350
2616
2976
3558
4085
4242
4006
3625
3263
2803
2019
885
-333
-1322
-1940
-2279
-2536
-2824
-3113
-3269
-3203
-2938
-2580
-2206
-1780
-1222
-541
132
695
1205
1799
2533
3290
3921
4381
4799
5283
5766
6053
6082
6010
6017
6059
5860
5207
4228
3357
2913
2756
2431
1690
753
23
-390
-778
-1480
-2478
-3396
-3920
-4147
-4426
-4923
-5444
-5683
-5536
-5141
-4703
-4266
-3715
-2949
-2044
-1171
-419
280
1059
1968
2851
3454
3696
3786
3987
4296
4419
4050
3166
2112
1251
601
-142
-1179
-2332
-3257
-3789
-4069
-4383
-4864
-5342
-5476
-5111
-4378
-3544
-2790
-2194
-1757
-1369
-846
-65
881
1770
2443
2909
3270
3611
3953
4282
4575
4779
4804
4571
4128
3655
3332
3125
2786
2095
1096
70
-724
-1261
-1720
-2235
-2748
-3059
-3110
-3056
-3088
-3166
-3095
-2803
-2574
-2745
-3199
-3371
-2849
-2022
-1641
-2027
-2637
-2570
-1419
273
1421
1514
1138
1313
2272
3286
3505
2811
1796
1106
855
616
-39
-1066
-2028
-2577
-2768
-2910
-3196
-3529
-3643
-3404
-2922
-2442
-2140
-1999
-1837
-1431
-745
-22
444
590
642
898
1488
2275
2934
3212
3149
3049
3138
3396
3654
3820
3902
3942
3928
3764
3362
2773
2209
1842
1651
1459
1148
783
521
435
423
345
176
42
34
54
-94
-447
-784
-872
-739
-655
-786
-987
-979
-695
-319
-18
230
553
942
1199
1145
868
666
703
760
442
-398
-1492
-2374
-2736
-2640
-2429
-2425
-2676
-2981
-3128
-3019
-2664
-2153
-1660
-1365
-1311
-1381
-1350
-1047
-527
-78
41
-116
-247
-121
240
584
678
516
313
242
267
311
392
517
564
428
192
37
102
406
840
1217
1439
1567
1677
1739
1708
1602
1425
1168
905
764
757
800
797
691
469
251
202
346
556
707
731
578
304
101
118
309
435
242
-346
-1093
-1624
-1785
-1745
-1753
-1879
-2083
-2312
-2521
-2609
-2476
-2111
-1664
-1370
-1330
-1376
-1218
-738
-115
339
467
378
305
357
469
555
641
772
889
889
796
761
865
995
945
655
317
218
415
641
601
334
171
320
630
822
825
829
1017
1322
1497
1415
1207
1069
992
854
650
549
664
918
1116
1133
1023
973
1123
1410
1636
1623
1379
1055
800
630
448
141
-328
-895
-1446
-1861
-2068
-2091
-2054
-2134
-2412
-2763
-2919
-2692
-2135
-1505
-1034
-776
-639
-506
-335
-147
25
139
136
-30
-277
-398
-262
31
218
163
-7
-47
136
368
428
312
240
345
486
440
217
74
193
475
666
604
372
160
52
-45
-223
-425
-556
-644
-802
-1032
-1155
-993
-604
-258
-123
-71
141
559
989
1225
1241
1170
1135
1131
1077
974
869
715
375
-162
-720
-1145
-1435
-1693
-1963
-2208
-2341
-2329
-2215
-2074
-1925
-1738
-1498
-1218
-927
-655
-433
-302
-272
-279
-207
-4
255
416
414
313
261
341
499
623
656
676
793
1024
1287
1532
1803
2138
2460
2600
2490
2242
2042
1965
1905
1696
1279
760
291
-21
-120
-22
145
189
16
-258
-378
-165
294
729
935
938
891
891
945
999
1024
1043
1093
1108
949
587
194
-65
-234
-498
-932
-1417
-1788
-2000
-2122
-2169
-2049
-1694
-1246
-992
-1090
-1378
-1501
-1276
-832
-507
-507
-728
-901
-868
-715
-630
-691
-816
-862
-779
-650
-565
-533
-461
-267
40
380
656
854
1044
1328
1706
2045
2192
2075
1745
1318
907
541
154
-278
-647
-809
-772
-687
-695
-772
-773
-575
-244
29
107
68
74
188
386
636
943
1227
1308
1093
715
489
565
771
720
234
-471
-962
-1000
-748
-555
-627
-856
-1041
-1103
-1113
-1138
-1157
-1138
-1087
-1058
-1059
-1030
-909
-732
-617
-644
-771
-898
-981
-1058
-1169
-1258
-1197
-904
-435
73
528
919
1259
1527
1671
1698
1697
1762
1864
1834
1585
1232
984
896
858
771
660
597
590
545
341
1
-287
-351
-227
-73
40
152
299
474
661
875
1121
1343
1421
1294
1062
903
866
848
748
558
315
66
-144
-300
-406
-444
-398
-339
-389
-574
-785
-897
-845
-665
-487
-472
-670
-960
-1127
-1041
-786
-630
-792
-1211
-1622
-1790
-1672
-1374
-1075
-914
-884
-837
-655
-363
-69
132
224
257
323
420
449
339
163
14
-102
-258
-473
-659
-678
-466
-158
13
-58
-223
-245
3
439
816
922
794
682
765
969
1086
999
768
558
484
519
560
591
672
806
867
774
605
499
497
512
429
229
-29
-248
-378
-413
-397
-402
-491
-659
-815
-845
-706
-511
-457
-638
-923
-1069
-956
-709
-537
-542
-624
-647
-551
-389
-220
-63
75
177
210
197
171
179
225
283
295
195
-22
-284
-446
-403
-206
-34
-58
-246
-375
-230
162
544
696
631
529
523
633
812
967
974
753
380
41
-97
-27
89
58
-172
-428
-480
-271
13
133
34
-132
-184
-113
-54
-104
-214
-258
-212
-165
-229
-399
-564
-621
-596
-593
-641
-647
-527
-304
-77
93
238
428
683
943
1148
1291
1410
1528
1620
1645
1594
1529
1502
1489
1385
1142
808
457
133
-141
-341
-471
-578
-720
-890
-1000
-924
-641
-297
-54
56
127
240
372
424
322
137
33
75
117
-36
-388
-756
-947
-910
-737
-575
-532
-635
-815
-945
-892
-619
-238
33
55
-108
-273
-300
-208
-87
-6
24
-10
-116
-255
-326
-258
-137
-154
-390
-693
-823
-700
-440
-231
-162
-189
-199
-113
74
342
667
962
1078
961
734
601
613
619
451
92
-285
-508
-552
-539
-608
-751
-848
-821
-719
-631
-526
-314
14
320
449
387
270
237
292
342
345
342
357
321
181
-9
-140
-184
-204
-272
-379
-457
-465
-438
-447
-495
-485
-322
-47
154
148
-5
-128
-101
54
216
281
240
160
95
32
-56
-168
-265
-271
-117
145
342
350
241
182
265
467
697
863
936
956
980
1012
1025
986
871
677
444
246
136
93
63
5
-74
-150
-195
-199
-173
-127
-64
24
137
271
417
552
659
735
758
697
541
330
121
-8
-15
52
39
-164
-479
-686
-650
-458
-323
-374
-543
-665
-628
-450
-191
98
380
579
615
503
368
338
410
423
214
-201
-606
-781
-708
-583
-618
-848
-1104
-1162
-961
-647
-439
-429
-550
-675
-718
-675
-587
-491
-387
-274
-211
-277
-461
-646
-727
-688
-602
-575
-683
-890
-1062
-1051
-815
-431
-75
83
27
-86
-84
80
331
560
683
691
662
645
613
507
354
232
199
260
353
382
273
71
-108
-166
-86
97
327
539
692
788
868
942
974
924
806
652
461
211
-76
-333
-502
-583
-649
-764
-907
-962
-858
-650
-483
-435
-427
-336
-116
154
384
560
704
819
872
868
871
930
1023
1068
1002
837
630
412
204
74
106
286
469
490
334
154
128
302
519
587
453
255
160
202
285
325
311
254
137
-56
-283
-479
-620
-735
-847
-899
-801
-541
-232
-10
99
162
239
300
282
192
119
128
154
67
-171
-444
-631
-728
-825
-967
-1109
-1179
-1194
-1238
-1322
-1307
-1062
-660
-323
-179
-140
-27
209
455
595
644
711
824
873
746
507
355
399
547
614
536
415
382
448
514
462
286
102
32
89
205
313
373
362
283
183
108
61
13
-72
-220
-413
-578
-668
-701
-728
-760
-762
-697
-570
-428
-315
-226
-114
6
62
2
-81
-63
59
116
-6
-239
-428
-501
-518
-550
-612
-648
-609
-547
-568
-697
-815
-785
-607
-378
-166
28
216
406
599
806
1025
1234
1377
1394
1310
1222
1197
1199
1155
1035
867
689
545
477
499
568
600
517
313
109
45
148
290
325
207
0
-189
-277
-265
-208
-145
-84
-45
-77
-207
-404
-577
-633
-547
-410
-345
-386
-459
-483
-455
-435
-461
-508
-530
-520
-534
-601
-682
-723
-725
-730
-780
-874
-983
-1062
-1131
-1212
-1262
-1176
-915
-588
-367
-336
-432
-508
-451
-260
-17
196
346
420
439
458
537
685
845
938
910
805
718
719
775
811
781
707
631
571
496
377
265
253
374
542
645
624
516
404
348
344
331
295
264
281
331
372
333
168
-117
-377
-445
-242
131
496
671
561
231
-130
-291
-205
19
143
58
-214
-470
-587
-524
-375
-215
-124
-151
-310
-535
-726
-813
-814
-770
-718
-653
-564
-454
-340
-266
-237
-234
-182
-54
118
244
290
277
292
406
633
911
1172
1344
1382
1270
1062
854
700
606
549
504
417
246
12
-190
-274
-216
-93
3
9
-71
-198
-316
-401
-442
-410
-283
-89
80
172
214
255
302
318
260
109
-110
-317
-450
-510
-571
-715
-991
-1340
-1627
-1716
-1589
-1332
-1065
-883
-821
-819
-768
-634
-474
-357
-298
-284
-299
-311
-317
-326
-359
-390
-418
-462
-551
-657
-686
-572
-298
22
281
419
499
603
767
924
1018
1010
959
940
986
1112
1216
1255
1153
985
808
657
525
377
226
122
118
254
398
513
520
539
572
642
689
680
636
523
371
176
87
156
343
492
483
382
249
134
1
-111
-163
-139
-94
-76
-96
-137
-167
-181
-173
-141
-98
-57
-51
-82
-150
-248
-327
-361
-321
-261
-233
-283
-410
-591
-706
-737
-622
-534
-458
-426
-295
-66
207
426
497
484
464
543
612
609
512
473
491
510
387
219
63
66
88
82
-43
-180
-254
-289
-327
-348
-268
-59
100
106
-91
-282
-359
-299
-245
-260
-347
-494
-680
-908
-1072
-1140
-1108
-1124
-1252
-1399
-1338
-1015
-573
-342
-401
-678
-888
-874
-609
-281
-88
-143
-312
-421
-299
-44
158
139
-32
-183
-204
-180
-216
-328
-443
-428
-336
-261
-356
-474
-477
-249
46
349
587
784
814
693
496
472
687
1054
1251
1044
550
169
290
771
1206
1253
1014
783
774
937
1115
1080
885
612
559
694
1006
1202
1211
970
654
372
233
242
333
386
267
41
-242
-422
-503
-479
-490
-584
-652
-562
-350
-188
-157
-150
-73
129
344
498
504
414
288
187
131
134
226
317
306
141
-16
-73
-24
-22
-73
-164
-167
-74
69
132
92
-14
-48
-17
87
143
153
106
39
-26
-46
-30
-48
-210
-462
-693
-805
-857
-914
-896
-744
-483
-313
-360
-574
-784
-747
-530
-298
-277
-414
-561
-605
-571
-525
-511
-488
-420
-356
-334
-447
-579
-714
-678
-527
-300
-244
-362
-522
-576
-472
-390
-327
-357
-306
-146
108
296
283
115
-103
-229
-190
18
286
445
407
235
52
-25
34
203
351
406
369
365
398
435
429
448
528
585
565
451
359
361
404
446
405
375
398
450
454
345
201
87
31
24
52
121
183
225
246
292
352
406
385
304
162
55
-25
-19
-1
20
-52
-143
-231
-255
-283
-284
-232
-91
100
212
229
141
100
153
297
439
510
496
442
328
273
246
319
350
358
292
176
12
-134
-165
-101
-2
51
83
139
260
431
571
625
546
406
253
162
158
248
382
445
378
178
-22
-162
-198
-159
-93
-50
-78
-217
-409
-615
-692
-665
-562
-509
-491
-480
-420
-383
-416
-509
-568
-506
-411
-341
-371
-440
-498
-469
-361
-203
-129
-121
-198
-219
-177
-53
84
121
32
-138
-223
-191
-98
-81
-138
-217
-198
-83
56
126
107
54
25
12
-28
-126
-239
-285
-267
-254
-297
-382
-407
-384
-297
-208
-121
-73
-84
-100
-91
-12
87
164
161
63
-59
-89
-5
93
35
-187
-445
-519
-323
8
242
204
-18
-239
-281
-173
-14
31
-85
-330
-537
-522
-285
78
273
260
51
-55
14
208
333
331
315
300
302
251
204
155
108
146
236
390
454
501
507
547
563
603
644
652
591
496
452
450
438
388
342
268
156
31
33
177
379
469
376
124
-131
-212
-97
80
135
69
-18
-47
-11
9
36
43
86
96
65
-26
-123
-187
-253
-310
-413
-445
-445
-369
-328
-356
-419
-502
-502
-423
-312
-228
-230
-153
-25
157
228
202
149
165
254
361
388
399
420
513
592
600
530
409
351
385
507
593
605
567
548
536
513
446
380
266
150
-6
-90
-116
-48
1
-15
-118
-255
-334
-362
-373
-422
-476
-502
-560
-642
-731
-724
-677
-632
-638
-658
-657
-618
-605
-651
-790
-906
-955
-896
-868
-908
-997
-1016
-936
-793
-638
-520
-460
-409
-304
-130
-7
29
35
89
232
405
543
550
431
280
237
289
398
463
480
395
234
65
-62
-70
17
273
549
760
771
690
596
553
515
463
390
342
350
430
532
550
477
329
212
115
84
110
190
240
193
23
-195
-322
-255
-63
46
-17
-176
-279
-311
-307
-235
-101
65
162
200
219
224
233
188
140
92
122
229
323
355
272
164
60
16
11
24
19
-2
0
86
239
382
404
333
284
338
433
445
329
142
22
8
53
53
-21
-133
-250
-318
-251
-105
49
79
55
25
-6
-22
-47
-39
-60
-114
-169
-181
-106
7
86
61
-57
-158
-183
-149
-145
-230
-363
-482
-531
-550
-601
-687
-821
-883
-803
-507
-177
-33
-116
-280
-346
-319
-271
-248
-318
-450
-661
-850
-985
-1006
-916
-856
-866
-913
-787
-501
-172
21
94
146
270
413
456
361
245
220
317
440
521
475
341
179
85
74
140
255
397
548
658
692
601
477
404
494
665
830
876
853
791
747
705
677
671
668
657
578
434
250
87
-22
-50
14
124
189
146
-4
-176
-264
-192
-32
66
21
-96
-194
-243
-275
-279
-245
-200
-165
-157
-177
-209
-218
-180
-141
-194
-331
-492
-533
-422
-204
-22
7
-80
-121
7
253
426
401
193
-77
-246
-278
-211
-200
-273
-388
-460
-493
-512
-539
-533
-488
-360
-126
202
503
657
641
556
517
579
650
608
402
177
79
144
218
177
23
-146
-226
-227
-212
-286
-434
-594
-698
-785
-868
-897
-800
-608
-406
-276
-197
-152
-64
53
193
278
289
269
257
218
95
-116
-296
-367
-284
-136
-30
-46
-143
-192
-171
-114
-116
-97
-18
120
233
226
107
-69
-169
-129
25
183
271
243
197
178
271
375
444
411
334
273
271
364
522
750
941
1039
964
752
497
314
257
275
306
319
317
284
205
106
38
23
50
68
14
-88
-177
-177
-133
-64
16
101
153
135
114
115
138
95
-27
-179
-240
-133
86
273
242
-12
-349
-553
-496
-291
-97
-91
-229
-386
-436
-361
-245
-158
-183
-284
-376
-378
-326
-318
-372
-417
-416
-369
-369
-395
-445
-433
-379
-312
-256
-227
-207
-232
-290
-349
-392
-380
-328
-212
-87
-5
22
-11
-83
-186
-288
-338
-326
-276
-265
-300
-332
-276
-149
-13
92
176
256
297
327
388
450
435
301
119
-8
-26
80
244
371
398
322
224
145
104
82
75
95
126
144
133
82
24
13
108
242
270
148
-26
-69
22
155
186
103
-21
-101
-102
-43
99
283
465
541
535
501
483
466
423
369
308
260
234
252
288
305
281
257
266
300
296
266
268
374
538
683
738
692
550
384
265
230
254
300
339
331
254
129
3
-121
-207
-220
-135
-54
-42
-115
-212
-388
-596
-765
-751
-598
-377
-202
-100
-59
-35
-16
-51
-125
-171
-131
-94
-125
-236
-304
-291
-215
-151
-158
-238
-359
-465
-512
-523
-521
-563
-654
-789
-905
-955
-909
-828
-767
-763
-744
-711
-670
-672
-673
-616
-472
-310
-206
-244
-320
-369
-319
-252
-180
-77
50
141
134
74
31
39
61
57
-10
-95
-165
-160
-124
-110
-183
-309
-382
-353
-269
-237
-221
-162
2
181
293
292
262
295
433
607
710
685
582
493
492
530
549
487
403
334
324
323
302
232
157
125
180
260
309
278
270
327
428
454
383
268
173
142
173
270
381
510
606
664
640
609
595
634
662
684
664
644
566
473
342
291
301
371
383
358
337
344
380
394
427
406
336
184
49
-45
-72
-85
-78
-97
-138
-209
-242
-224
-172
-99
-3
142
244
284
256
244
298
384
446
405
276
112
-31
-126
-199
-270
-322
-371
-395
-449
-530
-607
-664
-676
-727
-824
-960
-1028
-957
-766
-557
-462
-516
-641
-716
-705
-680
-655
-645
-609
-594
-570
-520
-474
-445
-464
-457
-478
-496
-505
-426
-296
-217
-216
-251
-214
-139
-85
-116
-193
-252
-259
-247
-248
-302
-329
-277
-154
-63
-57
-58
-25
32
61
68
71
87
124
208
283
322
321
315
309
275
268
358
493
586
571
530
490
399
255
104
16
-17
-55
-68
-66
-44
-18
5
101
203
310
340
394
503
648
724
715
688
703
703
641
516
390
326
313
350
340
328
300
334
369
399
375
328
268
249
255
293
321
337
310
251
208
213
252
269
247
203
116
14
-38
22
139
200
193
162
142
119
92
45
-46
-178
-271
-278
-210
-160
-175
-265
-351
-359
-308
-273
-335
-429
-501
-480
-419
-346
-332
-311
-279
-246
-305
-440
-576
-643
-623
-546
-419
-311
-237
-212
-197
-187
-214
-292
-364
-364
-258
-175
-187
-308
-415
-472
-499
-567
-627
-659
-570
-437
-305
-295
-394
-546
-637
-613
-483
-337
-243
-218
-230
-207
-131
-24
79
150
207
231
201
190
197
271
229
106
-74
-119
20
232
343
243
46
-32
93
354
567
644
602
482
363
299
353
480
565
510
343
189
174
273
398
433
414
377
381
371
355
330
326
312
257
166
100
82
136
171
148
47
-35
-31
55
168
204
158
37
-60
-109
-99
-89
-86
-111
-122
-103
-41
7
36
81
136
168
96
-20
-166
-253
-282
-254
-257
-290
-293
-229
-145
-165
-228
-275
-223
-129
-67
-28
-32
-34
-83
-165
-234
-215
-41
173
316
313
263
242
259
272
239
194
161
199
276
356
375
365
385
435
451
397
295
227
199
251
305
321
251
139
54
16
44
105
167
150
85
-25
-80
-143
-168
-240
-282
-262
-122
67
150
72
-100
-189
-118
41
173
191
90
-58
-210
-294
-343
-360
-376
-400
-434
-468
-463
-405
-321
-222
-151
-101
-86
-58
-40
-85
-203
-296
-246
-75
77
117
27
-62
-110
-70
0
78
141
124
38
-117
-214
-214
-136
-48
28
122
216
219
107
-66
-139
-45
155
301
271
83
-135
-245
-189
-36
76
75
-54
-173
-229
-202
-169
-182
-223
-287
-371
-465
-545
-542
-457
-352
-304
-324
-339
-308
-272
-232
-186
-124
-122
-240
-382
-455
-412
-322
-249
-209
-215
-225
-162
-30
120
186
182
163
168
225
304
349
304
199
129
120
130
117
119
170
285
400
458
351
152
-2
30
158
236
206
130
62
32
49
156
305
503
646
754
754
783
800
802
703
569
488
433
406
360
326
265
203
192
205
215
178
154
119
76
50
34
15
-92
-176
-202
-86
42
134
107
45
-53
-129
-209
-255
-254
-264
-266
-285
-262
-253
-293
-388
-447
-401
-252
-125
-65
-100
-161
-254
-340
-367
-311
-191
-116
-80
-115
-147
-125
-23
90
87
30
1
65
83
-9
-158
-201
-117
25
61
-26
-201
-304
-287
-244
-240
-322
-347
-348
-300
-244
-151
-78
-57
-146
-249
-345
-357
-350
-322
-300
-269
-203
-114
-29
-14
-18
-24
-4
-56
-124
-178
-150
-147
-179
-261
-311
-360
-353
-309
-221
-169
-156
-146
-104
-25
97
272
377
330
160
90
143
285
345
368
287
168
55
63
221
439
588
548
366
191
174
287
402
449
460
459
439
382
363
385
436
450
430
395
367
336
302
275
325
422
466
392
238
115
71
110
202
274
331
371
395
333
219
135
113
113
67
-16
-135
-230
-224
-127
-20
26
-3
-76
-157
-148
-29
110
181
185
167
144
87
61
22
-17
-119
-208
-235
-174
-38
96
148
105
5
-57
-122
-155
-165
-118
-42
-7
16
0
14
1
-17
-66
-129
-247
-387
-512
-531
-488
-405
-363
-376
-472
-580
-640
-608
-525
-457
-459
-560
-652
-635
-442
-222
-97
-123
-166
-117
-30
-26
-190
-353
-389
-220
-14
81
-4
-179
-267
-242
-100
32
125
142
84
-11
-84
-61
57
191
287
287
192
61
-4
53
165
253
279
257
208
165
169
191
164
42
-127
-208
-211
-177
-238
-342
-447
-503
-504
-464
-384
-280
-185
-87
-26
12
6
-40
-134
-208
-227
-158
-104
-88
-110
-86
-2
112
212
277
334
435
583
690
661
501
346
290
357
443
456
352
192
85
102
206
296
282
159
46
71
232
429
492
464
366
289
241
226
247
229
208
190
195
182
133
90
83
107
124
66
-61
-198
-210
-85
134
332
419
360
154
-89
-287
-346
-260
-122
-40
-93
-180
-245
-262
-270
-269
-242
-208
-200
-227
-298
-351
-358
-300
-202
-148
-120
-175
-247
-351
-395
-352
-221
-67
9
-16
-138
-248
-274
-189
-58
40
86
78
14
-99
-170
-134
10
102
128
95
120
169
178
100
-75
-222
-230
-77
108
161
105
49
68
128
170
173
121
39
-72
-177
-284
-327
-285
-129
24
114
90
52
49
115
160
121
-10
-139
-169
-89
13
60
17
-72
-138
-135
-34
63
115
50
-30
-56
27
177
273
276
239
301
477
653
705
583
374
202
196
350
538
589
490
281
140
81
153
189
160
54
-52
-82
-42
71
169
179
104
15
-7
-49
-154
-282
-321
-236
-133
-93
-154
-242
-238
-109
107
241
219
63
-77
-83
37
205
297
229
-26
-298
-423
-318
-167
-135
-330
-602
-753
-643
-390
-204
-187
-323
-477
-550
-447
-256
-152
-229
-399
-490
-414
-284
-203
-280
-419
-525
-472
-296
-99
-16
-10
24
164
332
434
418
326
260
288
410
524
586
549
476
360
302
310
380
436
402
352
338
431
546
619
614
566
534
535
556
568
543
457
298
113
17
46
141
128
-12
-216
-325
-334
-240
-148
-86
-104
-159
-234
-316
-382
-422
-421
-412
-434
-468
-567
-665
-738
-705
-589
-491
-426
-452
-482
-539
-540
-482
-365
-229
-127
-89
-96
-99
-34
18
-6
-117
-192
-174
-100
-73
-117
-222
-315
-374
-373
-321
-210
-125
-102
-194
-290
-359
-340
-274
-205
-170
-184
-237
-299
-291
-153
61
178
126
-33
-133
-96
11
81
66
15
40
130
271
347
352
254
120
22
39
160
307
375
306
129
-2
37
264
518
659
586
359
102
-36
16
137
254
271
255
231
242
293
376
473
558
543
401
156
-63
-106
17
237
335
290
121
24
83
271
414
322
63
-201
-209
-2
296
460
432
351
347
475
599
634
599
502
372
224
130
135
192
228
210
167
158
178
198
218
252
335
427
435
325
112
-12
-26
60
75
62
47
83
86
20
-65
-147
-223
-310
-366
-346
-308
-268
-251
-224
-191
-149
-125
-182
-333
-462
-418
-267
-144
-190
-319
-440
-515
-478
-450
-437
-578
-684
-688
-521
-348
-212
-210
-337
-582
-741
-673
-445
-245
-202
-285
-387
-410
-328
-216
-195
-219
-272
-223
-183
-104
-104
-72
-82
-23
25
80
64
4
-42
-92
-116
-161
-147
-95
-34
7
41
109
171
146
42
-106
-179
-197
-109
-13
41
-28
-119
-78
77
252
285
209
75
17
60
170
223
249
271
318
307
249
212
195
235
303
438
490
415
283
262
363
452
454
404
366
293
197
100
133
259
393
393
268
109
55
134
227
194
46
-60
-59
16
91
193
277
320
274
210
168
186
263
301
256
124
85
170
303
372
324
213
28
-87
-61
90
195
191
138
119
52
-83
-251
-333
-326
-281
-280
-349
-499
-627
-670
-590
-484
-452
-522
-626
-684
-567
-355
-117
-93
-244
-463
-555
-433
-223
38
152
184
93
20
-16
-12
92
218
337
287
37
-279
-555
-552
-387
-109
9
-66
-294
-465
-437
-183
132
313
257
52
-96
-74
82
209
235
202
149
93
-8
-46
24
160
205
93
-89
-158
-104
50
134
149
84
23
-36
-151
-316
-431
-371
-187
-33
-1
-71
-174
-203
-130
36
92
-3
-285
-510
-548
-329
-65
48
-9
-143
-236
-256
-147
10
91
37
-32
-31
74
156
225
152
62
-79
-76
-39
25
23
-11
-9
15
104
177
233
220
189
168
179
277
420
555
548
474
424
457
503
508
476
389
271
141
111
169
273
325
307
214
83
-14
41
237
483
536
395
126
35
126
317
341
171
-80
-193
-155
-85
-106
-180
-227
-257
-214
-164
-68
-92
-129
-209
-183
-121
10
81
134
167
194
96
-186
-451
-575
-401
-154
46
-20
-234
-426
-399
-238
-28
50
106
63
57
34
82
177
237
204
8
-216
-345
-266
-48
150
274
284
242
117
-18
-85
-147
-146
-194
-111
9
193
328
362
357
343
440
565
613
514
303
125
57
95
134
57
-109
-260
-221
-58
82
20
-182
-387
-412
-291
-65
76
87
-49
-217
-269
-193
13
194
264
163
-16
-101
-87
-75
-148
-279
-278
-251
-178
-230
-250
-270
-230
-211
-188
-235
-277
-282
-189
-45
39
107
67
-83
-310
-460
-368
-187
-92
-231
-451
-479
-244
61
154
-75
-380
-515
-343
11
234
275
77
-57
-119
22
175
315
346
317
236
108
34
64
186
220
83
-212
-483
-678
-665
-529
-261
-62
29
-4
-61
-57
-15
14
-31
-143
-216
-213
-102
-16
-18
-91
-167
-106
-28
89
74
18
-68
-78
-26
26
-5
-50
-167
-201
-244
-153
-25
111
156
78
38
73
213
289
370
414
474
343
72
-203
-202
228
749
1045
799
385
81
161
431
703
751
580
313
178
209
339
437
444
380
173
-52
-236
-160
92
435
559
467
79
-178
-236
101
430
596
496
285
74
-69
-143
-124
-71
19
63
62
-60
-162
-248
-151
8
181
215
41
-257
-575
-679
-555
-316
-221
-309
-537
-593
-481
-111
119
152
-162
-389
-475
-294
-162
-76
-104
-102
-143
-137
-169
-128
-156
-279
-463
-620
-497
-337
-95
-137
-180
-357
-386
-401
-216
28
391
560
572
150
-325
-821
-858
-508
119
589
433
-201
-932
-1061
-545
261
657
326
-555
-1234
-1362
-884
-292
176
241
25
-294
-314
-107
265
522
567
426
198
164
213
274
232
163
215
297
353
186
-65
-212
-164
112
366
550
487
278
133
159
443
588
398
-232
-736
-597
467
1859
2670
2190
817
-285
-216
915
2050
2151
980
-601
-1351
-697
695
1648
1350
75
-1047
-1202
-496
-50
-287
-773
-580
316
1181
1172
374
-284
30
1079
1814
1513
608
-115
-193
61
201
94
-206
-419
-579
-675
-895
-1116
-1211
-931
-426
4
-65
-643
-1359
-1660
-1355
-631
54
491
637
665
728
964
1345
1695
1737
1302
487
-466
-1034
-1062
-609
-186
-38
-219
-595
-1048
-1371
-1550
-1615
-1709
-1652
-1372
-954
-639
-519
-427
-118
536
1261
1606
1307
622
90
-22
192
308
109
-354
-836
-1167
-1405
-1554
-1542
-1300
-942
-686
-639
-759
-919
-985
-1019
-1017
-965
-628
-171
31
-268
-779
-853
-293
498
874
545
-23
-352
-230
22
184
289
354
292
42
-111
56
355
429
248
172
410
715
798
620
527
606
812
1011
1374
1862
2203
2125
1807
1631
1669
1711
1621
1499
1424
1341
1211
1067
870
498
-125
-791
-1258
-1438
-1576
-1844
-2115
-2143
-1984
-1887
-1983
-2046
-1959
-1764
-1565
-1360
-1092
-821
-609
-437
-216
96
422
645
776
882
934
860
628
460
471
659
771
627
256
-117
-259
-189
-25
114
351
834
1560
2196
2437
2285
2139
2290
2737
3169
3357
3284
3141
3106
3157
3168
2941
2307
1221
-79
-1153
-1740
-1942
-2082
-2333
-2699
-3102
-3520
-3888
-4060
-3982
-3762
-3602
-3516
-3335
-2882
-2162
-1307
-467
306
967
1502
1823
1867
1606
1178
789
573
434
160
-363
-1075
-1845
-2629
-3442
-4218
-4773
-4893
-4566
-3978
-3379
-2821
-2231
-1530
-685
305
1470
2760
4073
5242
6097
6589
6803
6893
6917
6826
6609
6252
5814
5262
4597
3643
2269
447
-1515
-3175
-4191
-4615
-4908
-5498
-6390
-7145
-7435
-7207
-6606
-5664
-4489
-3231
-2179
-1363
-678
149
1205
2458
3755
4906
5743
6064
5833
5131
4204
3287
2479
1700
742
-539
-2090
-3661
-4956
-5859
-6397
-6607
-6442
-5919
-5236
-4581
-3947
-3086
-1852
-328
1171
2411
3396
4342
5420
6571
7632
8479
9104
9423
9267
8537
7428
6334
5519
4768
3608
1674
-841
-3412
-5429
-6655
-7237
-7575
-7962
-8406
-8747
-8825
-8509
-7662
-6249
-4449
-2652
-1124
80
1182
2343
3613
4868
5990
6881
7372
7241
6402
5089
3672
2352
1087
-215
-1578
-2991
-4502
-6136
-7730
-8880
-9211
-8738
-7840
-6899
-5972
-4877
-3455
-1724
186
2151
4061
5788
7182
8178
8842
9348
9781
10123
10186
9796
8817
7322
5601
4048
2896
1939
638
-1459
-4179
-6818
-8610
-9345
-9340
-9100
-8895
-8694
-8357
-7799
-6919
-5575
-3661
-1437
626
2099
3001
3612
4252
5016
5911
6827
7537
7665
6923
5397
3514
1760
248
-1162
-2666
-4184
-5597
-6858
-8038
-9017
-9450
-9049
-7936
-6555
-5244
-3956
-2436
-614
1310
3077
4628
6067
7404
8438
8925
8899
8679
8595
8679
8636
8089
6885
5199
3440
2007
1080
454
-433
-2070
-4428
-6834
-8496
-9045
-8717
-8041
-7416
-6976
-6657
-6326
-5766
-4680
-2908
-707
1314
2620
3207
3483
3874
4542
5426
6365
7087
7227
6477
4863
2827
955
-507
-1726
-2981
-4320
-5593
-6674
-7532
-8140
-8328
-7921
-6937
-5598
-4195
-2805
-1403
92
1663
3277
4874
6324
7449
8080
8225
8079
7943
7998
8192
8283
8010
7188
5820
4092
2422
1240
661
206
-903
-3051
-5743
-7965
-8925
-8665
-7817
-7059
-6617
-6366
-6151
-5842
-5196
-3864
-1787
544
2369
3318
3647
3887
4330
4976
5763
6576
7122
6940
5766
3816
1637
-271
-1758
-2948
-4020
-5043
-6028
-6973
-7793
-8260
-8107
-7252
-5906
-4423
-3058
-1794
-479
999
2574
4110
5487
6606
7360
7665
7568
7231
6908
6783
6875
6986
6768
5930
4426
2618
1037
178
38
59
-605
-2365
-4765
-6824
-7762
-7540
-6694
-5910
-5561
-5608
-5787
-5805
-5395
-4316
-2589
-640
951
1869
2248
2423
2719
3344
4381
5662
6674
6766
5631
3618
1467
-292
-1628
-2747
-3744
-4589
-5351
-6174
-7022
-7555
-7392
-6490
-5142
-3793
-2633
-1616
-568
546
1683
2838
4031
5181
6083
6563
6597
6317
5965
5806
5999
6445
6682
6207
4862
3108
1660
1068
1279
1612
1108
-679
-3279
-5603
-6776
-6690
-5873
-5057
-4675
-4818
-5305
-5778
-5759
-4873
-3170
-1156
526
1548
2040
2370
2847
3648
4815
6105
6970
6788
5422
3353
1359
-132
-1178
-2078
-2954
-3765
-4507
-5303
-6109
-6572
-6315
-5363
-4105
-2930
-1936
-1047
-173
715
1643
2647
3668
4546
5076
5200
5008
4709
4531
4646
5101
5724
6164
5985
4967
3359
1831
1116
1448
2348
2733
1677
-843
-3793
-5901
-6593
-6241
-5680
-5532
-5924
-6598
-7179
-7293
-6628
-5097
-3027
-1049
369
1228
1891
2639
3557
4670
5920
6966
7188
6241
4379
2283
442
-1062
-2327
-3341
-4061
-4636
-5278
-5984
-6403
-6224
-5498
-4554
-3642
-2801
-2007
-1267
-562
227
1192
2281
3245
3831
3974
3834
3642
3556
3635
3952
4529
5248
5709
5500
4556
3358
2637
2854
3857
4783
4557
2572
-664
-3881
-5915
-6532
-6311
-6054
-6194
-6732
-7411
-7899
-7801
-6775
-4793
-2320
-14
1656
2736
3521
4333
5291
6393
7460
8111
7951
6845
5066
3051
1149
-511
-1946
-3224
-4407
-5505
-6420
-6980
-7081
-6824
-6376
-5748
-4802
-3526
-2171
-1016
-90
816
1839
2875
3702
4228
4534
4713
4744
4608
4440
4512
4958
5618
6069
5940
5161
4108
3390
3446
4186
4900
4640
2818
-253
-3576
-6083
-7303
-7468
-7259
-7268
-7671
-8220
-8515
-8190
-7005
-4944
-2329
259
2289
3556
4271
4860
5664
6695
7634
8049
7688
6553
4830
2735
525
-1550
-3289
-4662
-5723
-6570
-7207
-7680
-7959
-7978
-7553
-6564
-5056
-3319
-1708
-402
656
1644
2603
3513
4329
5031
5488
5543
5163
4580
4120
4018
4249
4665
5044
5209
4993
4371
3578
3106
3374
4232
4826
4049
1499
-2086
-5340
-7328
-8083
-8199
-8192
-8174
-8091
-7963
-7742
-7101
-5550
-3056
-243
2074
3590
4580
5398
6126
6659
7028
7346
7524
7155
5872
3763
1362
-859
-2788
-4546
-6085
-7183
-7739
-7983
-8207
-8359
-8098
-7193
-5770
-4056
-2140
-140
1645
2853
3520
4025
4762
5624
6146
5956
5201
4399
3910
3700
3580
3566
3820
4294
4653
4578
4093
3549
3320
3589
4186
4538
3831
1590
-1792
-5195
-7472
-8261
-8035
-7613
-7419
-7380
-7249
-6891
-6199
-4920
-2918
-445
1909
3656
4763
5504
6081
6425
6484
6390
6295
6006
5083
3259
798
-1718
-3846
-5512
-6788
-7653
-8095
-8283
-8439
-8534
-8247
-7281
-5665
-3704
-1732
60
1589
2791
3650
4282
4879
5469
5836
5728
5160
4415
3781
3334
3037
2928
3099
3539
4018
4245
4104
3738
3394
3274
3462
3757
3548
2117
-650
-3971
-6632
-7908
-7937
-7393
-6806
-6320
-5879
-5495
-5190
-4722
-3632
-1663
836
3124
4671
5469
5815
5970
6065
6186
6336
6341
5849
4557
2491
-14
-2530
-4768
-6539
-7704
-8219
-8245
-8062
-7842
-7464
-6649
-5254
-3415
-1442
477
2266
3829
4944
5554
5884
6229
6519
6369
5563
4385
3375
2842
2677
2623
2600
2690
2923
3134
3211
3189
3172
3166
3126
3147
3262
3142
2080
-302
-3385
-5860
-6847
-6597
-6041
-5809
-5855
-5857
-5760
-5713
-5574
-4780
-2957
-516
1604
2804
3287
3599
4028
4490
4889
5266
5568
5409
4309
2194
-432
-2922
-4973
-6609
-7831
-8486
-8511
-8168
-7831
-7579
-7074
-5961
-4300
-2487
-785
878
2610
4254
5442
5952
5897
5585
5225
4844
4432
4084
3872
3657
3179
2340
1373
654
417
668
1244
1854
2168
2023
1637
1481
1832
2316
2106
725
-1397
-3262
-4268
-4547
-4611
-4745
-4905
-4910
-4750
-4513
-4124
-3336
-2058
-576
744
1800
2718
3583
4321
4861
5232
5422
5271
4573
3351
1852
305
-1286
-3025
-4773
-6137
-6784
-6792
-6511
-6195
-5803
-5191
-4295
-3136
-1665
209
2415
4584
6201
6978
7021
6729
6440
6299
6237
6083
5603
4633
3178
1501
-35
-1150
-1748
-1864
-1500
-731
256
1123
1688
2047
2486
3246
4233
4943
4700
3208
847
-1609
-3471
-4444
-4634
-4421
-4261
-4472
-5165
-6105
-6775
-6641
-5578
-3933
-2218
-802
168
736
1106
1598
2475
3682
4843
5434
5097
3761
1657
-745
-2903
-4402
-5184
-5553
-5913
-6418
-6877
-6982
-6552
-5541
-3962
-1899
425
2671
4514
5771
6413
6536
6341
6095
5929
5657
4882
3386
1356
-713
-2385
-3463
-3959
-3892
-3302
-2377
-1411
-562
257
1169
2152
3095
3995
4973
5977
6541
6024
4273
1920
-131
-1467
-2324
-3128
-4004
-4825
-5519
-6248
-7130
-7905
-8088
-7411
-6083
-4481
-2810
-1091
610
2145
3475
4765
6103
7246
7736
7321
6142
4529
2687
690
-1271
-2868
-3844
-4290
-4496
-4632
-4582
-4140
-3282
-2224
-1174
-118
1142
2651
4120
5075
5236
4703
3790
2767
1772
886
210
-230
-566
-1019
-1669
-2342
-2742
-2675
-2097
-1031
404
1933
3176
3945
4378
4852
5635
6729
7821
8406
7905
6026
3080
-82
-2596
-4135
-4987
-5704
-6616
-7684
-8688
-9482
-9904
-9683
-8562
-6646
-4394
-2276
-409
1314
2960
4450
5748
6925
7995
8734
8787
7967
6444
4590
2729
989
-588
-1948
-3076
-4057
-5042
-6044
-6890
-7305
-7134
-6401
-5246
-3842
-2379
-1060
-48
610
1005
1316
1667
2042
2277
2209
1847
1349
914
646
533
456
293
59
-29
308
1187
2479
3867
4998
5616
5700
5490
5325
5416
5641
5579
4691
2791
203
-2418
-4563
-6077
-7121
-7910
-8527
-8942
-9195
-9367
-9371
-8885
-7575
-5390
-2613
307
2970
5119
6641
7567
8099
8515
8995
9433
9516
8894
7444
5263
2603
-213
-2798
-4824
-6164
-6948
-7438
-7863
-8310
-8729
-8936
-8682
-7744
-6074
-3904
-1673
187
1448
2147
2559
3035
3820
4867
5873
6484
6501
5986
5155
4244
3396
2705
2258
2073
2033
1963
1827
1766
1951
2398
2986
3554
3986
4209
4233
4047
3523
2420
668
-1466
-3506
-5076
-6088
-6668
-7002
-7193
-7236
-7084
-6715
-6170
-5513
-4768
-3877
-2651
-954
1133
3233
4951
6101
6778
7116
7219
7133
6913
6517
5768
4437
2465
62
-2361
-4459
-6081
-7242
-8003
-8432
-8651
-8772
-8820
-8656
-8103
-7038
-5453
-3470
-1322
716
2447
3785
4744
5437
6062
6793
7601
8242
8408
7957
6944
5575
4074
2667
1550
844
514
371
188
-136
-525
-804
-847
-624
-158
489
1237
1962
2531
2768
2535
1805
748
-367
-1345
-2185
-3008
-3870
-4681
-5310
-5788
-6275
-6843
-7340
-7476
-7097
-6219
-4946
-3337
-1490
402
2125
3621
4976
6216
7184
7660
7553
6966
6064
4923
3497
1760
-170
-2090
-3812
-5233
-6312
-7079
-7601
-7960
-8184
-8227
-7965
-7258
-6009
-4222
-2047
219
2217
3692
4647
5302
5917
6597
7293
7881
8225
8154
7526
6341
4832
3379
2300
1657
1300
1034
775
490
132
-328
-809
-1123
-1098
-676
23
781
1339
1493
1100
154
-1148
-2411
-3279
-3642
-3684
-3696
-3861
-4208
-4607
-4941
-5082
-4926
-4410
-3573
-2599
-1669
-870
-137
664
1598
2618
3623
4568
5381
5903
5914
5343
4365
3261
2219
1246
276
-753
-1882
-3134
-4441
-5605
-6383
-6637
-6432
-5995
-5528
-5079
-4541
-3818
-2908
-1866
-793
204
1023
1660
2224
2877
3684
4532
5213
5611
5766
5745
5565
5206
4705
4150
3599
3047
2444
1798
1157
554
0
-480
-822
-971
-913
-662
-230
344
929
1324
1331
879
60
-868
-1635
-2085
-2239
-2211
-2136
-2105
-2124
-2132
-2068
-1939
-1802
-1695
-1630
-1616
-1664
-1692
-1514
-977
-162
648
1236
1630
1977
2279
2380
2161
1710
1181
632
4
-720
-1439
-2037
-2521
-3022
-3635
-4298
-4839
-5114
-5092
-4816
-4337
-3744
-3188
-2816
-2631
-2471
-2145
-1604
-896
-74
882
1949
2967
3749
4295
4850
5635
6639
7622
8324
8580
8330
7594
6476
5184
3952
2905
2006
1126
194
-744
-1560
-2131
-2365
-2221
-1732
-996
-189
432
609
213
-621
-1571
-2304
-2640
-2651
-2541
-2535
-2723
-3117
-3656
-4202
-4539
-4501
-4132
-3647
-3248
-2971
-2731
-2434
-1977
-1281
-309
835
1911
2698
3133
3330
3388
3303
3001
2465
1745
847
-291
-1663
-3069
-4204
-4907
-5270
-5497
-5685
-5782
-5713
-5429
-4858
-3847
-2315
-369
1682
3521
4927
5869
6458
6867
7235
7573
7799
7780
7441
6805
5958
5017
4099
3312
2738
2365
2101
1841
1524
1158
798
511
375
412
590
773
789
519
-3
-612
-1138
-1525
-1875
-2385
-3186
-4227
-5301
-6181
-6748
-6969
-6861
-6454
-5849
-5189
-4575
-3978
-3325
-2603
-1895
-1265
-670
-14
745
1530
2233
2791
3185
3381
3328
3039
2634
2291
2095
1972
1750
1285
553
-403
-1462
-2455
-3177
-3527
-3588
-3538
-3510
-3515
-3495
-3380
-3096
-2602
-1911
-1117
-331
396
1085
1761
2401
2987
3553
4165
4815
5391
5746
5820
5704
5561
5488
5457
5380
5197
4866
4311
3450
2254
853
-564
-1862
-3033
-4075
-4923
-5446
-5561
-5298
-4772
-4102
-3363
-2642
-2027
-1586
-1306
-1147
-1050
-972
-915
-939
-1090
-1354
-1620
-1775
-1745
-1581
-1398
-1320
-1373
-1515
-1659
-1662
-1372
-697
246
1221
2015
2573
2951
3227
3407
3495
3499
3443
3244
2751
1842
602
-728
-1947
-2993
-3843
-4405
-4629
-4619
-4558
-4508
-4365
-3962
-3254
-2303
-1223
-61
1127
2255
3214
4010
4754
5499
6126
6425
6334
5961
5482
4970
4458
3973
3536
3049
2372
1479
544
-194
-619
-785
-842
-910
-1055
-1291
-1627
-2001
-2298
-2371
-2189
-1863
-1583
-1522
-1772
-2304
-2959
-3495
-3700
-3523
-3067
-2495
-1885
-1265
-668
-136
343
858
1473
2179
2884
3425
3586
3222
2399
1373
399
-369
-877
-1101
-1129
-1146
-1345
-1779
-2334
-2780
-2926
-2727
-2268
-1660
-975
-300
243
559
677
701
753
859
993
1069
989
676
172
-331
-606
-570
-349
-143
-56
-30
61
271
552
844
1183
1662
2311
3016
3612
3990
4140
4076
3802
3300
2589
1725
780
-181
-1125
-2021
-2849
-3580
-4156
-4508
-4635
-4598
-4437
-4090
-3481
-2604
-1570
-527
395
1112
1604
1896
2082
2260
2485
2666
2623
2233
1558
811
149
-406
-899
-1318
-1625
-1800
-1851
-1772
-1577
-1328
-1123
-1003
-947
-857
-644
-245
332
999
1618
2029
2149
2004
1724
1454
1281
1189
1101
912
571
104
-386
-776
-995
-1035
-968
-865
-778
-693
-599
-498
-416
-379
-410
-505
-653
-807
-901
-863
-672
-405
-129
149
497
926
1349
1640
1746
1712
1613
1490
1364
1237
1086
843
453
-76
-686
-1283
-1788
-2142
-2347
-2436
-2433
-2330
-2109
-1769
-1318
-768
-129
541
1183
1752
2262
2718
3080
3241
3105
2669
2055
1443
939
554
250
15
-137
-234
-301
-351
-366
-371
-419
-512
-561
-437
-124
250
482
458
218
-122
-465
-749
-929
-976
-961
-1023
-1257
-1606
-1879
-1934
-1775
-1508
-1211
-911
-661
-533
-560
-641
-636
-482
-263
-135
-173
-361
-637
-962
-1288
-1517
-1531
-1306
-937
-575
-316
-180
-145
-184
-221
-125
220
788
1408
1897
2195
2359
2412
2362
2220
2041
1832
1564
1239
926
714
618
558
430
225
62
97
370
804
1261
1628
1815
1781
1565
1284
1068
986
985
920
656
159
-475
-1094
-1549
-1737
-1629
-1321
-1007
-865
-956
-1196
-1422
-1506
-1403
-1167
-876
-607
-453
-486
-718
-1041
-1319
-1455
-1438
-1337
-1228
-1188
-1267
-1489
-1821
-2137
-2277
-2172
-1911
-1657
-1501
-1434
-1393
-1308
-1101
-699
-100
578
1142
1458
1542
1548
1658
1947
2346
2721
2940
2929
2701
2363
2066
1909
1896
1930
1930
1861
1746
1590
1356
1003
542
71
-307
-522
-594
-551
-402
-153
134
347
425
450
594
949
1427
1839
2079
2157
2126
1986
1687
1219
650
90
-406
-859
-1304
-1723
-2071
-2329
-2498
-2533
-2385
-2091
-1779
-1563
-1444
-1360
-1272
-1194
-1127
-988
-705
-361
-153
-219
-501
-812
-1028
-1152
-1259
-1350
-1336
-1173
-950
-806
-765
-736
-622
-430
-216
-6
200
368
413
293
72
-140
-274
-335
-330
-269
-186
-137
-164
-241
-290
-237
-45
283
735
1282
1843
2290
2512
2516
2431
2400
2458
2537
2561
2476
2231
1766
1074
238
-558
-1151
-1463
-1529
-1432
-1269
-1118
-997
-827
-489
46
702
1357
1921
2338
2561
2579
2429
2191
1948
1744
1513
1115
470
-355
-1190
-1896
-2402
-2685
-2743
-2653
-2549
-2531
-2568
-2544
-2363
-2011
-1553
-1080
-696
-497
-535
-772
-1071
-1295
-1361
-1291
-1185
-1195
-1433
-1864
-2318
-2568
-2482
-2061
-1457
-829
-271
204
620
1026
1477
1979
2437
2698
2661
2332
1791
1161
568
112
-177
-327
-417
-513
-621
-666
-560
-275
164
706
1333
2007
2662
3194
3546
3741
3845
3935
4020
4049
3947
3671
3224
2612
1845
982
138
-582
-1151
-1605
-1958
-2177
-2250
-2224
-2133
-1952
-1652
-1278
-904
-577
-289
-20
211
348
313
88
-302
-802
-1372
-1966
-2503
-2905
-3144
-3263
-3311
-3278
-3113
-2802
-2428
-2081
-1762
-1398
-970
-568
-289
-143
-54
30
105
155
213
313
402
330
-5
-516
-974
-1185
-1134
-944
-733
-558
-430
-352
-268
-65
359
982
1679
2323
2832
3154
3256
3166
2967
2751
2541
2328
2118
1948
1827
1690
1456
1123
803
629
664
851
1052
1148
1079
856
523
179
-40
-60
44
109
66
-38
-111
-158
-223
-324
-409
-420
-373
-350
-410
-510
-565
-542
-506
-532
-629
-774
-949
-1131
-1277
-1363
-1430
-1562
-1805
-2105
-2321
-2332
-2132
-1806
-1449
-1125
-889
-762
-723
-711
-659
-554
-431
-319
-203
-83
-16
-73
-240
-408
-471
-397
-255
-132
-80
-84
-123
-154
-115
59
360
709
1006
1182
1226
1191
1174
1254
1440
1678
1875
1966
1926
1792
1647
1549
1491
1414
1302
1192
1104
1001
846
650
435
219
44
-24
39
187
367
562
766
951
1080
1129
1101
1025
937
873
825
737
546
239
-154
-599
-1069
-1510
-1844
-2012
-2032
-1977
-1916
-1882
-1881
-1901
-1901
-1818
-1600
-1244
-814
-413
-138
-16
5
10
33
63
72
43
-54
-248
-511
-773
-968
-1097
-1210
-1344
-1474
-1549
-1528
-1413
-1220
-969
-683
-367
-45
250
485
676
858
1026
1133
1146
1107
1088
1109
1146
1155
1122
1055
972
880
785
730
774
952
1208
1448
1611
1697
1713
1635
1470
1276
1143
1090
1065
981
770
432
34
-351
-681
-937
-1104
-1176
-1189
-1206
-1269
-1361
-1412
-1354
-1168
-890
-575
-292
-99
-31
-81
-217
-379
-513
-627
-776
-1006
-1288
-1566
-1788
-1927
-1964
-1915
-1827
-1738
-1605
-1361
-998
-605
-300
-130
-65
-19
65
188
316
432
546
651
731
799
872
936
966
950
887
778
644
531
469
464
506
586
668
718
727
699
640
558
497
513
623
766
841
779
609
439
369
425
563
712
798
758
569
273
-45
-284
-348
-204
75
321
406
332
185
46
-47
-85
-63
2
69
88
26
-100
-222
-272
-226
-119
9
124
189
168
70
-34
-55
56
250
460
624
714
698
559
353
190
155
213
265
215
49
-194
-460
-700
-863
-898
-798
-627
-487
-447
-513
-637
-759
-834
-837
-780
-700
-670
-729
-844
-919
-895
-792
-683
-603
-527
-442
-376
-342
-277
-112
129
327
386
299
117
-109
-343
-542
-637
-585
-447
-370
-467
-714
-979
-1120
-1063
-806
-430
-57
214
356
415
470
570
695
810
912
1036
1190
1311
1336
1260
1132
997
870
743
628
557
547
574
605
647
718
804
839
803
762
798
898
953
878
685
436
153
-165
-505
-822
-1078
-1254
-1380
-1489
-1587
-1650
-1662
-1612
-1481
-1242
-923
-605
-387
-278
-202
-79
111
306
469
597
689
702
615
467
328
225
122
-14
-191
-360
-478
-522
-510
-468
-408
-330
-219
-77
83
237
367
457
518
568
643
764
916
1062
1156
1194
1186
1156
1118
1090
1061
997
900
808
782
833
942
1065
1170
1213
1168
1034
843
646
473
327
181
37
-94
-201
-327
-516
-758
-1008
-1207
-1341
-1394
-1383
-1321
-1236
-1165
-1158
-1228
-1309
-1323
-1258
-1176
-1114
-1037
-900
-719
-547
-416
-318
-234
-172
-154
-173
-175
-132
-61
-28
-60
-146
-252
-364
-463
-518
-519
-510
-558
-661
-747
-757
-712
-658
-625
-625
-657
-692
-707
-680
-602
-462
-296
-160
-93
-81
-100
-124
-138
-107
-17
120
265
379
445
492
572
734
967
1232
1467
1635
1701
1639
1461
1222
1013
850
698
503
253
-21
-289
-511
-672
-760
-774
-730
-658
-573
-446
-256
-21
225
475
721
925
1064
1146
1195
1212
1206
1196
1194
1189
1157
1078
925
721
529
421
396
403
397
372
337
273
158
-10
-175
-278
-305
-307
-358
-496
-703
-946
-1179
-1383
-1551
-1687
-1776
-1803
-1772
-1685
-1527
-1293
-994
-660
-320
-8
231
405
540
670
792
895
970
1016
1008
919
755
540
308
73
-131
-261
-306
-296
-275
-251
-218
-163
-86
7
115
233
339
413
446
467
502
565
631
673
671
631
568
497
439
411
411
402
346
251
185
229
387
576
693
694
613
487
332
153
-23
-174
-313
-474
-667
-876
-1083
-1275
-1425
-1519
-1576
-1633
-1690
-1716
-1682
-1578
-1435
-1311
-1254
-1250
-1230
-1145
-1020
-908
-828
-748
-639
-517
-410
-324
-233
-131
-54
-26
-25
-6
48
111
168
243
364
532
721
914
1109
1298
1443
1512
1498
1445
1391
1340
1235
1038
796
604
488
382
239
104
62
120
214
283
341
433
574
727
832
873
878
893
941
1002
1048
1070
1056
989
852
689
565
505
469
405
275
77
-147
-345
-477
-555
-602
-645
-706
-791
-890
-978
-1058
-1147
-1237
-1300
-1329
-1358
-1420
-1494
-1513
-1422
-1227
-999
-799
-626
-445
-263
-127
-67
-35
51
227
462
678
795
785
668
499
341
243
237
291
337
297
150
-71
-290
-436
-478
-432
-353
-268
-195
-132
-85
-44
12
101
222
348
478
608
728
808
817
763
691
660
687
738
755
699
588
466
395
391
439
488
504
475
394
284
170
70
-46
-205
-410
-618
-782
-872
-889
-844
-763
-697
-674
-686
-695
-676
-616
-514
-390
-287
-247
-256
-277
-289
-299
-315
-326
-313
-279
-242
-221
-198
-161
-127
-130
-166
-200
-200
-146
-52
42
77
19
-128
-330
-547
-715
-789
-772
-706
-634
-566
-494
-419
-356
-300
-232
-124
35
226
430
612
751
830
850
830
802
804
840
881
876
794
651
496
380
315
255
154
9
-146
-271
-343
-350
-307
-239
-168
-83
28
142
218
230
218
237
305
393
466
500
474
391
272
163
80
23
6
60
173
292
355
362
355
380
452
560
661
712
704
659
601
526
421
297
175
62
-49
-167
-290
-393
-470
-541
-629
-713
-743
-703
-628
-575
-579
-637
-707
-729
-666
-551
-440
-365
-330
-314
-305
-282
-228
-150
-71
-25
-30
-90
-184
-280
-344
-359
-322
-241
-142
-54
-12
-26
-55
-29
91
272
426
498
509
526
574
616
600
519
430
374
343
299
224
135
46
-42
-101
-89
8
137
250
336
423
536
657
766
858
956
1064
1159
1205
1189
1140
1073
979
840
650
423
166
-113
-378
-602
-789
-974
-1175
-1362
-1486
-1512
-1448
-1339
-1233
-1161
-1136
-1163
-1223
-1258
-1215
-1094
-950
-849
-805
-793
-794
-802
-812
-805
-771
-712
-647
-579
-502
-405
-300
-210
-149
-104
-62
-15
38
102
164
207
228
227
207
178
160
158
171
214
293
391
471
525
572
617
650
695
797
972
1172
1333
1428
1473
1501
1530
1577
1650
1734
1803
1832
1784
1633
1372
1048
754
556
444
339
182
-24
-237
-426
-566
-647
-671
-650
-598
-544
-509
-501
-501
-509
-531
-566
-598
-623
-646
-671
-681
-681
-696
-742
-792
-806
-779
-760
-789
-848
-899
-919
-908
-864
-813
-786
-790
-793
-754
-670
-571
-476
-381
-250
-71
111
227
265
280
311
352
387
434
513
595
640
634
603
573
554
545
519
469
415
401
420
421
374
314
287
312
393
537
712
846
899
897
880
861
828
781
712
616
501
396
324
276
224
145
35
-92
-230
-386
-559
-734
-885
-1006
-1109
-1211
-1313
-1389
-1414
-1385
-1344
-1338
-1364
-1373
-1320
-1202
-1050
-899
-790
-745
-756
-774
-757
-694
-616
-546
-472
-368
-240
-122
-34
25
82
152
240
342
447
529
560
549
529
539
569
609
654
711
760
769
724
638
550
504
531
613
707
772
794
784
760
767
838
977
1137
1266
1334
1347
1320
1256
1160
1054
953
859
764
660
518
330
133
-31
-167
-316
-465
-582
-669
-763
-885
-995
-1047
-1018
-940
-852
-778
-691
-570
-442
-371
-391
-455
-504
-513
-513
-536
-583
-641
-698
-731
-713
-632
-522
-420
-340
-259
-164
-64
11
42
59
100
169
219
217
163
92
29
-9
-26
-16
10
46
69
75
79
88
96
98
118
182
295
435
580
702
772
788
774
763
748
716
666
609
541
454
357
264
171
68
-40
-130
-189
-214
-216
-214
-213
-208
-191
-160
-101
-1
123
213
234
198
155
116
58
-38
-163
-282
-387
-504
-635
-752
-814
-833
-850
-893
-963
-1019
-1007
-891
-716
-550
-424
-322
-213
-90
34
141
214
270
316
354
362
334
270
168
38
-95
-186
-212
-177
-121
-81
-61
-55
-61
-92
-132
-151
-135
-106
-99
-108
-138
-181
-221
-237
-225
-213
-189
-143
-74
3
111
267
434
551
585
575
582
654
789
931
1024
1030
939
782
626
533
506
507
502
469
400
289
121
-99
-328
-498
-568
-567
-552
-558
-571
-556
-503
-434
-383
-349
-312
-257
-195
-133
-61
17
71
82
64
51
53
53
43
44
78
147
225
265
230
140
57
19
19
32
50
61
32
-58
-181
-276
-306
-264
-171
-52
65
164
243
308
368
431
497
565
627
678
720
753
775
766
729
669
562
383
157
-62
-236
-368
-453
-494
-513
-546
-610
-684
-736
-740
-709
-663
-611
-536
-427
-286
-127
13
105
158
210
284
336
327
268
201
132
38
-82
-186
-244
-262
-255
-242
-241
-282
-369
-480
-573
-630
-648
-638
-595
-528
-458
-413
-393
-373
-332
-262
-160
-34
96
208
275
303
307
321
373
455
532
565
544
467
330
166
38
-20
-27
-39
-86
-175
-295
-434
-566
-653
-687
-684
-690
-730
-811
-891
-900
-791
-583
-348
-148
-17
54
99
175
303
453
549
543
463
381
345
333
296
211
121
58
29
13
1
6
26
50
72
115
198
319
446
543
593
602
592
577
574
599
657
722
756
736
669
593
552
558
570
544
489
457
483
543
591
604
603
621
655
672
646
594
535
472
388
275
138
-17
-177
-325
-425
-456
-424
-365
-306
-255
-222
-219
-252
-306
-368
-409
-397
-322
-239
-224
-295
-411
-512
-581
-629
-691
-778
-871
-931
-933
-880
-786
-661
-523
-376
-240
-143
-93
-44
51
159
215
188
109
7
-85
-151
-184
-180
-137
-62
7
27
-29
-144
-262
-328
-320
-246
-129
2
125
224
293
319
301
265
242
234
221
182
104
-9
-138
-241
-289
-283
-241
-183
-113
-42
27
112
244
429
626
756
773
693
581
483
416
368
300
179
11
-158
-301
-418
-521
-599
-656
-701
-751
-808
-861
-882
-824
-678
-511
-408
-380
-363
-286
-153
-35
18
28
52
95
88
-5
-127
-183
-137
-41
32
57
72
128
254
409
530
562
517
449
405
393
395
386
338
278
234
233
269
330
393
432
443
463
511
566
592
577
545
506
432
299
130
-2
-46
-20
11
-2
-67
-158
-233
-246
-178
-59
61
156
222
256
251
208
141
69
4
-38
-44
-17
13
4
-44
-104
-143
-186
-264
-385
-514
-622
-698
-729
-721
-703
-703
-697
-660
-585
-517
-469
-450
-444
-424
-367
-292
-256
-267
-300
-322
-335
-332
-299
-224
-108
44
219
381
497
592
706
848
973
1026
987
874
744
636
573
540
503
437
346
254
184
130
73
10
-45
-55
-8
75
165
253
329
368
351
318
314
347
387
413
412
376
292
165
29
-68
-112
-160
-269
-413
-508
-519
-501
-519
-577
-631
-646
-627
-585
-535
-498
-487
-491
-482
-469
-491
-589
-748
-920
-1055
-1127
-1142
-1127
-1104
-1083
-1063
-1035
-976
-878
-747
-607
-470
-346
-246
-176
-114
-19
121
282
429
559
687
798
853
842
821
855
947
1035
1080
1091
1083
1047
967
872
797
775
815
904
1004
1076
1099
1080
1030
964
889
786
659
537
463
441
430
395
305
164
8
-108
-175
-236
-331
-448
-544
-592
-577
-510
-416
-333
-289
-288
-316
-339
-338
-306
-271
-265
-316
-412
-522
-614
-664
-658
-596
-507
-441
-424
-432
-418
-355
-256
-158
-80
-28
10
37
38
16
9
64
173
286
365
403
397
334
224
116
76
130
241
342
392
395
393
440
531
612
622
565
500
475
488
506
505
480
433
359
246
108
-22
-107
-127
-106
-83
-106
-192
-333
-494
-635
-733
-789
-811
-807
-798
-792
-788
-775
-754
-717
-643
-534
-429
-380
-397
-463
-535
-570
-552
-498
-441
-408
-426
-500
-589
-650
-655
-613
-540
-460
-398
-360
-329
-280
-204
-104
-10
52
79
76
52
15
-6
17
88
186
266
302
291
261
224
185
168
190
250
341
470
615
711
718
669
622
604
608
639
695
743
752
713
631
507
376
308
324
361
347
280
205
152
119
101
81
42
-29
-117
-192
-223
-199
-133
-63
-30
-45
-88
-126
-141
-143
-143
-146
-164
-201
-236
-225
-159
-84
-47
-41
-16
64
188
318
412
467
509
553
571
538
467
420
441
515
569
533
389
199
53
-10
-8
-15
-64
-136
-175
-148
-73
7
56
79
103
127
131
88
11
-80
-164
-224
-242
-222
-196
-193
-207
-226
-264
-332
-408
-428
-361
-241
-140
-99
-116
-159
-194
-208
-213
-238
-286
-329
-348
-355
-378
-433
-512
-610
-725
-845
-939
-991
-1022
-1051
-1075
-1077
-1043
-961
-811
-612
-405
-231
-91
33
147
247
318
352
366
388
433
481
507
494
444
383
346
351
380
402
392
354
323
330
375
432
469
475
466
463
489
522
523
476
415
378
372
379
375
342
287
232
189
167
166
216
304
365
350
278
213
184
172
146
92
30
-7
-14
-21
-70
-176
-310
-423
-472
-478
-464
-449
-422
-383
-346
-305
-268
-250
-250
-224
-158
-96
-77
-102
-141
-194
-261
-336
-401
-452
-467
-420
-309
-174
-67
-18
-16
-6
78
260
504
732
871
878
766
611
503
480
504
527
523
497
475
491
539
580
575
523
447
372
315
284
274
276
289
292
252
150
12
-123
-230
-292
-299
-246
-173
-121
-111
-124
-132
-129
-116
-111
-121
-142
-172
-192
-188
-164
-135
-118
-115
-134
-168
-203
-232
-276
-374
-530
-687
-783
-816
-836
-879
-947
-1023
-1071
-1074
-1026
-955
-863
-746
-622
-525
-462
-389
-277
-141
-22
32
12
-48
-78
-45
33
113
151
125
69
54
109
201
278
320
335
337
338
342
357
384
428
486
542
577
576
558
531
483
412
329
266
230
241
317
428
512
510
422
288
145
38
14
83
175
208
146
33
-66
-114
-126
-158
-247
-376
-496
-572
-595
-568
-505
-434
-372
-320
-268
-231
-203
-166
-105
-22
63
116
111
34
-86
-193
-247
-255
-248
-251
-276
-317
-363
-408
-455
-481
-444
-329
-171
-20
104
220
343
464
554
593
580
553
536
540
571
625
680
698
668
607
549
524
555
622
655
613
525
470
489
547
582
565
515
480
476
490
497
474
401
274
126
2
-74
-108
-108
-101
-127
-209
-318
-401
-442
-446
-419
-372
-321
-296
-327
-423
-553
-651
-674
-623
-538
-469
-435
-428
-414
-389
-375
-399
-452
-510
-559
-601
-629
-613
-535
-434
-374
-374
-397
-390
-332
