-16
10
36
86
170
273
360
412
434
440
442
442
441
439
435
438
442
436
398
335
289
304
372
445
486
491
480
453
399
319
242
210
219
227
198
135
54
-44
-148
-237
-300
-334
-325
-262
-163
-70
-19
-23
-73
-137
-176
-173
-153
-142
-135
-111
-55
5
32
12
-40
-85
-88
-53
-20
-45
-131
-213
-225
-158
-69
-28
-67
-159
-259
-323
-333
-284
-202
-136
-118
-152
-196
-225
-208
-152
-68
18
88
134
144
115
67
39
58
105
131
124
108
97
78
48
21
14
33
73
127
177
206
202
148
57
-21
-26
47
120
125
63
2
3
68
154
210
212
176
124
69
17
-41
-86
-108
-103
-93
-95
-108
-119
-116
-97
-59
-26
-24
-53
-85
-106
-139
-189
-229
-243
-250
-275
-316
-342
-329
-289
-247
-192
-90
52
151
171
156
173
221
270
322
382
416
390
311
219
143
60
-38
-140
-217
-268
-292
-275
-228
-183
-167
-168
-160
-131
-80
-32
-13
-32
-69
-91
-81
-58
-48
-78
-120
-143
-135
-127
-148
-177
-174
-106
-4
58
41
-8
1
97
198
238
212
171
132
91
57
41
44
40
10
-39
-71
-73
-50
-38
-28
-11
22
66
116
163
185
172
147
173
258
351
379
343
295
266
241
189
122
70
35
-10
-52
-43
32
129
184
192
177
173
181
168
117
41
-33
-102
-166
-201
-172
-77
45
133
152
106
39
-9
-13
23
62
67
28
-32
-101
-172
-201
-146
-20
100
154
142
113
103
112
124
167
245
305
268
125
-48
-180
-235
-212
-129
-32
28
32
-3
-49
-100
-166
-244
-278
-222
-111
-38
-46
-82
-82
-64
-80
-137
-192
-203
-184
-154
-124
-111
-140
-194
-230
-246
-291
-390
-490
-507
-422
-287
-164
-98
-109
-174
-237
-251
-232
-218
-225
-234
-229
-191
-121
-40
9
6
-25
-54
-86
-138
-206
-256
-254
-217
-190
-190
-196
-188
-166
-129
-75
4
91
159
185
170
147
150
192
249
284
270
220
184
193
231
261
267
251
204
138
93
98
152
224
292
346
380
407
438
460
459
447
434
396
319
240
212
229
244
223
160
76
-3
-41
-28
16
52
66
68
70
74
62
35
10
-10
-35
-52
-37
9
55
90
136
198
254
284
296
290
260
222
219
256
277
215
82
-49
-116
-114
-91
-76
-63
-25
37
85
83
20
-67
-129
-130
-91
-47
-17
3
22
30
27
0
-48
-128
-217
-280
-292
-276
-255
-244
-249
-270
-297
-292
-260
-229
-229
-243
-264
-305
-360
-393
-378
-363
-376
-403
-423
-447
-484
-518
-537
-545
-532
-466
-351
-226
-142
-105
-91
-73
-49
-37
-46
-52
-18
49
112
148
165
175
167
147
135
145
153
128
67
1
-55
-89
-84
-25
59
120
135
130
131
138
142
148
179
244
327
391
401
352
283
235
206
172
143
140
150
136
82
5
-67
-108
-103
-66
-32
-10
24
85
131
109
34
-16
0
56
74
23
-77
-160
-180
-144
-103
-92
-101
-106
-100
-96
-109
-135
-139
-97
-16
78
166
231
245
194
123
91
117
166
191
182
142
96
63
62
81
91
85
86
112
149
188
230
283
344
416
493
563
605
613
583
511
408
300
226
201
207
217
219
227
244
238
196
155
163
200
200
130
28
-38
-45
-22
-16
-41
-72
-88
-83
-80
-117
-222
-362
-475
-515
-497
-460
-433
-412
-399
-403
-430
-468
-479
-443
-350
-222
-124
-129
-249
-410
-522
-563
-549
-506
-442
-374
-324
-315
-348
-380
-372
-316
-235
-161
-122
-139
-207
-277
-310
-293
-245
-200
-191
-235
-299
-321
-271
-181
-112
-90
-77
-37
18
40
27
6
-15
-44
-84
-115
-131
-125
-80
25
173
298
348
320
262
231
247
280
279
206
74
-66
-134
-96
8
102
133
111
72
60
79
102
84
21
-40
-51
-16
38
97
183
303
420
493
511
504
503
519
527
497
426
346
279
226
178
163
191
243
278
268
222
157
96
58
67
129
220
288
302
269
209
136
54
-6
-28
-18
8
54
132
229
311
330
280
206
174
206
286
376
435
429
374
310
274
265
262
239
177
83
-14
-65
-54
-3
31
30
24
17
-45
-190
-364
-457
-438
-364
-316
-328
-387
-451
-477
-462
-416
-355
-304
-288
-325
-365
-351
-283
-238
-277
-355
-390
-348
-280
-247
-257
-286
-307
-315
-301
-250
-165
-81
-44
-62
-117
-178
-237
-296
-362
-399
-366
-256
-138
-101
-171
-279
-320
-259
-129
-11
73
128
173
203
201
148
71
9
-22
-65
-150
-251
-301
-268
-178
-84
-26
3
20
57
140
269
409
492
484
391
252
124
57
62
75
34
-65
-152
-172
-112
-19
49
53
2
-37
-12
76
178
248
274
246
166
69
16
48
152
257
282
213
110
38
1
-25
-61
-84
-77
-41
13
65
123
185
230
223
146
29
-61
-76
-20
61
121
161
189
207
190
122
38
-7
13
81
167
233
259
242
206
152
78
13
16
110
235
307
300
253
201
152
95
43
3
-22
-45
-57
-36
3
20
-26
-117
-199
-237
-215
-164
-129
-138
-172
-188
-183
-175
-182
-196
-193
-148
-67
19
59
37
-31
-101
-137
-116
-49
31
88
78
-4
-135
-236
-253
-183
-75
-2
11
-38
-117
-209
-280
-264
-124
95
290
391
379
286
186
149
164
156
92
31
17
37
73
129
195
229
193
93
-27
-119
-154
-124
-48
43
119
165
182
172
115
17
-69
-83
1
151
303
400
413
343
217
83
-12
-75
-134
-205
-258
-280
-277
-270
-273
-290
-301
-269
-219
-234
-376
-578
-687
-622
-445
-292
-251
-302
-376
-407
-383
-300
-158
1
84
28
-105
-194
-171
-89
-43
-78
-165
-227
-229
-199
-181
-176
-158
-111
-34
49
102
107
120
191
282
297
231
180
228
343
409
358
224
111
52
-14
-164
-332
-387
-280
-118
-45
-81
-134
-114
-30
29
24
10
54
135
185
201
233
290
318
239
54
-121
-137
20
191
230
142
49
57
177
324
390
364
327
348
371
327
238
200
252
322
300
162
-2
-48
72
237
277
139
-67
-197
-158
16
169
176
89
77
163
134
-239
-871
-1304
-1109
-330
476
744
394
-126
-224
324
1138
1551
1262
595
116
127
505
905
1025
829
494
184
-56
-186
-149
-6
49
-91
-302
-348
-144
182
410
435
316
203
190
251
328
394
428
339
46
-375
-685
-713
-518
-378
-469
-680
-741
-549
-293
-181
-239
-318
-332
-343
-435
-590
-684
-668
-637
-713
-879
-1013
-1054
-1089
-1203
-1366
-1457
-1388
-1162
-839
-534
-351
-330
-407
-480
-465
-356
-209
-109
-114
-216
-328
-335
-180
78
324
483
561
600
640
694
762
832
897
916
838
660
450
315
279
294
283
227
172
168
209
245
232
186
180
250
341
371
328
291
333
482
654
716
573
289
34
-48
17
62
-69
-349
-612
-726
-696
-626
-619
-717
-861
-928
-839
-623
-392
-268
-308
-445
-512
-379
-87
191
312
294
284
387
566
689
669
539
438
478
655
849
965
1003
1030
1073
1091
1081
1103
1233
1404
1450
1283
1019
860
910
1083
1202
1147
994
929
1062
1301
1448
1415
1287
1285
1559
2003
2121
1208
-992
-3632
-5071
-4336
-2245
-869
-1743
-4441
-6667
-6039
-2320
2043
3987
2532
-500
-2202
-967
2263
4837
4713
2128
-914
-2521
-2149
-589
684
412
-1586
-4192
-5770
-5345
-3316
-1157
-325
-1073
-2271
-2444
-1005
1356
3334
3954
3166
1731
515
-74
-94
241
597
512
-226
-1174
-1421
-407
1469
3032
3320
2533
1870
2298
3594
4702
4851
4123
3145
2470
2215
2107
1781
1092
177
-690
-1216
-1220
-963
-1284
-2914
-5289
-6604
-5568
-2993
-1184
-1668
-3662
-4806
-3513
-561
1751
1985
758
-349
-431
353
1424
2273
2564
2152
1216
275
-67
335
823
429
-1198
-3299
-4643
-4566
-3459
-2313
-1817
-1891
-1969
-1642
-902
48
958
1533
1520
981
366
232
757
1474
1605
800
-428
-1144
-817
298
1495
2198
2328
2304
2623
3437
4464
5274
5565
5343
4868
4451
4200
4029
3787
3360
2704
1887
1079
505
295
385
491
147
-1107
-3272
-5446
-6253
-5160
-3302
-2552
-3709
-5649
-6301
-4603
-1574
634
853
-185
-902
-394
1134
2833
3819
3680
2753
1837
1551
1897
2279
1917
438
-1729
-3591
-4380
-4131
-3544
-3356
-3752
-4284
-4300
-3534
-2294
-1187
-679
-810
-1145
-1055
-240
922
1616
1276
122
-905
-920
119
1339
1810
1384
702
515
1102
2179
3154
3557
3395
3153
3397
4309
5488
6231
6051
5088
3976
3282
3072
2931
2397
1313
-255
-2288
-4638
-6622
-7291
-6454
-5175
-4885
-5957
-7224
-7011
-4822
-2025
-522
-829
-1719
-1704
-402
1493
3010
3567
3225
2555
2208
2452
3031
3276
2553
815
-1197
-2522
-2802
-2540
-2557
-3190
-4035
-4331
-3726
-2597
-1717
-1526
-1771
-1784
-1099
104
1179
1635
1539
1251
1019
881
851
920
948
756
343
16
157
874
1826
2488
2645
2628
3040
4148
5594
6692
7026
6740
6254
5858
5549
5171
4596
3762
2640
1211
-519
-2459
-4272
-5415
-5628
-5358
-5472
-6364
-7448
-7610
-6271
-4062
-2374
-2052
-2585
-2645
-1420
736
2743
3719
3595
3052
2917
3464
4252
4514
3781
2206
424
-869
-1435
-1643
-2122
-3155
-4417
-5255
-5246
-4536
-3748
-3459
-3679
-3819
-3241
-1853
-158
1156
1715
1635
1395
1449
1900
2447
2621
2172
1335
669
518
708
854
818
775
957
1450
2182
3012
3853
4696
5474
6017
6200
6074
5754
5290
4671
3912
2958
1584
-390
-2652
-4368
-4953
-4789
-4946
-6062
-7640
-8472
-7731
-5762
-3853
-3112
-3503
-3953
-3397
-1685
400
1847
2226
2010
2111
3000
4241
4926
4496
3197
1844
1158
1153
1173
519
-907
-2568
-3777
-4213
-4122
-4065
-4426
-5086
-5550
-5363
-4436
-3077
-1708
-566
357
1171
1936
2649
3234
3609
3768
3811
3818
3726
3423
2945
2519
2320
2241
2059
1795
1807
2401
3465
4499
5047
5103
5054
5213
5477
5516
5142
4369
3185
1553
-326
-1918
-2776
-3035
-3377
-4373
-5863
-7004
-7044
-6068
-4962
-4607
-5042
-5491
-5142
-3904
-2412
-1387
-1013
-857
-332
780
2152
3201
3565
3406
3250
3453
3864
4012
3555
2484
1062
-362
-1531
-2407
-3150
-3957
-4878
-5780
-6400
-6489
-5935
-4881
-3674
-2671
-1978
-1378
-508
789
2297
3555
4270
4549
4718
4924
5041
4930
4667
4417
4245
4113
4035
4108
4402
4822
5108
5050
4707
4346
4151
4046
3812
3289
2417
1182
-313
-1750
-2733
-3126
-3254
-3632
-4496
-5553
-6169
-5921
-5005
-4126
-3837
-4090
-4345
-4142
-3529
-2980
-2867
-3051
-3026
-2498
-1663
-897
-346
155
773
1493
2154
2595
2721
2518
2110
1706
1387
938
51
-1266
-2596
-3515
-3982
-4252
-4485
-4593
-4411
-3933
-3311
-2693
-2018
-1090
81
1147
1766
2043
2408
3076
3814
4224
4174
3890
3735
3910
4366
4950
5529
5976
6127
5911
5482
5096
4873
4672
4217
3375
2254
1132
254
-319
-752
-1328
-2120
-2852
-3214
-3257
-3352
-3652
-3860
-3565
-2840
-2284
-2379
-2930
-3243
-2936
-2337
-2107
-2517
-3222
-3633
-3453
-2871
-2298
-1927
-1624
-1126
-394
375
925
1137
1051
786
447
76
-304
-695
-1112
-1586
-2068
-2432
-2544
-2340
-1914
-1470
-1148
-858
-420
148
580
652
484
450
792
1316
1569
1329
861
661
972
1617
2207
2525
2723
3103
3755
4433
4819
4821
4631
4486
4415
4214
3673
2852
2051
1522
1244
997
610
97
-407
-773
-921
-786
-424
-85
-82
-428
-773
-775
-533
-538
-1123
-2053
-2723
-2778
-2499
-2437
-2806
-3264
-3309
-2779
-1966
-1372
-1318
-1749
-2270
-2449
-2166
-1689
-1443
-1610
-2043
-2436
-2569
-2388
-1987
-1594
-1404
-1423
-1418
-1141
-532
215
730
747
367
39
108
444
599
297
-318
-883
-1142
-1072
-784
-370
105
568
952
1262
1585
2002
2509
3005
3335
3366
3080
2640
2318
2278
2442
2547
2374
1951
1514
1281
1264
1325
1381
1447
1509
1482
1329
1153
1064
965
638
58
-487
-721
-720
-867
-1412
-2168
-2656
-2533
-1944
-1431
-1466
-2006
-2536
-2546
-2010
-1408
-1281
-1712
-2286
-2506
-2189
-1558
-1011
-793
-799
-694
-263
444
1248
1983
2483
2583
2291
1830
1473
1285
1083
649
-23
-693
-1102
-1164
-987
-769
-651
-658
-653
-453
-46
393
649
704
692
749
897
1038
1053
941
857
946
1142
1238
1134
941
836
884
1058
1283
1480
1520
1308
981
887
1227
1592
1336
341
-788
-1360
-1308
-1093
-1224
-1799
-2438
-2641
-2248
-1653
-1411
-1780
-2506
-3029
-2963
-2448
-2026
-2035
-2281
-2340
-2056
-1588
-1109
-700
-388
-154
139
651
1402
2202
2772
2918
2723
2488
2436
2479
2330
1902
1410
1133
1069
959
621
128
-261
-380
-270
-122
-83
-114
-81
63
230
320
351
388
491
661
849
966
966
914
935
1073
1232
1277
1168
998
883
862
855
721
366
-144
-616
-846
-793
-660
-758
-1230
-1853
-2196
-2021
-1520
-1143
-1207
-1663
-2204
-2499
-2431
-2160
-2016
-2210
-2648
-2999
-3013
-2700
-2296
-2024
-1937
-1895
-1684
-1175
-373
553
1338
1749
1768
1618
1590
1818
2148
2276
2014
1494
1047
949
1188
1482
1487
1107
599
303
342
535
619
448
103
-157
-125
179
549
797
903
1005
1239
1578
1829
1851
1706
1550
1448
1337
1132
807
450
170
5
-111
-219
-265
-185
-27
56
-56
-322
-562
-640
-571
-472
-437
-531
-780
-1141
-1470
-1646
-1681
-1718
-1890
-2162
-2346
-2262
-1918
-1511
-1256
-1245
-1390
-1487
-1341
-873
-194
447
824
898
827
820
984
1281
1579
1732
1662
1439
1231
1193
1327
1461
1395
1049
556
154
-10
16
70
55
-9
-39
58
368
867
1363
1609
1509
1211
972
958
1105
1199
1108
896
693
538
403
275
138
-57
-314
-574
-756
-804
-690
-477
-357
-476
-769
-991
-946
-641
-306
-215
-473
-903
-1210
-1254
-1154
-1148
-1363
-1698
-1937
-1948
-1775
-1552
-1413
-1459
-1686
-1915
-1886
-1503
-931
-465
-292
-331
-316
-20
518
1006
1190
1068
850
715
692
720
707
580
350
130
32
58
95
19
-193
-408
-426
-165
230
530
621
595
647
892
1271
1606
1775
1761
1603
1369
1170
1109
1127
1035
727
329
49
-45
-34
-7
45
134
209
147
-86
-332
-340
-48
277
287
-98
-595
-826
-661
-341
-233
-481
-886
-1136
-1114
-925
-748
-684
-771
-1023
-1388
-1697
-1729
-1395
-867
-455
-376
-572
-758
-651
-181
433
878
949
677
334
233
461
751
738
357
-71
-179
32
228
125
-184
-361
-208
168
511
686
735
780
868
929
903
853
917
1129
1355
1432
1314
1116
993
1019
1120
1148
1009
722
430
284
327
451
489
343
54
-208
-233
44
439
653
546
283
172
366
685
795
536
90
-230
-313
-297
-374
-565
-788
-1018
-1303
-1587
-1648
-1363
-918
-700
-876
-1207
-1271
-917
-408
-130
-178
-344
-413
-377
-361
-457
-673
-933
-1129
-1196
-1174
-1150
-1167
-1212
-1253
-1234
-1070
-733
-319
22
211
278
319
402
519
584
514
316
89
-52
-73
-47
-92
-257
-455
-547
-487
-320
-105
120
307
403
395
324
293
407
682
971
1078
932
661
502
593
834
939
729
324
48
75
306
496
508
375
172
-45
-246
-379
-396
-296
-149
-54
-68
-153
-228
-216
-67
211
481
525
266
-112
-340
-365
-361
-482
-684
-822
-854
-865
-905
-899
-724
-373
18
274
352
400
580
866
1047
992
801
650
584
520
398
270
215
230
191
5
-231
-282
-55
248
343
177
-27
-21
204
441
490
379
315
468
782
1041
1092
991
912
946
1057
1173
1252
1255
1144
916
664
530
582
702
634
217
-390
-794
-746
-408
-178
-300
-655
-929
-883
-514
-53
194
65
-308
-641
-746
-674
-611
-670
-859
-1128
-1407
-1575
-1515
-1255
-1008
-979
-1144
-1291
-1254
-1055
-829
-658
-533
-434
-399
-446
-501
-442
-247
-34
47
-34
-171
-261
-293
-326
-389
-460
-497
-493
-481
-489
-479
-376
-176
23
141
181
208
274
417
632
836
925
886
843
918
1114
1333
1461
1429
1220
864
447
89
-121
-184
-197
-253
-377
-514
-589
-537
-359
-119
99
238
264
200
137
165
284
401
425
338
205
99
42
-4
-80
-180
-281
-362
-388
-308
-105
146
322
358
297
223
193
238
345
456
496
437
319
200
112
68
55
27
-62
-202
-294
-242
-46
176
305
309
250
210
261
418
601
692
643
542
520
645
884
1116
1196
1062
794
569
521
612
663
499
134
-231
-410
-404
-368
-437
-624
-857
-1042
-1110
-1051
-916
-800
-778
-854
-935
-886
-670
-393
-233
-291
-504
-683
-706
-612
-520
-484
-489
-519
-576
-642
-682
-660
-586
-510
-505
-569
-613
-565
-452
-353
-297
-247
-167
-77
-55
-143
-262
-270
-102
183
455
602
604
536
531
623
723
749
721
716
765
844
897
866
752
640
638
741
853
899
912
979
1107
1177
1055
754
461
356
393
327
-5
-481
-787
-752
-510
-323
-339
-524
-764
-960
-1057
-1036
-906
-751
-691
-777
-899
-905
-769
-622
-586
-664
-750
-731
-584
-412
-356
-457
-623
-740
-760
-714
-652
-579
-456
-277
-130
-106
-188
-248
-178
2
180
259
230
194
257
447
692
913
1063
1137
1151
1169
1241
1351
1405
1331
1147
938
798
750
780
850
950
1051
1112
1096
1007
900
822
770
715
687
722
768
695
450
151
-17
-1
77
36
-172
-455
-659
-712
-653
-607
-689
-905
-1141
-1258
-1220
-1105
-1046
-1092
-1200
-1248
-1159
-972
-801
-748
-817
-946
-1041
-1069
-1084
-1147
-1207
-1123
-852
-579
-545
-766
-1002
-1000
-763
-494
-338
-263
-156
-8
113
165
214
358
607
867
1020
1055
1044
1063
1113
1135
1084
1001
956
973
978
911
820
798
874
981
1056
1067
1043
1014
1010
1024
1014
956
865
796
790
841
890
867
734
521
307
159
62
-71
-304
-575
-762
-811
-779
-775
-857
-992
-1099
-1134
-1108
-1047
-945
-802
-663
-594
-601
-642
-685
-778
-961
-1187
-1322
-1271
-1107
-997
-1027
-1102
-1076
-941
-818
-826
-920
-968
-877
-668
-413
-156
99
332
491
539
515
525
643
800
849
703
450
286
341
565
766
790
660
538
534
627
737
835
931
993
973
865
761
760
875
1014
1063
996
872
783
737
673
515
285
68
-87
-184
-248
-266
-260
-287
-398
-580
-746
-801
-706
-521
-369
-323
-352
-378
-354
-320
-370
-569
-869
-1132
-1224
-1147
-1013
-960
-1021
-1114
-1132
-1033
-859
-664
-471
-268
-44
180
352
442
456
436
432
486
599
747
892
1012
1080
1078
1032
984
933
845
726
644
645
721
811
857
848
803
740
638
500
370
306
298
290
251
198
164
148
158
188
225
232
195
141
77
-26
-194
-394
-543
-600
-584
-552
-540
-562
-605
-640
-624
-538
-409
-279
-215
-285
-502
-760
-901
-878
-825
-911
-1147
-1378
-1442
-1319
-1128
-1012
-1033
-1129
-1174
-1054
-764
-401
-96
89
189
272
395
562
727
780
666
426
208
122
179
314
459
552
552
451
318
257
317
445
536
530
450
378
345
305
183
13
-77
10
215
377
392
313
274
335
423
445
396
327
261
163
28
-103
-190
-241
-284
-323
-326
-270
-173
-78
-24
-6
9
27
18
-18
-42
-42
-79
-205
-406
-578
-673
-712
-829
-1050
-1267
-1223
-783
-79
539
812
783
682
692
805
927
974
971
973
1036
1053
891
453
-122
-661
-984
-1053
-879
-558
-176
217
590
894
1040
967
666
248
-113
-265
-177
70
384
739
1117
1477
1720
1762
1537
1068
455
-139
-555
-709
-598
-313
12
284
470
545
429
93
-390
-872
-1225
-1403
-1389
-1230
-957
-642
-328
-94
47
129
225
332
350
159
-238
-664
-915
-919
-775
-605
-435
-224
21
237
350
367
314
211
27
-254
-581
-841
-939
-874
-715
-521
-312
-117
-4
-50
-272
-586
-866
-1002
-988
-863
-672
-417
-111
203
495
733
876
834
577
188
-163
-334
-317
-195
-73
23
113
234
367
458
445
329
154
9
-49
-72
-146
-343
-541
-622
-530
-387
-324
-359
-440
-451
-383
-209
-10
144
170
58
-88
-173
-146
-42
54
86
22
-57
-61
61
252
394
448
424
401
380
368
376
425
523
608
658
622
515
349
212
156
196
226
166
26
-73
-31
138
392
653
848
890
744
477
204
44
50
158
295
427
601
805
942
999
964
908
770
609
471
454
553
638
601
337
23
-210
-268
-289
-402
-567
-653
-536
-288
-85
-19
-94
-171
-247
-346
-536
-737
-863
-884
-832
-745
-676
-645
-575
-351
20
322
388
164
-163
-429
-465
-317
-127
-52
-130
-257
-354
-395
-405
-385
-311
-202
-103
-72
-116
-172
-214
-261
-365
-468
-446
-273
-62
51
15
-133
-356
-543
-562
-325
34
280
181
-201
-614
-701
-370
143
457
409
198
147
369
644
665
361
-31
-209
-103
142
307
262
148
184
512
884
935
580
5
-437
-613
-530
-424
-464
-657
-810
-839
-782
-698
-536
-274
-55
16
-62
-92
24
249
370
271
43
-108
-64
37
65
7
-9
113
329
537
618
500
220
-113
-337
-434
-425
-370
-280
-233
-291
-418
-499
-455
-337
-262
-240
-243
-135
98
433
680
761
670
528
394
344
389
506
608
632
624
618
629
605
571
619
774
928
941
730
488
391
592
861
962
739
366
78
46
225
385
332
110
-76
-58
88
260
326
215
-91
-467
-660
-572
-296
-71
-2
-21
28
209
326
193
-267
-774
-1037
-930
-616
-337
-195
-149
-159
-275
-485
-704
-810
-862
-888
-897
-805
-662
-521
-499
-587
-689
-660
-458
-216
-55
-4
-57
-157
-249
-240
-167
-44
29
21
-153
-387
-539
-450
-152
190
435
512
532
547
627
731
807
809
732
637
591
586
662
753
802
728
593
455
354
205
62
-43
-30
50
134
70
-155
-439
-539
-438
-316
-283
-377
-415
-478
-537
-650
-743
-724
-638
-482
-334
-191
-105
-209
-444
-685
-761
-676
-611
-556
-573
-506
-452
-427
-469
-583
-608
-546
-294
-58
99
50
-107
-229
-254
-127
-44
43
57
101
166
260
394
526
631
711
670
572
417
406
538
746
949
1051
1128
1108
1123
1109
1151
1149
1157
1121
1102
1073
1080
1005
818
465
148
-39
-2
74
113
18
-72
-158
-224
-333
-475
-581
-674
-681
-662
-502
-355
-225
-293
-394
-477
-417
-332
-313
-405
-536
-602
-598
-612
-694
-827
-858
-759
-544
-358
-296
-328
-372
-349
-318
-321
-318
-228
-13
164
215
110
5
-31
50
198
307
316
197
153
211
435
617
750
752
747
747
769
768
694
620
537
525
528
547
544
510
476
452
477
518
518
403
164
-125
-344
-389
-334
-274
-373
-539
-713
-757
-676
-504
-316
-240
-340
-563
-770
-851
-832
-724
-587
-496
-514
-622
-741
-808
-850
-864
-922
-948
-909
-742
-610
-620
-800
-946
-902
-658
-370
-217
-180
-172
-76
9
8
-151
-319
-360
-155
245
666
953
1053
1048
993
903
833
808
839
841
788
692
641
673
829
975
1069
1060
1010
936
824
710
622
574
582
578
518
296
3
-232
-297
-181
42
296
409
360
185
48
-50
-93
-76
1
98
62
-96
-336
-496
-491
-398
-297
-377
-558
-739
-767
-671
-612
-614
-694
-748
-744
-672
-532
-417
-326
-314
-339
-392
-388
-330
-201
-68
32
62
48
52
39
27
62
209
441
593
599
453
279
215
240
351
399
456
493
578
681
777
806
732
605
476
389
287
161
65
54
178
331
434
367
160
-44
-100
17
153
157
65
-54
-106
-178
-275
-365
-374
-304
-222
-140
-82
-65
-126
-297
-518
-715
-782
-737
-672
-681
-770
-784
-627
-364
-207
-258
-413
-524
-518
-431
-378
-387
-459
-418
-284
-127
-139
-288
-414
-385
-235
-153
-164
-233
-222
-201
-150
-107
-29
62
118
155
163
182
180
135
94
120
282
455
533
440
248
116
117
262
349
328
234
194
206
194
142
97
145
323
543
675
589
391
191
131
136
167
139
87
37
25
20
0
23
115
221
210
91
2
19
110
148
91
-17
-58
2
108
137
76
7
-23
32
72
80
-41
-214
-367
-384
-305
-225
-192
-198
-172
-144
-83
-18
79
176
180
69
-94
-128
-15
176
311
380
402
417
431
436
411
326
237
204
225
227
136
25
-103
-163
-158
-45
56
102
71
46
29
63
139
242
297
345
414
504
503
375
207
49
-28
-123
-204
-287
-345
-386
-401
-339
-215
-118
-102
-144
-164
-124
-97
-137
-335
-566
-746
-693
-570
-465
-505
-549
-540
-513
-525
-601
-632
-565
-436
-340
-368
-425
-459
-422
-394
-372
-342
-267
-172
-95
-61
-51
-24
59
223
366
443
386
294
186
77
-27
-98
-59
37
169
237
217
114
13
-6
70
194
345
487
625
699
735
756
802
784
664
465
324
326
442
557
557
478
423
429
470
387
246
28
-107
-149
-69
22
11
-149
-406
-638
-733
-663
-512
-373
-351
-406
-496
-561
-574
-576
-511
-465
-426
-484
-586
-644
-588
-406
-258
-212
-317
-396
-376
-228
-81
20
123
260
425
510
508
463
410
370
298
259
253
295
312
299
279
306
373
419
419
368
299
240
261
426
629
736
640
454
337
408
625
798
835
732
632
500
370
207
85
-58
-183
-226
-143
6
113
152
132
65
-35
-143
-244
-310
-327
-298
-280
-340
-407
-439
-414
-417
-504
-652
-855
-985
-1034
-1012
-1010
-968
-815
-586
-431
-406
-374
-247
-49
82
121
93
64
3
-27
-61
-50
-86
-125
-160
-124
-59
-2
-11
-47
-83
-75
-72
-172
-318
-383
-187
134
413
496
466
399
379
397
489
604
688
703
630
534
421
367
347
343
305
256
198
144
96
65
64
38
4
-70
-138
-178
-165
-91
-23
33
78
101
79
-54
-206
-301
-274
-219
-230
-304
-347
-334
-265
-233
-252
-354
-471
-564
-608
-591
-527
-392
-275
-217
-296
-423
-492
-408
-260
-153
-142
-172
-185
-218
-271
-393
-465
-459
-290
-43
202
342
303
188
107
177
277
373
439
560
690
801
866
856
804
718
693
710
720
696
599
493
366
299
262
227
161
102
120
185
275
348
438
474
474
430
408
379
351
335
348
314
208
26
-139
-238
-250
-229
-270
-407
-533
-579
-540
-503
-513
-540
-588
-564
-442
-204
47
200
214
98
-36
-110
-93
-35
-42
-156
-348
-466
-439
-299
-195
-200
-274
-352
-367
-308
-166
36
212
323
336
271
176
99
117
217
345
370
262
95
17
56
149
220
257
242
124
-72
-236
-225
-64
123
218
161
-7
-220
-358
-348
-267
-218
-265
-299
-286
-279
-323
-405
-450
-460
-413
-382
-460
-626
-732
-630
-490
-420
-471
-489
-453
-373
-264
-149
-52
-41
-84
-148
-91
76
240
224
33
-135
-219
-220
-215
-198
-213
-276
-280
-145
81
250
295
273
247
276
352
434
421
379
411
593
788
822
651
379
196
205
347
466
527
510
513
447
373
270
239
279
302
282
185
149
174
248
276
248
248
334
489
598
594
500
414
388
435
468
451
322
160
4
-73
-67
-5
42
-2
-113
-208
-281
-319
-350
-301
-244
-216
-269
-347
-422
-455
-435
-371
-363
-445
-544
-543
-446
-402
-415
-463
-435
-396
-383
-422
-456
-414
-288
-150
-102
-162
-234
-213
-103
39
115
174
201
207
161
87
95
127
194
172
99
-37
-171
-186
-65
125
232
267
280
306
258
157
68
77
163
268
352
367
348
287
213
89
-46
-156
-216
-252
-283
-258
-194
-103
-126
-201
-303
-295
-295
-281
-325
-298
-248
-156
-62
-29
-59
-192
-266
-313
-286
-283
-246
-244
-312
-456
-611
-642
-603
-482
-421
-356
-328
-326
-362
-405
-338
-130
163
411
484
405
238
133
127
231
396
566
693
728
689
608
514
432
354
339
358
384
353
301
309
393
497
537
480
390
366
463
607
680
644
568
491
482
491
541
480
339
152
82
124
193
199
121
14
-65
-85
-61
-64
-136
-245
-370
-429
-461
-416
-392
-414
-494
-527
-443
-310
-204
-249
-380
-514
-496
-385
-293
-361
-509
-668
-690
-594
-398
-246
-187
-189
-170
-116
-27
60
157
184
157
69
15
-8
40
65
73
51
97
223
365
426
383
305
253
220
173
129
129
172
209
190
151
72
-17
-103
-94
-18
94
153
162
69
-51
-132
-139
-125
-145
-115
-37
37
2
-133
-196
-170
-80
-82
-186
-363
-484
-434
-236
-38
-62
-256
-500
-565
-440
-190
-36
-77
-232
-323
-288
-222
-161
-118
-60
-40
10
104
262
317
254
84
-5
48
187
313
281
187
70
48
43
28
20
26
31
-31
-103
-123
-126
-186
-319
-384
-309
-84
168
361
413
376
326
347
405
457
435
400
347
328
262
189
126
120
147
112
11
-138
-214
-202
-140
-114
-108
-105
-6
121
255
254
131
-27
-65
27
142
170
127
49
-69
-199
-266
-204
-93
-66
-157
-302
-369
-332
-212
-156
-161
-222
-199
-139
-58
7
45
105
117
164
152
145
54
-33
-84
-11
147
280
302
244
250
335
400
309
170
98
215
424
617
650
501
267
94
77
194
315
303
74
-247
-483
-470
-252
7
122
22
-177
-312
-258
-35
202
351
342
248
127
62
53
14
-80
-197
-204
-116
17
83
39
-73
-206
-230
-233
-206
-316
-437
-573
-578
-528
-429
-392
-445
-573
-684
-655
-525
-355
-262
-231
-269
-334
-351
-228
-27
92
29
-134
-248
-242
-147
-18
66
126
111
105
94
129
184
239
293
306
267
199
112
38
-12
-12
58
95
177
265
392
420
348
266
225
242
200
125
31
64
184
302
259
80
-114
-196
-122
73
272
361
251
49
-135
-164
-73
78
146
77
-71
-149
-96
13
34
-13
-54
-24
29
44
17
-5
-29
-58
-113
-98
-16
82
83
-27
-194
-300
-303
-164
-24
70
31
-91
-187
-170
9
182
253
155
42
-18
44
105
172
217
354
541
672
634
453
269
127
16
-57
-91
-115
-194
-270
-242
-107
51
145
149
103
19
-6
24
111
175
223
189
137
57
49
59
73
63
33
-21
-91
-141
-92
-21
16
-29
-70
-80
-80
-118
-222
-348
-431
-396
-335
-269
-293
-290
-328
-343
-355
-297
-197
-141
-105
-58
70
201
255
218
106
3
-102
-183
-263
-283
-221
-84
55
146
162
144
115
122
186
281
349
280
131
-32
-88
-78
-41
-21
1
-1
-28
-116
-192
-213
-134
-6
77
79
-3
-80
-96
-29
90
192
245
201
69
-82
-169
-153
-102
-64
-38
29
105
106
-12
-195
-314
-325
-231
-138
-114
-142
-154
-79
-25
-32
-143
-228
-260
-260
-252
-239
-195
-179
-229
-317
-387
-360
-278
-195
-174
-192
-218
-263
-328
-368
-346
-256
-146
13
164
282
309
314
337
417
503
592
634
650
586
511
424
370
241
60
-121
-145
-30
106
183
168
162
149
187
225
296
357
420
449
472
459
423
368
346
402
484
525
442
315
246
301
368
330
150
35
92
301
415
340
91
-168
-306
-261
-102
11
4
-100
-150
-125
1
69
38
-129
-281
-295
-222
-180
-286
-443
-543
-505
-378
-244
-205
-286
-446
-524
-445
-210
16
106
2
-222
-370
-376
-229
-158
-156
-269
-320
-279
-112
84
151
95
-37
-70
-33
80
129
125
1
-121
-194
-113
26
143
143
123
153
273
355
294
126
-42
-61
-54
-82
-217
-272
-238
-143
-128
-122
-64
39
100
87
28
-7
-29
0
9
10
-41
-150
-316
-514
-629
-645
-504
-309
-104
-28
-56
-139
-182
-157
-121
-91
-106
-98
-82
-40
-61
-137
-222
-209
-37
129
155
-30
-215
-244
-118
61
129
124
91
131
189
169
54
-54
-59
42
127
183
189
199
173
136
123
167
284
432
543
568
525
459
352
219
129
201
380
510
452
210
11
17
260
517
609
526
415
369
386
378
350
325
317
288
184
69
30
121
292
338
164
-185
-460
-541
-470
-336
-216
-100
-57
-73
-110
-85
-15
35
-37
-193
-337
-291
-45
266
395
233
-101
-353
-381
-258
-217
-287
-372
-291
-96
75
94
-37
-165
-191
-54
78
123
34
-71
-116
-105
-45
11
36
-41
-205
-340
-325
-97
243
441
380
124
-4
55
239
296
210
13
-131
-187
-202
-216
-249
-226
-238
-282
-373
-400
-338
-277
-290
-455
-656
-779
-778
-641
-549
-515
-639
-725
-680
-469
-203
-63
-85
-262
-372
-243
60
351
432
423
352
296
226
199
206
203
142
27
-79
-88
-2
52
26
-89
-144
-161
-118
-46
54
163
172
100
0
3
111
296
440
433
204
-104
-258
-198
-67
-66
-236
-456
-553
-392
-86
205
317
330
252
187
181
266
420
466
440
269
104
46
193
499
674
673
509
437
499
655
752
684
490
336
326
453
591
681
682
536
314
111
99
203
331
335
208
-14
-171
-169
-12
106
90
-9
-18
40
117
110
64
-20
-149
-279
-414
-397
-223
68
246
224
98
22
32
131
207
252
133
-66
-279
-341
-221
-12
173
211
136
-32
-200
-321
-335
-249
-157
-140
-239
-357
-383
-267
-131
-132
-283
-452
-513
-504
-431
-334
-215
-163
-171
-244
-395
-623
-837
-865
-729
-473
-334
-357
-555
-749
-744
-553
-308
-228
-353
-519
-591
-481
-325
-170
-72
-54
-171
-337
-422
-287
-82
75
66
30
28
59
59
17
3
-37
-73
-149
-111
-14
151
239
249
178
117
186
306
441
458
465
443
424
396
351
335
366
489
589
576
420
289
287
423
546
506
303
66
-46
27
170
290
290
266
255
250
199
140
113
68
-10
-101
-120
-151
-155
-94
78
231
286
242
191
101
-41
-240
-339
-242
17
214
234
113
36
82
165
173
34
-92
-139
-85
-23
31
118
183
174
42
-77
-35
139
246
157
-3
-9
170
397
493
419
275
193
219
267
270
254
310
369
438
427
426
325
185
-4
-164
-261
-242
-82
87
175
134
51
-112
-290
-432
-393
-179
82
199
10
-324
-527
-391
-102
47
-38
-229
-317
-281
-201
-236
-353
-453
-396
-307
-276
-399
-491
-512
-414
-343
-282
-214
-181
-206
-348
-428
-417
-290
-158
-136
-213
-341
-305
-178
-53
-129
-323
-508
-597
-549
-477
-390
-419
-429
-455
-315
-130
92
126
-32
-228
-301
-96
211
484
493
324
129
109
210
253
123
-92
-154
-6
201
275
203
85
-1
-72
-69
-60
-37
-121
-213
-220
-127
82
179
253
177
133
43
-50
-147
-142
45
322
503
491
311
94
-37
-16
59
89
24
-6
-21
36
76
214
376
530
552
452
348
320
425
539
572
491
382
387
436
437
293
152
139
284
479
642
757
857
885
747
425
80
-15
90
286
306
205
-5
-94
-40
126
195
176
112
37
-99
-255
-328
-264
-119
19
51
-4
-123
-207
-237
-258
-299
-388
-385
-337
-284
-366
-484
-473
-348
-161
-119
-132
-214
-277
-292
-228
-71
94
142
40
-217
-382
-426
-270
-174
-197
-399
-527
-476
-257
-86
-104
-223
-314
-207
-50
104
25
-170
-442
-508
-366
-69
182
224
127
-82
-195
-237
-176
-55
-54
-173
-390
-470
-366
-171
73
196
255
211
238
231
195
74
-13
-47
-35
-2
-21
-98
-249
-416
-510
-494
-368
-293
-322
-409
-419
-332
-217
-107
62
248
358
305
212
185
271
390
452
345
149
-13
32
184
372
452
423
294
175
144
192
215
192
158
182
258
280
254
153
159
270
415
423
214
15
-56
60
203
290
242
28
-264
-408
-247
94
369
319
89
-102
-28
212
334
271
84
-43
-84
-57
84
253
305
165
-117
-329
-436
-327
-105
63
-37
-296
-489
-427
-266
-117
-119
-248
-396
-366
-59
261
373
224
52
-22
46
233
385
421
251
20
-190
-246
-135
41
201
279
304
252
169
132
121
114
93
159
253
299
195
13
-116
-143
-32
73
201
165
43
-175
-212
-48
178
329
312
355
265
127
-183
-326
-278
-91
80
123
66
-83
-195
-195
-121
-106
-139
-208
-160
-23
172
199
-9
-351
-579
-600
-429
-228
-55
-71
-138
-333
-412
-395
-224
-89
-153
-294
-385
-324
-271
-318
-376
-352
-177
69
255
224
-27
-298
-319
-42
304
419
99
-443
-862
-821
-442
6
272
304
171
-48
-148
-141
-63
-83
-167
-222
-282
-261
-214
-49
8
-30
-120
-96
8
173
303
328
183
-20
-70
59
260
328
255
162
154
223
343
451
516
397
162
-34
-28
179
390
492
464
425
373
338
245
193
187
309
499
537
348
-40
-335
-389
-181
107
237
130
-146
-342
-411
-224
-14
144
72
-50
-162
-203
-188
-128
-77
-120
-172
-140
22
274
499
634
571
307
-41
-279
-289
-167
-50
40
80
144
141
195
296
380
264
-167
-546
-557
-114
314
351
11
-365
-421
-141
281
514
444
105
-388
-819
-961
-672
-11
716
1268
1242
718
-50
-418
-175
473
938
857
298
-211
-258
172
620
651
279
-165
-367
-337
-270
-347
-602
-866
-946
-838
-637
-470
-256
-45
160
211
164
60
77
222
392
439
280
42
-200
-275
-208
-13
120
41
-227
-504
-553
-443
-312
-297
-344
-372
-380
-402
-576
-711
-630
-172
320
478
171
-369
-683
-587
-238
-129
-447
-881
-941
-661
-540
-1015
-1665
-1673
-577
878
1393
430
-1010
-1320
163
2371
3594
2889
990
-421
-217
1286
2564
2418
763
-1257
-2344
-1963
-751
51
-274
-1382
-2190
-2080
-1309
-653
-470
-523
-442
-186
-54
-139
-71
695
2014
2979
2822
1851
1212
1486
2193
2246
1358
159
-421
-264
56
-18
-417
-750
-804
-658
-478
-376
-462
-746
-1082
-1170
-866
-303
176
343
288
299
555
946
1225
1306
1229
1098
879
604
362
293
371
401
173
-248
-620
-698
-534
-359
-428
-731
-945
-699
-50
407
216
-456
-909
-795
-298
101
200
54
-177
-455
-720
-814
-603
-271
-241
-615
-970
-828
-338
-30
-94
-234
-152
13
18
-125
-163
72
437
710
735
606
489
559
848
1272
1632
1719
1467
1067
891
1090
1481
1636
1410
945
621
588
758
804
467
-270
-1167
-1955
-2480
-2710
-2663
-2515
-2531
-2816
-3177
-3246
-2923
-2337
-1838
-1542
-1436
-1306
-1093
-791
-434
25
627
1269
1788
1979
1808
1334
804
389
183
56
-154
-544
-1032
-1449
-1763
-2048
-2318
-2416
-2153
-1576
-890
-295
222
849
1727
2822
3845
4555
4905
5094
5277
5456
5536
5547
5584
5632
5372
4349
2371
-125
-2244
-3287
-3359
-3227
-3649
-4689
-5846
-6565
-6676
-6272
-5406
-4192
-2888
-1957
-1513
-1218
-502
852
2524
4003
4978
5420
5378
4884
4057
3182
2447
1767
851
-430
-1921
-3395
-4675
-5713
-6386
-6626
-6431
-5986
-5474
-4897
-4069
-2784
-1099
679
2210
3402
4379
5265
6037
6652
7161
7695
8235
8588
8492
7865
6812
5529
4265
3225
2398
1331
-527
-3156
-5723
-7268
-7592
-7355
-7323
-7641
-7865
-7635
-7003
-6224
-5231
-3801
-1982
-267
896
1575
2250
3241
4390
5270
5715
5851
5757
5247
4125
2555
966
-347
-1464
-2679
-4112
-5623
-6907
-7752
-8063
-7844
-7152
-6133
-4978
-3833
-2698
-1460
24
1713
3376
4736
5672
6327
6829
7215
7406
7420
7304
7092
6748
6227
5450
4379
3118
1966
1148
498
-534
-2338
-4593
-6433
-7156
-6872
-6300
-6037
-6025
-5826
-5273
-4561
-3775
-2629
-934
923
2186
2580
2577
2880
3633
4468
5061
5378
5409
4903
3619
1709
-215
-1582
-2356
-2995
-3902
-5045
-6099
-6845
-7250
-7254
-6670
-5447
-3872
-2429
-1343
-437
670
2125
3764
5314
6547
7299
7459
7170
6786
6627
6656
6575
6170
5541
4871
4133
3108
1800
618
-71
-561
-1658
-3724
-6093
-7612
-7745
-6914
-6006
-5489
-5221
-4930
-4599
-4260
-3555
-2079
-23
1789
2668
2753
2742
3159
3935
4744
5376
5752
5622
4703
2996
1038
-510
-1433
-2127
-3096
-4368
-5596
-6485
-7045
-7304
-7086
-6264
-4968
-3547
-2187
-848
542
1945
3221
4323
5305
6179
6763
6838
6449
5935
5588
5370
5039
4554
4143
3902
3520
2547
1088
-157
-647
-833
-1736
-3747
-5983
-7155
-6801
-5641
-4743
-4535
-4679
-4706
-4492
-4033
-3159
-1747
-189
854
1103
1094
1552
2626
3839
4737
5353
5728
5572
4496
2744
1093
77
-607
-1615
-3125
-4650
-5668
-6162
-6448
-6595
-6301
-5365
-4047
-2809
-1765
-667
698
2212
3607
4743
5602
6133
6218
5907
5511
5371
5544
5673
5417
4735
3959
3329
2854
2326
1707
1216
929
357
-1240
-3761
-6056
-6872
-6115
-4819
-4144
-4409
-5025
-5315
-5086
-4474
-3445
-1916
-215
921
1108
815
954
1924
3296
4468
5208
5536
5286
4229
2533
850
-246
-853
-1575
-2809
-4341
-5655
-6500
-6941
-7007
-6532
-5420
-3940
-2539
-1428
-454
621
1841
3065
4169
5081
5700
5857
5562
5102
4890
5062
5354
5365
4932
4217
3425
2640
1900
1327
1122
1255
1191
122
-2174
-4822
-6458
-6347
-4932
-3376
-2668
-2964
-3728
-4373
-4544
-4040
-2760
-1063
335
838
558
165
321
1206
2593
4123
5392
5904
5277
3616
1573
-93
-1105
-1691
-2243
-2959
-3831
-4748
-5519
-5911
-5701
-4789
-3335
-1693
-230
849
1521
1942
2413
3190
4206
5079
5404
5112
4506
3961
3683
3613
3632
3638
3596
3408
2920
2089
1158
600
779
1506
1945
1136
-1050
-3633
-5249
-5268
-4141
-2890
-2412
-2927
-4049
-5101
-5572
-5176
-3952
-2370
-1199
-935
-1309
-1521
-903
586
2495
4254
5387
5582
4726
3057
1097
-539
-1562
-2083
-2462
-2990
-3737
-4559
-5172
-5348
-5016
-4250
-3129
-1795
-509
432
923
1188
1599
2342
3229
3895
4107
3909
3522
3180
3015
3069
3264
3488
3611
3597
3443
3183
2869
2627
2682
3004
3069
2045
-216
-2805
-4357
-4299
-3257
-2503
-2866
-4140
-5468
-6149
-6027
-5188
-3808
-2285
-1210
-828
-731
-191
1113
2898
4652
6028
6800
6695
5518
3525
1440
-47
-878
-1508
-2321
-3242
-4015
-4567
-5022
-5363
-5330
-4685
-3518
-2219
-1109
-327
210
631
1155
1912
2844
3611
3913
3736
3384
3162
3148
3271
3449
3584
3538
3246
2837
2549
2529
2812
3351
3999
4193
3166
725
-2167
-4066
-4368
-3763
-3444
-4020
-5218
-6328
-6916
-6896
-6234
-4841
-2947
-1219
-193
250
761
1822
3396
5082
6483
7285
7176
5951
3809
1465
-301
-1217
-1679
-2266
-3206
-4289
-5181
-5742
-5977
-5868
-5323
-4336
-3153
-2094
-1297
-582
281
1325
2317
3005
3322
3395
3364
3252
3048
2867
2892
3167
3478
3560
3302
2858
2464
2356
2621
3274
4195
4976
4827
3046
-66
-3153
-4810
-4796
-4093
-3943
-4823
-6228
-7336
-7687
-7227
-5954
-3950
-1664
148
1056
1377
1870
3006
4594
6095
7041
7202
6458
4841
2675
519
-1136
-2218
-2976
-3716
-4535
-5381
-6136
-6615
-6614
-6025
-4994
-3824
-2721
-1655
-526
639
1692
2569
3361
4111
4650
4723
4318
3710
3229
2956
2775
2550
2309
2152
2115
2168
2295
2572
3102
3942
5010
5923
5994
4499
1463
-2061
-4623
-5525
-5273
-4915
-5250
-6273
-7407
-7977
-7627
-6328
-4310
-2054
-123
1195
2057
2833
3798
4969
6146
7021
7315
6861
5663
3872
1806
-147
-1680
-2792
-3709
-4652
-5547
-6186
-6473
-6573
-6641
-6516
-5797
-4264
-2254
-391
933
1862
2742
3696
4522
5013
5186
5171
4934
4305
3310
2315
1742
1651
1740
1704
1595
1723
2238
2950
3599
4210
4993
5758
5649
3733
161
-3624
-6063
-6797
-6686
-6721
-7190
-7703
-7842
-7551
-6896
-5677
-3617
-956
1500
3066
3767
4188
4781
5514
6100
6433
6512
6133
4931
2832
303
-1993
-3725
-4997
-5957
-6551
-6781
-6946
-7341
-7747
-7555
-6393
-4517
-2527
-775
783
2269
3553
4413
4883
5222
5590
5783
5428
4367
2921
1664
986
837
907
962
946
980
1223
1875
3000
4398
5625
6321
6383
5707
3953
937
-2730
-5794
-7309
-7394
-6968
-6861
-7154
-7358
-7038
-6156
-4786
-2904
-607
1550
2924
3398
3523
3902
4621
5381
5966
6362
6407
5646
3810
1244
-1241
-3065
-4253
-5186
-6076
-6826
-7290
-7464
-7376
-6907
-5943
-4530
-2873
-1105
727
2515
4020
5023
5535
5743
5724
5385
4666
3748
2924
2331
1893
1481
1131
991
1163
1566
2123
2821
3703
4602
5211
5343
5168
4996
4722
3682
1218
-2371
-5792
-7715
-7865
-7012
-6154
-5743
-5643
-5550
-5344
-4930
-3992
-2200
192
2329
3492
3746
3730
3981
4553
5203
5703
5874
5444
4098
1803
-986
-3591
-5551
-6820
-7576
-7922
-7890
-7570
-7118
-6575
-5755
-4486
-2812
-976
841
2573
4135
5320
5973
6134
5963
5495
4683
3620
2677
2208
2199
2269
2084
1716
1451
1367
1270
1128
1283
2062
3212
4044
4130
3712
3336
3207
2896
1695
-583
-3264
-5305
-6208
-6218
-5875
-5494
-5174
-4928
-4813
-4758
-4434
-3476
-1931
-335
860
1648
2250
2715
3001
3239
3687
4279
4464
3648
1809
-466
-2567
-4295
-5687
-6608
-6810
-6354
-5756
-5503
-5562
-5457
-4822
-3659
-2126
-305
1687
3522
4755
5188
5046
4761
4661
4832
5205
5581
5686
5256
4183
2630
1004
-225
-810
-835
-555
-166
299
880
1590
2388
3208
4006
4736
5301
5392
4516
2380
-575
-3305
-4893
-5250
-4973
-4743
-4850
-5224
-5698
-6100
-6118
-5379
-3832
-2012
-595
198
673
1157
1714
2332
3152
4267
5353
5734
4925
3104
966
-858
-2185
-3175
-3944
-4509
-4942
-5428
-5951
-6122
-5479
-3980
-2076
-273
1275
2738
4212
5575
6609
7242
7505
7401
6825
5688
4092
2335
691
-753
-2021
-3034
-3630
-3711
-3356
-2724
-1870
-698
822
2498
3992
5057
5658
5926
6053
6002
5402
3813
1335
-1330
-3404
-4609
-5153
-5368
-5536
-5857
-6452
-7241
-7918
-8116
-7655
-6619
-5180
-3433
-1460
532
2306
3783
5075
6222
7056
7335
6956
5948
4339
2210
-178
-2360
-3948
-4856
-5313
-5546
-5611
-5455
-5062
-4398
-3330
-1747
215
2178
3782
4891
5521
5573
4899
3571
2067
942
361
76
-231
-657
-1173
-1749
-2280
-2505
-2190
-1390
-419
441
1143
1841
2696
3747
4905
6012
6854
7241
7120
6495
5271
3296
773
-1718
-3612
-4842
-5753
-6656
-7560
-8221
-8525
-8579
-8462
-7961
-6762
-4925
-2845
-864
977
2715
4278
5544
6530
7301
7805
7828
7237
6182
4942
3646
2206
638
-872
-2144
-3254
-4372
-5438
-6160
-6319
-5999
-5451
-4818
-4041
-3053
-1948
-934
-101
645
1413
2099
2471
2453
2253
2162
2271
2461
2584
2577
2370
1850
1048
353
305
1095
2330
3401
4025
4311
4423
4371
4179
4048
4261
4778
5058
4383
2495
-64
-2411
-3971
-4795
-5276
-5781
-6434
-7150
-7783
-8204
-8218
-7564
-6114
-4119
-2067
-337
1026
2174
3241
4312
5515
6937
8371
9279
9135
7887
5959
3874
1879
-8
-1752
-3225
-4412
-5477
-6569
-7617
-8389
-8708
-8538
-7926
-6962
-5781
-4588
-3501
-2476
-1336
-18
1342
2541
3523
4402
5234
5897
6221
6216
6040
5762
5253
4383
3242
2110
1229
641
319
312
677
1279
1824
2143
2310
2500
2792
3147
3344
3025
1839
-166
-2421
-4155
-4887
-4746
-4252
-3917
-3891
-4067
-4366
-4800
-5254
-5341
-4716
-3405
-1828
-409
675
1464
2020
2433
2940
3861
5216
6509
7019
6389
4835
2868
885
-888
-2276
-3164
-3675
-4239
-5245
-6668
-8027
-8821
-8872
-8307
-7284
-5869
-4153
-2368
-802
417
1415
2430
3597
4870
6112
7220
8081
8486
8236
7379
6284
5342
4645
3992
3184
2233
1289
436
-329
-934
-1184
-969
-433
129
535
836
1211
1754
2316
2582
2286
1449
332
-755
-1614
-2213
-2649
-3124
-3794
-4695
-5693
-6594
-7230
-7472
-7230
-6441
-5146
-3535
-1900
-444
875
2237
3716
5144
6227
6749
6684
6130
5187
3939
2470
897
-688
-2195
-3526
-4587
-5373
-5996
-6600
-7235
-7771
-7954
-7572
-6526
-4857
-2718
-394
1716
3297
4296
4963
5605
6357
7116
7699
7964
7811
7158
6007
4566
3210
2263
1761
1476
1170
745
241
-293
-776
-1069
-991
-500
231
889
1289
1449
1516
1551
1453
1045
204
-968
-2221
-3256
-3952
-4393
-4764
-5197
-5648
-6009
-6181
-6138
-5832
-5227
-4351
-3289
-2121
-855
498
1873
3164
4302
5275
6053
6503
6475
5956
5102
4095
3015
1807
408
-1123
-2621
-3966
-5146
-6156
-6911
-7313
-7369
-7173
-6717
-5910
-4743
-3410
-2135
-954
216
1382
2429
3304
4128
5056
6041
6812
7111
6906
6361
5636
4796
3919
3139
2522
1919
1070
-100
-1341
-2291
-2803
-2959
-2866
-2494
-1801
-913
-45
722
1497
2343
3107
3551
3574
3236
2582
1637
538
-407
-934
-1084
-1150
-1376
-1750
-2175
-2685
-3366
-4107
-4623
-4768
-4630
-4310
-3692
-2628
-1231
157
1318
2334
3338
4190
4541
4223
3485
2737
2164
1617
881
-97
-1239
-2475
-3766
-4978
-5868
-6264
-6212
-5916
-5518
-5024
-4405
-3718
-3020
-2291
-1485
-618
215
965
1642
2273
2842
3356
3932
4719
5748
6850
7770
8272
8204
7546
6442
5118
3771
2510
1348
229
-902
-2016
-2989
-3656
-3863
-3510
-2611
-1321
98
1389
2448
3293
3982
4469
4594
4187
3197
1799
286
-1079
-2187
-3108
-3956
-4779
-5507
-6095
-6570
-6957
-7181
-7130
-6785
-6224
-5495
-4539
-3279
-1784
-265
1106
2336
3505
4588
5378
5642
5271
4333
3010
1518
76
-1173
-2182
-3044
-3883
-4787
-5727
-6604
-7256
-7458
-6993
-5788
-4044
-2127
-353
1154
2417
3465
4315
5025
5730
6506
7239
7689
7696
7306
6650
5817
4853
3882
3077
2509
2035
1455
730
50
-391
-596
-677
-670
-498
-172
130
210
64
-125
-193
-142
-77
-89
-197
-422
-814
-1430
-2225
-3033
-3651
-3979
-4009
-3770
-3336
-2897
-2715
-2905
-3327
-3733
-3991
-4132
-4154
-3955
-3434
-2674
-1858
-1076
-240
757
1896
3028
4019
4817
5416
5784
5838
5502
4807
3875
2818
1684
519
-587
-1540
-2360
-3137
-3925
-4630
-5077
-5159
-4885
-4318
-3467
-2345
-1076
105
1038
1764
2448
3216
4083
5020
5942
6704
7151
7250
7094
6783
6321
5688
4936
4160
3338
2259
733
-1171
-3099
-4670
-5730
-6332
-6551
-6374
-5805
-4979
-4079
-3195
-2290
-1350
-447
335
958
1409
1639
1657
1537
1367
1096
636
-15
-742
-1426
-2046
-2650
-3234
-3679
-3824
-3658
-3357
-3095
-2848
-2476
-1933
-1284
-548
360
1469
2591
3397
3666
3499
3185
2924
2670
2319
1839
1260
558
-333
-1378
-2401
-3144
-3441
-3337
-3056
-2827
-2723
-2674
-2563
-2327
-1892
-1183
-166
1010
2006
2512
2484
2199
2038
2267
2912
3805
4680
5231
5221
4603
3610
2618
1928
1579
1395
1164
763
170
-583
-1401
-2116
-2564
-2690
-2594
-2479
-2528
-2845
-3394
-3973
-4312
-4222
-3711
-2906
-1904
-726
592
1893
2991
3835
4541
5200
5687
5762
5310
4429
3310
2103
907
-203
-1211
-2152
-3074
-3979
-4799
-5443
-5831
-5931
-5720
-5197
-4400
-3423
-2358
-1202
105
1555
2976
4127
4852
5182
5241
5106
4770
4207
3431
2478
1414
337
-605
-1307
-1797
-2251
-2825
-3490
-4035
-4241
-4044
-3518
-2765
-1837
-817
156
945
1553
2096
2673
3258
3720
3929
3825
3417
2757
1963
1190
580
178
-74
-306
-660
-1209
-1873
-2435
-2660
-2463
-1948
-1324
-783
-412
-192
-46
99
300
566
850
1092
1277
1443
1604
1706
1673
1514
1355
1290
1285
1190
930
568
188
-214
-705
-1266
-1811
-2235
-2501
-2624
-2659
-2661
-2618
-2473
-2190
-1802
-1338
-778
-83
703
1424
1929
2194
2312
2340
2238
1958
1572
1185
798
292
-386
-1135
-1792
-2328
-2842
-3386
-3843
-4038
-3940
-3705
-3477
-3221
-2808
-2214
-1593
-1047
-507
146
843
1401
1790
2197
2769
3351
3660
3564
3173
2644
1993
1189
311
-425
-879
-1119
-1293
-1399
-1293
-923
-451
-111
57
194
421
696
951
1253
1677
2137
2387
2264
1888
1559
1515
1735
2045
2314
2548
2759
2887
2901
2861
2824
2701
2337
1736
1069
507
46
-439
-1050
-1771
-2505
-3178
-3764
-4224
-4455
-4414
-4192
-3960
-3753
-3418
-2804
-1931
-963
-30
832
1562
2032
2121
1887
1541
1284
1136
953
623
130
-475
-1170
-1941
-2690
-3276
-3572
-3579
-3405
-3209
-3088
-3021
-2925
-2696
-2269
-1600
-699
367
1478
2443
3083
3338
3354
3361
3475
3630
3674
3541
3266
2897
2461
2001
1611
1378
1313
1322
1291
1168
979
752
482
182
-57
-139
-60
81
179
211
186
110
3
-12
208
686
1274
1764
2042
2128
2097
1969
1725
1380
985
525
-80
-882
-1815
-2742
-3564
-4201
-4610
-4776
-4737
-4601
-4487
-4435
-4344
-4083
-3643
-3123
-2602
-2073
-1541
-1056
-643
-262
135
578
1066
1564
1957
2078
1847
1360
852
510
333
176
-84
-427
-773
-1077
-1306
-1392
-1244
-903
-535
-310
-239
-195
-19
341
805
1253
1618
1911
2151
2377
2628
2929
3256
3541
3718
3732
3588
3373
3189
3068
2925
2647
2169
1533
826
124
-534
-1116
-1567
-1853
-1991
-2062
-2106
-2093
-1929
-1560
-997
-269
604
1559
2434
3058
3359
3414
3309
3035
2554
1899
1154
339
-588
-1604
-2594
-3431
-4090
-4599
-4987
-5242
-5338
-5274
-5069
-4705
-4150
-3399
-2537
-1661
-838
-80
598
1153
1566
1836
1969
1926
1690
1338
1008
756
485
67
-515
-1144
-1663
-1991
-2126
-2105
-1947
-1695
-1407
-1140
-910
-686
-424
-82
358
852
1312
1663
1895
2033
2103
2110
2061
2007
2016
2122
2277
2425
2536
2630
2725
2811
2862
2843
2744
2562
2303
1974
1605
1245
946
720
507
216
-183
-608
-933
-1094
-1073
-881
-553
-178
159
434
685
965
1266
1517
1613
1497
1168
638
-85
-936
-1761
-2416
-2887
-3270
-3665
-4119
-4652
-5222
-5717
-5968
-5871
-5444
-4794
-4047
-3271
-2490
-1689
-813
181
1251
2208
2829
3004
2811
2415
1910
1331
687
25
-652
-1379
-2124
-2754
-3088
-3069
-2749
-2260
-1726
-1221
-750
-266
274
909
1643
2434
3163
3751
4183
4465
4571
4481
4256
4013
3822
3640
3353
2885
2279
1662
1137
746
509
444
515
606
620
550
481
460
494
564
636
674
628
466
227
15
-62
-16
38
-22
-217
-504
-814
-1073
-1181
-1081
-803
-469
-217
-144
-302
-692
-1229
-1767
-2175
-2416
-2562
-2708
-2877
-3021
-3103
-3157
-3227
-3288
-3261
-3095
-2813
-2467
-2093
-1708
-1323
-927
-496
-20
472
945
1363
1705
1953
2117
2192
2161
2000
1720
1371
1002
651
348
116
-53
-194
-337
-477
-575
-575
-428
-115
298
684
922
1008
1047
1168
1451
1873
2365
2821
3143
3253
3136
2868
2562
2340
2244
2206
2097
1848
1515
1153
753
288
-174
-536
-777
-955
-1121
-1268
-1391
-1530
-1736
-1953
-2041
-1863
-1413
-803
-196
287
609
785
838
808
752
717
706
663
500
145
-405
-1067
-1729
-2315
-2785
-3128
-3352
-3497
-3630
-3804
-4002
-4104
-3969
-3550
-2940
-2259
-1551
-808
-89
477
806
967
1105
1283
1435
1457
1351
1200
1059
895
641
300
-83
-466
-839
-1187
-1477
-1681
-1763
-1706
-1513
-1216
-835
-363
197
825
1465
2067
2580
2987
3310
3570
3796
4004
4188
4303
4284
4097
3739
3244
2653
2029
1428
878
388
-63
-489
-908
-1281
-1547
-1666
-1641
-1496
-1227
-845
-403
14
360
624
820
953
1019
1026
982
886
705
441
140
-99
-217
-258
-355
-625
-1075
-1591
-2025
-2325
-2533
-2689
-2744
-2648
-2438
-2207
-2029
-1901
-1818
-1784
-1775
-1707
-1488
-1128
-728
-370
-73
179
340
357
242
112
88
195
353
468
528
554
542
469
358
290
317
418
514
526
403
129
-252
-622
-824
-762
-457
-41
348
637
818
914
950
1000
1144
1441
1848
2239
2480
2488
2304
2050
1844
1730
1680
1626
1494
1227
821
328
-158
-533
-723
-711
-554
-361
-225
-150
-71
55
200
329
444
567
684
738
680
525
361
269
233
174
70
-23
-89
-214
-508
-970
-1489
-1941
-2276
-2510
-2672
-2765
-2783
-2762
-2774
-2864
-2995
-3058
-2973
-2749
-2462
-2196
-1978
-1768
-1505
-1182
-856
-577
-351
-183
-95
-104
-169
-229
-225
-177
-148
-179
-245
-312
-375
-424
-381
-138
316
865
1329
1596
1680
1677
1688
1771
1939
2190
2495
2817
3099
3284
3353
3338
3300
3283
3291
3287
3208
3009
2700
2337
1996
1731
1556
1435
1311
1130
862
544
256
81
42
99
198
267
247
137
-7
-113
-176
-246
-370
-541
-747
-1020
-1394
-1826
-2217
-2518
-2772
-3045
-3332
-3581
-3758
-3866
-3917
-3874
-3681
-3348
-2999
-2777
-2725
-2770
-2806
-2782
-2674
-2430
-2017
-1483
-953
-550
-312
-199
-137
-63
69
293
612
956
1223
1374
1477
1605
1745
1822
1826
1827
1878
1952
1989
2003
2040
2116
2170
2141
2046
1947
1910
1943
2049
2231
2490
2762
2953
3017
3002
2997
3032
3066
3057
2984
2814
2483
1941
1236
497
-111
-529
-814
-1081
-1410
-1804
-2219
-2554
-2705
-2609
-2306
-1926
-1608
-1433
-1388
-1426
-1503
-1579
-1593
-1508
-1390
-1368
-1522
-1802
-2106
-2362
-2553
-2679
-2753
-2814
-2891
-2989
-3083
-3123
-3056
-2863
-2560
-2179
-1756
-1348
-993
-670
-332
26
373
678
931
1138
1294
1411
1486
1534
1561
1549
1458
1263
1000
752
584
516
542
656
838
1050
1243
1367
1412
1423
1483
1621
1796
1949
2090
2237
2379
2482
2549
2596
2608
2560
2463
2364
2262
2114
1879
1565
1198
816
454
121
-193
-495
-759
-969
-1131
-1258
-1341
-1348
-1253
-1064
-837
-652
-558
-536
-552
-584
-608
-589
-532
-491
-534
-677
-881
-1088
-1289
-1486
-1657
-1728
-1664
-1515
-1398
-1389
-1475
-1599
-1704
-1765
-1760
-1672
-1503
-1299
-1141
-1088
-1109
-1116
-1046
-914
-751
-569
-359
-135
72
225
324
412
538
719
904
1047
1115
1118
1088
1056
1030
986
915
846
827
862
924
976
1023
1086
1216
1419
1646
1830
1929
1967
1960
1922
1835
1728
1638
1605
1602
1578
1492
1321
1066
727
336
-65
-435
-745
-978
-1137
-1240
-1295
-1308
-1299
-1290
-1278
-1213
-1053
-818
-588
-434
-373
-400
-502
-667
-850
-1008
-1124
-1221
-1325
-1433
-1521
-1580
-1637
-1728
-1835
-1889
-1828
-1667
-1463
-1277
-1145
-1078
-1055
-1025
-957
-865
-796
-771
-767
-743
-683
-606
-525
-444
-350
-245
-150
-81
-27
66
253
543
893
1257
1602
1910
2150
2306
2407
2508
2631
2734
2752
2662
2489
2263
1987
1671
1370
1149
1017
908
772
637
564
568
601
636
685
760
826
825
746
623
491
346
176
-13
-188
-310
-372
-422
-518
-651
-741
-735
-677
-642
-651
-668
-650
-592
-526
-507
-567
-689
-843
-1005
-1152
-1238
-1239
-1188
-1159
-1169
-1179
-1148
-1084
-1041
-1042
-1063
-1067
-1051
-1037
-1031
-994
-877
-678
-448
-231
-32
169
357
501
588
654
761
929
1131
1319
1443
1483
1427
1313
1190
1093
1022
958
883
783
661
511
304
20
-292
-520
-603
-579
-528
-480
-430
-386
-376
-400
-411
-368
-271
-152
-50
21
47
25
-41
-126
-179
-158
-65
52
134
162
145
77
-63
-258
-452
-582
-646
-671
-684
-688
-697
-731
-775
-780
-687
-510
-328
-215
-154
-77
30
105
100
42
8
40
114
182
213
221
215
191
132
45
-41
-97
-114
-119
-111
-79
-7
88
173
230
264
289
304
328
386
494
597
624
556
477
482
559
602
507
285
22
-204
-381
-518
-609
-636
-610
-561
-515
-450
-335
-187
-62
15
83
171
245
275
299
365
478
598
684
727
747
776
827
897
966
1029
1069
1076
1040
953
819
668
545
466
403
297
127
-82
-274
-407
-467
-464
-442
-443
-466
-459
-368
-205
-6
188
354
458
475
394
252
112
29
23
74
154
222
234
168
24
-175
-398
-592
-707
-755
-776
-795
-787
-747
-728
-792
-939
-1101
-1211
-1253
-1262
-1273
-1300
-1322
-1312
-1260
-1190
-1129
-1075
-1021
-1000
-1053
-1179
-1288
-1294
-1177
-978
-752
-521
-301
-100
75
228
371
520
693
894
1096
1248
1314
1308
1278
1255
1241
1226
1206
1160
1069
954
860
845
900
968
962
876
769
699
675
670
681
713
762
785
754
690
658
676
700
691
676
700
749
797
851
928
987
943
770
527
291
81
-112
-272
-388
-475
-574
-719
-924
-1178
-1443
-1679
-1862
-2007
-2140
-2254
-2322
-2326
-2309
-2301
-2298
-2259
-2164
-2020
-1829
-1569
-1223
-822
-438
-134
91
270
429
555
629
653
663
683
706
704
652
555
440
349
312
344
434
546
634
696
773
900
1062
1230
1382
1533
1676
1807
1911
1978
2013
2009
1971
1901
1798
1656
1496
1341
1198
1047
887
721
542
354
189
90
60
76
119
172
211
205
141
14
-156
-328
-473
-584
-683
-793
-937
-1111
-1301
-1503
-1737
-1986
-2205
-2360
-2467
-2545
-2578
-2543
-2439
-2309
-2204
-2131
-2033
-1844
-1564
-1246
-930
-625
-330
-76
102
192
227
268
353
472
582
662
724
791
852
892
906
896
859
807
785
847
988
1147
1250
1277
1264
1248
1244
1233
1216
1196
1178
1153
1103
1036
968
908
849
776
691
588
481
400
357
326
274
186
72
-50
-143
-177
-145
-102
-119
-217
-366
-533
-716
-899
-1035
-1098
-1121
-1157
-1231
-1331
-1435
-1532
-1600
-1624
-1612
-1603
-1628
-1677
-1708
-1697
-1650
-1592
-1521
-1399
-1197
-947
-717
-546
-402
-225
3
260
491
655
742
770
800
873
1007
1165
1282
1330
1299
1204
1052
872
720
644
651
701
741
743
710
660
617
600
648
776
965
1144
1254
1286
1272
1249
1221
1186
1170
1215
1313
1401
1407
1325
1203
1098
999
870
691
478
255
21
-213
-421
-596
-774
-993
-1241
-1471
-1661
-1814
-1939
-2014
-2016
-1941
-1816
-1688
-1588
-1502
-1389
-1232
-1047
-853
-651
-455
-301
-224
-219
-241
-224
-144
-23
98
184
225
211
147
61
-7
-24
20
121
253
389
491
535
508
426
343
332
423
572
688
729
733
753
799
847
884
910
919
902
846
762
681
644
660
697
703
645
536
415
296
157
-16
-205
-371
-490
-558
-586
-599
-627
-695
-790
-866
-878
-832
-777
-760
-779
-805
-824
-844
-876
-914
-949
-977
-1002
-1025
-1029
-1023
-1044
-1107
-1168
-1142
-1001
-784
-556
-354
-190
-67
47
184
340
491
632
768
898
996
1035
996
906
822
805
830
812
688
503
342
245
188
130
76
41
45
78
137
216
309
405
485
545
594
632
644
629
604
560
469
322
165
45
-20
-44
-34
2
45
87
125
174
232
308
397
475
490
430
342
273
213
101
-78
-296
-501
-657
-758
-816
-855
-903
-959
-994
-980
-915
-838
-789
-782
-788
-761
-652
-467
-239
-19
166
316
451
596
743
876
979
1046
1062
1006
891
772
694
652
608
563
535
519
478
398
310
255
232
214
186
145
94
13
-115
-280
-439
-542
-594
-622
-633
-606
-546
-505
-514
-539
-521
-465
-424
-419
-403
-318
-178
-44
29
40
24
19
36
46
17
-57
-148
-224
-296
-383
-492
-590
-637
-623
-575
-522
-482
-462
-460
-466
-481
-497
-503
-496
-480
-459
-396
-269
-93
73
181
219
203
172
165
218
316
422
482
491
471
464
483
515
530
517
483
434
370
284
188
108
69
85
148
235
333
432
521
569
556
487
414
390
439
530
608
617
550
445
361
299
230
129
6
-120
-242
-351
-448
-529
-592
-642
-725
-858
-1005
-1076
-1028
-898
-755
-645
-564
-500
-446
-410
-384
-324
-205
-50
81
148
168
166
173
193
233
295
376
448
487
473
428
391
383
393
400
386
364
352
373
412
428
401
339
278
237
222
215
208
208
246
326
431
525
600
662
716
758
790
823
862
894
896
853
756
623
478
327
157
-22
-177
-295
-426
-619
-847
-1031
-1118
-1130
-1102
-1062
-998
-910
-816
-745
-701
-667
-620
-557
-503
-475
-475
-486
-489
-471
-460
-490
-571
-670
-766
-870
-973
-1040
-1032
-990
-952
-914
-847
-713
-507
-248
8
209
351
475
615
763
886
965
997
975
895
768
643
572
576
619
641
617
579
585
651
724
748
715
677
687
736
750
667
511
358
270
229
184
123
79
53
11
-81
-196
-260
-222
-105
-9
-1
-78
-170
-220
-228
-221
-234
-269
-334
-412
-493
-579
-676
-782
-884
-982
-1084
-1191
-1272
-1297
-1269
-1227
-1194
-1144
-1040
-893
-748
-634
-530
-396
-241
-115
-53
-21
32
103
149
142
114
118
189
317
464
605
728
830
911
974
1034
1123
1252
1397
1508
1549
1522
1459
1395
1324
1235
1120
996
882
788
728
700
697
679
628
551
467
397
340
314
323
350
352
293
191
87
22
4
11
-5
-68
-154
-219
-261
-313
-396
-506
-604
-663
-686
-711
-786
-908
-1034
-1120
-1167
-1199
-1231
-1265
-1275
-1263
-1250
-1261
-1271
-1222
-1099
-948
-817
-717
-630
-550
-468
-383
-335
-363
-442
-502
-493
-450
-423
-412
-376
-296
-194
-115
-76
-49
3
93
187
271
363
480
609
726
825
909
972
1013
1036
1044
1030
1001
968
923
850
762
677
612
537
412
251
112
54
62
90
117
165
234
290
315
347
419
510
558
529
433
299
162
41
-54
-154
-290
-447
-565
-614
-635
-670
-722
-753
-755
-725
-656
-547
-437
-397
-443
-533
-607
-647
-662
-648
-603
-540
-499
-487
-474
-453
-442
-456
-467
-428
-335
-212
-84
52
200
350
496
635
772
898
999
1066
1084
1032
907
752
617
522
444
376
333
319
308
278
262
302
411
557
700
809
869
883
885
899
915
908
889
867
831
743
603
460
363
305
228
109
-19
-122
-211
-315
-425
-505
-543
-538
-504
-454
-433
-463
-517
-539
-530
-523
-543
-572
-585
-600
-653
-755
-866
-953
-1027
-1103
-1150
-1131
-1067
-1024
-1037
-1060
-1025
-919
-783
-672
-604
-560
-512
-439
-343
-252
-203
-195
-193
-170
-125
-71
-1
90
195
290
357
382
357
299
251
266
358
496
631
718
754
775
811
859
880
854
810
769
725
653
536
385
234
115
39
-1
-16
-16
-31
-90
-186
-270
-311
-303
-256
-187
-130
-119
-155
-196
-218
-221
-202
-152
-81
-21
10
27
50
71
79
72
62
57
52
13
-72
-178
-254
-269
-231
-169
-108
-51
0
47
84
126
174
203
206
212
263
339
387
378
345
319
308
295
267
232
207
197
194
189
188
195
202
195
178
184
237
317
368
357
308
262
230
192
137
68
-2
-67
-118
-175
-248
-342
-429
-488
-517
-545
-587
-639
-704
-775
-825
-801
-686
-539
-448
-453
-504
-515
-442
-306
-144
-2
93
136
160
202
256
286
257
185
107
52
32
36
67
127
212
304
394
491
595
695
758
748
665
561
487
432
353
253
177
143
111
62
9
-26
-42
-43
-21
18
48
59
64
66
52
4
-85
-195
-295
-359
-380
-377
-361
-336
-310
-298
-317
-365
-418
-463
-492
-511
-506
-486
-477
-498
-525
-529
-515
-489
-427
-319
-224
-204
-238
-247
-203
-145
-117
-137
-190
-249
-298
-327
-340
-319
-256
-157
-45
57
148
243
366
522
668
751
776
796
852
923
958
933
872
813
783
793
825
836
781
665
517
362
210
84
11
-1
15
26
19
-6
-51
-95
-96
-54
-6
11
4
-7
-36
-92
-166
-234
-290
-342
-389
-423
-442
-449
-457
-460
-452
-408
-334
-251
-198
-181
-189
-216
-255
-289
-288
-248
-201
-183
-216
-293
-393
-476
-522
-548
-580
-619
-629
-604
-549
-469
-353
-207
-54
71
147
155
112
71
72
119
189
266
340
393
406
393
376
376
402
448
498
527
546
582
651
721
746
718
676
674
740
854
962
999
938
807
661
548
466
401
351
343
382
431
435
379
299
230
174
