-101
-43
9
75
159
237
274
245
160
63
-6
-28
-10
15
14
-35
-110
-182
-230
-262
-291
-323
-358
-376
-366
-349
-368
-427
-479
-479
-442
-407
-377
-344
-309
-264
-204
-134
-73
-37
-26
-48
-106
-179
-231
-229
-186
-133
-111
-116
-121
-122
-141
-172
-182
-142
-81
-14
48
82
66
7
-53
-110
-179
-245
-242
-137
31
191
307
379
400
367
297
232
200
213
270
342
388
378
330
282
263
269
280
281
270
266
287
332
365
356
298
224
169
161
187
217
234
254
292
326
311
245
180
159
181
220
268
321
365
394
401
387
344
289
260
275
305
301
236
116
-24
-145
-223
-277
-337
-403
-445
-432
-379
-314
-250
-193
-141
-98
-65
-55
-90
-160
-237
-292
-332
-367
-394
-403
-393
-362
-331
-314
-308
-299
-259
-183
-82
5
28
-31
-145
-253
-307
-292
-223
-118
5
121
202
223
188
130
89
90
128
171
197
201
198
204
225
257
275
265
230
188
156
143
162
196
213
203
176
129
58
-27
-89
-143
-235
-376
-523
-635
-712
-757
-760
-709
-624
-524
-447
-416
-431
-433
-360
-220
-64
39
81
62
11
-54
-113
-133
-97
3
130
249
324
359
368
373
371
354
325
298
282
289
336
392
394
312
186
75
5
-16
13
76
160
233
272
246
174
95
37
-9
-61
-111
-145
-164
-172
-173
-186
-211
-229
-216
-167
-103
-37
21
55
49
18
-1
20
68
105
94
19
-112
-255
-351
-363
-300
-206
-122
-75
-69
-77
-61
-22
14
33
47
49
40
34
55
84
92
99
127
168
188
199
240
320
387
388
320
228
165
154
171
169
127
74
38
-1
-70
-155
-204
-196
-143
-63
28
127
200
217
170
89
15
-28
-38
-19
26
78
110
122
142
191
237
259
271
292
306
278
207
118
44
5
2
13
17
17
23
26
19
-2
-20
-36
-42
-46
-53
-79
-126
-189
-236
-225
-157
-84
-62
-108
-191
-264
-282
-237
-154
-83
-51
-38
-13
29
48
17
-61
-147
-218
-271
-305
-315
-322
-343
-367
-374
-368
-366
-359
-308
-214
-127
-114
-192
-313
-400
-411
-346
-234
-106
10
85
120
129
141
166
202
234
256
255
233
211
194
176
146
119
102
106
120
135
131
111
95
102
129
162
187
187
151
90
25
-37
-102
-179
-247
-270
-243
-212
-203
-204
-198
-202
-232
-255
-231
-155
-64
2
25
24
29
56
96
109
70
-9
-74
-96
-73
-24
42
113
161
172
143
88
36
11
26
48
57
50
55
87
147
238
338
423
470
485
469
424
371
333
326
338
359
388
407
401
379
367
377
399
427
448
445
415
369
324
283
244
194
109
-27
-199
-336
-389
-369
-353
-384
-445
-487
-473
-412
-339
-292
-281
-284
-271
-243
-222
-241
-309
-387
-413
-375
-325
-325
-367
-397
-381
-318
-221
-100
17
91
105
87
74
93
126
154
164
164
173
189
201
205
192
172
149
143
144
122
61
0
8
95
187
213
162
84
30
18
33
52
53
24
-17
-46
-47
-46
-71
-127
-172
-178
-151
-135
-155
-193
-229
-272
-343
-421
-461
-442
-383
-323
-289
-295
-330
-362
-361
-331
-299
-277
-262
-250
-253
-263
-264
-239
-198
-157
-143
-169
-228
-274
-256
-172
-77
-27
-15
0
40
98
143
150
115
81
107
210
337
423
440
411
363
323
324
374
460
544
605
629
638
675
730
759
720
648
578
515
448
381
332
296
276
257
221
144
33
-95
-205
-282
-318
-322
-317
-316
-322
-327
-340
-344
-330
-288
-242
-207
-175
-148
-128
-109
-69
-9
41
48
22
-15
-49
-95
-156
-202
-206
-188
-184
-193
-186
-139
-72
-12
3
-35
-107
-159
-160
-127
-98
-98
-123
-129
-88
-14
34
31
27
90
226
373
464
472
429
382
352
322
269
187
98
30
17
54
103
136
144
130
79
1
-72
-130
-183
-233
-271
-298
-314
-293
-217
-129
-92
-120
-160
-168
-141
-106
-69
-20
51
130
191
215
178
97
-8
-89
-129
-142
-143
-134
-112
-102
-126
-157
-135
-42
80
181
249
278
261
194
88
-36
-171
-286
-353
-342
-278
-213
-199
-229
-248
-222
-167
-122
-101
-85
-62
-46
-39
-38
-25
2
44
68
53
4
-25
8
87
159
189
173
148
137
148
141
82
-2
-62
-65
-60
-79
-128
-151
-116
-26
68
110
92
53
31
32
50
100
181
257
282
237
150
78
56
66
66
51
54
85
104
87
40
-18
-86
-158
-212
-236
-239
-239
-245
-252
-258
-276
-320
-364
-353
-269
-157
-64
17
122
253
372
443
455
419
372
350
355
368
356
316
260
217
188
156
98
41
24
46
54
25
2
21
79
137
169
161
106
20
-60
-100
-93
-67
-44
-15
53
144
211
216
178
145
136
146
158
176
197
218
219
186
127
82
92
153
215
224
176
97
2
-93
-147
-148
-132
-149
-186
-213
-223
-244
-295
-360
-408
-420
-409
-399
-399
-388
-356
-300
-242
-192
-155
-143
-188
-300
-443
-542
-542
-480
-419
-396
-380
-332
-242
-150
-109
-127
-162
-165
-139
-119
-139
-198
-258
-288
-292
-308
-349
-363
-305
-180
-57
21
77
144
236
325
391
419
407
364
307
255
199
142
100
108
180
270
325
319
282
241
207
180
145
106
66
28
-28
-108
-180
-200
-163
-116
-102
-133
-154
-110
15
156
242
271
304
385
487
533
495
398
294
211
156
128
126
147
178
208
239
285
336
364
361
338
302
248
193
156
132
84
6
-81
-146
-169
-150
-106
-60
-4
84
190
256
263
240
238
268
296
288
244
190
161
162
201
252
277
245
172
104
61
33
-7
-71
-169
-290
-403
-478
-506
-518
-538
-560
-560
-527
-491
-479
-494
-498
-449
-359
-276
-238
-228
-200
-140
-66
-14
-3
-26
-41
-5
78
158
175
114
6
-91
-135
-137
-123
-119
-127
-148
-187
-234
-276
-315
-358
-398
-406
-389
-379
-378
-364
-318
-269
-213
-124
8
135
180
146
109
128
189
241
272
292
286
232
133
27
-38
-43
-16
10
27
44
51
26
-24
-72
-94
-81
-41
10
34
22
-16
-49
-44
9
107
232
364
455
460
392
301
240
207
185
159
124
95
89
115
160
189
184
161
154
165
149
78
-17
-78
-100
-118
-144
-148
-117
-65
-34
-43
-85
-142
-193
-229
-230
-180
-91
1
58
90
106
97
76
87
166
265
339
388
450
540
630
689
667
557
397
267
195
160
111
36
-28
-54
-32
-6
-4
-42
-103
-165
-227
-302
-378
-423
-398
-310
-201
-118
-72
-55
-62
-85
-114
-126
-119
-106
-104
-114
-113
-95
-82
-91
-91
-61
-16
2
3
13
32
39
49
86
144
185
185
140
46
-69
-151
-163
-142
-153
-205
-244
-228
-172
-126
-110
-93
-57
-22
-35
-114
-217
-293
-310
-266
-180
-98
-74
-115
-183
-223
-206
-140
-66
-16
1
-9
-55
-132
-214
-273
-297
-280
-221
-135
-51
22
88
133
126
48
-81
-184
-196
-121
-23
19
-21
-120
-213
-253
-220
-128
-7
105
160
138
95
112
215
345
411
370
256
146
104
130
169
169
132
94
90
108
102
52
-9
-17
41
114
152
155
149
126
63
-22
-64
-29
64
151
202
227
249
267
244
167
81
54
75
79
41
11
24
49
47
21
25
76
134
148
134
150
203
223
147
24
-42
-7
74
117
88
3
-92
-151
-155
-115
-46
59
167
214
169
88
44
48
57
47
31
33
60
95
130
166
208
228
191
94
-13
-65
-25
77
154
139
48
-36
-70
-69
-67
-83
-121
-165
-180
-159
-146
-153
-136
-84
-45
-69
-125
-151
-121
-63
-32
-65
-151
-258
-372
-481
-524
-454
-320
-220
-208
-234
-233
-203
-205
-246
-242
-118
74
216
247
205
136
66
19
11
34
60
84
103
104
96
126
223
314
278
98
-91
-129
5
186
251
149
-44
-209
-277
-260
-191
-143
-187
-338
-507
-557
-441
-250
-134
-171
-319
-454
-490
-428
-332
-246
-199
-204
-264
-327
-308
-171
32
169
158
53
4
112
315
471
489
382
231
111
70
117
214
281
244
124
16
-7
38
94
135
174
214
254
294
331
374
426
456
394
228
69
35
125
210
181
58
-39
-126
-464
-1181
-1774
-1403
4
1378
1518
415
-719
-709
438
1652
2025
1598
966
453
51
-91
258
933
1298
840
-237
-1146
-1220
-533
175
267
-217
-718
-768
-335
305
848
1095
974
542
10
-363
-456
-390
-335
-332
-352
-444
-684
-949
-941
-487
193
642
606
267
11
22
187
332
412
449
370
45
-500
-1005
-1204
-1119
-1039
-1167
-1419
-1528
-1345
-925
-445
-34
298
559
698
679
643
752
938
927
600
182
-2
110
255
158
-142
-349
-273
-29
184
382
717
1155
1400
1200
686
269
259
566
824
754
385
-65
-414
-689
-1132
-1882
-2633
-2769
-2120
-1356
-1356
-2201
-2964
-2639
-1212
282
814
383
-166
-201
142
424
510
552
613
531
163
-351
-642
-539
-364
-621
-1358
-2026
-2051
-1414
-659
-341
-515
-729
-514
180
1062
1829
2340
2565
2574
2564
2770
3280
3961
4484
4533
4044
3346
2904
2941
3309
3646
3626
3041
1858
305
-1089
-1849
-2121
-2618
-3760
-5001
-5343
-4438
-3038
-2234
-2309
-2509
-1986
-741
532
1332
1701
1834
1759
1510
1344
1520
1911
1977
1204
-358
-2068
-3250
-3733
-3860
-4036
-4333
-4471
-4136
-3271
-2142
-1082
-277
255
571
804
1048
1196
1017
502
25
-82
39
-87
-700
-1415
-1547
-832
255
1023
1321
1563
2101
2847
3565
4267
5132
6083
6588
6167
5036
4084
3961
4347
4296
3226
1449
-263
-1485
-2389
-3342
-4424
-5394
-5975
-6083
-5765
-5167
-4497
-3941
-3490
-2962
-2221
-1304
-330
589
1302
1634
1584
1428
1464
1691
1821
1536
701
-542
-1829
-2799
-3367
-3695
-3958
-4145
-4121
-3755
-3074
-2284
-1618
-1089
-530
75
418
236
-212
-310
206
804
662
-393
-1607
-2021
-1443
-542
-24
82
259
869
1869
3053
4305
5541
6486
6800
6493
6135
6357
7100
7509
6748
4964
3232
2406
2136
1290
-666
-3070
-4890
-5784
-6119
-6214
-6049
-5650
-5378
-5486
-5518
-4592
-2521
-354
596
200
-359
126
1701
3346
4005
3461
2321
1311
689
281
-139
-709
-1538
-2630
-3663
-4103
-3635
-2547
-1564
-1265
-1570
-1849
-1559
-765
28
420
379
48
-449
-939
-1204
-1197
-1104
-1173
-1431
-1613
-1406
-748
84
805
1469
2354
3552
4754
5526
5758
5788
6046
6576
6988
6886
6311
5692
5352
5101
4426
3051
1225
-668
-2474
-4121
-5300
-5700
-5527
-5524
-6234
-7240
-7422
-6111
-3968
-2418
-2189
-2589
-2339
-897
1084
2501
2831
2455
2117
2106
2144
1824
1015
-173
-1578
-3003
-4174
-4748
-4596
-4041
-3662
-3703
-3770
-3292
-2192
-956
-97
294
446
574
676
655
464
144
-219
-534
-734
-775
-679
-479
-138
490
1485
2657
3604
4084
4245
4490
5100
5967
6687
6903
6611
6111
5773
5740
5748
5195
3696
1606
-264
-1494
-2359
-3213
-3961
-4326
-4398
-4651
-5353
-6082
-5998
-4784
-3196
-2345
-2450
-2612
-1886
-292
1354
2286
2373
2045
1787
1676
1413
755
-245
-1367
-2427
-3229
-3571
-3452
-3192
-3183
-3444
-3561
-3136
-2227
-1381
-1121
-1391
-1554
-1128
-426
-245
-867
-1698
-1898
-1298
-541
-347
-722
-965
-516
464
1396
2054
2665
3385
3984
4205
4259
4663
5627
6687
7111
6674
5934
5671
6054
6452
6076
4753
3045
1632
642
-393
-1907
-3709
-5105
-5602
-5466
-5520
-6266
-7264
-7529
-6655
-5337
-4583
-4547
-4408
-3346
-1470
361
1527
2214
2994
4023
4883
5181
4961
4457
3681
2455
809
-888
-2197
-3009
-3633
-4429
-5384
-6095
-6208
-5842
-5417
-5125
-4686
-3719
-2346
-1195
-724
-643
-207
913
2196
2831
2639
2291
2574
3547
4545
4973
4881
4729
4768
4851
4839
4873
5164
5615
5857
5678
5272
5080
5334
5756
5742
4908
3481
2064
1018
181
-816
-2033
-3170
-3939
-4417
-4953
-5732
-6531
-6991
-7060
-6987
-6935
-6765
-6241
-5324
-4209
-3053
-1792
-275
1418
2912
3871
4312
4536
4741
4759
4208
2892
1095
-565
-1613
-2152
-2735
-3826
-5321
-6608
-7093
-6673
-5828
-5171
-4948
-4872
-4468
-3534
-2294
-1199
-525
-140
336
1131
2120
2963
3431
3641
3989
4736
5640
6126
5933
5444
5333
5826
6443
6474
5734
4788
4354
4544
4707
4138
2860
1582
879
607
226
-505
-1339
-1957
-2324
-2622
-2989
-3438
-3937
-4473
-4962
-5238
-5202
-4937
-4625
-4327
-3928
-3221
-2147
-865
354
1353
2181
2929
3582
3984
3959
3474
2761
2139
1668
1040
-34
-1430
-2636
-3262
-3415
-3587
-4132
-4874
-5313
-5190
-4804
-4666
-4895
-5041
-4548
-3375
-2123
-1428
-1253
-923
61
1359
2170
2162
1891
2199
3293
4493
5009
4857
4811
5417
6303
6677
6277
5627
5323
5325
5065
4192
3026
2184
1897
1761
1235
232
-774
-1285
-1315
-1322
-1651
-2125
-2351
-2187
-1900
-1832
-2016
-2133
-1891
-1391
-1039
-1035
-1154
-1021
-528
90
504
550
312
-27
-342
-625
-914
-1249
-1672
-2160
-2579
-2771
-2758
-2738
-2877
-3116
-3288
-3324
-3309
-3323
-3326
-3225
-2996
-2744
-2592
-2594
-2661
-2657
-2469
-2138
-1829
-1666
-1555
-1192
-461
359
849
1001
1279
2056
3116
3858
3937
3620
3494
3881
4494
4751
4416
3843
3537
3580
3605
3223
2428
1611
1172
1112
1066
756
291
-8
47
309
466
357
179
238
543
770
666
352
156
243
468
564
404
69
-276
-538
-747
-981
-1251
-1484
-1599
-1610
-1582
-1554
-1522
-1509
-1589
-1764
-1923
-1955
-1884
-1847
-1920
-2024
-2015
-1877
-1755
-1787
-1919
-1983
-1902
-1756
-1648
-1569
-1442
-1226
-930
-536
-9
608
1127
1366
1344
1302
1468
1832
2177
2325
2297
2265
2337
2428
2344
2025
1610
1288
1081
881
623
383
321
505
834
1100
1202
1259
1433
1706
1854
1743
1542
1570
1892
2193
2091
1585
1019
654
357
-202
-1095
-1985
-2474
-2526
-2493
-2698
-3063
-3211
-2952
-2535
-2370
-2545
-2735
-2601
-2197
-1869
-1789
-1773
-1545
-1130
-783
-655
-619
-477
-241
-69
-45
-71
-24
107
267
417
538
593
565
515
551
701
854
904
868
908
1092
1291
1267
959
585
396
386
328
103
-136
-134
167
570
834
896
898
1015
1306
1648
1862
1858
1723
1644
1756
2039
2316
2379
2126
1659
1187
818
441
-123
-877
-1587
-1997
-2076
-2043
-2154
-2442
-2683
-2617
-2256
-1888
-1794
-1968
-2173
-2224
-2142
-2060
-2065
-2155
-2272
-2344
-2328
-2225
-2044
-1802
-1537
-1287
-992
-516
211
1057
1760
2157
2305
2416
2625
2853
2883
2586
2088
1670
1491
1430
1251
858
388
30
-135
-151
-102
-2
177
436
724
953
1056
1065
1129
1385
1785
2092
2112
1928
1820
1970
2256
2402
2270
1972
1689
1475
1222
823
302
-188
-539
-789
-1062
-1394
-1728
-2016
-2221
-2287
-2191
-2043
-1973
-1995
-2017
-2009
-2025
-2134
-2334
-2532
-2614
-2540
-2420
-2400
-2494
-2546
-2427
-2174
-1907
-1651
-1303
-773
-93
578
1097
1440
1685
1933
2210
2468
2623
2598
2368
1983
1531
1092
703
387
165
7
-177
-421
-595
-504
-134
300
601
831
1146
1528
1773
1796
1737
1750
1823
1793
1563
1248
1104
1270
1588
1780
1708
1444
1131
892
777
703
504
103
-403
-841
-1130
-1307
-1460
-1629
-1775
-1859
-1912
-2012
-2152
-2247
-2258
-2296
-2488
-2785
-2964
-2909
-2772
-2791
-2970
-3043
-2781
-2225
-1653
-1290
-1111
-875
-400
252
827
1119
1150
1123
1220
1412
1511
1406
1175
971
854
792
770
791
850
900
908
903
938
1012
1089
1163
1271
1400
1471
1421
1297
1221
1274
1418
1540
1578
1546
1495
1435
1368
1326
1340
1398
1419
1318
1050
659
244
-81
-271
-374
-486
-660
-878
-1104
-1301
-1452
-1530
-1556
-1613
-1763
-1971
-2104
-2076
-1917
-1739
-1656
-1706
-1805
-1791
-1571
-1211
-867
-651
-568
-527
-395
-81
389
863
1160
1217
1125
1025
976
925
802
611
418
261
137
64
106
300
563
725
712
633
674
860
1025
998
807
631
588
601
516
318
139
115
242
437
607
713
795
940
1203
1492
1654
1596
1358
1047
747
485
202
-170
-619
-1041
-1337
-1486
-1512
-1457
-1388
-1361
-1387
-1410
-1369
-1259
-1139
-1087
-1096
-1054
-876
-607
-408
-373
-471
-598
-674
-670
-583
-442
-305
-237
-252
-318
-388
-428
-451
-506
-633
-798
-900
-873
-742
-566
-387
-202
-6
185
355
493
584
565
386
67
-258
-453
-477
-436
-491
-699
-903
-845
-420
194
694
914
925
932
1074
1312
1492
1515
1442
1401
1425
1411
1268
1047
881
798
689
471
240
160
263
367
281
-3
-281
-340
-160
72
169
121
85
169
330
448
468
428
386
345
294
256
280
357
375
234
-22
-206
-207
-128
-174
-432
-766
-951
-882
-654
-448
-325
-205
2
242
382
357
262
262
391
500
412
140
-131
-281
-376
-533
-737
-849
-800
-694
-649
-647
-563
-357
-149
-90
-205
-375
-436
-312
-63
166
263
226
147
134
213
295
245
64
-114
-163
-132
-149
-253
-351
-328
-169
7
74
21
-36
24
215
452
641
771
893
1029
1116
1056
843
559
283
26
-247
-505
-661
-648
-520
-436
-488
-594
-559
-300
47
258
235
78
-50
-67
-10
37
7
-111
-277
-432
-543
-633
-725
-793
-773
-638
-446
-297
-232
-213
-180
-129
-112
-177
-290
-334
-209
62
324
421
323
139
17
14
43
-20
-182
-338
-404
-446
-545
-701
-819
-820
-704
-526
-366
-234
-83
126
371
607
829
1032
1176
1221
1164
1066
966
826
568
205
-93
-176
-96
-58
-153
-279
-275
-106
138
356
521
699
932
1166
1305
1348
1406
1510
1536
1340
928
454
66
-170
-278
-338
-426
-562
-677
-677
-550
-403
-358
-438
-551
-568
-413
-103
264
563
726
740
655
535
432
310
79
-266
-625
-880
-1044
-1216
-1465
-1739
-1908
-1852
-1591
-1289
-1115
-1067
-987
-754
-400
-35
263
484
646
789
903
941
874
763
684
643
564
400
190
-2
-161
-305
-417
-444
-373
-238
-79
92
274
460
630
759
834
840
778
639
428
193
6
-91
-130
-205
-404
-710
-992
-1088
-964
-780
-736
-856
-937
-797
-466
-144
34
131
257
411
485
430
326
255
214
115
-95
-374
-600
-662
-568
-441
-415
-516
-668
-757
-687
-436
-98
175
316
402
548
789
1065
1282
1381
1383
1382
1445
1518
1453
1192
836
537
368
291
256
236
213
166
70
-88
-290
-454
-485
-360
-150
37
142
148
73
-45
-174
-311
-458
-590
-666
-659
-585
-484
-420
-442
-536
-627
-635
-541
-386
-241
-145
-72
9
88
115
88
20
-99
-271
-455
-581
-617
-576
-503
-452
-438
-436
-422
-384
-327
-253
-177
-112
-56
-1
53
116
226
407
633
836
960
1034
1108
1187
1188
1047
825
654
625
699
778
781
691
562
459
368
237
67
-49
-47
20
56
18
-40
-59
-32
-36
-147
-333
-480
-500
-438
-396
-413
-455
-462
-423
-361
-312
-278
-227
-119
18
101
44
-156
-382
-505
-491
-448
-508
-696
-903
-1012
-1015
-997
-1023
-1061
-1054
-986
-897
-814
-730
-624
-503
-393
-310
-256
-228
-209
-155
-25
177
386
539
640
732
834
909
920
879
856
923
1084
1269
1394
1446
1446
1414
1343
1251
1167
1099
1010
874
743
705
763
804
726
545
375
278
224
135
-17
-176
-277
-307
-329
-402
-513
-599
-614
-572
-516
-461
-408
-400
-496
-659
-750
-691
-586
-611
-802
-1021
-1118
-1078
-1034
-1103
-1267
-1371
-1312
-1132
-950
-841
-823
-893
-1000
-1055
-982
-801
-612
-514
-513
-523
-431
-212
51
252
329
309
267
278
357
485
648
834
983
1023
974
947
1007
1111
1146
1050
887
810
892
1043
1107
1066
1039
1104
1215
1282
1278
1223
1112
956
786
651
563
503
437
332
192
34
-120
-281
-440
-535
-524
-449
-408
-430
-457
-435
-407
-452
-595
-775
-908
-975
-1018
-1100
-1213
-1294
-1302
-1282
-1297
-1342
-1371
-1348
-1281
-1174
-1037
-867
-675
-480
-314
-206
-136
-76
-10
55
125
234
404
605
768
833
820
822
892
1009
1120
1200
1213
1134
989
867
833
883
962
1025
1065
1111
1167
1186
1118
995
915
912
917
827
637
425
290
249
241
169
19
-148
-234
-209
-160
-230
-500
-862
-1122
-1176
-1116
-1081
-1117
-1179
-1232
-1276
-1319
-1360
-1364
-1304
-1211
-1161
-1184
-1222
-1207
-1159
-1128
-1124
-1096
-1025
-960
-959
-994
-953
-784
-561
-399
-306
-196
-36
118
215
281
385
566
808
1052
1231
1304
1286
1217
1127
1025
916
816
750
744
793
839
799
655
484
402
464
617
758
829
844
847
863
894
910
881
802
685
534
345
152
15
-51
-103
-200
-328
-423
-445
-424
-418
-457
-535
-614
-665
-668
-646
-625
-616
-602
-565
-523
-500
-515
-541
-541
-509
-503
-560
-633
-615
-477
-311
-248
-310
-402
-401
-272
-95
32
102
208
423
705
926
986
908
811
784
813
825
794
758
771
806
752
491
21
-512
-857
-801
-320
402
1099
1594
1869
1971
1934
1736
1331
720
-4
-663
-1068
-1094
-736
-138
455
778
680
133
-752
-1772
-2660
-3214
-3312
-2924
-2089
-940
280
1289
1854
1909
1556
960
238
-518
-1169
-1550
-1562
-1259
-766
-260
128
284
145
-309
-999
-1752
-2348
-2610
-2501
-2079
-1439
-643
211
958
1415
1503
1294
934
581
353
349
559
895
1225
1458
1521
1394
1098
693
211
-304
-723
-881
-704
-300
128
432
583
615
571
473
368
330
391
539
688
791
816
779
675
490
216
-95
-361
-550
-694
-834
-934
-949
-899
-845
-817
-780
-701
-580
-454
-363
-297
-210
-79
30
49
38
108
279
406
378
220
71
10
10
9
-16
-38
-24
19
46
3
-129
-285
-372
-313
-126
137
392
559
609
560
489
442
423
404
388
382
394
410
423
405
360
331
391
561
766
947
1080
1172
1155
963
596
177
-126
-197
-97
-4
-63
-230
-369
-432
-460
-531
-656
-839
-1065
-1286
-1431
-1389
-1154
-784
-448
-207
-14
209
457
585
533
316
55
-140
-212
-152
-2
175
353
488
555
520
391
128
-269
-738
-1121
-1293
-1266
-1036
-640
-95
421
723
707
460
125
-116
-200
-127
-11
44
127
279
564
808
931
849
647
469
387
343
228
109
70
144
212
198
71
-89
-231
-301
-284
-187
-96
-113
-232
-365
-405
-417
-431
-543
-699
-921
-1101
-1189
-1095
-828
-459
-67
123
94
-131
-272
-297
-282
-347
-462
-459
-273
104
444
593
433
147
-70
-119
-68
-71
-95
-145
-111
-20
76
133
125
146
123
28
-144
-273
-253
-99
150
321
332
189
118
222
458
576
454
171
-28
28
288
556
697
660
556
436
344
252
136
33
-64
-137
-183
-156
-54
54
84
20
-114
-305
-496
-621
-532
-289
62
347
571
672
621
406
101
-11
175
636
986
1009
734
429
314
270
252
189
267
480
709
785
641
450
342
341
311
230
101
62
84
166
260
375
536
591
413
31
-287
-306
-65
167
161
-101
-403
-465
-255
10
-14
-388
-897
-1237
-1235
-954
-610
-431
-477
-593
-637
-602
-566
-644
-791
-1025
-1224
-1367
-1457
-1424
-1328
-1033
-706
-374
-155
-130
-242
-469
-584
-520
-278
6
216
326
454
603
752
736
532
282
51
82
235
521
672
699
651
607
644
653
598
368
72
-170
-228
-187
-83
75
295
514
542
453
211
25
-185
-309
-396
-377
-272
-129
28
115
162
115
52
-86
-250
-419
-543
-584
-566
-478
-399
-310
-195
-58
-16
-107
-365
-639
-905
-950
-807
-505
-169
55
183
107
21
-62
-3
115
299
442
592
662
695
638
564
585
668
800
743
554
320
251
412
714
1104
1427
1587
1464
1182
945
910
967
938
766
544
452
523
690
756
613
371
204
247
374
451
365
124
-149
-414
-532
-507
-267
34
209
125
-151
-473
-719
-889
-924
-878
-719
-586
-552
-614
-765
-903
-1104
-1220
-1288
-1284
-1323
-1357
-1353
-1286
-1197
-1130
-1068
-1027
-901
-776
-634
-577
-452
-318
-168
-66
9
143
232
345
350
313
209
112
113
167
279
398
531
631
679
717
787
827
743
540
343
319
506
787
999
1020
898
686
460
298
214
246
328
404
394
310
230
180
136
65
6
-2
43
9
-145
-439
-679
-786
-711
-565
-449
-335
-286
-248
-342
-451
-553
-663
-836
-1055
-1106
-960
-612
-276
-68
-122
-294
-447
-533
-627
-725
-692
-527
-273
-95
14
58
130
245
335
284
125
-100
-204
-224
-157
-75
-28
117
251
435
524
687
941
1200
1295
1160
1012
1003
1158
1267
1263
1142
1089
1037
988
879
800
773
693
625
514
540
585
628
620
503
380
143
-33
-133
-94
-36
-42
-46
-41
-29
-94
-241
-458
-680
-841
-913
-939
-1000
-1023
-1044
-1008
-1068
-1172
-1270
-1218
-983
-725
-608
-703
-852
-880
-734
-443
-159
3
9
-86
-142
-178
-147
-51
98
241
219
102
-116
-222
-221
-73
112
239
353
435
561
632
626
595
508
432
311
255
353
526
709
711
580
374
144
32
-46
15
-5
7
-8
127
321
500
551
458
350
178
33
-215
-390
-508
-458
-289
-112
61
73
39
-149
-353
-593
-812
-986
-1103
-1072
-930
-753
-677
-721
-801
-857
-855
-865
-796
-644
-378
-135
-70
-177
-408
-495
-417
-176
31
161
249
298
282
156
80
121
338
574
773
855
825
744
645
618
638
772
959
1117
1153
1083
951
765
561
415
402
438
456
437
397
346
281
265
333
392
369
233
81
0
0
50
107
175
292
359
348
251
188
118
-29
-297
-579
-819
-913
-854
-687
-563
-529
-486
-384
-292
-347
-499
-680
-785
-824
-756
-617
-458
-312
-198
-69
26
70
9
-98
-145
-87
59
166
188
125
81
83
145
178
246
314
394
358
204
19
-93
-88
-31
48
110
185
271
387
457
409
256
87
-9
-57
-52
-11
79
168
273
351
350
270
165
103
-3
-168
-330
-379
-286
-140
-15
39
28
-35
-157
-296
-392
-406
-411
-467
-532
-487
-346
-202
-179
-218
-224
-154
-62
-10
31
48
9
-115
-269
-351
-328
-253
-212
-259
-331
-359
-311
-241
-237
-298
-340
-229
54
353
531
488
405
349
397
353
140
-150
-300
-198
47
310
488
540
466
322
187
71
26
51
159
232
237
192
159
211
259
279
184
102
50
44
-16
-117
-172
-100
70
213
275
271
276
248
149
-30
-163
-175
-83
-39
-63
-113
-21
157
322
318
101
-159
-359
-353
-310
-264
-276
-281
-281
-285
-235
-137
22
132
163
60
-76
-171
-157
-119
-117
-155
-203
-205
-135
58
298
468
479
381
229
144
149
324
506
627
607
533
452
360
296
214
166
136
136
81
-32
-153
-198
-218
-261
-307
-297
-153
-1
131
79
-22
-153
-152
-106
-13
106
270
453
563
605
527
359
127
-89
-205
-225
-152
-114
-162
-296
-423
-523
-590
-596
-505
-337
-214
-199
-295
-408
-490
-510
-523
-518
-527
-500
-390
-205
53
236
316
177
-97
-427
-665
-766
-703
-523
-301
-168
-129
-92
-9
121
207
266
289
281
279
226
124
-88
-265
-359
-385
-447
-524
-537
-449
-347
-308
-373
-490
-553
-518
-334
-105
203
492
739
844
815
738
637
604
637
762
873
947
942
896
794
717
655
600
506
421
361
276
184
69
2
-81
-99
-43
77
148
100
11
-53
-33
-8
15
16
60
90
58
-60
-169
-234
-272
-311
-300
-226
-134
-49
34
149
216
212
109
-20
-109
-120
-34
78
174
158
25
-184
-364
-436
-392
-244
-118
-83
-177
-263
-281
-209
-125
-67
-81
-140
-138
-64
88
181
232
171
90
42
147
352
494
462
240
19
-103
-36
97
199
185
102
22
-19
-28
-12
28
45
-4
-142
-301
-375
-270
-24
173
232
143
37
-121
-323
-543
-680
-646
-483
-321
-267
-301
-313
-273
-219
-228
-290
-322
-279
-148
-39
58
97
98
24
-108
-247
-363
-429
-442
-448
-424
-392
-345
-330
-341
-282
-170
3
120
171
136
63
64
163
365
567
741
809
761
588
401
286
249
215
156
125
179
305
417
484
473
443
334
146
-109
-303
-316
-196
-48
39
91
161
216
225
134
-4
-99
-108
-120
-254
-451
-504
-321
-7
186
218
138
94
69
12
-102
-190
-146
-12
73
34
-61
-86
-30
19
-25
-152
-305
-420
-503
-532
-494
-378
-235
-120
-48
-1
43
81
75
-9
-105
-76
147
461
690
720
589
413
283
197
93
0
-31
63
186
271
262
231
197
161
69
-64
-174
-203
-147
-59
35
126
250
383
497
552
537
460
314
159
38
18
43
72
39
-6
-40
-32
38
144
249
222
30
-277
-524
-580
-455
-298
-230
-253
-281
-240
-162
-53
-10
24
23
41
-3
-124
-267
-345
-329
-305
-313
-330
-248
-66
152
232
163
-5
-160
-261
-292
-201
-39
130
229
300
354
400
413
397
278
69
-123
-173
-106
-86
-130
-166
-116
-23
40
52
-25
-135
-244
-256
-168
19
206
318
310
222
91
-20
-19
101
210
140
-44
-166
-83
87
161
59
-142
-273
-318
-315
-328
-305
-233
-192
-261
-422
-597
-703
-727
-682
-660
-713
-790
-855
-840
-800
-669
-522
-397
-320
-271
-233
-262
-272
-218
-60
108
232
294
309
320
339
376
400
449
482
498
440
385
362
370
404
420
446
398
319
249
277
395
507
583
621
676
690
669
628
661
758
856
864
774
640
547
523
587
673
720
677
530
352
196
136
111
85
-12
-124
-222
-275
-305
-342
-350
-364
-335
-280
-137
-11
-36
-253
-547
-670
-579
-335
-171
-174
-361
-605
-755
-704
-499
-319
-245
-251
-229
-150
-52
-25
-95
-181
-200
-148
-98
-68
-60
-73
-93
-105
-129
-217
-345
-403
-327
-173
-71
-80
-176
-269
-276
-194
-49
107
294
465
575
540
392
209
92
61
76
136
237
330
307
127
-92
-161
-20
206
300
188
-42
-239
-327
-327
-298
-248
-179
-78
-30
-74
-205
-289
-249
-104
32
47
-89
-353
-603
-694
-563
-358
-226
-215
-249
-272
-277
-252
-225
-179
-102
10
117
180
174
129
57
36
81
178
247
232
167
100
92
125
173
216
247
279
290
294
296
314
332
308
224
119
74
182
373
524
517
410
313
277
322
399
453
398
250
112
70
115
207
299
336
278
135
-11
-107
-119
-89
-71
-107
-169
-212
-213
-195
-171
-117
-24
60
52
-77
-265
-403
-454
-433
-373
-290
-215
-200
-216
-213
-185
-234
-369
-488
-464
-348
-253
-249
-284
-282
-253
-198
-164
-107
-54
-4
29
44
85
164
301
402
387
257
110
-15
-87
-130
-102
-7
140
335
487
557
498
382
266
148
27
-121
-245
-314
-274
-173
-76
-53
-34
42
177
281
280
196
47
-89
-159
-135
-30
97
250
373
389
242
-1
-173
-172
-49
82
98
25
-94
-165
-212
-233
-222
-183
-175
-257
-337
-323
-196
-61
19
24
3
-7
33
99
135
135
83
12
-76
-108
-65
-5
26
19
58
99
114
74
34
34
87
146
165
107
32
-16
-7
41
128
210
200
67
-125
-302
-407
-440
-398
-328
-291
-247
-183
-62
48
131
158
94
-31
-178
-279
-333
-318
-221
-101
14
74
103
77
27
16
39
73
89
113
96
0
-120
-153
-77
18
93
141
192
244
274
269
206
140
115
143
167
140
41
-60
-73
48
229
331
336
262
195
116
76
108
225
356
426
431
424
416
395
340
289
267
251
175
37
-105
-181
-193
-205
-259
-355
-381
-290
-114
12
50
64
107
152
126
40
-35
-44
7
66
141
220
304
304
228
118
44
-11
-128
-267
-334
-236
-56
56
2
-206
-463
-652
-691
-585
-430
-339
-334
-336
-282
-221
-256
-357
-389
-259
-53
67
40
-90
-215
-307
-332
-279
-134
-7
17
-99
-210
-208
-93
38
71
26
-57
-149
-223
-271
-245
-163
-57
56
104
91
5
-83
-146
-158
-96
63
280
441
443
303
123
5
5
97
187
190
123
92
126
215
269
260
181
108
129
209
300
292
227
122
41
9
22
55
62
29
-31
-99
-148
-159
-145
-99
-41
41
86
84
34
-16
-82
-168
-243
-237
-118
24
114
56
-65
-163
-148
-73
29
140
235
246
159
27
-88
-122
-57
90
178
128
8
-52
2
86
157
178
167
151
176
242
309
334
322
276
211
140
104
105
140
174
172
118
33
-19
-21
-9
-34
-70
-26
93
184
162
86
47
75
128
180
156
11
-185
-309
-271
-192
-152
-206
-300
-369
-333
-205
-105
-112
-175
-174
-87
7
30
-13
-30
42
165
222
162
48
-41
-57
-15
33
29
-54
-138
-215
-244
-269
-277
-284
-286
-278
-263
-209
-114
31
197
331
357
237
34
-96
-49
139
314
347
257
122
19
-49
-77
-49
1
54
42
5
-56
-72
-53
-12
5
-38
-104
-156
-147
-121
-83
-52
-39
-31
-2
61
58
-55
-226
-317
-276
-162
-81
-68
-72
-44
-23
-83
-177
-239
-215
-148
-67
-14
-28
-91
-172
-240
-307
-379
-440
-450
-380
-254
-167
-197
-351
-525
-566
-429
-196
-25
23
-34
-135
-235
-256
-148
82
323
490
534
492
399
308
253
250
307
377
442
429
367
307
321
372
382
354
354
398
401
302
154
70
108
239
365
378
262
86
-54
-129
-149
-117
-64
-29
-4
50
164
274
325
276
182
126
167
267
333
346
327
306
307
397
555
684
646
483
294
193
209
273
323
267
185
113
60
2
-46
-19
55
91
34
-119
-248
-236
-35
204
266
117
-92
-206
-248
-286
-330
-323
-260
-199
-235
-340
-445
-478
-445
-404
-345
-308
-279
-296
-356
-474
-620
-738
-800
-796
-762
-718
-674
-647
-621
-627
-649
-629
-542
-382
-252
-209
-326
-545
-698
-598
-241
174
391
320
108
-64
-124
-169
-217
-201
-77
73
167
225
265
279
224
158
155
246
380
411
317
168
109
149
196
210
225
266
322
351
341
247
50
-174
-274
-182
19
157
173
103
33
3
23
109
191
225
153
17
-164
-330
-391
-343
-205
-89
11
59
80
80
63
9
-43
-11
145
328
384
301
147
74
124
265
432
536
585
574
548
498
450
442
499
620
720
763
755
761
772
710
531
308
214
303
491
581
538
428
358
318
228
83
-70
-117
-116
-120
-191
-265
-300
-334
-387
-450
-442
-349
-234
-175
-223
-335
-444
-485
-451
-410
-419
-480
-530
-531
-524
-549
-601
-593
-518
-395
-304
-259
-297
-435
-587
-623
-419
-119
45
-81
-355
-526
-449
-213
14
100
52
-16
-21
56
108
107
34
-24
-25
73
245
397
420
286
134
120
284
468
487
272
12
-133
-96
-21
-11
-91
-223
-299
-290
-201
-162
-206
-317
-451
-536
-520
-398
-289
-328
-437
-444
-238
52
162
69
-139
-238
-223
-155
-138
-176
-199
-188
-146
-78
51
221
356
340
177
-99
-305
-289
50
535
842
828
584
350
173
104
127
281
434
474
331
87
-116
-216
-177
-93
44
153
246
231
191
206
329
474
457
261
-3
-38
217
662
975
999
716
336
122
184
472
710
766
551
260
63
87
207
296
272
171
18
-127
-178
-145
-57
-58
-83
-121
-88
-2
97
220
251
194
-34
-309
-538
-610
-568
-448
-315
-194
-157
-233
-302
-344
-283
-253
-237
-306
-465
-608
-662
-547
-468
-475
-552
-545
-493
-474
-474
-368
-141
22
-31
-255
-394
-298
-28
160
155
38
1
123
299
444
459
392
246
145
167
327
454
426
248
112
123
188
209
123
109
178
303
315
141
-76
-227
-185
-146
-141
-208
-244
-272
-356
-471
-563
-502
-329
-70
136
184
61
-128
-223
-233
-190
-180
-185
-202
-139
0
110
66
-81
-216
-272
-345
-407
-453
-446
-434
-406
-308
-136
72
220
258
175
120
147
295
438
505
503
389
303
233
321
470
588
598
518
518
567
635
573
436
293
236
216
202
164
146
149
112
21
-111
-174
-138
-66
-41
-92
-114
-129
-157
-223
-220
-145
-50
28
99
169
173
106
-19
-157
-202
-69
188
384
351
188
-25
-164
-223
-184
-121
-136
-271
-454
-624
-637
-473
-156
109
191
125
-47
-159
-220
-106
28
122
69
-33
-126
-140
-101
-6
79
26
-142
-391
-441
-338
-83
114
201
244
219
202
78
-28
-63
21
133
176
122
30
-84
-139
-105
-30
-9
-112
-172
-153
-39
64
71
14
-86
-72
-26
-26
-89
-104
68
262
346
209
-11
-110
-15
255
451
493
397
326
317
275
189
56
-39
-180
-373
-611
-691
-547
-250
-28
-62
-285
-558
-590
-353
34
318
311
96
-189
-292
-153
191
448
461
203
-97
-315
-409
-375
-283
-163
-118
-116
-114
-46
44
138
175
177
110
80
112
174
105
-60
-177
-122
13
111
130
128
79
10
-14
150
418
627
541
294
41
62
269
531
668
654
558
346
171
67
141
176
85
-122
-263
-229
-91
7
-77
-212
-299
-282
-357
-519
-588
-428
-134
69
158
137
103
12
-36
-111
-146
-193
-168
-121
15
163
239
179
32
-49
-66
-44
-120
-271
-501
-525
-303
100
420
466
336
-3
-296
-505
-489
-387
-247
-122
-63
-156
-355
-499
-497
-298
-81
140
97
-77
-286
-246
69
421
593
495
312
258
396
610
799
809
736
628
566
559
519
502
420
281
163
56
62
108
177
217
109
34
27
70
106
46
100
143
109
-58
-369
-548
-598
-322
21
228
123
-241
-560
-685
-416
-26
246
71
-284
-519
-353
10
230
177
-103
-341
-494
-491
-428
-323
-271
-331
-534
-734
-755
-519
-249
-107
-214
-452
-682
-699
-424
-155
-49
-218
-351
-437
-424
-347
-227
-42
106
261
289
240
188
293
490
617
523
232
-62
-155
34
237
298
133
-1
-58
-29
34
-5
-44
-37
190
397
346
137
43
216
430
458
282
91
80
327
462
391
156
139
250
232
76
-43
31
145
149
33
-157
-292
-298
-229
-125
-74
-26
-87
-230
-264
-61
362
532
347
-131
-556
-674
-537
-229
-69
-97
-187
-280
-257
-193
26
249
345
319
263
302
363
478
609
651
583
368
178
-72
-317
-408
-181
431
1191
1757
1831
1330
666
367
667
1311
1579
1082
-44
-988
-1135
-512
273
573
163
-677
-1323
-1397
-995
-589
-514
-838
-1312
-1434
-964
-70
583
711
338
-1
15
435
875
899
475
-201
-675
-710
-397
-76
-116
-409
-782
-935
-820
-461
-53
191
142
-180
-535
-722
-703
-744
-830
-824
-557
-214
-68
-94
-307
-502
-565
-309
26
140
-85
-331
-394
-318
-277
-499
-721
-709
-213
494
877
781
391
269
657
1259
1590
1324
733
288
323
738
1145
1176
741
116
-349
-409
-208
-69
-204
-601
-944
-1028
-866
-645
-437
-247
-83
-57
-77
-34
116
269
312
338
446
677
809
780
630
502
375
251
165
182
286
347
128
-395
-887
-911
-424
58
43
-602
-1401
-1738
-1328
-423
364
758
804
779
840
1001
1256
1478
1565
1463
1234
977
726
463
183
-96
-199
-97
60
17
-315
-693
-926
-937
-778
-530
-223
-28
22
5
160
540
954
1095
844
374
-62
-323
-540
-801
-1079
-1191
-1170
-1183
-1393
-1715
-1944
-1929
-1608
-1124
-695
-536
-623
-726
-582
-106
491
913
975
767
490
320
383
612
867
949
865
744
731
849
1004
1065
955
734
526
498
651
822
808
593
422
482
703
889
938
954
929
725
258
-280
-549
-500
-413
-569
-923
-1248
-1459
-1694
-2009
-2312
-2349
-2061
-1572
-1145
-929
-965
-1147
-1285
-1112
-540
223
853
1069
855
335
-243
-646
-786
-689
-503
-429
-580
-978
-1432
-1746
-1786
-1572
-1172
-613
18
594
988
1234
1492
1856
2261
2565
2813
3144
3561
3868
3860
3605
3322
3318
3618
3889
3632
2601
1141
-229
-1072
-1363
-1344
-1405
-1771
-2415
-3123
-3785
-4294
-4503
-4262
-3651
-3058
-2740
-2662
-2438
-1900
-1114
-257
635
1596
2516
3161
3288
2918
2314
1805
1559
1480
1320
875
101
-885
-1934
-2903
-3621
-4016
-4082
-3977
-3881
-3853
-3795
-3529
-3021
-2347
-1536
-594
449
1430
2245
2908
3595
4443
5411
6295
6891
7069
6851
6362
5903
5665
5667
5665
5337
4402
2737
547
-1772
-3733
-5008
-5513
-5537
-5561
-5950
-6637
-7269
-7482
-7088
-6032
-4453
-2741
-1383
-665
-420
-186
503
1804
3472
5101
6268
6721
6340
5241
3786
2431
1469
872
292
-610
-1992
-3640
-5218
-6458
-7189
-7371
-7008
-6351
-5741
-5404
-5199
-4675
-3558
-1927
-191
1271
2348
3157
3921
4747
5598
6387
7029
7506
7784
7796
7466
6801
5997
5282
4809
4539
4279
3675
2385
271
-2349
-4819
-6393
-6782
-6296
-5684
-5563
-6026
-6738
-7206
-7099
-6237
-4677
-2788
-1079
69
645
987
1562
2693
4306
6030
7352
7831
7249
5797
3923
2138
692
-382
-1276
-2210
-3339
-4668
-6046
-7221
-7905
-7930
-7307
-6298
-5270
-4423
-3733
-2986
-1980
-572
1128
2784
4021
4737
5136
5563
6149
6734
7037
6967
6686
6335
5851
5060
4040
3180
2843
2974
3117
2679
1251
-1181
-4052
-6443
-7516
-7110
-5835
-4760
-4628
-5398
-6376
-6783
-6201
-4612
-2349
21
1825
2646
2622
2447
2902
4257
6094
7590
8142
7592
6194
4294
2258
434
-951
-1882
-2634
-3508
-4708
-6117
-7408
-8199
-8260
-7589
-6316
-4758
-3259
-2147
-1418
-795
171
1687
3512
5088
5932
6052
5793
5616
5739
6131
6554
6765
6529
5677
4215
2560
1403
1199
1845
2698
2989
2092
-109
-3112
-5850
-7244
-6913
-5431
-4056
-3753
-4672
-6097
-7054
-6880
-5410
-2997
-327
1771
2742
2650
2211
2311
3417
5234
7010
7963
7646
6032
3556
953
-1087
-2271
-2828
-3277
-4062
-5304
-6809
-8199
-9057
-9040
-8045
-6284
-4265
-2474
-1161
-215
638
1671
3005
4524
5871
6570
6418
5659
4835
4359
4324
4538
4715
4619
4076
3010
1569
297
-148
474
1722
2707
2577
918
-1963
-5057
-7123
-7363
-5973
-4081
-3063
-3556
-5088
-6494
-6813
-5752
-3606
-985
1383
2790
2971
2370
1971
2591
4336
6508
8151
8548
7539
5399
2655
9
-1912
-2820
-3035
-3217
-3924
-5265
-6852
-8062
-8369
-7568
-5846
-3672
-1621
-141
669
1103
1667
2707
4217
5833
7021
7313
6622
5420
4428
4148
4541
5145
5431
5116
4188
2765
1204
115
120
1228
2691
3326
2271
-461
-3931
-6787
-8009
-7391
-5680
-4117
-3695
-4576
-6079
-7160
-6999
-5369
-2708
165
2366
3373
3285
2855
2953
4029
5844
7679
8738
8478
6799
4037
889
-1837
-3571
-4313
-4591
-5042
-5992
-7300
-8529
-9172
-8860
-7518
-5439
-3135
-1130
244
960
1357
1937
3031
4598
6178
7126
6988
5898
4522
3603
3499
4005
4613
4868
4500
3407
1782
288
-263
470
1976
3185
3004
960
-2466
-5978
-8161
-8323
-6893
-5127
-4226
-4595
-5763
-6855
-7110
-6088
-3753
-562
2564
4622
5168
4666
4175
4552
5915
7660
8943
9089
7790
5146
1719
-1617
-4094
-5438
-5951
-6208
-6723
-7670
-8857
-9818
-10008
-9029
-6919
-4176
-1489
635
1998
2705
3103
3626
4580
5939
7277
7937
7497
6136
4590
3613
3520
4052
4693
4978
4592
3436
1808
486
278
1370
3046
4026
3241
542
-3138
-6360
-7970
-7706
-6218
-4690
-4124
-4806
-6184
-7231
-7015
-5184
-2104
1325
4027
5269
5100
4353
4061
4792
6341
7956
8772
8208
6170
2997
-615
-3864
-6089
-7105
-7258
-7198
-7461
-8204
-9193
-9903
-9734
-8275
-5638
-2421
565
2643
3533
3546
3457
4011
5333
6865
7767
7512
6224
4530
3160
2517
2637
3263
3976
4274
3761
2518
1176
543
1013
2280
3427
3273
1175
-2367
-5880
-7931
-7998
-6659
-5072
-4187
-4251
-4924
-5624
-5697
-4594
-2193
966
3931
5907
6678
6599
6251
6144
6543
7380
8159
8109
6610
3619
-213
-3919
-6713
-8312
-8841
-8695
-8380
-8350
-8760
-9274
-9231
-8049
-5662
-2534
625
3147
4554
4758
4298
4099
4755
6012
7024
7094
6146
4648
3218
2298
2074
2508
3344
4044
4004
3036
1680
804
918
1758
2455
1987
-146
-3495
-6803
-8807
-9032
-7970
-6644
-5837
-5711
-5896
-5919
-5397
-4091
-1906
927
3808
6015
7108
7212
6858
6636
6837
7296
7549
7070
5517
2809
-732
-4441
-7479
-9216
-9558
-8971
-8198
-7796
-7887
-8129
-7921
-6736
-4440
-1350
1896
4578
6107
6305
5582
4752
4561
5189
6187
6780
6385
4982
3168
1768
1300
1780
2846
3966
4556
4278
3314
2360
2116
2684
3304
2826
635
-2742
-6009
-8058
-8632
-8243
-7593
-7069
-6669
-6292
-5864
-5236
-4090
-2144
560
3512
6017
7594
8235
8250
8001
7754
7616
7446
6877
5492
3039
-344
-4075
-7328
-9422
-10136
-9759
-8893
-8103
-7672
-7491
-7140
-6143
-4193
-1359
1929
4890
6700
6955
6079
5018
4564
4873
5539
5980
5731
4719
3213
1759
902
988
1940
3248
4148
4147
3416
2701
2701
3407
4024
3441
1196
-2144
-5379
-7630
-8702
-8897
-8623
-8203
-7798
-7422
-6972
-6179
-4767
-2668
-123
2490
4832
6663
7851
8367
8294
7861
7353
6903
6276
4990
2713
-444
-3933
-7086
-9355
-10467
-10452
-9650
-8636
-7944
-7714
-7504
-6643
-4748
-1982
1141
3988
5936
6574
6012
4958
4240
4267
4806
5269
5170
4458
3412
2356
1526
1173
1587
2703
3938
4495
4144
3399
3038
3348
3870
3710
2199
-573
-3831
-6643
-8424
-9061
-8834
-8207
-7590
-7137
-6715
-6034
-4833
-3038
-747
1837
4466
6806
8504
9320
9268
8629
7792
7023
6270
5181
3353
662
-2593
-5834
-8444
-10011
-10408
-9838
-8751
-7686
-6953
-6451
-5729
-4329
-2115
693
3606
6048
7446
7557
6676
5503
4666
4336
4264
4111
3705
3104
2430
1794
1336
1290
1820
2755
3570
3846
3668
3532
3825
4419
4636
3702
1360
-1860
-5013
-7326
-8507
-8764
-8563
-8263
-7907
-7372
-6569
-5448
-3903
-1871
584
3210
5671
7593
8719
8999
8624
7948
7257
6625
5800
4420
2209
-771
-4108
-7174
-9401
-10475
-10401
-9550
-8463
-7600
-7044
-6549
-5699
-4148
-1800
1106
4005
6171
7044
6634
5547
4550
4026
3882
3801
3574
3173
2668
2080
1448
975
949
1457
2190
2715
2896
2994
3335
3868
4037
3123
872
-2203
-5163
-7256
-8249
-8397
-8181
-7982
-7867
-7639
-7064
-5974
-4326
-2207
206
2713
5072
6962
8109
8440
8177
7712
7336
7014
6409
5144
3043
199
-3042
-6147
-8552
-9865
-10036
-9368
-8363
-7436
-6730
-6082
-5195
-3777
-1714
887
3617
5857
7066
7150
6522
5755
5170
4742
4308
3803
3323
2961
2694
2422
2123
1902
1875
2026
2214
2309
2381
2603
3109
3728
3933
3072
871
-2212
-5264
-7457
-8464
-8474
-7957
-7325
-6742
-6209
-5685
-5024
-3935
-2167
288
3132
5861
7879
8810
8687
7941
7123
6594
6309
5879
4863
3017
350
-2905
-6219
-8878
-10269
-10267
-9292
-8042
-7027
-6331
-5706
-4812
-3404
-1384
1092
3625
5701
6928
7223
6838
6166
5442
4674
3841
3084
2579
2337
2124
1691
958
144
-407
-492
-154
406
1058
1721
2369
2970
3362
3129
1796
-639
-3540
-6022
-7531
-8074
-7994
-7640
-7176
-6691
-6309
-6004
-5413
-3997
-1541
1533
4402
6381
7317
7488
7276
6971
6737
6592
6356
5698
4295
1986
-1046
-4297
-7088
-8888
-9514
-9209
-8450
-7641
-6943
-6293
-5519
-4399
-2730
-474
2114
4572
6426
7438
7648
7295
6606
5726
4792
4006
3550
3379
3204
2656
1613
345
-640
-976
-686
-97
460
917
1435
2200
3178
4004
4096
2979
723
-2069
-4594
-6270
-6875
-6605
-5972
-5501
-5438
-5633
-5631
-4919
-3280
-1001
1313
3151
4351
5029
5372
5540
5689
5918
6166
6160
5564
4164
2033
-520
-3120
-5484
-7374
-8568
-8972
-8734
-8185
-7584
-7000
-6284
-5228
-3707
-1752
495
2869
5143
6980
7975
7916
6973
5668
4533
3813
3390
2981
2364
1471
340
-920
-2093
-2909
-3148
-2785
-1938
-801
481
1807
3067
4205
5154
5739
5548
4267
2066
-390
-2420
-3766
-4605
-5253
-5771
-5965
-5711
-5196
-4730
-4364
-3885
-3041
-1783
-215
1463
3064
4406
5402
6071
6483
6657
6507
5909
4729
2946
639
-1961
-4513
-6621
-7979
-8518
-8421
-7981
-7405
-6772
-6012
-4972
-3473
-1447
999
3592
5964
7700
8437
8070
6877
5405
4148
3302
2741
2212
1485
453
-908
-2445
-3778
-4368
-3828
-2232
-138
1744
2998
3677
4096
4584
5318
6201
6797
6510
4981
2375
-602
-3047
-4387
-4740
-4694
-4798
-5270
-6024
-6808
-7304
-7238
-6448
-4953
-2968
-816
1210
2917
4239
5241
6048
6710
7101
6942
5983
4185
1787
-847
-3370
-5511
-7065
-7933
-8196
-8068
-7732
-7195
-6367
-5173
-3580
-1592
665
2898
4765
5995
6443
6120
5252
4173
3164
2310
1489
523
-617
-1712
-2500
-2896
-2961
-2708
-2055
-1017
167
1153
1839
2468
3414
4786
6358
7781
8693
8782
7832
5923
3414
824
-1468
-3292
-4679
-5724
-6534
-7229
-7908
-8540
-8907
-8746
-7925
-6520
-4689
-2559
-279
1956
3900
5411
6464
7114
7395
7310
6825
5904
4542
2762
654
-1599
-3672
-5246
-6132
-6364
-6123
-5640
-5155
-4829
-4657
-4420
-3798
-2565
-737
1387
3286
4388
4339
3268
1780
642
337
862
1826
2697
3039
2636
1590
296
-660
-814
-49
1334
2840
4081
4945
5608
6298
7085
7828
8259
8097
7089
5213
2715
66
-2255
-3949
-5035
-5793
-6507
-7280
-8075
-8842
-9487
-9784
-9488
-8479
-6825
-4709
-2354
-14
2104
3863
5273
6415
7349
8009
8252
8013
7333
6304
4960
3330
1487
-439
-2361
-4249
-6045
-7554
-8507
-8745
-8331
-7502
-6526
-5600
-4813
-4066
-3122
-1778
-77
1682
3117
3937
4064
3669
3129
2840
2981
3379
3667
3537
2976
2255
1758
1751
2252
3049
3840
4344
4432
4200
3914
3836
4078
4517
4814
4553
3484
1657
-617
-2912
-4861
-6337
-7429
-8267
-8877
-9271
-9494
-9554
-9299
-8521
-7165
-5382
-3405
-1389
537
2280
3817
5271
6807
8404
9751
10413
10136
8986
7237
5201
3145
1303
-210
-1464
-2697
-4096
-5634
-7071
-8115
-8569
-8387
-7673
-6667
-5687
-4978
-4515
-4020
-3221
-2072
-695
799
2331
3764
4908
5660
6134
6510
6859
7073
7035
6766
6348
5784
5060
4304
3774
3608
3626
3525
3161
2626
2072
1557
1082
564
-125
-1161
-2591
-4223
-5690
-6661
-7063
-7013
-6647
-6006
-5175
-4423
-4026
-4021
-4102
-3910
-3283
-2284
-1073
226
1488
2617
3561
4371
5164
5945
6571
6838
6712
6294
5670
4807
3654
2261
735
-874
-2571
-4289
-5850
-7115
-8086
-8836
-9346
-9468
-9029
-7992
-6521
-4882
-3303
-1898
-696
342
1358
2524
3927
5457
6875
7928
8457
8431
7950
7189
6298
5387
4499
3650
2834
2089
1451
926
452
-10
-453
-808
-982
-885
-505
12
411
465
130
-492
-1261
-2097
-2971
-3833
-4560
-5052
-5307
-5443
-5565
-5679
-5723
-5647
-5371
-4724
-3512
-1687
579
2981
5181
6905
7943
8209
7774
6890
5869
4900
3998
3040
1881
425
-1299
-3130
-4826
-6170
-7062
-7560
-7810
-7958
-8049
-8017
-7697
-6910
-5585
-3842
-1936
-120
1419
2574
3306
3701
3950
4247
4684
5198
5621
5759
5509
4906
4123
3392
2898
2713
2795
3054
3388
3674
3771
3591
3171
2669
2210
1809
1433
1110
921
787
449
-385
-1723
-3225
-4422
-5009
-5009
-4644
-4184
-3813
-3651
-3731
-3958
-4124
-4019
-3591
-2944
-2192
-1314
-210
1113
2486
3702
4638
5243
5423
5148
4526
3821
3229
2756
2248
1540
551
-712
-2166
-3665
-4971
-5897
-6394
-6585
-6611
-6522
-6302
-5960
-5539
-5045
-4427
-3619
-2611
-1471
-292
857
1943
2933
3809
4608
5384
6128
6700
6928
6756
6287
5703
5133
4628
4175
3745
3299
2799
2259
1766
1459
1425
1629
1937
2198
2298
2134
1657
882
-66
-1099
-2172
-3220
-4124
-4718
-4961
-4906
-4687
-4350
-3883
-3366
-2982
-2905
-3060
-3202
-3114
-2732
-2127
-1296
-252
920
2008
2855
3482
3966
4259
4170
3590
2629
1513
396
-663
-1569
-2216
-2618
-2933
-3354
-3921
-4548
-5066
-5340
-5279
-4869
-4199
-3480
-2987
-2863
-3004
-3093
-2823
-2098
-1031
155
1241
2068
2595
2951
3390
4175
5382
6819
8094
8805
8746
7932
6569
4937
3337
2010
1073
467
-1
-499
-1055
-1581
-1940
-2021
-1749
-1131
-268
716
1669
2411
2692
2347
1440
261
-829
-1636
-2156
-2515
-2824
-3145
-3555
-4119
-4854
-5619
-6195
-6386
-6140
-5551
-4707
-3613
-2223
-612
1013
2501
3844
5090
6147
6825
7006
6697
5953
4790
3300
1702
247
-979
-2064
-3121
-4177
-5177
-6075
-6805
-7266
-7298
-6777
-5729
-4378
-2989
-1704
-481
741
1938
3007
3889
4612
5212
5669
5919
5989
5945
5816
5548
5092
4488
3857
3304
2864
2486
2159
1910
1776
1716
1686
1700
1792
1943
2034
1929
1539
899
123
-648
-1290
-1771
-2206
-2828
-3801
-5037
-6243
-7123
-7581
-7645
-7315
-6537
-5367
-4098
-3108
-2613
-2510
-2515
-2363
-1924
-1145
-72
1107
2109
2749
3075
3271
3500
3789
4063
4199
4107
3731
3051
2112
1068
105
-697
-1428
-2225
-3130
-4054
-4872
-5482
-5804
-5791
-5479
-5025
-4598
-4257
-3876
-3266
-2329
-1146
126
1341
2443
3404
4237
4986
5719
6494
7250
7825
8051
7938
7612
7183
6653
6011
5299
4542
3676
2586
1219
-344
-1900
-3217
-4141
-4610
-4619
-4246
-3671
-3105
-2648
-2238
-1778
-1286
-921
-891
-1261
-1900
-2556
-3038
-3259
-3179
-2821
-2292
-1820
-1626
-1772
-2155
-2535
-2738
-2630
-2148
-1258
-30
1313
2532
3468
4151
4689
5172
5578
5802
5751
5372
4635
3544
2178
716
-681
-1965
-3192
-4412
-5554
-6475
-7050
-7256
-7153
-6796
-6193
-5330
-4235
-2986
-1671
-334
1026
2416
3793
5072
6128
6864
7240
7328
7230
7006
6642
6132
5539
4941
4359
3736
3023
2208
1312
381
-528
-1345
-1992
-2397
-2536
-2451
-2253
-2057
-1916
-1852
-1882
-2056
-2383
-2789
-3162
-3465
-3765
-4152
-4612
-4980
-5042
-4653
-3845
-2776
-1607
-465
565
1383
1946
2255
2337
2246
2031
1747
1431
1173
1064
1128
1266
1322
1169
740
64
-732
-1467
-1982
-2220
-2209
-2034
-1808
-1625
-1549
-1557
-1576
-1523
-1375
-1178
-1008
-936
-1004
-1177
-1347
-1364
-1124
-618
63
778
1382
1791
2041
2271
2660
3328
4261
5292
6184
6743
6872
6561
5875
4946
3933
2932
1955
951
-115
-1238
-2357
-3375
-4183
-4673
-4809
-4671
-4385
-4001
-3471
-2733
-1810
-820
86
790
1263
1572
1782
1930
1959
1814
1434
826
70
-713
-1394
-1918
-2281
-2520
-2689
-2810
-2902
-2932
-2845
-2592
-2143
-1519
-715
245
1307
2333
3158
3668
3865
3832
3647
3337
2926
2438
1891
1281
635
18
-529
-1010
-1477
-1942
-2401
-2802
-3101
-3253
-3217
-2965
-2519
-1977
-1471
-1090
-846
-681
-522
-300
38
508
1075
1654
2185
2668
3126
3570
3966
4248
4327
4133
3653
2951
2135
1334
653
134
-307
-816
-1508
-2380
-3308
-4120
-4654
-4844
-4704
-4313
-3769
-3156
-2524
-1861
-1103
-206
834
1931
2915
3566
3742
3467
2926
2336
1815
1354
878
355
-184
-663
-1023
-1270
-1394
-1388
-1245
-1028
-813
-593
-313
90
605
1180
1734
2171
2388
2282
1811
1047
167
-641
-1267
-1683
-1943
-2137
-2356
-2645
-2981
-3303
-3509
-3491
-3174
-2589
-1835
-1025
-244
378
737
826
769
706
704
770
879
1038
1235
1453
1606
1623
1514
1348
1165
956
751
607
547
532
540
589
709
890
1084
1215
1215
1084
871
621
363
169
132
284
526
722
800
800
820
947
1195
1511
1772
1840
1620
1148
542
-70
-581
-921
-1045
-1001
-905
-916
-1141
-1534
-1941
-2177
-2164
-1913
-1447
-800
-63
601
1054
1278
1367
1424
1435
1295
912
299
-472
-1316
-2135
-2800
-3202
-3335
-3328
-3357
-3532
-3828
-4107
-4221
-4049
-3535
-2690
-1639
-602
222
740
985
1086
1206
1495
1993
2657
3363
3956
4303
4341
4112
3706
3218
2718
2254
1841
1483
1195
985
815
635
414
167
-114
-440
-795
-1124
-1348
-1442
-1425
-1364
-1285
-1168
-963
-636
-170
444
1175
1933
2598
3041
3164
2929
2424
1848
1355
987
643
217
-330
-948
-1573
-2209
-2878
-3529
-4016
-4200
-4075
-3694
-3080
-2191
-1057
148
1206
1984
2475
2685
2586
2199
1655
1162
810
521
146
-390
-1073
-1855
-2689
-3482
-4077
-4328
-4185
-3737
-3141
-2518
-1885
-1215
-518
149
736
1209
1552
1734
1777
1771
1810
1936
2069
2104
1948
1578
1015
319
-379
-896
-1074
-879
-397
216
815
1323
1718
1993
2122
2106
1993
1839
1676
1492
1278
1039
784
525
243
-104
-534
-972
-1279
-1362
-1220
-870
-348
261
820
1245
1556
1804
1999
2094
2051
1885
1680
1492
1287
976
513
-83
-792
-1605
-2440
-3130
-3498
-3499
-3215
-2760
-2190
-1520
-850
-356
-198
-368
-681
-941
-1086
-1179
-1242
-1199
-1020
-832
-861
-1208
-1769
-2344
-2769
-2981
-2967
-2712
-2198
-1487
-739
-109
369
800
1265
1743
2174
2569
2991
3417
3668
3547
3022
2255
1436
663
-15
-504
-690
-562
-254
73
333
550
753
944
1116
1317
1632
2080
2553
2896
3052
3088
3094
3070
2940
2626
2155
1614
1108
688
366
155
20
-150
-492
-993
-1494
-1804
-1863
-1743
-1567
-1395
-1223
-1053
-998
-1183
-1604
-2086
-2473
-2733
-2880
-2910
-2821
-2672
-2533
-2445
-2406
-2368
-2283
-2168
-2078
-2004
-1833
-1491
-1033
-601
-259
-5
148
136
-73
-399
-671
-742
-586
-346
-192
-191
-281
-365
-412
-398
-322
-190
-43
85
196
339
614
1087
1746
2430
2963
3261
3352
3267
3035
2720
2468
2398
2528
2736
2846
2756
2475
2086
1667
1294
1046
951
949
931
828
675
538
444
343
167
-53
-227
-255
-116
168
540
854
918
613
41
-579
-1075
-1413
-1616
-1700
-1662
-1536
-1437
-1508
-1798
-2218
-2628
-2953
-3152
-3139
-2852
-2363
-1888
-1578
-1405
-1225
-936
-587
-315
-223
-269
-352
-399
-390
-305
-117
129
316
322
93
-345
-879
-1337
-1548
-1450
-1083
-554
-17
323
327
45
-300
-470
-341
90
735
1450
2101
2593
2879
2976
2951
2875
2752
2552
2297
2079
1976
1980
2029
2047
1961
1749
1439
1095
762
485
313
261
284
311
314
318
353
424
526
658
827
1014
1178
1270
1282
1256
1216
1116
860
411
-162
-773
-1379
-2000
-2632
-3206
-3631
-3881
-4050
-4256
-4513
-4711
-4706
-4479
-4116
-3711
-3258
-2707
-2076
-1442
-882
-406
28
427
712
776
652
505
464
490
454
338
204
84
-87
-380
-775
-1148
-1348
-1325
-1161
-966
-743
-424
-10
407
757
1057
1325
1524
1602
1571
1551
1663
1917
2207
2421
2553
2635
2657
2535
2232
1823
1468
1329
1452
1758
2078
2281
2327
2226
2033
1811
1659
1639
1709
1758
1684
1507
1281
1023
706
346
16
-199
-293
-337
-427
-601
-815
-1021
-1233
-1503
-1804
-2033
-2104
-2052
-1984
-1960
-1933
-1821
-1666
-1634
-1838
-2225
-2623
-2924
-3116
-3219
-3188
-2946
-2482
-1866
-1205
-579
-39
379
629
684
594
474
419
437
487
556
657
770
810
701
475
237
101
81
92
32
-119
-257
-254
-92
145
346
452
458
385
288
227
261
396
595
818
1032
1234
1392
1455
1366
1152
950
892
1003
1176
1306
1349
1340
1338
1371
1410
1416
1370
1261
1055
734
365
58
-125
-215
-269
-335
-450
-635
-844
-973
-940
-746
-457
-177
-33
-90
-294
-509
-650
-728
-785
-822
-822
-794
-809
-950
-1228
-1546
-1749
-1757
-1645
-1545
-1499
-1421
-1220
-891
-495
-69
375
811
1127
1200
1003
673
386
203
60
-123
-344
-583
-838
-1139
-1477
-1798
-2041
-2191
-2278
-2328
-2305
-2107
-1686
-1095
-462
110
550
811
885
811
688
621
703
967
1357
1743
1991
2028
1875
1603
1308
1087
1015
1111
1345
1676
2061
2471
2839
3087
3136
2960
2628
2258
1955
1747
1636
1597
1580
1504
1285
888
357
-179
-601
-845
-903
-784
-507
-120
257
483
460
215
-151
-536
-872
-1128
-1302
-1431
-1551
-1682
-1834
-2035
-2324
-2712
-3142
-3509
-3703
-3658
-3362
-2841
-2173
-1489
-909
-505
-275
-215
-312
-543
-853
-1142
-1303
-1284
-1152
-1049
-1087
-1245
-1407
-1474
-1447
-1373
-1285
-1184
-1070
-932
-713
-337
227
908
1572
2086
2406
2549
2556
2486
2441
2520
2746
3049
3351
3604
3760
3746
3497
3024
2419
1830
1395
1160
1072
1047
1079
1221
1450
1649
1688
1550
1292
990
692
444
278
227
282
378
435
408
328
223
82
-151
-487
-832
-1049
-1077
-1043
-1159
-1536
-2095
-2656
-3116
-3473
-3745
-3898
-3872
-3676
-3399
-3152
-2984
-2855
-2717
-2577
-2477
-2406
-2256
-1924
-1431
-919
-525
-279
-134
-37
19
-17
-179
-416
-593
-604
-442
-156
206
586
868
940
771
464
192
112
280
618
1020
1413
1779
2070
2217
2217
2115
1981
1834
1697
1613
1641
1807
2067
2325
2490
2524
2452
2320
2151
1965
1813
1754
1771
1766
1651
1433
1180
931
666
361
43
-226
-361
-313
-121
98
232
267
231
144
5
-137
-221
-228
-203
-193
-205
-229
-264
-356
-569
-937
-1426
-1958
-2477
-2942
-3308
-3543
-3638
-3614
-3485
-3288
-3092
-2925
-2763
-2574
-2369
-2161
-1937
-1682
-1402
-1110
-812
-532
-306
-162
-76
-9
66
161
280
431
584
697
771
863
1024
1241
1440
1552
1551
1466
1361
1279
1229
1218
1270
1389
1514
1566
1517
1410
1275
1092
844
591
482
622
966
1338
1599
1755
1885
2007
2054
1988
1851
1711
1584
1446
1298
1165
1068
979
843
636
381
140
-50
-206
-377
-559
-684
-705
-678
-698
-797
-904
-938
-883
-805
-780
-855
-1008
-1181
-1336
-1483
-1635
-1771
-1870
-1981
-2178
-2453
-2696
-2808
-2781
-2658
-2469
-2243
-2046
-1962
-2028
-2206
-2404
-2503
-2437
-2211
-1862
-1400
-837
-268
188
473
655
813
954
1044
1085
1137
1253
1434
1626
1757
1800
1777
1729
1656
1560
1487
1509
1647
1817
1913
1867
1708
1496
1296
1125
973
799
600
420
324
353
496
707
940
1147
1273
1281
1192
1089
1061
1134
1255
1337
1315
1209
1120
1151
1308
1501
1637
1655
1536
1291
956
565
152
-223
-510
-669
-727
-723
-712
-745
-867
-1093
-1401
-1739
-2032
-2207
-2239
-2169
-2084
-2063
-2147
-2316
-2504
-2632
-2641
-2511
-2272
-1983
-1693
-1418
-1179
-1019
-956
-985
-1055
-1118
-1159
-1174
-1126
-931
-558
-57
450
842
1027
989
779
496
240
81
48
145
338
576
786
914
914
767
526
308
209
241
351
514
745
1041
1340
1553
1615
1509
1292
1097
1044
1151
1340
1525
1657
1723
1726
1668
1550
1354
1105
863
682
562
475
416
412
473
554
587
528
394
231
50
-179
-451
-682
-770
-704
-568
-453
-394
-384
-429
-534
-692
-879
-1071
-1232
-1320
-1316
-1247
-1171
-1168
-1277
-1483
-1688
-1818
-1857
-1858
-1856
-1837
-1767
-1630
-1480
-1398
-1455
-1639
-1874
-2046
-2074
-1918
-1589
-1125
-583
-40
452
848
1117
1245
1263
1243
1253
1323
1465
1654
1812
1829
1676
1448
1270
1184
1119
1000
815
634
532
536
630
758
858
863
772
640
543
511
534
586
666
798
992
1209
1374
1412
1321
1169
1039
956
886
798
686
556
402
233
81
16
63
184
294
322
247
107
-23
-79
-71
-66
-113
-197
-275
-331
-379
-426
-461
-501
-556
-649
-771
-898
-984
-1014
-1030
-1082
-1188
-1311
-1416
-1487
-1533
-1574
-1643
-1746
-1860
-1945
-1968
-1924
-1808
-1652
-1494
-1370
-1266
-1133
-943
-708
-459
-194
83
334
502
579
625
721
855
958
978
930
862
804
785
825
931
1070
1205
1304
1356
1356
1290
1165
993
789
586
446
419
508
645
747
746
653
521
407
331
289
291
361
518
733
953
1137
1284
1385
1385
1239
990
769
656
626
597
533
441
329
173
-56
-385
-789
-1205
-1576
-1838
-1934
-1822
-1561
-1291
-1147
-1163
-1268
-1351
-1342
-1260
-1158
-1086
-1037
-994
-950
-930
-949
-981
-984
-949
-929
-979
-1106
-1240
-1324
-1347
-1348
-1340
-1285
-1134
-900
-673
-548
-527
-512
-393
-163
100
320
489
646
803
935
1028
1106
1195
1273
1304
1305
1365
1563
1878
2209
2442
2518
2437
2251
2036
1863
1771
1754
1767
1783
1803
1833
1852
1812
1694
1503
1259
994
770
660
669
744
815
844
813
734
622
475
289
61
-181
-408
-590
-702
-763
-802
-884
-1058
-1380
-1835
-2321
-2718
-2963
-3074
-3080
-3015
-2902
-2742
-2541
-2340
-2206
-2177
-2245
-2374
-2486
-2480
-2296
-1986
-1674
-1458
-1337
-1246
-1111
-934
-768
-632
-493
-301
-70
161
352
509
653
815
988
1133
1237
1339
1483
1673
1866
2015
2089
2080
2007
1895
1775
1678
1616
1584
1553
1513
1482
1486
1533
1598
1656
1670
1610
1468
1298
1166
1103
1086
1090
1098
1105
1099
1047
902
645
335
74
-90
-187
-273
-387
-540
-748
-996
-1251
-1477
-1654
-1771
-1822
-1826
-1827
-1858
-1896
-1884
-1796
-1683
-1605
-1577
-1582
-1605
-1646
-1688
-1692
-1605
-1402
-1122
-835
-589
-382
-216
-116
-93
-113
-133
-131
-120
-125
-152
-180
-169
-117
-62
-43
-59
-79
-99
-123
-135
-90
39
228
418
573
692
804
932
1087
1262
1443
1614
1772
1925
2063
2159
2199
2214
2235
2248
2208
2103
1946
1739
1496
1261
1106
1046
1042
1016
906
693
428
190
19
-103
-201
-266
-283
-269
-250
-246
-288
-396
-563
-740
-875
-950
-979
-970
-917
-811
-676
-574
-588
-748
-993
-1228
-1393
-1488
-1522
-1478
-1366
-1242
-1176
-1183
-1225
-1246
-1199
-1073
-893
-715
-597
-568
-602
-648
-680
-706
-718
-715
-714
-755
-857
-977
-1044
-1009
-881
-687
-441
-155
90
210
200
144
128
177
282
413
527
600
653
727
819
901
957
993
1009
1015
1057
1164
1308
1420
1452
1419
1388
1413
1482
1519
1442
1243
973
705
484
334
261
243
241
217
181
151
121
47
-105
-297
-446
-496
-456
-367
-250
-98
75
231
334
375
375
348
294
217
135
73
45
23
-46
-177
-339
-485
-609
-727
-854
-988
-1107
-1182
-1177
-1099
-996
-926
-917
-956
-1016
-1072
-1105
-1088
-1005
-865
-706
-572
-481
-434
-409
-370
-288
-172
-49
64
184
323
471
601
696
761
793
798
773
731
703
722
781
813
755
623
500
439
420
378
264
104
-39
-116
-148
-166
-179
-164
-123
-66
0
63
88
65
40
82
213
395
568
702
807
891
946
941
864
737
601
494
439
419
374
245
49
-136
-253
-314
-361
-418
-485
-545
-600
-646
-677
-663
-582
-455
-337
-269
-242
-202
-129
-50
10
75
172
262
256
121
-84
-259
-351
-379
-371
-360
-380
-481
-669
-874
-997
-1000
-924
-845
-796
-772
-741
-688
-643
-625
-608
-539
-412
-271
-156
-75
-16
37
110
209
318
411
490
554
571
500
347
185
104
143
267
381
411
348
247
173
167
234
346
467
583
696
799
879
949
1022
1093
1135
1134
1091
1018
959
952
972
956
866
720
566
441
371
340
287
159
-43
-248
-393
-472
-528
-595
-661
-709
-760
-863
-1017
-1152
-1181
-1083
-926
-805
-759
-761
-758
-723
-667
-610
-567
-527
-483
-428
-381
-354
-363
-415
-509
-615
-712
-785
-836
-874
-914
-957
-978
-940
-834
-690
-533
-374
-218
-86
1
43
56
80
169
349
576
769
862
859
812
781
799
861
939
994
998
977
1003
1108
1246
1342
1365
1357
1368
1425
1527
1642
1733
1765
1722
1584
1332
995
655
409
280
236
241
261
255
179
37
-121
-238
-310
-360
-410
-466
-522
-566
-594
-640
-768
-979
-1213
-1391
-1484
-1500
-1466
-1414
-1368
-1333
-1299
-1250
-1185
-1105
-1017
-936
-867
-802
-706
-560
-376
-204
-101
-89
-138
-196
-234
-269
-321
-378
-417
-419
-392
-353
-323
-304
-291
-299
-345
-393
-392
-318
-201
-68
63
181
279
372
453
488
450
367
289
262
307
425
591
773
947
1089
1180
1214
1196
1141
1077
1058
1117
1222
1311
1343
1326
1262
1151
989
794
580
353
126
-92
-291
-464
-587
-625
-556
-417
-288
-233
-254
-315
-399
-480
-522
-491
-426
-411
-506
-674
-835
-933
-954
-911
-817
-695
-565
-456
-388
-366
-363
-335
-272
-213
-200
-231
-264
-285
-299
-320
-320
-273
-177
-73
-41
-118
-264
-383
-403
-315
-138
101
361
564
657
641
585
551
560
579
581
547
467
361
287
302
401
520
582
554
462
364
334
404
557
748
933
1088
1188
1226
1216
1173
1102
988
826
637
468
340
204
-2
-293
-592
-799
-866
-828
-779
-807
-923
-1063
-1141
-1111
-979
-800
-657
-610
-647
-698
-708
-676
-633
-605
-599
-616
-663
-726
-779
-789
-742
-653
-563
-485
-398
-269
-108
38
151
239
327
423
507
546
498
354
176
43
-13
-27
-55
-97
-146
-216
-340
-495
-607
-600
-451
-201
83
308
436
489
537
630
745
829
857
849
833
821
821
841
869
851
760
617
479
366
267
160
35
-98
-210
-252
-201
-88
4
12
-66
-190
-312
-408
-478
-545
-636
-750
-867
-969
-1051
-1112
-1154
-1194
-1247
-1296
-1293
-1217
-1065
-844
-577
-313
-100
47
150
232
317
417
534
660
764
847
930
1047
1183
1290
1330
1299
1203
1072
978
979
1071
1158
1143
998
796
649
623
674
699
636
502
355
258
215
183
123
33
-60
-148
-221
-257
-258
-265
-335
-459
-593
-680
-695
-655
-583
-515
-453
-406
-364
-305
-207
-70
49
97
67
20
25
92
150
118
-13
-175
-283
-294
-238
-173
-144
-154
-189
-256
-368
-523
-677
-787
-825
-776
-651
-482
-339
-296
-369
-503
-611
-621
-521
-365
-254
-249
-311
-341
-273
-117
65
190
226
212
230
314
430
534
615
686
746
782
786
750
698
645
572
439
241
50
-30
21
134
205
184
78
-63
-198
-311
-420
-565
-742
-895
-947
-887
-784
-708
-662
-580
-445
-305
-226
-212
-200
-133
-2
135
214
207
141
59
-10
-42
-19
55
144
209
227
204
172
172
206
228
192
91
-32
-121
-146
-107
-35
36
102
168
224
235
176
62
-40
-51
55
225
356
390
347
291
256
230
198
159
155
209
311
395
399
318
210
136
133
192
275
335
376
424
484
521
496
423
341
294
289
294
281
249
219
194
173
159
159
179
202
197
134
31
-76
-174
-281
-403
-507
-558
-548
-516
-518
-582
-688
-779
-805
-754
-656
-566
-496
-419
-291
-126
21
118
170
200
211
224
246
255
215
120
13
-67
-86
-43
41
99
83
9
-38
12
147
282
345
318
247
199
220
301
367
359
274
171
115
147
261
363
337
142
-137
-372
-497
-514
-450
-344
-246
-212
-258
-340
-389
-386
-377
-409
-460
-462
-406
-363
-418
-563
-718
-803
-809
-792
-792
-773
-698
-568
-438
-328
-246
-190
-149
-98
-12
102
225
322
371
392
432
542
698
822
830
705
513
347
256
221
198
174
163
174
188
179
157
136
122
98
71
77
155
293
422
481
456
392
343
345
371
371
307
198
80
-14
-60
-48
0
39
49
52
75
124
198
288
346
312
162
-39
-188
-216
-140
-47
-13
-54
-128
-200
-271
-351
-437
-493
-490
-409
-275
-153
-110
-158
-246
-318
-344
-327
-291
-259
-240
-214
-172
-126
-106
-111
-110
-77
-9
92
217
326
397
439
487
544
591
637
706
815
916
953
891
748
573
411
295
231
208
203
196
171
102
-27
-197
-354
-450
-458
-398
-324
