-323
-277
-105
112
290
371
327
171
-7
-105
-77
45
204
304
250
38
-189
-255
-101
181
441
567
524
395
311
341
452
560
608
559
426
275
197
227
321
403
421
380
331
330
385
439
439
370
258
139
53
26
56
115
163
148
41
-128
-300
-428
-500
-513
-487
-434
-377
-326
-316
-374
-458
-509
-492
-457
-462
-513
-574
-609
-602
-544
-429
-260
-65
91
163
151
111
102
156
244
306
295
210
92
3
-10
61
168
266
333
363
345
286
233
245
340
467
527
457
284
116
52
100
194
249
242
192
110
-6
-128
-193
-176
-118
-83
-106
-186
-289
-370
-377
-316
-242
-207
-208
-213
-190
-148
-106
-112
-198
-342
-482
-554
-557
-496
-380
-241
-131
-78
-48
-12
35
112
252
450
611
638
535
409
364
416
523
625
673
637
524
392
296
284
375
540
700
765
717
590
444
321
271
305
362
360
246
51
-137
-215
-137
57
237
279
140
-84
-237
-241
-144
-64
-81
-196
-359
-515
-618
-648
-623
-617
-708
-887
-1049
-1076
-938
-700
-475
-354
-396
-581
-812
-948
-914
-762
-622
-592
-657
-728
-717
-632
-543
-503
-501
-456
-335
-173
-54
-25
-54
-73
-54
-27
-22
-31
-6
74
187
295
376
446
507
551
567
554
526
498
499
545
598
613
585
562
589
669
754
783
717
564
398
298
306
391
485
527
502
432
346
273
247
297
391
459
430
326
204
89
-35
-178
-316
-428
-498
-497
-404
-260
-148
-117
-138
-143
-99
-42
-22
-22
1
61
107
89
6
-88
-147
-163
-165
-188
-219
-208
-110
34
137
134
37
-84
-182
-233
-259
-266
-233
-149
-35
59
131
223
357
499
569
518
366
185
51
-6
-12
-1
-9
-52
-124
-185
-190
-148
-93
-59
-60
-96
-161
-202
-166
-26
184
372
448
399
313
276
290
300
272
196
75
-70
-156
-122
2
99
57
-119
-321
-409
-346
-199
-90
-87
-190
-343
-475
-544
-536
-462
-345
-264
-265
-333
-382
-377
-362
-395
-476
-553
-571
-518
-436
-388
-425
-536
-649
-659
-530
-346
-214
-175
-190
-221
-231
-202
-150
-116
-122
-163
-230
-305
-339
-277
-144
-12
54
49
1
-63
-106
-82
24
155
240
259
253
271
328
388
413
404
400
442
510
550
533
487
476
521
591
624
607
550
459
341
237
210
299
477
652
739
700
587
475
430
464
540
598
590
507
394
306
304
409
606
812
914
870
723
571
481
476
543
615
601
456
223
4
-106
-73
54
158
140
-10
-201
-324
-335
-262
-163
-106
-144
-279
-445
-554
-578
-527
-450
-390
-377
-416
-494
-607
-710
-746
-685
-573
-482
-442
-450
-486
-537
-587
-623
-641
-630
-594
-550
-547
-616
-742
-855
-872
-777
-634
-544
-536
-569
-562
-456
-265
-58
73
101
58
-11
-81
-109
-47
98
238
273
193
74
18
49
117
160
140
64
-27
-96
-148
-221
-308
-351
-317
-262
-278
-395
-547
-637
-605
-455
-238
-18
133
170
108
-12
-116
-167
-140
-81
-49
-68
-110
-126
-108
-63
-10
28
39
31
33
61
103
152
221
317
407
452
446
418
399
411
460
528
582
608
606
570
494
415
391
453
560
654
708
734
756
798
864
921
947
962
1001
1042
1043
992
940
927
948
952
895
779
636
524
490
547
649
706
653
496
302
126
-5
-74
-87
-104
-206
-398
-584
-656
-581
-425
-286
-231
-254
-305
-355
-412
-486
-553
-594
-630
-687
-748
-760
-706
-646
-659
-783
-978
-1153
-1234
-1201
-1114
-1035
-975
-901
-793
-676
-571
-484
-415
-364
-311
-226
-106
7
86
129
167
190
155
49
-71
-98
0
163
275
268
145
-22
-153
-197
-163
-101
-74
-130
-251
-375
-427
-404
-337
-256
-168
-89
-49
-82
-166
-238
-240
-174
-89
-36
-29
-59
-113
-162
-173
-143
-117
-141
-204
-243
-199
-60
120
256
296
276
270
291
282
225
184
224
344
472
548
544
487
432
415
439
486
534
547
521
501
550
659
760
807
788
724
632
540
477
466
495
531
536
499
433
377
334
281
181
27
-140
-243
-245
-204
-216
-298
-375
-377
-315
-258
-245
-261
-269
-256
-227
-198
-184
-186
-198
-186
-134
-46
43
99
91
4
-127
-230
-250
-207
-170
-189
-262
-341
-397
-425
-413
-336
-161
92
347
509
538
485
445
458
507
553
563
521
416
269
124
33
10
22
27
20
13
5
-14
-34
-49
-73
-129
-208
-289
-374
-502
-664
-777
-753
-605
-443
-381
-450
-593
-713
-730
-630
-482
-378
-380
-470
-594
-721
-827
-885
-865
-768
-642
-549
-511
-496
-445
-348
-238
-160
-107
-56
-1
33
23
-34
-120
-198
-238
-240
-216
-163
-59
73
176
194
138
91
140
302
539
775
946
1013
988
932
898
911
950
998
1040
1071
1073
1038
977
917
888
879
883
883
864
812
732
651
561
444
293
178
166
254
334
302
164
-2
-110
-148
-136
-107
-88
-100
-155
-239
-330
-413
-511
-631
-736
-765
-709
-628
-590
-604
-628
-637
-651
-678
-697
-668
-606
-545
-510
-493
-487
-490
-490
-490
-488
-469
-420
-378
-384
-430
-472
-446
-338
-148
57
185
188
104
13
-19
36
161
275
288
193
56
-46
-93
-79
-12
80
147
161
142
120
104
89
76
81
104
139
174
220
265
265
195
97
56
112
235
356
406
361
252
153
113
155
262
390
468
467
425
364
283
193
162
206
267
271
221
155
100
77
109
178
236
273
304
327
312
269
228
203
172
134
108
112
139
172
200
197
143
46
-57
-110
-106
-46
43
107
89
-4
-81
-76
-11
45
52
11
-77
-182
-252
-246
-197
-190
-260
-359
-404
-397
-391
-416
-446
-447
-430
-404
-376
-338
-313
-313
-343
-397
-473
-534
-529
-448
-355
-330
-381
-451
-483
-461
-392
-318
-298
-350
-407
-376
-239
-86
-37
-123
-263
-361
-380
-345
-280
-210
-166
-153
-137
-82
18
150
304
454
572
631
621
553
472
428
413
387
308
170
2
-132
-173
-103
18
101
91
-3
-120
-198
-233
-267
-334
-397
-380
-259
-93
24
68
84
129
225
339
422
417
339
260
252
295
308
236
90
-65
-148
-107
32
190
303
358
371
359
360
404
483
566
647
728
785
783
730
676
637
606
578
559
555
570
616
683
751
795
806
784
729
650
538
386
218
80
17
5
-4
-49
-124
-213
-313
-409
-480
-499
-472
-433
-434
-506
-646
-809
-940
-1002
-992
-950
-921
-948
-1023
-1083
-1047
-912
-766
-703
-742
-840
-939
-982
-923
-775
-608
-485
-417
-387
-378
-374
-361
-348
-338
-314
-251
-146
-5
153
284
330
293
243
244
319
437
573
694
775
799
787
764
762
808
907
1008
1031
939
777
613
475
355
245
139
30
-56
-82
-20
74
128
102
26
-40
-71
-74
-87
-136
-220
-313
-396
-480
-557
-595
-579
-540
-539
-590
-655
-680
-655
-632
-643
-678
-689
-649
-551
-408
-250
-128
-77
-120
-233
-338
-361
-266
-103
76
241
386
497
549
532
468
422
426
478
566
668
743
727
594
378
169
53
79
223
422
587
656
643
620
642
679
662
575
466
378
322
289
278
269
231
134
-14
-172
-294
-341
-307
-227
-165
-152
-161
-161
-148
-142
-151
-192
-276
-376
-432
-393
-268
-110
16
73
72
50
32
35
83
197
336
386
283
61
-167
-303
-311
-190
24
264
446
514
463
348
262
275
376
470
483
420
349
321
310
282
230
181
158
160
165
145
96
48
24
-1
-59
-162
-287
-404
-497
-565
-618
-645
-622
-542
-475
-496
-596
-690
-719
-702
-686
-690
-712
-738
-746
-716
-648
-587
-562
-571
-584
-565
-506
-436
-420
-497
-635
-746
-739
-607
-417
-258
-149
-51
58
137
138
101
106
191
299
368
391
380
352
326
327
358
409
486
617
792
926
939
838
700
600
560
580
614
601
512
377
258
183
142
94
20
-76
-164
-229
-268
-299
-346
-401
-445
-469
-489
-515
-517
-479
-418
-374
-361
-360
-332
-251
-142
-45
-7
-41
-121
-192
-217
-190
-125
-43
41
95
112
111
120
159
217
281
318
312
268
238
268
365
501
627
716
764
783
769
697
583
464
376
328
309
317
341
375
405
417
410
395
391
402
427
476
546
617
627
562
464
381
314
243
185
160
160
139
67
-58
-201
-315
-364
-354
-339
-355
-398
-454
-526
-606
-671
-704
-717
-727
-742
-754
-748
-717
-671
-609
-523
-413
-306
-243
-250
-329
-436
-494
-459
-360
-276
-265
-319
-373
-352
-250
-131
-56
-37
-49
-64
-59
-23
41
116
191
246
250
172
29
-114
-187
-176
-138
-137
-179
-204
-184
-152
-137
-97
33
235
398
433
352
247
188
177
170
125
51
-26
-76
-114
-161
-231
-305
-367
-417
-484
-584
-688
-727
-664
-544
-443
-394
-370
-330
-272
-216
-178
-146
-103
-50
20
124
269
409
496
521
516
510
516
531
553
584
626
672
714
756
795
812
790
743
691
637
593
573
571
542
470
394
373
420
508
595
630
584
479
387
360
399
456
466
400
295
226
235
298
352
335
231
69
-90
-203
-257
-272
-286
-326
-380
-414
-404
-368
-356
-400
-482
-568
-626
-662
-675
-662
-612
-544
-504
-514
-560
-581
-538
-434
-304
-198
-144
-147
-186
-219
-207
-139
-60
-9
25
80
151
204
204
140
22
-128
-257
-308
-276
-200
-133
-101
-115
-175
-257
-325
-352
-342
-319
-328
-376
-424
-412
-309
-158
-7
115
198
226
191
132
81
18
-97
-260
-397
-461
-458
-429
-399
-367
-338
-315
-293
-272
-263
-265
-240
-158
-49
21
24
16
48
116
167
156
81
-9
-26
80
260
423
507
519
494
462
446
462
511
573
610
606
581
557
537
514
520
574
650
710
736
742
735
717
669
566
391
180
6
-83
-95
-81
-83
-128
-200
-265
-298
-287
-255
-214
-174
-148
-153
-191
-237
-275
-305
-333
-357
-372
-378
-387
-415
-468
-523
-540
-516
-482
-466
-445
-397
-321
-229
-135
-42
40
120
198
252
268
282
347
461
553
571
526
450
362
262
177
125
94
75
77
115
162
181
163
146
177
248
322
369
398
439
500
542
519
429
319
208
78
-76
-222
-329
-417
-504
-574
-608
-627
-675
-751
-823
-870
-887
-862
-776
-657
-563
-533
-539
-525
-450
-312
-140
18
124
175
177
124
25
-86
-159
-178
-161
-125
-83
-48
-44
-75
-94
-64
9
104
206
318
410
464
502
569
679
789
846
828
764
695
640
577
497
413
355
324
308
304
307
302
265
191
94
-14
-118
-194
-229
-232
-249
-307
-394
-468
-501
-494
-463
-441
-445
-477
-494
-486
-474
-507
-583
-649
-663
-621
-549
-454
-328
-187
-78
-52
-117
-222
-293
-265
-153
-3
131
232
300
347
367
359
336
316
293
237
134
35
-6
28
86
121
135
164
230
308
356
339
278
228
239
311
421
548
676
778
820
778
690
633
639
673
662
558
369
155
-23
-142
-206
-240
-277
-340
-403
-405
-320
-207
-153
-184
-267
-353
-425
-476
-515
-549
-574
-566
-520
-492
-529
-611
-645
-565
-397
-214
-100
-92
-163
-236
-226
-122
33
168
263
346
442
532
583
583
537
459
365
283
235
239
285
330
343
338
344
362
347
280
193
139
135
147
123
52
-44
-117
-126
-74
7
85
171
250
267
164
-33
-227
-338
-360
-346
-355
-424
-560
-711
-792
-767
-702
-669
-660
-639
-637
-698
-812
-932
-1027
-1081
-1060
-952
-799
-654
-537
-438
-346
-239
-86
120
316
416
400
328
287
324
418
512
560
558
532
523
564
647
737
790
814
835
853
846
810
769
755
772
812
846
840
760
589
364
163
60
61
109
130
102
62
54
77
91
53
-40
-167
-284
-345
-336
-297
-284
-313
-334
-301
-228
-172
-168
-196
-234
-279
-356
-480
-628
-765
-849
-874
-855
-798
-699
-577
-508
-559
-709
-846
-852
-700
-456
-235
-95
-32
-4
21
55
108
188
281
341
349
325
308
304
287
235
164
128
167
253
324
360
407
518
680
828
900
879
806
756
764
803
809
734
601
485
447
488
520
467
344
244
233
267
272
228
189
201
240
237
137
-52
-264
-419
-453
-374
-233
-122
-98
-166
-271
-348
-364
-320
-273
-275
-331
-390
-406
-392
-397
-432
-477
-526
-568
-571
-500
-380
-262
-170
-75
64
245
427
565
638
647
585
450
260
76
-31
-48
-7
23
-6
-90
-181
-225
-225
-229
-298
-439
-586
-639
-550
-381
-243
-214
-276
-360
-417
-434
-404
-331
-263
-282
-412
-597
-744
-779
-696
-536
-376
-278
-266
-322
-389
-440
-468
-479
-456
-398
-342
-332
-362
-371
-305
-184
-63
34
126
218
282
295
279
270
285
319
370
433
489
491
418
319
286
372
532
679
762
773
752
758
818
881
858
748
606
496
416
348
271
162
23
-106
-189
-220
-215
-206
-244
-347
-451
-491
-446
-362
-272
-181
-97
-10
83
178
251
296
346
432
543
617
587
440
243
93
57
94
102
-9
-233
-472
-591
-538
-370
-174
22
208
342
385
378
393
453
517
539
512
461
425
435
509
617
724
793
815
802
765
713
665
655
694
767
838
882
892
873
837
786
694
539
349
176
69
5
-59
-191
-413
-670
-870
-953
-955
-939
-968
-1039
-1134
-1234
-1318
-1371
-1401
-1428
-1448
-1425
-1351
-1251
-1153
-1053
-960
-896
-879
-911
-955
-968
-920
-838
-775
-745
-735
-750
-811
-890
-917
-859
-752
-664
-632
-661
-702
-690
-592
-449
-319
-209
-100
21
120
179
209
264
377
531
667
741
774
789
804
806
820
861
918
938
890
795
690
602
555
575
642
708
760
792
784
675
484
300
213
233
279
249
106
-73
-177
-172
-142
-156
-227
-293
-299
-220
-79
76
208
278
270
224
227
327
494
667
792
808
679
458
261
173
189
261
331
356
322
280
285
359
490
636
752
809
835
872
929
976
978
933
856
760
677
651
719
859
996
1058
1026
937
837
737
595
374
84
-196
-390
-492
-546
-596
-668
-772
-916
-1078
-1208
-1266
-1243
-1187
-1157
-1183
-1240
-1291
-1318
-1312
-1266
-1214
-1202
-1244
-1274
-1229
-1111
-966
-820
-684
-589
-575
-626
-678
-692
-670
-627
-559
-481
-416
-377
-333
-261
-163
-56
48
137
193
237
272
296
289
292
359
469
527
451
271
94
23
102
308
566
761
820
757
673
641
643
612
530
434
351
248
69
-201
-525
-830
-1057
-1204
-1329
-1462
-1580
-1614
-1516
-1273
-944
-634
-439
-395
-476
-609
-683
-633
-476
-283
-100
48
147
205
268
363
467
553
621
668
708
773
894
1058
1204
1294
1332
1383
1490
1669
1889
2105
2273
2360
2382
2352
2278
2136
1943
1763
1659
1628
1591
1469
1251
1019
896
924
1012
949
423
-836
-2635
-4096
-4239
-2974
-1341
-612
-1243
-2532
-3142
-2148
47
1918
2201
986
-618
-1551
-1435
-543
429
786
295
-746
-1816
-2449
-2373
-1693
-898
-544
-906
-1811
-2691
-2902
-2209
-1064
-208
-48
-414
-781
-690
-34
891
1623
1895
1744
1388
1043
839
807
924
1127
1297
1297
1131
997
1099
1408
1664
1590
1125
548
297
548
962
956
306
-596
-1063
-738
69
636
506
-77
-432
-123
647
1321
1507
1225
757
367
183
197
350
519
557
350
-54
-445
-597
-434
-133
4
-242
-821
-1465
-1960
-2279
-2505
-2600
-2451
-2048
-1585
-1313
-1299
-1385
-1260
-728
54
602
532
-51
-664
-897
-695
-302
-54
-135
-441
-706
-774
-687
-525
-316
-102
19
-1
-111
-199
-154
106
558
1058
1429
1611
1678
1782
2022
2339
2506
2346
1947
1600
1517
1626
1691
1539
1203
888
806
1025
1420
1751
1713
876
-997
-3326
-4692
-4003
-1749
272
508
-1101
-3058
-3377
-1229
2088
4131
3553
1167
-1131
-1994
-1253
307
1492
1459
263
-1320
-2431
-2568
-1759
-599
36
-395
-1704
-3070
-3549
-2733
-1122
190
429
-278
-1101
-1265
-556
645
1673
2014
1609
833
168
-115
-9
322
633
669
338
-135
-350
-79
555
1171
1354
934
240
-11
662
1984
3129
3409
2760
1737
1141
1408
2177
2572
2073
987
75
-157
274
977
1488
1542
1191
696
318
206
410
820
1106
725
-801
-3295
-5589
-6173
-4599
-2099
-603
-1100
-2876
-4076
-3134
-196
2804
3786
2383
67
-1348
-1043
523
2138
2651
1765
146
-1223
-1730
-1343
-504
78
-163
-1255
-2648
-3536
-3365
-2258
-997
-424
-751
-1439
-1706
-1123
88
1207
1557
996
-39
-870
-1011
-492
128
242
-215
-719
-660
156
1422
2550
3061
2929
2601
2579
3037
3723
4210
4138
3449
2420
1493
1010
1020
1232
1187
616
-293
-974
-963
-449
-382
-1692
-4150
-6167
-6182
-4241
-2012
-1270
-2395
-4057
-4242
-2048
1316
3547
3411
1684
75
-273
662
2053
2831
2440
1198
-119
-918
-1009
-518
140
387
-136
-1274
-2375
-2683
-1887
-465
605
677
-6
-572
-315
723
1809
2151
1522
401
-464
-669
-383
-130
-353
-1123
-2070
-2570
-2102
-627
1321
2903
3512
3208
2711
2844
3892
5338
6227
5903
4546
3043
2238
2263
2553
2439
1684
607
-209
-390
-81
256
317
150
-210
-1119
-3004
-5536
-7366
-7158
-5029
-2733
-2203
-3790
-5826
-5953
-3222
823
3376
2947
622
-1213
-1055
799
2888
3778
3020
1382
132
-18
674
1398
1438
566
-879
-2261
-3008
-2883
-2121
-1389
-1383
-2188
-3111
-3247
-2281
-801
138
-144
-1316
-2290
-2233
-1269
-316
-272
-1281
-2527
-2802
-1557
541
2189
2554
1864
1104
1250
2549
4345
5657
6020
5744
5417
5326
5325
5130
4585
3766
2810
1751
577
-543
-1259
-1352
-1064
-1157
-2456
-4963
-7341
-7806
-5894
-3101
-1575
-2245
-4109
-5039
-3485
53
3215
3863
2026
-315
-1153
28
2163
3583
3268
1581
-163
-865
-384
619
1255
940
-272
-1707
-2520
-2251
-1117
68
376
-521
-2007
-2958
-2644
-1307
80
565
-46
-1095
-1626
-1150
-31
779
467
-866
-2111
-2024
-394
1714
2909
2648
1581
990
1778
3742
5699
6557
6293
5809
5865
6348
6600
6150
5141
4056
3199
2469
1619
697
6
-256
-388
-1104
-3007
-5759
-7961
-8209
-6537
-4508
-3805
-4813
-6356
-6599
-4451
-710
2308
2742
933
-1050
-1397
45
2007
2962
2225
422
-1110
-1410
-593
437
722
-115
-1648
-2966
-3314
-2593
-1401
-689
-1131
-2504
-3707
-3645
-2195
-353
599
61
-1381
-2422
-2050
-444
1133
1407
235
-1199
-1426
-27
2023
3310
3223
2344
1783
2195
3292
4255
4623
4683
4981
5605
6144
6261
6076
5948
5949
5725
4862
3347
1668
479
96
128
-417
-2343
-5289
-7678
-8006
-6296
-4165
-3403
-4453
-6062
-6307
-4288
-1060
1169
1007
-872
-2440
-2145
-170
1899
2491
1355
-334
-1099
-483
699
1229
580
-822
-2154
-2902
-3068
-2904
-2673
-2610
-2888
-3421
-3792
-3536
-2628
-1582
-1044
-1170
-1489
-1380
-753
-104
136
167
563
1461
2328
2573
2221
1870
2096
2940
3836
4087
3583
3066
3461
4871
6448
7271
7176
6747
6618
6890
7066
6518
5187
3688
2728
2346
1924
770
-1335
-3961
-6137
-6892
-6142
-4995
-4814
-5923
-7308
-7581
-6074
-3427
-1277
-1006
-2408
-3757
-3459
-1499
747
1839
1402
315
-79
782
2130
2665
1841
275
-990
-1456
-1478
-1713
-2403
-3251
-3910
-4309
-4498
-4465
-4281
-4092
-3898
-3457
-2584
-1448
-521
-124
8
563
1865
3332
3974
3452
2480
2196
3090
4476
5095
4381
3137
2711
3570
4873
5455
5043
4483
4770
5937
6944
6729
5338
3875
3363
3688
3772
2769
954
-758
-1863
-2612
-3415
-4318
-5102
-5618
-5982
-6394
-6740
-6476
-5311
-3857
-3194
-3629
-4322
-4232
-3133
-1730
-950
-1119
-1612
-1408
-161
1413
2276
2083
1363
861
807
790
257
-868
-2201
-3351
-4210
-4821
-5193
-5380
-5494
-5647
-5779
-5665
-5063
-3982
-2725
-1574
-558
418
1289
1928
2470
3276
4495
5747
6385
6131
5395
4985
5342
6106
6454
5872
4684
3774
3866
4880
5986
6267
5500
4341
3681
3796
4120
3893
2941
1720
714
-38
-822
-1791
-2820
-3650
-4146
-4388
-4589
-4871
-5098
-5040
-4673
-4261
-4117
-4346
-4786
-5065
-4830
-4061
-3175
-2638
-2493
-2364
-1897
-1074
-140
596
930
865
627
504
575
612
285
-486
-1407
-2077
-2393
-2637
-3114
-3756
-4180
-4099
-3592
-2925
-2224
-1453
-627
126
755
1436
2387
3566
4595
5081
5020
4871
5120
5798
6443
6540
6013
5323
5071
5447
6017
6135
5562
4648
3899
3469
3085
2373
1266
95
-721
-1090
-1324
-1758
-2395
-2982
-3287
-3291
-3135
-2997
-2921
-2799
-2498
-2049
-1662
-1589
-1947
-2601
-3223
-3502
-3405
-3237
-3349
-3784
-4165
-4052
-3406
-2655
-2301
-2437
-2665
-2461
-1727
-962
-812
-1392
-2149
-2405
-1983
-1358
-1218
-1806
-2648
-2969
-2417
-1394
-612
-395
-451
-299
182
680
870
807
879
1378
2180
2831
2991
2766
2595
2818
3323
3694
3623
3255
3000
3122
3494
3774
3734
3409
3007
2713
2556
2428
2223
1957
1715
1479
1136
651
185
-72
-102
-72
-141
-316
-463
-459
-312
-177
-191
-341
-519
-636
-699
-748
-874
-1168
-1611
-2022
-2215
-2198
-2181
-2370
-2703
-2870
-2567
-1896
-1327
-1216
-1402
-1420
-1032
-498
-254
-418
-680
-640
-279
102
236
168
93
114
218
357
496
566
492
310
208
374
755
1046
949
517
123
132
533
979
1129
959
732
689
776
756
547
341
337
451
441
209
-54
-45
341
897
1266
1259
1019
855
983
1344
1696
1791
1583
1257
1039
970
886
605
118
-443
-959
-1435
-1913
-2319
-2506
-2476
-2455
-2624
-2902
-3034
-2897
-2604
-2352
-2208
-2075
-1892
-1639
-1551
-1684
-1775
-1353
-386
329
132
-674
-1037
-335
978
1818
1525
418
-401
-106
907
1529
1184
426
204
573
752
216
-512
-458
418
1122
896
166
-37
618
1454
1680
1256
826
897
1273
1382
1055
750
954
1513
1771
1410
856
807
1360
1916
1925
1514
1320
1713
2349
2540
2016
1279
964
1051
907
98
-999
-1654
-1562
-1145
-1112
-1716
-2551
-2963
-2701
-2175
-2025
-2464
-3000
-2972
-2274
-1474
-1135
-1258
-1412
-1259
-857
-446
-178
-16
123
269
457
756
1145
1411
1335
994
788
1030
1520
1683
1177
316
-243
-248
-103
-353
-1016
-1568
-1543
-991
-358
-12
100
264
608
969
1139
1108
1007
904
770
570
367
292
399
526
423
53
-289
-281
90
566
918
1135
1299
1509
1809
2105
2129
1689
925
248
-131
-370
-720
-1173
-1502
-1594
-1605
-1773
-2090
-2294
-2168
-1837
-1636
-1743
-1971
-2009
-1766
-1459
-1351
-1473
-1667
-1767
-1742
-1593
-1252
-666
19
490
559
379
302
524
937
1280
1373
1218
936
688
578
603
650
586
356
40
-184
-146
199
726
1241
1591
1757
1809
1843
1932
2080
2240
2347
2359
2259
2063
1786
1460
1178
1064
1140
1218
1102
815
591
652
961
1230
1158
712
168
-200
-377
-537
-784
-1035
-1195
-1268
-1334
-1427
-1546
-1703
-1877
-1994
-1965
-1832
-1758
-1859
-2069
-2215
-2212
-2143
-2093
-2057
-1962
-1789
-1569
-1271
-882
-483
-243
-222
-296
-316
-257
-210
-244
-342
-413
-398
-329
-267
-175
5
191
188
-30
-257
-280
-129
32
134
230
375
532
649
726
830
1028
1286
1490
1545
1486
1403
1367
1393
1443
1440
1318
1115
954
916
962
997
988
964
981
1051
1127
1093
886
615
468
497
553
458
159
-256
-652
-925
-1060
-1143
-1265
-1448
-1605
-1631
-1495
-1311
-1264
-1415
-1624
-1675
-1486
-1177
-958
-953
-1094
-1176
-1042
-767
-588
-668
-921
-1088
-954
-512
60
532
745
700
541
444
473
566
671
797
937
993
895
731
723
1017
1505
1901
2041
2051
2163
2400
2555
2482
2302
2190
2130
1954
1608
1219
931
768
667
582
518
499
524
583
679
814
943
980
853
601
343
166
59
-72
-324
-736
-1256
-1723
-2022
-2185
-2327
-2443
-2404
-2172
-1920
-1873
-2059
-2293
-2324
-2064
-1694
-1541
-1733
-2048
-2140
-1912
-1602
-1506
-1690
-1974
-2126
-2028
-1725
-1355
-1069
-924
-903
-922
-894
-795
-674
-606
-586
-548
-464
-388
-362
-329
-229
-105
-52
-46
36
246
491
674
817
1023
1329
1632
1787
1752
1640
1586
1571
1469
1245
1028
1016
1262
1615
1837
1802
1634
1565
1672
1806
1795
1643
1496
1467
1518
1525
1385
1114
805
521
274
77
0
87
245
277
48
-324
-531
-376
7
245
116
-234
-443
-332
-66
29
-200
-620
-993
-1191
-1238
-1209
-1129
-996
-815
-646
-540
-438
-239
86
423
621
636
535
396
267
140
7
-151
-334
-507
-617
-610
-473
-216
96
372
561
679
767
822
799
670
484
348
336
402
394
232
37
10
198
414
419
209
5
9
194
378
447
419
381
372
330
175
-88
-329
-439
-459
-524
-708
-958
-1167
-1285
-1335
-1355
-1361
-1349
-1301
-1212
-1117
-1063
-1050
-1015
-949
-915
-966
-1032
-991
-857
-780
-856
-951
-847
-514
-177
-61
-149
-214
-79
212
458
513
395
234
135
129
182
227
201
96
-24
-92
-70
66
291
519
603
481
266
176
299
512
610
513
351
312
478
735
885
828
657
533
554
682
825
908
916
867
786
701
669
729
846
929
912
791
597
369
175
60
1
-77
-215
-374
-471
-434
-250
37
319
438
305
-2
-240
-231
-59
6
-195
-531
-771
-835
-820
-830
-836
-754
-576
-397
-312
-297
-238
-54
209
395
373
147
-127
-285
-317
-346
-482
-683
-805
-739
-531
-329
-259
-306
-349
-300
-201
-147
-152
-138
-48
101
236
291
259
196
177
233
341
456
549
613
661
709
751
767
746
714
704
684
560
260
-137
-452
-550
-458
-317
-265
-360
-549
-669
-557
-240
44
83
-71
-158
-3
312
559
572
375
118
-38
-44
13
-17
-222
-553
-879
-1066
-1061
-875
-589
-324
-181
-175
-220
-196
-55
133
225
124
-135
-393
-501
-421
-243
-80
-9
-32
-89
-95
-1
171
361
513
582
556
480
451
527
631
616
431
218
188
415
750
972
993
908
867
912
980
1013
1020
997
899
707
484
344
346
409
363
76
-374
-743
-827
-662
-469
-453
-633
-853
-925
-802
-588
-443
-458
-621
-852
-1056
-1188
-1249
-1275
-1321
-1447
-1635
-1768
-1734
-1546
-1342
-1246
-1241
-1200
-1040
-832
-712
-706
-716
-660
-566
-515
-503
-449
-261
38
315
463
493
535
656
827
966
1052
1142
1271
1408
1465
1417
1330
1303
1350
1403
1418
1428
1480
1566
1660
1741
1824
1909
1967
1949
1825
1624
1428
1295
1210
1106
932
697
461
301
237
227
209
148
22
-178
-400
-537
-523
-433
-405
-493
-636
-744
-774
-732
-663
-653
-790
-1077
-1380
-1530
-1448
-1222
-1033
-1008
-1128
-1250
-1246
-1118
-980
-929
-962
-1012
-1027
-1022
-1017
-997
-920
-781
-661
-637
-670
-627
-450
-257
-196
-237
-205
-4
262
422
440
436
508
612
623
534
487
616
862
1038
1049
996
1047
1237
1421
1423
1219
966
836
853
881
798
610
415
285
204
122
13
-114
-272
-446
-602
-720
-840
-962
-994
-885
-721
-663
-725
-783
-729
-615
-587
-747
-1045
-1327
-1452
-1414
-1308
-1259
-1309
-1404
-1446
-1353
-1120
-827
-617
-582
-689
-785
-712
-450
-165
-49
-118
-210
-146
105
460
786
987
1025
960
876
852
914
1039
1147
1159
1055
890
773
811
1044
1364
1597
1655
1608
1577
1596
1600
1527
1398
1268
1143
983
790
662
689
832
928
847
625
435
422
576
749
805
731
583
403
183
-77
-330
-507
-563
-532
-527
-640
-841
-1026
-1116
-1138
-1165
-1230
-1300
-1326
-1302
-1269
-1247
-1184
-1025
-831
-756
-875
-1060
-1132
-1046
-925
-908
-1003
-1092
-1041
-842
-588
-384
-262
-193
-132
-53
27
103
187
278
310
229
85
-9
18
148
301
402
433
430
451
516
601
648
612
521
471
530
644
720
727
704
699
747
864
1009
1073
968
721
450
289
272
340
378
289
64
-199
-339
-310
-216
-236
-416
-634
-754
-791
-878
-1063
-1237
-1275
-1196
-1122
-1108
-1070
-917
-664
-429
-311
-303
-298
-206
-50
58
25
-127
-285
-326
-215
-13
153
216
215
256
376
508
580
610
690
847
986
991
870
753
743
807
859
875
891
919
927
891
826
747
651
536
425
319
198
67
-23
-40
-16
4
22
72
154
235
289
282
178
-11
-219
-392
-530
-670
-801
-876
-884
-882
-922
-994
-1023
-990
-934
-903
-901
-905
-911
-924
-936
-907
-824
-722
-671
-687
-702
-622
-448
-278
-196
-181
-171
-144
-129
-99
-6
147
259
242
134
108
301
653
953
1044
961
829
724
665
656
714
827
969
1101
1160
1119
1002
892
839
830
806
696
507
305
176
127
101
57
18
34
119
233
335
405
436
413
326
197
92
56
79
102
62
-39
-161
-247
-274
-263
-268
-343
-491
-661
-792
-853
-855
-824
-781
-738
-715
-733
-768
-754
-639
-478
-360
-316
-273
-180
-88
-98
-224
-357
-359
-210
-33
21
-78
-226
-294
-244
-144
-90
-121
-172
-149
-10
166
273
277
246
239
248
235
192
168
204
267
263
132
-76
-249
-336
-363
-385
-412
-410
-364
-314
-307
-306
-217
-26
159
212
112
-60
-195
-249
-247
-238
-240
-248
-255
-244
-189
-80
68
210
307
342
345
373
435
482
451
331
168
33
-29
-49
-90
-169
-217
-191
-149
-184
-277
-294
-130
144
347
375
303
271
305
324
247
105
8
27
115
163
133
85
104
207
358
490
547
517
447
385
338
261
148
69
60
69
27
-50
-84
-46
32
112
202
314
453
590
680
664
543
390
310
302
263
69
-246
-530
-634
-512
-212
221
690
1118
1418
1594
1615
1437
1007
402
-211
-635
-747
-591
-356
-311
-535
-952
-1316
-1497
-1439
-1258
-1057
-894
-705
-409
-4
426
746
889
811
584
282
27
-175
-299
-348
-264
-94
56
67
-97
-366
-677
-966
-1241
-1471
-1627
-1660
-1589
-1436
-1201
-879
-481
-110
170
309
369
388
395
358
311
349
528
779
959
1062
1184
1445
1773
2039
2058
1781
1240
599
17
-397
-594
-577
-397
-156
56
141
93
-86
-335
-645
-959
-1185
-1238
-1132
-922
-650
-305
23
210
185
40
-105
-226
-347
-444
-431
-304
-104
89
243
290
241
150
44
-105
-342
-568
-757
-894
-1029
-1082
-1019
-824
-607
-423
-295
-213
-166
-228
-320
-415
-347
-187
26
163
233
289
387
506
542
431
285
258
438
695
842
808
693
654
721
875
995
1072
991
883
791
815
858
865
809
723
654
648
758
878
960
907
868
807
748
565
335
116
-67
-144
-119
50
141
76
-111
-245
-250
-159
-3
85
31
-167
-353
-426
-439
-433
-435
-398
-397
-425
-501
-616
-813
-1042
-1144
-1054
-886
-873
-1059
-1352
-1516
-1486
-1208
-947
-881
-1098
-1253
-1120
-688
-214
119
281
196
34
-205
-281
-337
-163
176
600
722
452
102
-19
206
487
688
607
449
274
275
305
359
407
509
582
595
517
394
254
112
8
-168
-310
-442
-350
-214
-20
9
-30
-180
-220
-69
271
554
561
340
88
-6
6
62
45
22
16
116
187
150
-33
-235
-382
-469
-524
-650
-819
-961
-847
-557
-233
-137
-258
-543
-787
-888
-757
-553
-375
-353
-445
-508
-381
-35
261
362
322
430
663
953
1082
1093
969
818
714
680
701
749
823
855
807
719
743
891
1040
1052
912
736
603
610
737
897
941
824
700
669
749
743
557
222
-121
-294
-243
-12
144
144
13
-38
-27
-10
-22
-55
-107
-233
-336
-374
-330
-353
-448
-584
-679
-752
-856
-993
-1086
-1101
-1028
-953
-908
-875
-803
-643
-450
-333
-316
-388
-390
-338
-229
-151
-130
-150
-192
-121
-21
110
68
7
-113
-142
-171
-112
-11
114
179
119
-49
-294
-412
-350
-31
270
476
397
316
297
517
685
693
485
261
150
141
270
473
732
831
735
459
159
-54
-182
-202
-211
-197
-270
-403
-572
-673
-665
-604
-531
-575
-687
-824
-813
-705
-590
-520
-476
-427
-391
-310
-151
-1
78
66
18
-47
-126
-96
-16
129
85
21
-121
-87
-46
14
-10
-111
-153
-154
56
271
469
453
404
420
564
697
644
416
55
-116
-72
261
541
678
603
492
475
568
744
769
612
281
43
-20
61
214
394
605
682
617
391
201
55
13
2
-10
-49
-184
-332
-481
-442
-337
-198
-241
-360
-461
-400
-233
-144
-159
-214
-142
-21
80
29
-71
-179
-116
0
-14
-266
-575
-697
-590
-366
-113
7
-25
-132
-91
44
152
105
34
25
129
334
433
379
133
64
192
474
609
544
345
123
-36
-154
-219
-251
-205
-103
21
32
-82
-331
-555
-651
-486
-150
195
389
413
383
273
131
-41
-73
17
121
115
-23
-169
-247
-174
-31
80
45
-139
-315
-362
-180
34
195
138
-6
-157
-198
-181
-261
-413
-586
-593
-511
-374
-365
-405
-503
-492
-470
-417
-378
-316
-236
-234
-249
-333
-384
-466
-419
-315
-154
-81
-44
-21
21
47
38
43
26
40
38
97
141
156
152
107
50
-98
-184
-177
-16
179
374
530
569
556
521
637
714
722
570
530
594
747
790
727
582
472
504
648
779
803
745
656
505
313
208
212
266
242
217
203
212
160
133
125
192
230
281
251
198
99
51
69
113
180
180
196
105
12
-170
-316
-516
-652
-686
-553
-412
-456
-595
-732
-611
-413
-180
-125
-169
-257
-275
-213
-110
-5
-8
-48
-129
-82
-48
44
47
91
33
10
-71
-109
-173
-190
-108
-4
141
188
318
328
358
201
129
46
96
100
41
-78
-200
-219
-205
-108
-40
41
46
23
-101
-215
-236
-102
15
7
-125
-212
-274
-380
-559
-717
-756
-707
-592
-484
-467
-617
-840
-936
-811
-573
-394
-369
-444
-583
-597
-556
-418
-397
-341
-259
-79
15
-32
-151
-221
-148
-32
56
37
18
-4
42
54
152
228
286
233
197
248
361
487
582
729
854
975
1021
982
917
858
930
933
826
590
486
620
892
1176
1319
1348
1139
839
551
505
554
587
505
436
395
339
311
305
322
184
-21
-252
-404
-553
-640
-644
-617
-641
-787
-921
-1063
-1158
-1230
-1196
-1033
-889
-806
-837
-848
-883
-911
-936
-892
-817
-725
-612
-473
-425
-479
-527
-510
-461
-521
-576
-645
-604
-485
-249
-21
85
41
-20
-51
-14
32
114
166
166
193
292
480
613
687
675
636
543
547
594
785
905
1039
1028
968
885
811
763
623
551
447
463
410
416
305
226
235
400
584
596
531
448
487
520
578
513
368
126
-64
-136
-108
8
72
66
-90
-204
-236
-122
-119
-239
-455
-536
-466
-286
-120
-46
-160
-444
-708
-796
-709
-656
-675
-677
-558
-382
-286
-269
-359
-419
-461
-358
-235
-171
-211
-275
-275
-256
-214
-121
40
150
165
97
56
39
10
-14
-76
-95
-92
16
119
138
89
53
137
152
125
-18
-65
-50
150
408
582
510
262
72
-6
94
151
185
-62
-355
-639
-628
-496
-338
-305
-383
-462
-450
-267
-93
31
-5
-41
-150
-204
-240
-158
-44
89
149
207
233
222
174
159
281
391
396
246
120
89
239
435
644
598
413
235
341
606
817
777
540
234
-33
-65
-1
208
234
303
324
464
470
383
237
155
184
182
292
302
379
244
204
110
120
23
-48
-117
-127
-105
-98
-84
-156
-250
-325
-276
-173
-120
-182
-252
-297
-204
-174
-154
-300
-370
-441
-427
-511
-613
-731
-782
-692
-552
-334
-304
-292
-349
-248
-134
-3
61
87
68
-32
-77
-126
-80
-86
-4
55
93
42
20
68
161
215
244
246
263
235
178
53
-97
-177
-223
-208
-261
-243
-254
-170
-86
124
279
331
119
-152
-350
-318
-179
-64
-54
-167
-354
-546
-542
-379
-114
-49
-39
-209
-329
-480
-416
-327
-268
-362
-435
-421
-328
-151
24
206
221
205
121
165
188
244
148
47
-37
63
263
462
552
517
466
469
564
648
658
547
419
240
158
85
166
210
346
362
335
94
-161
-287
-198
59
254
403
417
418
360
358
318
292
190
152
152
202
180
121
65
99
155
180
92
-54
-155
-160
-140
-218
-385
-508
-420
-160
48
-3
-246
-433
-346
-81
274
426
435
225
87
2
78
176
225
145
-50
-161
-204
-129
-126
-113
-225
-327
-460
-421
-335
-190
-177
-193
-270
-277
-182
-66
60
19
45
9
98
64
120
117
195
91
-110
-350
-459
-407
-360
-324
-403
-437
-513
-454
-399
-258
-255
-346
-501
-602
-490
-293
35
215
284
169
76
66
154
257
312
340
404
499
627
649
663
559
507
353
262
176
184
216
222
235
252
343
400
417
347
263
214
219
268
276
239
250
332
492
508
386
135
32
66
232
251
158
-62
-214
-245
-197
-186
-319
-395
-300
2
178
150
-99
-295
-439
-464
-495
-581
-762
-942
-945
-773
-535
-416
-475
-644
-813
-771
-615
-416
-427
-565
-680
-644
-433
-246
-67
3
101
161
271
365
410
370
207
117
30
79
108
271
456
622
616
462
272
153
198
346
559
626
609
534
582
631
591
483
454
594
732
736
561
328
120
45
128
305
413
373
310
258
276
267
308
324
231
26
-169
-250
-328
-442
-549
-588
-590
-638
-685
-741
-732
-697
-579
-488
-443
-465
-438
-347
-258
-258
-357
-448
-505
-453
-419
-329
-316
-230
-179
-39
68
176
227
290
418
556
665
635
607
593
706
765
715
522
346
294
347
404
369
229
5
-148
-131
84
263
306
200
86
35
57
149
167
77
-135
-319
-433
-503
-498
-467
-386
-391
-476
-579
-638
-603
-566
-507
-533
-564
-654
-663
-702
-775
-965
-1185
-1350
-1422
-1378
-1280
-1176
-1146
-1101
-992
-779
-569
-400
-340
-374
-382
-252
32
163
113
-50
-60
92
353
665
914
1032
960
865
803
875
998
1127
1151
1030
935
958
1191
1394
1487
1364
1183
1030
964
943
930
917
855
746
613
570
567
619
611
605
483
330
147
110
182
286
273
110
-138
-312
-324
-186
-88
-150
-296
-337
-236
-175
-287
-501
-640
-646
-531
-412
-344
-327
-334
-347
-499
-719
-875
-815
-640
-500
-514
-626
-767
-743
-547
-252
-103
-134
-258
-317
-265
-184
-132
-196
-257
-305
-190
-33
144
156
73
51
179
470
655
714
561
398
311
419
597
723
682
528
365
213
120
5
-40
-55
39
153
225
152
-24
-114
27
359
617
584
297
-45
-176
-68
202
389
419
295
175
144
223
370
452
385
139
-114
-219
-135
-34
-69
-213
-316
-247
-135
-107
-299
-552
-778
-811
-724
-522
-342
-272
-336
-475
-532
-446
-212
2
59
-97
-299
-438
-419
-381
-350
-395
-389
-301
-144
-51
-102
-231
-320
-244
-153
-117
-308
-519
-671
-562
-320
-74
-82
-297
-504
-465
-174
78
140
-109
-401
-590
-479
-246
-18
94
87
-3
-97
-70
110
264
326
277
255
233
257
301
380
443
460
485
428
321
126
54
99
285
393
424
314
251
270
401
468
390
211
83
132
324
575
706
720
653
644
674
719
716
644
485
274
89
-28
-78
-50
53
189
238
244
243
335
379
384
323
303
291
264
206
131
23
-103
-170
-137
-57
-79
-154
-243
-253
-252
-200
-186
-210
-363
-485
-621
-746
-882
-873
-679
-451
-315
-296
-266
-242
-148
-60
19
-50
-141
-143
-26
-5
-130
-282
-296
-216
-148
-126
-119
-129
-115
-84
-8
41
68
144
291
475
579
538
358
100
-117
-185
-114
-32
-54
-241
-481
-716
-840
-859
-772
-608
-469
-427
-565
-745
-809
-664
-425
-195
-22
76
8
-142
-225
-143
16
12
-98
-322
-443
-497
-431
-339
-214
-87
37
111
107
34
-107
-161
-44
243
471
464
284
117
108
192
295
406
524
640
604
525
459
538
581
550
464
498
584
667
624
513
391
377
561
812
914
718
365
84
59
221
474
613
591
437
314
361
546
739
779
626
339
58
-126
-230
-304
-326
-249
-122
-108
-227
-411
-505
-466
-341
-234
-221
-247
-134
79
242
165
-26
-136
-30
181
320
194
-87
-333
-346
-188
-57
-34
-132
-165
-168
-139
-193
-221
-185
-89
-32
-18
-25
-62
-117
-101
-8
98
98
41
-20
-36
-17
8
-21
-114
-244
-336
-411
-440
-397
-299
-199
-173
-191
-296
-457
-622
-616
-468
-321
-336
-479
-560
-503
-324
-245
-328
-587
-747
-733
-517
-312
-196
-150
-133
-73
23
231
449
594
475
239
-17
-49
95
358
540
527
400
262
275
346
461
510
499
443
432
529
624
619
448
311
302
423
478
333
39
-261
-346
-176
155
437
492
290
-38
-292
-284
-67
182
288
220
111
-18
-74
-108
-113
-193
-340
-517
-669
-803
-897
-920
-887
-789
-696
-579
-574
-665
-784
-766
-579
-401
-305
-349
-363
-360
-281
-194
-130
-73
-86
-135
-258
-305
-190
98
371
460
376
258
240
359
590
859
965
882
668
477
341
277
362
542
688
620
461
311
365
487
696
754
754
635
613
620
615
530
382
264
166
137
127
133
59
-58
-224
-270
-233
-128
-125
-229
-395
-534
-554
-495
-429
-465
-521
-547
-533
-574
-582
-462
-245
-54
-9
-50
-178
-349
-542
-659
-640
-423
-93
218
320
198
39
-2
175
440
673
715
569
338
184
162
279
458
583
542
332
78
-98
-165
-133
-69
35
142
245
293
213
97
18
146
348
535
506
310
61
-37
51
152
149
-25
-255
-561
-788
-803
-531
-184
-42
-179
-423
-569
-485
-318
-204
-328
-542
-680
-550
-350
-255
-489
-749
-888
-686
-435
-265
-360
-581
-811
-913
-837
-715
-521
-388
-189
-146
-185
-329
-338
-240
-59
107
250
332
343
389
508
685
760
686
421
154
16
141
307
397
329
305
358
538
683
733
535
233
-49
-31
253
656
851
730
491
449
775
1239
1550
1418
1005
520
309
245
211
116
94
163
222
268
348
484
543
503
403
245
69
-116
-60
116
273
179
-71
-239
-223
-23
155
187
2
-243
-381
-269
-13
259
310
174
-158
-474
-612
-470
-119
135
96
-242
-657
-925
-933
-699
-334
-107
-216
-562
-852
-856
-647
-439
-419
-613
-920
-1101
-1120
-960
-821
-656
-530
-365
-269
-221
-326
-485
-614
-526
-270
-42
0
-87
-118
17
177
214
113
-14
-61
-137
-217
-356
-362
-325
-110
52
175
58
-156
-258
-60
427
824
924
643
341
217
433
803
1094
1132
860
523
276
268
364
528
623
626
464
211
42
43
206
375
479
511
467
276
-5
-215
-177
107
427
663
622
331
-7
-159
65
325
560
437
153
-267
-372
-197
138
139
-159
-617
-883
-800
-565
-326
-498
-752
-1011
-760
-389
71
84
-123
-520
-707
-559
-293
-29
-177
-258
-418
-164
-116
-78
-399
-601
-674
-527
-330
-350
-407
-560
-350
-195
179
246
406
234
168
105
322
535
552
415
100
-3
-182
-95
-241
-170
-234
7
82
119
-81
-191
-40
266
581
530
394
55
17
37
471
682
819
483
176
-156
-278
-211
-46
189
218
161
-30
-124
-192
-39
97
321
287
202
3
-7
132
313
372
227
152
192
601
961
1181
859
450
96
82
219
317
341
95
-83
-226
-11
186
303
161
-39
-155
-140
101
360
622
459
87
-352
-409
-112
215
405
286
176
88
272
403
456
141
-188
-569
-770
-913
-851
-634
-446
-251
-180
-53
-144
-281
-443
-413
-336
-236
-234
-366
-586
-703
-541
-293
-247
-397
-591
-630
-536
-341
-49
24
-27
-279
-342
-404
-376
-356
-322
-199
-168
36
135
355
429
460
209
-201
-556
-750
-777
-736
-241
526
1419
1729
1336
298
-673
-772
260
1592
2053
1079
-602
-1726
-1469
15
1449
1768
746
-611
-1372
-1135
-437
-1
-286
-884
-1002
-433
349
575
244
-239
-203
434
1050
954
21
-869
-981
-327
343
435
-118
-808
-1078
-603
188
575
331
-160
-284
-80
263
322
53
-474
-810
-614
-4
476
368
-112
-556
-587
-337
39
390
521
377
-136
-618
-650
85
1284
2297
2339
1363
47
-341
509
1893
2513
1888
549
-458
-294
806
1901
1858
869
-264
-524
-173
352
429
60
-475
-638
-216
286
193
-525
-1123
-1106
-513
156
532
306
-387
-861
-575
152
463
170
-344
-716
-1214
-1691
-1750
-1025
127
1036
1110
310
-681
-919
-33
1176
1595
741
-678
-1568
-1324
-421
241
43
-628
-1128
-984
-502
-79
-62
-423
-819
-970
-679
-303
-34
-73
-149
-210
-51
210
514
634
419
17
-448
-591
-435
-39
59
-286
-927
-1382
-1358
-934
-332
-58
-198
-574
-672
-481
-288
-407
-822
-1128
-1192
-892
-698
-646
-831
-877
-717
-366
-76
-32
-77
-97
148
300
455
477
636
740
798
842
925
1050
1104
1210
1226
1103
771
632
789
1135
1296
1269
1254
1331
1504
1615
1706
1658
1718
1909
2248
2278
1722
680
-390
-790
-377
400
682
45
-1067
-1816
-1715
-1033
-555
-690
-1238
-1616
-1571
-1263
-1055
-1089
-1185
-988
-359
342
530
16
-686
-758
127
1361
2005
1535
447
-375
-330
337
882
798
223
-254
-321
-125
80
187
312
441
662
1008
1461
1749
1634
1280
1129
1612
2488
3137
2887
1765
398
-401
-352
221
679
549
-288
-1568
-2751
-3291
-3045
-2386
-1946
-2041
-2577
-3199
-3651
-3766
-3479
-2785
-1806
-790
5
342
319
191
267
570
963
1315
1520
1390
766
-246
-1234
-1811
-1844
-1545
-1288
-1423
-2038
-2854
-3454
-3534
-3125
-2438
-1754
-1316
-1179
-1147
-828
1
1285
2724
3972
4732
4896
4735
4634
4753
4917
5022
5152
5248
5141
4713
4062
3162
1983
819
80
-194
-483
-1141
-2081
-3050
-3985
-4825
-5399
-5571
-5458
-5190
-4799
-4349
-4030
-3856
-3424
-2301
-545
1287
2721
3581
3947
3985
4035
4339
4764
4929
4492
3527
2245
916
-400
-1601
-2606
-3321
-3870
-4463
-5210
-6000
-6507
-6544
-5994
-4967
-3574
-2152
-1007
-211
547
1670
3276
5163
6873
7880
7880
7133
6415
6345
6945
7718
7959
6977
4491
1145
-1769
-3262
-3452
-3185
-3409
-4524
-6354
-8137
-9058
-8793
-7613
-6094
-4690
-3768
-3437
-3427
-3079
-1818
412
3144
5673
7419
8052
7677
6724
5762
5161
5011
5092
4869
3769
1622
-1110
-3644
-5410
-6197
-6201
-5912
-5947
-6649
-7715
-8441
-8086
-6451
-3875
-1099
1227
2785
3734
4479
5491
7051
9048
10856
11624
10924
9175
7327
6205
6049
6465
6497
5062
1798
-2442
-6090
-8048
-8324
-7853
-7780
-8721
-10353
-11744
-12050
-11098
-9118
-6583
-4002
-2016
-932
-492
61
1414
3682
6381
8713
10045
10061
8889
6938
4961
3640
3260
3200
2429
257
-3031
-6470
-9102
-10343
-10238
-9248
-8164
-7569
-7623
-7843
-7414
-5689
-2674
860
3958
6010
7087
7635
8222
9219
10690
12204
13004
12424
10491
7979
5905
4899
4768
4547
3012
-300
-4596
-8337
-10376
-10572
-9706
-8928
-9079
-10105
-11086
-10951
-9296
-6518
-3377
-600
1303
2170
2346
2554
3455
5245
7492
9387
10093
9244
7101
4493
2312
1071
631
290
-797
-3047
-6114
-9118
-11146
-11645
-10658
-8854
-7184
-6335
-6304
-6471
-5924
-3996
-678
3183
6394
8115
8410
8082
8132
9120
10843
12454
12931
11740
9190
6293
4145
3343
3582
3690
2244
-1263
-5775
-9388
-10757
-9938
-8097
-6725
-6688
-7752
-8776
-8619
-6870
-3907
-569
2230
3725
3804
3111
2772
3612
5671
8126
9807
9867
8245
5615
2906
914
-18
-53
76
-610
-2707
-5946
-9212
-11263
-11369
-9744
-7379
-5483
-4821
-5269
-5978
-5799
-3990
-646
3219
6223
7490
7187
6347
6136
7161
9113
10925
11385
9846
6793
3522
1422
1092
2015
2671
1417
-2183
-6814
-10343
-11430
-10216
-7968
-6220
-5943
-6933
-7993
-7879
-6152
-3252
-11
2673
4030
3798
2574
1607
1972
3867
6478
8520
8956
7529
4822
1900
-220
-994
-582
148
-19
-1845
-5033
-8321
-10284
-10157
-8171
-5439
-3289
-2570
-3169
-4128
-4120
-2283
1182
5034
7741
8493
7616
6325
5899
6949
9079
11057
11507
9783
6508
3168
1188
1086
2216
2971
1708
-1942
-6565
-9993
-10945
-9648
-7398
-5650
-5321
-6208
-7203
-7063
-5287
-2258
1070
3603
4553
3892
2454
1486
1870
3625
5894
7471
7422
5599
2649
-329
-2295
-2729
-1919
-947
-1118
-3051
-6193
-9157
-10610
-9955
-7572
-4637
-2477
-1859
-2485
-3246
-2864
-699
2884
6598
8941
9137
7668
5987
5532
6859
9329
11455
11743
9670
6132
2853
1188
1408
2614
3175
1578
-2318
-6930
-10066
-10513
-8646
-5921
-4015
-3835
-4970
-5969
-5537
-3395
-229
2891
4978
5377
4189
2339
1161
1497
3191
5203
6270
5616
3329
252
-2491
-4036
-4111
-3132
-2123
-2280
-4187
-7290
-10150
-11344
-10290
-7528
-4414
-2356
-2075
-3173
-4346
-4147
-1835
2057
6016
8340
8237
6285
4088
3242
4432
7070
9567
10179
8118
4264
567
-1212
-645
1196
2289
944
-2857
-7332
-10246
-10470
-8410
-5459
-3196
-2537
-3184
-3886
-3399
-1311
1876
5151
7437
8011
6882
4873
3255
3039
4356
6355
7660
7216
4906
1620
-1346
-3030
-3160
-2170
-1012
-871
-2457
-5467
-8551
-10146
-9323
-6453
-2981
-605
-183
-1296
-2643
-2818
-1064
2348
6086
8450
8386
6287
3708
2391
3160
5523
7905
8566
6664
2932
-809
-2837
-2595
-942
319
-492
-3663
-7764
-10650
-11042
-9131
-6192
-3734
-2719
-3093
-3882
-3901
-2456
322
3632
6296
7289
6330
4163
2187
1605
2762
4934
6772
7046
5368
2353
-762
-2819
-3176
-1976
-195
661
-495
-3452
-6727
-8530
-7844
-4981
-1357
1280
1886
694
-993
-1634
-311
2804
6518
9145
9470
7526
4686
2783
3005
5188
7889
9196
7906
4385
335
-2355
-2747
-1298
389
452
-1985
-6020
-9613
-11053
-10004
-7361
-4572
-2873
-2695
-3462
-4005
-3384
-1357
1586
4422
5949
5440
3243
682
-800
-498
1215
3194
4154
3342
944
-2026
-4291
-4992
-4072
-2304
-976
-1224
-3285
-6207
-8425
-8675
-6737
-3523
-613
659
49
-1452
-2329
-1504
1098
4562
7396
8305
7043
4653
2814
2750
4564
7202
9034
8730
6131
2430
-578
-1608
-544
1529
2764
1570
-2124
-6621
-9624
-9897
-7775
-4729
-2392
-1728
-2477
-3451
-3491
-2166
196
2829
4681
4880
3354
1085
-545
-648
743
2838
4520
4862
3566
1178
-1202
-2539
-2457
-1327
-63
237
-1125
-3848
-6625
-7973
-7179
-4676
-1773
63
75
-1265
-2586
-2574
-753
2340
5460
7201
6841
4878
2814
2127
3411
6081
8656
9530
7911
4487
978
-966
-715
1143
3060
3194
614
-3799
-7848
-9622
-8682
-5979
-3124
-1523
-1646
-2757
-3518
-3009
-1195
1271
3474
4505
3936
2162
270
-667
-175
1476
3523
5019
5176
3805
1509
-575
-1562
-1289
-318
425
55
-1728
-4313
-6470
-7118
-5984
-3711
-1525
-525
-996
-2188
-2867
-2135
76
3000
5424
6283
5376
3567
2279
2497
4207
6463
7976
7751
5657
2537
-215
-1454
-876
799
2032
1286
-1837
-6067
-9361
-10351
-9089
-6665
-4484
-3536
-3920
-4820
-5163
-4326
-2376
92
2175
2982
2233
500
-1116
-1714
-957
848
2906
4239
4166
2766
864
-557
-1058
-860
-488
-438
-1065
-2472
-4273
-5713
-6020
-4975
-3096
-1375
-592
-805
-1366
-1403
-423
1431
3451
4791
4941
4157
3323
3334
4446
6211
7855
8656
8136
6308
3858
1895
1292
2151
3670
4425
3149
-283
-4462
-7398
-7917
-6321
-3895
-2049
-1588
-2333
-3363
-3752
-3178
-1827
-125
1371
2071
1711
640
-365
-557
379
2221
4285
5706
5862
4755
3029
1444
356
-311
-759
-1173
-1783
-2797
-4175
-5503
-6171
-5849
-4755
-3465
-2478
-1892
-1482
-937
-82
1063
2307
3366
3990
4140
4075
4158
4591
5326
6137
6649
6366
5032
3005
1254
624
1246
2392
2880
1710
-1235
-4878
-7585
-8266
-7060
-5025
-3412
-2973
-3625
-4608
-5084
-4664
-3482
-1938
-577
67
-225
-1105
-1810
-1624
-262
1946
4212
5694
5957
5153
3796
2402
1190
200
-563
-1132
-1740
-2756
-4281
-5969
-7158
-7383
-6614
-5234
-3775
-2632
-1903
-1375
-769
125
1306
2618
3782
4608
5085
5322
5496
5752
6205
6691
6766
6021
4566
3057
2130
1978
2356
2741
2370
621
-2256
-5072
-6538
-6269
-4830
-3225
-2290
-2339
-3065
-3857
-4254
-4059
-3248
-1983
-796
-281
-622
-1385
-1873
-1515
-90
2131
4406
5841
5995
5075
3661
2179
845
-175
-744
-1021
-1530
-2756
-4709
-6765
-8039
-7922
-6455
-4260
-2195
-935
-634
-844
-795
122
1955
4192
6057
6970
6854
6135
5464
5387
6035
6961
7360
6660
5000
3133
1911
1853
2836
3977
3958
2025
-1233
-4173
-5389
-4645
-2783
-1002
-221
-801
-2432
-4334
-5550
-5469
-4110
-2184
-652
-159
-697
-1674
-2242
-1674
225
2917
5338
6527
6148
4539
2411
497
-655
-928
-738
-870
-2012
-4259
-6959
-9012
-9548
-8411
-6223
-4008
-2661
-2501
-3101
-3556
-3020
-1211
1467
4112
5803
6025
4981
3525
2731
3254
4896
6609
7110
5796
3222
770
-330
326
2195
4017
4310
2239
-1539
-5109
-6649
-5726
-3381
-1265
-672
-1939
-4331
-6541
-7466
-6763
-4795
-2387
-551
0
-688
-1744
-2055
-897
1660
4844
7524
8752
8194
6331
4163
2604
1951
1836
1595
645
-1232
-3772
-6275
-7923
-8158
-7047
-5284
-3832
-3308
-3610
-4035
-3740
-2228
365
3257
5373
5986
5202
3888
3060
3247
4295
5624
6558
6525
5277
3169
1122
150
676
2304
4075
4939
4148
1713
-1382
-3612
-3947
-2579
-739
135
-701
-2914
-5367
-6899
-6902
-5492
-3311
-1284
-207
-265
-869
-1070
-217
1773
4466
7145
8984
9430
8496
6758
4909
3359
2084
886
-390
-1767
-3247
-4849
-6460
-7766
-8387
-8280
-7744
-7115
-6395
-5398
-4043
-2454
-803
801
2200
3202
3682
3773
3701
3650
3658
3756
3950
4141
4086
3512
2405
1122
252
173
837
1866
2859
3373
2867
1081
-1410
-3423
-4160
-3869
-3429
-3575
-4501
-5926
-7294
-8059
-7976
-7151
-5917
-4613
-3522
-2734
-2122
-1385
-203
1603
3919
6282
8005
8532
7765
6126
4260
2679
1532
684
-168
-1299
-2846
-4714
-6635
-8241
-9150
-9093
-8064
-6394
-4593
-3095
-2012
-1106
25
1600
3485
5314
6772
7739
8190
8135
7706
7200
6911
6908
7010
6963
6598
5934
5186
4659
4573
4928
5535
6102
6215
5391
3458
875
-1492
-3008
-3597
-3665
-3822
-4596
-6052
-7688
-8766
-8870
-8078
-6727
-5180
-3786
-2826
-2277
-1786
-913
490
2207
3821
4941
5312
4863
3739
2252
756
-530
-1561
-2539
-3735
-5287
-7025
-8619
-9751
-10253
-10090
-9340
-8191
-6902
-5692
-4600
-3469
-2049
-202
1919
3902
5319
6021
6202
6231
6421
6877
7490
8006
8176
7935
7447
6963
6608
6361
6178
6059
6001
5948
5724
4987
3430
1060
-1640
-4010
-5580
-6248
-6248
-6032
-6010
-6252
-6463
-6313
-5713
-4743
-3451
-1916
-393
778
1467
1842
2215
2807
3622
4491
5161
5418
5110
4147
2586
710
-1070
-2488
-3572
-4522
-5476
-6460
-7447
-8386
-9143
-9500
-9234
-8270
-6755
-5021
-3430
-2204
-1319
-580
221
1146
2147
3131
4017
4754
5338
5816
6213
6543
6799
6957
6945
6729
6337
5813
5118
4213
3185
2167
1201
230
-804
-1960
-3266
-4535
-5346
-5387
-4770
-3976
-3420
-3238
-3270
-3195
-2685
-1638
-325
781
1329
1269
776
172
-161
102
1041
2375
3572
4143
3991
3410
2833
2482
2358
2351
2334
2135
1589
657
-543
-1776
-2789
-3410
-3673
-3754
-3799
-3816
-3717
-3467
-3077
-2568
-1917
-1088
-78
1117
2462
3849
5076
5994
6593
6911
6878
6348
5342
4129
3043
2209
1449
485
-755
-1979
-2746
-2807
-2266
-1438
-668
-309
-678
-1800
-3149
-3944
-3760
-2898
-2050
-1787
-2286
-3383
-4714
-5826
-6324
-6039
-5187
-4278
-3839
-3999
-4416
-4563
-4062
-2814
-968
1105
2924
4145
4730
4938
5095
5308
5387
5045
4192
2960
1513
-11
-1425
-2474
-3049
-3305
-3528
-3845
-4079
-3891
-3106
-1835
-351
1083
2235
2896
3048
2952
2979
3276
3649
3744
3373
2640
1828
1233
1059
1417
2257
3287
4045
4169
3694
2983
2465
2367
2676
3234
3767
3851
3011
1113
-1334
-3420
-4501
-4618
-4319
-4209
-4632
-5573
-6740
-7717
-8172
-8007
-7320
-6281
-5056
-3776
-2527
-1309
-60
1300
2781
4244
5436
6153
6397
6364
6259
6101
5764
5152
4312
3380
2497
1736
1065
363
-468
-1404
-2307
-3012
-3491
-3842
-4180
-4517
-4812
-5038
-5181
-5165
-4810
-3986
-2767
-1419
-161
1008
2214
3470
4579
5318
5653
5725
5679
5571
5480
5450
5415
5154
4545
3699
2890
2312
1991
1869
1804
1531
638
-1092
-3364
-5432
-6600
-6734
-6290
-5908
-5907
-6217
-6655
-7104
-7398
-7219
-6361
-4987
-3545
-2397
-1584
-946
-292
550
1776
3491
5513
7361
8528
8829
8435
7662
6717
5684
4577
3359
1914
79
-2178
-4612
-6779
-8311
-9109
-9329
-9230
-9026
-8774
-8395
-7747
-6718
-5321
-3698
-2056
-522
878
2129
3194
4083
4937
5906
6915
7697
8087
8197
8290
8502
8722
8702
8263
7420
6366
5328
4491
3935
3636
3448
3114
2342
885
-1275
-3826
-6167
-7714
-8203
-7858
-7197
-6723
-6634
-6779
-6795
-6355
-5330
-3804
-1989
-180
1314
2257
2645
2753
2993
3663
4761
5987
6910
7190
6690
5498
3892
2217
764
-326
-1072
-1644
-2310
-3309
-4747
-6515
-8291
-9609
-10059
-9552
-8416
-7203
-6329
-5877
-5666
-5407
-4778
-3474
-1398
1186
3685
5528
6509
6872
7065
7431
8084
8916
9661
9997
9706
8811
7583
6374
5405
4644
3886
2915
1675
297
-1009
-2051
-2687
-2834
-2526
-2051
-1833
-2177
-2975
-3773
-4087
-3740
-2943
-2108
-1614
-1623
-2022
-2537
-2915
-3086
-3119
-3127
-3160
-3186
-3118
-2889
-2456
-1784
-882
63
749
1002
987
1015
1208
1376
1271
836
157
-669
-1538
-2265
-2694
-2902
-3200
-3870
-4898
-5960
-6672
-6774
-6189
-5006
-3482
-1981
-818
-44
567
1343
2446
3801
5207
6432
7264
7549
7343
6911
6572
6462
6507
6552
6476
6244
5836
5296
4699
4154
3714
3335
2913
2398
1860
1423
1131
933
743
432
-195
-1288
-2727
-4104
-4966
-5151
-4874
-4544
-4483
-4748
-5162
-5430
-5318
-4783
-3981
-3150
-2468
-2014
-1730
-1432
-875
75
1328
2597
3588
4132
4203
3897
3379
2811
2277
1741
1098
276
-700
-1715
-2650
-3420
-4022
-4521
-4996
-5436
-5728
-5768
-5527
-5090
-4534
-3885
-3124
-2279
-1402
-464
629
1891
3160
4207
4912
5321
5543
5649
5679
5682
5692
5653
5435
4911
4095
3154
2304
1662
1174
698
160
-384
-828
-1135
-1339
-1480
-1536
-1439
-1216
-1060
-1185
-1559
-1895
-1930
-1670
-1343
-1199
-1356
-1760
-2236
-2574
-2654
-2520
-2328
-2255
-2397
-2694
-2916
-2785
-2166
-1127
93
1207
1987
2358
2371
2171
1960
1882
1913
1873
1594
1030
259
-589
-1402
-2106
-2621
-2906
-2978
-2944
-2886
-2792
-2576
-2185
-1706
-1290
-1026
-860
-695
-470
-190
119
454
818
1214
1625
2076
2639
3382
4244
5063
5660
5961
5999
5901
5840
5918
6098
6173
5905
5172
4044
2761
1624
881
601
624
652
438
-47
-732
-1526
-2354
-3025
-3331
-3244
-2965
-2804
-2919
-3293
-3731
-4058
-4198
-4204
-4188
-4207
-4260
-4279
-4189
-3905
-3413
-2767
-2040
-1237
-322
672
1621
2419
3050
3497
3669
3512
3154
2784
2456
1999
1188
-51
-1566
-3116
-4509
-5614
-6334
-6591
-6431
-6020
-5607
-5339
-5134
-4731
-3880
-2532
-819
985
2572
3660
4150
4197
4144
4292
4725
5332
5903
6228
6154
5656
4892
4142
3660
3507
3515
3429
3094
2514
1831
1266
1012
1091
1294
1332
1055
532
-54
-581
-1082
-1685
-2469
-3361
-4209
-4850
-5184
-5183
-4927
-4623
-4456
-4470
-4503
-4362
-3923
-3183
-2253
-1322
-630
-319
-327
-365
-123
501
1386
2325
3147
3725
3970
3925
3752
3647
3699
3817
3789
3433
2704
1663
411
-924
-2145
-3074
-3653
-3978
-4187
-4354
-4463
-4459
-4284
-3861
-3127
-2062
-810
393
1349
2061
2693
3391
4170
4908
5512
5969
6295
6460
6433
6270
6087
5934
5708
5301
4714
4037
3305
2472
1499
426
-661
-1663
-2488
-3072
-3432
-3656
-3830
-3990
-4136
-4302
-4546
-4894
-5252
-5449
-5374
-5067
-4679
-4307
-3905
-3359
-2641
-1911
-1375
-1130
-1071
-1035
-913
-652
-244
257
676
839
734
535
459
591
916
1362
1842
2182
2191
1795
1112
396
-169
-557
-888
-1308
-1898
-2652
-3472
-4204
-4674
-4779
-4529
-4040
-3502
-3058
-2709
-2296
-1618
-597
702
2081
3304
4158
4577
4695
4775
5038
5536
6149
6691
6997
6991
6689
6169
5523
4812
4084
3392
2755
2117
1402
620
-138
-835
-1485
-2064
-2455
-2551
-2402
-2204
-2198
-2490
-3034
-3683
-4290
-4703
-4756
-4369
-3679
-3003
-2600
-2480
-2421
-2170
-1612
-815
63
863
1454
1739
1699
1441
1172
1068
1202
1521
1876
2099
2051
1717
1204
702
375
295
402
522
460
97
-517
-1210
-1765
-2058
-2117
-2069
-2024
-2034
-2095
-2135
-2011
-1639
-1098
-564
-91
433
1128
1956
2750
3348
3710
3877
3907
3876
3916
4155
4582
4982
5069
4734
4090
3350
2619
1903
1192
518
-114
-766
-1486
-2211
-2821
-3246
-3514
-3670
-3750
-3790
-3811
-3807
-3716
-3493
-3155
-2794
-2530
-2422
-2439
-2508
-2534
-2429
-2131
-1678
-1237
-987
-965
-1035
-1062
-1037
-1032
-1052
-1036
-975
-951
-1011
-1084
-990
-609
18
675
1159
1409
1499
1531
1577
1726
2042
2471
2797
2757
2231
1350
402
-377
-896
-1183
-1286
-1300
-1372
-1597
-1906
-2098
-2050
-1815
-1521
-1222
-836
-267
451
1177
1802
2333
2809
3240
3628
4013
4416
4786
4999
4932
4557
3968
3330
2771
2319
1941
1574
1164
653
5
-735
-1449
-1986
-2278
-2372
-2417
-2549
-2799
-3062
-3197
-3122
-2820
-2330
-1769
-1303
-1018
-846
-613
-168
477
1140
1605
1805
1791
1619
1293
884
530
329
260
213
114
-15
-68
29
250
507
745
941
1082
1164
1216
1283
1349
1347
1147
674
-29
-748
-1246
-1411
-1351
-1311
-1504
-1988
-2604
-3121
-3343
-3203
-2741
-2102
-1499
-1127
-1014
-965
-733
-222
465
1148
1694
2027
2110
1987
1770
1589
1493
1437
1337
1132
802
363
-122
-554
-835
-917
-823
-649
-508
-476
-533
-603
-642
-677
-770
-934
-1123
-1264
-1306
-1231
-1057
-834
-647
-567
-619
-740
-783
-618
-223
265
667
874
874
739
550
387
267
156
-19
-305
-686
-1083
-1378
-1490
-1404
-1176
-876
-524
-116
322
749
1135
1459
1677
1733
1581
1228
755
272
-168
-601
-1089
-1631
-2145
-2530
-2739
-2770
-2660
-2438
-2132
-1772
-1406
-1067
-750
-395
87
733
1474
2153
2649
2936
3100
3240
3429
3680
3926
4046
3924
3542
3028
2562
2264
2109
1982
1788
1507
1188
892
666
544
520
529
441
153
-301
-781
-1138
-1306
-1281
-1096
-819
-521
-267
-79
45
144
292
522
813
1073
1251
1350
1406
1416
1312
1063
691
270
-168
-625
-1098
-1529
-1849
-2002
-1989
-1875
-1729
-1564
-1349
-1073
-763
-453
-173
20
70
-22
-200
-424
-693
-1030
-1422
-1857
-2306
-2716
-2999
-3103
-3069
-2980
-2906
-2872
-2863
-2824
-2661
-2302
-1732
-1004
-248
406
856
1098
1207
1307
1497
1739
1891
1825
1564
1227
918
678
528
484
522
553
487
316
131
42
96
242
373
429
413
358
279
206
206
335
556
777
929
1004
1000
873
593
248
35
86
348
618
756
754
687
622
541
442
336
273
254
239
184
71
-58
-155
-197
-231
-292
-373
-445
-496
-522
-527
-540
-612
-762
-983
-1231
-1460
-1650
-1817
-1971
-2078
-2107
-2055
-1942
-1776
-1556
-1303
-1057
-839
-632
-415
-191
37
279
558
866
1187
1522
1881
2264
2628
2924
3118
3232
3316
3381
3373
3225
2914
2504
2073
1673
1298
928
559
214
-84
-327
-497
-548
-445
-228
-2
137
213
335
601
1025
1556
2097
2512
2685
2584
2262
1847
1471
1239
1146
1099
947
610
100
-480
-1029
-1494
-1875
-2193
-2453
-2659
-2813
-2939
-3030
-3045
-2939
-2756
-2614
-2602
-2682
-2722
-2639
-2462
-2297
-2220
-2258
-2378
-2516
-2577
-2478
-2194
-1800
-1451
-1286
-1350
-1557
-1748
-1798
-1655
-1328
-889
-502
-351
-483
-742
-874
-726
-352
72
403
606
699
700
647
640
790
1147
1625
2077
2419
2675
2905
3105
3233
3284
3316
3362
3370
3253
2977
2578
2123
1657
1222
875
645
495
368
262
232
324
516
728
882
940
880
688
383
76
-85
-46
90
154
60
-144
-340
-452
-484
-488
-504
-565
-711
-952
-1252
-1519
-1693
-1756
-1712
-1599
-1482
-1446
-1500
-1594
-1673
-1694
-1630
-1480
-1290
-1124
-1025
-983
-989
-995
-956
-851
-711
-565
-410
-238
-50
142
342
531
661
694
653
609
637
757
918
1047
1100
1117
1179
1351
1641
2024
2444
2803
2991
2944
2691
2325
1952
1652
1455
1343
1260
1145
967
726
465
254
147
143
193
227
184
44
-175
-403
-572
-606
-465
-193
73
185
110
-78
-284
-447
-534
-543
-506
-495
-581
-798
-1113
-1446
-1707
-1880
-2034
-2249
-2543
-2873
-3180
-3427
-3594
-3642
-3543
-3314
-3027
-2746
-2495
-2280
-2117
-2018
-1943
-1813
-1575
-1272
-1009
-840
-755
-704
-669
-617
-513
-353
-187
-86
-53
-13
92
238
356
442
587
906
1417
2020
2573
2979
3239
3395
3507
3626
3794
3988
4126
4130
4005
3826
3668
3551
3431
3264
3066
2877
2709
2534
2347
2179
2027
1851
1612
1322
1049
853
765
760
769
722
577
374
177
16
-141
-336
-593
-901
-1237
-1548
-1777
-1923
-2026
-2165
-2369
-2623
-2859
-3042
-3165
-3230
-3241
-3214
-3178
-3132
-3047
-2902
-2707
-2486
-2284
-2147
-2095
-2054
-1925
-1695
-1438
-1229
-1069
-963
-931
-971
-1005
-952
-796
-616
-500
-489
-545
-586
-534
-368
-122
163
454
725
941
1107
1268
1476
1731
1955
2064
2048
1984
1956
1977
2002
1970
1838
1606
1314
1011
732
495
317
205
136
103
119
217
368
479
463
313
113
-30
-52
24
122
174
193
221
283
364
444
512
528
463
313
148
41
19
2
-104
-305
-502
-608
-639
-667
-759
-907
-1081
-1240
-1358
-1412
-1371
-1207
-930
-593
-279
-23
192
419
702
1054
1451
1818
2072
2155
2056
1817
1511
1213
976
812
689
518
244
-103
-424
-639
-749
-802
-817
-753
-580
-358
-192
-162
-248
-378
-472
-501
-480
-434
-356
-237
-98
2
31
19
21
64
127
203
282
378
481
573
627
623
574
529
520
515
427
204
-112
-416
-635
-748
-754
-633
-394
-104
123
213
176
85
-15
-110
-160
-99
74
255
323
242
62
-156
-382
-601
-786
-920
-1003
-1076
-1186
-1326
-1429
-1394
-1201
-910
-618
-383
-221
-159
-216
-351
-467
-484
-416
-366
-432
-623
-870
-1079
-1199
-1235
-1216
-1177
-1132
-1085
-1057
-1072
-1113
-1103
-958
-667
-308
4
196
248
200
115
63
85
180
319
456
557
605
622
657
768
987
1305
1681
2049
2332
2461
2457
2415
2466
2645
2882
3038
3032
2898
2713
2521
2294
2028
1764
1571
1457
1399
1372
1375
1407
1444
1443
1378
1269
1146
1013
842
612
335
39
-236
-483
-719
-989
-1298
-1592
-1803
-1898
-1921
-1920
-1912
-1894
-1879
-1903
-1969
-2036
-2050
-2007
-1948
-1946
-2056
-2267
-2494
-2623
-2613
-2518
-2453
-2483
-2574
-2630
-2586
-2456
-2289
-2099
-1873
-1618
-1368
-1164
-998
-849
-699
-558
-432
-287
-97
145
404
642
837
970
1049
1085
1122
1208
1372
1618
1920
2255
2572
2815
2935
2928
2828
2696
2583
2500
2403
2237
1978
1648
1307
995
758
615
589
673
810
903
878
757
626
537
458
320
99
-159
-370
-497
-581
-681
-791
-851
-836
-793
-810
-939
-1168
-1459
-1747
-1952
-2013
-1925
-1749
-1565
-1444
-1403
-1390
-1331
-1204
-1048
-901
-778
-682
-614
-573
-545
-530
-533
-545
-533
-470
-376
-301
-285
-316
-355
-364
-333
-253
-112
88
291
417
418
332
244
222
270
343
415
488
577
683
817
981
1165
1334
1449
1518
1589
1684
1775
1809
1785
1733
1694
1675
1679
1714
1757
1765
1699
1570
1426
1316
1247
1193
1136
1094
1090
1119
1166
1207
1213
1147
987
759
532
355
190
-58
-415
-798
-1083
-1247
-1358
-1485
-1623
-1745
-1854
-1992
-2161
-2294
-2324
-2242
-2106
-1981
-1892
-1838
-1818
-1822
-1837
-1836
-1806
-1769
-1767
-1823
-1911
-1981
-2011
-1993
-1938
-1827
-1659
-1473
-1329
-1251
-1204
-1153
-1116
-1108
-1085
-978
-789
-599
-457
-344
-208
-25
198
434
672
913
1162
1405
1618
1774
1862
1898
1912
1960
2073
2250
2448
2628
2749
2780
2710
2589
2501
2485
2520
2549
2522
2404
2214
2010
1848
1728
1612
1491
1387
1316
1243
1133
978
789
581
363
136
-95
-289
-405
-463
-543
-722
-989
-1257
-1436
-1504
-1517
-1534
-1566
-1606
-1664
-1762
-1870
-1906
-1832
-1710
-1655
-1725
-1886
-2046
-2128
-2108
-2023
-1930
-1871
-1855
-1869
-1892
-1904
-1908
-1877
-1796
-1671
-1541
-1454
-1433
-1453
-1450
-1359
-1168
-910
-617
-301
38
397
767
1122
1440
1732
2034
2355
2674
2953
3158
3266
3266
3180
3044
2905
2793
2705
2613
2479
2266
1964
1604
1265
1015
874
810
775
712
588
408
239
158
194
308
400
391
262
48
-205
-462
-687
-842
-927
-1001
-1132
-1342
-1569
-1749
-1867
-1954
-2019
-2052
-2055
-2048
-2046
-2025
-1949
-1799
-1607
-1420
-1261
-1128
-1026
-958
-908
-841
-740
-602
-430
-225
-4
207
377
486
529
526
523
562
634
700
723
693
632
558
492
445
436
483
582
724
891
1054
1180
1247
1277
1314
1392
1491
1566
1586
1561
1513
1442
1318
1123
885
659
491
375
273
135
-52
-256
-427
-563
-674
-765
-843
-918
-999
-1064
-1082
-1041
-958
-868
-796
-745
-702
-661
-617
-584
-593
-662
-749
-813
-845
-854
-823
-724
-556
-351
-155
9
122
197
222
188
105
10
-66
-138
-242
-407
-618
-826
-983
-1060
-1071
-1047
-1021
-983
-919
-821
-688
-516
-298
-56
159
297
349
365
422
568
785
972
1035
963
847
790
843
976
1112
1172
1124
998
831
646
472
332
239
176
124
63
-16
-95
-152
-165
-143
-100
-43
15
65
93
127
194
298
389
435
450
485
579
721
872
999
1095
1152
1161
1123
1061
995
933
894
888
894
882
853
834
845
847
806
694
500
243
-40
-297
-504
-671
-810
-919
-990
-1041
-1102
-1197
-1316
-1425
-1473
-1411
-1225
-959
-694
-500
-380
-285
-175
-50
65
125
82
-70
-282
-482
-625
-684
-669
-620
-625
-738
-940
-1167
-1343
-1435
-1442
-1389
-1315
-1240
-1173
-1116
-1069
-1028
-969
-868
-730
-594
-480
-359
-204
-30
122
246
371
494
573
583
562
582
664
775
875
938
961
958
939
909
880
880
905
910
837
685
505
333
176
34
-86
-173
-220
-229
-229
-248
-266
-227
-114
19
102
146
215
362
575
800
981
1101
1171
1217
1247
1272
1269
1220
1115
976
815
641
488
394
352
311
244
155
54
-73
-212
-340
-437
-514
-591
-687
-812
-962
-1119
-1221
-1211
-1084
-924
-826
-816
-849
-860
-814
-713
-592
-480
-398
-357
-355
-390
-455
-542
-611
-620
-547
-402
-220
-42
85
135
133
129
163
216
259
293
338
384
396
369
336
331
352
376
371
327
255
202
189
186
161
113
89
123
246
448
692
922
1095
1211
1287
1343
1395
1443
1479
1495
1510
1523
1498
1377
1162
910
678
476
284
84
-138
-383
-613
-779
-871
-926
-1011
-1162
-1369
-1570
-1726
-1836
-1920
-1979
-1989
-1953
-1907
-1903
-1952
-1999
-1958
-1783
-1517
-1245
-1045
-945
-920
-902
-819
-654
-476
-376
-357
-331
-206
10
234
401
500
553
591
633
674
678
625
545
493
484
488
474
441
412
404
439
524
654
805
943
1052
1147
1243
1359
1481
1582
1637
1649
1664
1720
1811
1889
1900
1832
1701
1533
1355
1181
1009
831
660
507
363
185
-73
-407
-760
-1067
-1302
-1486
-1647
-1784
-1880
-1903
-1838
-1697
-1527
-1387
-1320
-1340
-1445
-1589
-1704
-1739
-1704
-1631
-1529
-1388
-1224
-1079
-992
-969
-983
-986
-930
-787
-571
-313
-44
225
508
797
1051
1213
1279
1311
1396
1578
1822
2032
2125
2085
1965
1838
1737
1660
1574
1471
1373
1307
1253
1175
1071
966
894
860
852
841
800
728
660
622
620
644
662
632
529
356
142
-55
-172
-188
-166
-201
-330
-503
-667
-813
-963
-1142
-1355
-1596
-1819
-1977
-2067
-2131
-2227
-2359
-2500
-2610
-2664
-2658
-2585
-2441
-2252
-2065
-1918
-1808
-1708
-1589
-1434
-1234
-1010
-787
-584
-402
-244
-108
30
196
394
575
665
639
533
424
383
451
629
879
1130
1308
1377
1360
1325
1318
1337
1353
1356
1344
1311
1269
1244
1249
1270
1286
1299
1310
1315
1310
1297
1275
1246
1226
1222
1231
1235
1205
1132
1014
899
847
869
897
838
666
456
276
120
-61
-269
-462
-617
-740
-849
-958
-1078
-1207
-1339
-1449
-1526
-1579
-1626
-1659
-1662
-1618
-1532
-1405
-1250
-1087
-940
-808
-676
-539
-398
-269
-150
-30
109
250
360
421
437
439
440
453
492
552
592
563
460
332
235
176
128
71
9
-70
-184
-318
-405
-384
-260
-104
30
126
185
195
151
96
90
169
301
454
604
737
814
831
808
772
714
611
447
223
-23
-243
-407
-530
-637
-740
-822
-884
-934
-975
-988
-963
-920
-897
-907
-927
-914
-848
-726
-565
-374
-163
40
190
245
233
224
260
319
355
363
376
419
478
525
548
547
517
458
395
375
412
488
581
682
793
898
974
986
936
852
776
709
638
564
512
507
517
490
392
261
168
132
122
93
39
-34
-142
-284
-429
-526
-549
-526
-502
-506
-534
-557
-555
-521
-456
-393
-378
-430
-515
-569
-572
-556
-572
-630
-708
-768
-772
-703
-591
-486
-426
-408
-406
-392
-337
-226
-89
20
45
-28
-159
-269
-284
-200
-84
-28
-65
-147
-199
-182
-117
-28
76
199
319
407
457
507
595
709
786
752
604
422
295
245
234
221
214
228
249
236
173
95
37
11
-15
-63
-136
-225
-327
-435
-518
-551
-533
-486
-438
-413
-437
-503
-555
-522
-389
-217
-78
-2
29
29
15
4
8
25
39
40
25
0
-17
-11
13
20
-10
-53
-73
-46
22
130
280
462
635
748
795
814
852
899
908
851
756
678
661
707
777
832
842
801
705
558
400
284
246
287
373
451
448
341
177
37
-43
-89
-137
-199
-268
-345
-423
-479
-502
-494
-465
-417
-354
-275
-183
-85
-7
29
20
-12
-28
0
77
161
206
183
98
-17
-120
-198
-262
-342
-429
-515
-595
-676
-754
-809
-820
-761
-643
-503
-394
-325
-272
-186
-53
102
229
305
351
381
379
304
154
-38
-222
-372
-482
-561
-630
-693
-737
-745
-741
-748
-751
-729
-690
-679
-715
-779
-821
-805
-722
-598
-470
-364
-265
-159
-55
9
34
34
36
53
105
193
297
385
442
466
470
467
460
431
345
213
80
5
6
62
146
242
347
439
507
550
561
521
432
339
289
295
330
370
409
429
402
320
222
152
125
122
114
99
82
77
93
161
304
494
645
675
602
496
414
370
344
329
324
340
395
489
598
691
771
859
950
1017
1043
1029
986
921
851
796
763
757
775
809
832
812
753
682
616
545
469
399
327
220
54
-141
-311
-423
-487
-538
-599
-658
-701
-733
-776
-834
-880
-887
-855
-797
-727
-671
-649
-659
-679
-675
-649
-620
-621
-667
-762
-900
-1054
-1186
-1257
-1281
-1319
-1435
-1631
-1845
-2007
-2098
-2135
-2138
-2112
-2057
-2000
-1953
-1913
-1850
-1760
-1643
-1494
-1329
-1186
-1110
-1099
-1119
-1110
-1037
-896
-719
-550
-398
-237
-51
155
365
583
808
1003
1129
1177
1199
1246
1339
1461
1605
1769
1941
2085
2159
2148
2074
1998
1969
1984
1989
1949
1887
1858
1889
1953
1998
1995
1943
1869
1791
1719
1651
1572
1444
1246
1001
776
620
535
467
368
243
134
65
19
-31
-93
-154
-230
-345
-484
-592
-622
-585
-532
-505
-518
-572
-647
-708
-735
-738
-728
-701
-647
-589
-554
-545
-536
-487
-393
-285
-218
-229
-309
-404
-458
-450
-408
-355
-293
-210
-107
-4
76
109
109
133
212
318
376
364
314
275
271
289
305
302
285
259
208
116
5
-71
-80
-44
-16
-45
-155
-315
-471
-582
-649
-706
-775
-856
-934
-1013
-1103
-1197
-1269
-1307
-1334
-1378
-1441
-1490
-1505
-1472
-1411
-1353
-1326
-1310
-1265
-1176
-1063
-947
-835
-753
-719
-722
-716
-674
-610
-561
-541
-527
-487
-409
-323
-258
-232
-224
-186
-85
68
213
298
325
338
370
423
487
555
636
735
866
1041
1263
1496
1683
1784
1824
1865
1935
2014
2074
2117
2132
2103
2031
1949
1869
1781
1696
1657
1673
1693
1658
1552
1407
1265
1160
1086
1015
921
807
681
542
381
216
76
-28
-116
-210
-315
-430
-548
-667
-774
-850
-900
-958
-1061
-1201
-1336
-1404
-1373
-1259
-1124
-1032
-1016
-1054
-1089
-1068
-986
-876
-779
-699
-631
-563
-491
-393
-247
-66
89
169
170
131
90
72
86
97
60
-54
-219
-390
-536
-632
-669
-652
-628
-641
-694
-738
-723
-660
-586
-544
-543
-556
-555
-543
-545
-575
-590
-532
-409
-283
-209
-149
-57
83
224
319
349
334
335
380
479
597
712
797
834
843
871
942
1023
1048
990
853
665
458
274
133
33
-33
-66
-68
-62
-66
-112
-227
-410
-588
-681
-668
-593
-501
-403
-310
-237
-187
-150
-119
-105
-105
-95
-52
21
74
66
5
-48
-58
-46
-67
-131
-208
-272
-317
-356
-380
-392
-410
-453
-512
-537
-490
-379
-262
-184
-153
-148
-137
-86
14
134
238
323
401
461
482
488
516
577
636
676
727
791
837
838
824
839
891
957
999
975
866
691
495
323
198
135
133
178
251
309
319
280
248
271
342
399
403
358
305
270
268
295
324
308
232
127
38
-12
-35
-49
-72
-119
-189
-258
-313
-356
-392
-417
-443
-476
-511
-512
-467
-392
-322
-284
-286
-320
-345
-336
-315
-335
-405
-490
-558
-609
-649
-677
-691
-703
-716
-731
-753
-791
-843
-888
-901
-862
-780
-695
-641
-614
-578
-516
-441
-382
-351
-345
-339
-313
-270
-227
-178
-91
42
205
369
503
584
599
567
502
408
290
172
74
13
2
45
131
229
300
315
269
197
144
133
156
202
251
285
301
330
413
553
711
824
857
807
716
657
675
749
813
838
842
857
881
911
932
935
914
879
846
826
821
813
788
740
687
633
564
459
326
190
75
-16
-109
-235
-408
-588
-729
-812
-850
-855
-818
-746
-679
-674
-758
-904
-1044
-1128
-1146
-1146
-1179
-1263
-1351
-1372
-1311
-1229
-1204
-1253
-1322
-1339
-1271
-1133
-979
-836
-707
-594
-507
-446
-390
-324
-254
-198
-161
-125
-63
37
137
193
206
229
299
405
505
575
623
662
704
745
776
779
759
719
674
640
643
701
808
937
1069
1180
1248
1273
1262
1212
1116
995
880
793
733
690
658
621
570
507
450
406
372
332
274
188
71
-65
-182
-250
-281
-312
-385
-496
-618
-721
-811
-902
-994
-1061
-1088
-1084
-1071
-1049
-1006
-936
-858
-805
-790
-803
-820
-827
-828
-833
-844
-847
-817
-729
-581
-414
-270
-176
-113
-56
-1
40
51
53
53
60
78
130
236
386
547
679
771
814
799
744
689
685
723
759
756
714
659
602
547
506
498
521
552
552
513
445
380
350
362
410
460
498
507
489
455
420
395
376
356
327
279
210
133
66
8
-57
-134
-225
-317
-392
-436
-464
-506
-568
-640
-707
-752
-741
-662
-543
-435
-354
-293
-247
-215
-181
-125
-52
17
54
46
-10
-83
-118
-59
85
254
381
446
445
389
299
200
103
18
-48
-85
-105
-123
-149
-196
-256
-309
-332
-325
-307
-308
-340
-398
-443
-438
-388
-347
-363
-438
-542
-644
-718
-757
-780
-810
-848
-871
-870
-848
-807
-734
-638
-550
-485
-429
-346
-222
-71
80
202
288
341
378
422
499
601
686
708
659
564
459
371
310
274
252
239
233
242
282
360
466
567
641
669
638
557
469
423
431
457
477
503
557
639
731
817
895
966
1022
1051
1045
1009
950
876
779
654
508
369
266
194
118
13
-117
-235
-320
-366
-385
-374
-322
-239
-159
-96
-56
-58
-113
-209
-314
-401
-451
-471
-478
-490
-501
-500
-498
-502
-514
-513
-482
-428
-376
-345
-326
-284
-220
-177
-190
-250
-322
-372
-393
-408
-472
-601
-739
-795
-737
-626
-547
-538
-556
-556
-527
-487
-441
-390
-329
-244
-129
-11
47
6
-109
-241
-344
-394
-375
-306
-237
-219
-253
-299
-303
-254
-191
-157
-174
-221
-272
-311
-337
-359
-373
-358
-277
-110
118
339
481
506
447
364
313
317
363
416
455
479
490
477
450
430
449
519
632
752
824
818
756
690
652
643
651
670
692
696
663
598
525
468
450
476
522
550
550
545
566
610
650
645
578
474
378
322
306
319
338
337
293
220
157
134
134
123
75
-12
-130
-258
-352
-391
-398
-433
-519
-625
-696
-710
-663
-573
-477
-410
-370
-331
-278
-219
-172
-156
-173
-206
-214
-174
-72
67
178
195
115
18
-18
4
12
-53
-180
-318
-427
-485
-502
-505
-524
-573
-640
-701
-727
-708
-666
-628
-608
-601
-588
-563
-526
-487
-450
-418
-402
-395
-381
-354
-331
-320
-296
-242
-164
-80
0
77
151
206
225
204
163
119
66
-3
-64
-91
-75
-38
-11
-13
-31
-21
41
136
212
242
242
252
279
297
275
223
190
215
295
395
478
527
527
467
338
172
33
-12
51
162
240
249
236
283
411
576
718
814
868
876
839
777
722
680
644
611
576
530
464
378
294
239
208
172
118
56
4
-26
-33
-40
-86
-186
-289
-339
-312
-264
-256
-315
-414
-524
-614
-658
-646
-613
-613
-635
-625
-548
-445
-383
-389
-441
-490
-495
-444
-381
-363
-405
-464
-488
-452
-376
-286
-197
-105
-12
57
76
50
11
-10
2
45
91
102
82
67
88
130
153
141
117
116
144
164
151
118
100
123
200
314
433
516
541
519
485
478
500
520
491
405
304
237
215
192
127
24
-74
-148
-224
-320
-419
-483
-509
-519
-530
-542
-525
-458
-351
-270
-263
-321
-394
-447
-469
-465
-452
-433
-398
-340
-268
-199
-135
-53
57
199
363
519
639
721
789
868
945
990
968
886
765
638
516
417
348
308
287
275
280
288
273
207
104
8
-54
-98
-145
-195
-229
-232
-204
-175
-158
-162
-162
-154
-139
-129
-132
-154
-192
-228
-258
-298
-358
-425
-480
-518
-563
-627
-714
-799
-863
-891
-864
-769
-606
-420
-269
-192
-165
-149
-121
-85
-51
-23
-7
-2
-13
-48
-101
-134
-104
1
147
281
385
460
510
516
474
398
312
230
165
133
137
159
187
223
279
348
408
441
444
430
427
438
444
419
358
282
