-255
-187
-148
-126
-95
-59
-26
4
40
100
165
196
164
82
-1
-59
-90
-96
-54
43
172
309
430
519
562
544
469
365
275
219
177
142
119
107
80
11
-71
-140
-177
-183
-172
-170
-194
-233
-269
-295
-333
-384
-450
-520
-587
-650
-710
-772
-797
-763
-689
-631
-622
-648
-688
-730
-767
-792
-783
-762
-756
-782
-784
-708
-553
-386
-267
-216
-217
-245
-275
-294
-311
-314
-291
-211
-70
113
288
414
465
430
332
236
221
288
370
410
439
506
629
756
845
882
894
916
963
1035
1114
1165
1162
1124
1086
1064
1025
953
860
773
685
586
481
408
387
383
351
263
148
62
61
139
236
281
225
82
-89
-221
-316
-426
-543
-591
-508
-349
-226
-179
-158
-107
-45
-31
-94
-181
-210
-151
-42
32
35
-13
-59
-86
-106
-134
-159
-190
-247
-332
-416
-446
-396
-282
-160
-65
16
114
223
305
319
263
180
122
115
141
134
69
-22
-74
-59
-14
-4
-76
-196
-288
-283
-191
-85
-46
-78
-106
-82
-48
-84
-197
-328
-438
-515
-556
-552
-524
-509
-527
-573
-625
-660
-666
-660
-664
-667
-645
-596
-553
-528
-491
-412
-296
-187
-124
-113
-112
-90
-38
23
76
119
169
240
315
354
355
372
428
475
449
376
322
316
320
295
260
231
213
200
211
273
387
509
584
587
537
463
391
319
236
124
5
-63
-47
28
100
134
141
147
157
141
76
-16
-93
-132
-154
-182
-230
-290
-339
-355
-348
-339
-339
-327
-270
-174
-73
10
89
173
247
281
286
284
294
298
280
251
253
301
377
452
521
591
656
713
734
700
622
558
551
577
604
620
647
672
676
637
533
370
206
107
87
109
140
172
200
201
146
34
-92
-184
-261
-378
-560
-745
-869
-927
-962
-985
-954
-863
-768
-753
-821
-906
-931
-892
-847
-845
-876
-886
-831
-716
-600
-530
-510
-524
-564
-634
-726
-812
-853
-825
-734
-613
-478
-340
-202
-86
-16
4
11
34
74
102
106
105
122
163
217
280
350
415
465
484
467
409
315
210
122
75
81
138
226
312
395
479
549
556
502
464
481
527
526
470
387
306
238
207
217
243
256
250
227
187
134
84
52
39
54
101
176
231
203
74
-107
-239
-244
-135
13
135
224
290
310
280
250
276
348
402
389
301
181
63
-24
-79
-102
-92
-56
-4
44
90
132
181
244
323
416
515
607
655
612
479
314
186
116
86
61
32
-3
-37
-94
-183
-259
-273
-233
-209
-235
-290
-324
-327
-301
-241
-148
-51
-5
-39
-138
-257
-366
-466
-564
-658
-724
-735
-685
-591
-471
-346
-243
-188
-180
-185
-175
-151
-139
-147
-178
-231
-288
-313
-267
-162
-42
41
53
-1
-86
-139
-135
-92
-54
-28
8
55
81
28
-109
-271
-362
-342
-281
-262
-276
-231
-78
124
278
339
342
337
329
282
186
72
-26
-90
-127
-137
-121
-101
-118
-191
-296
-357
-315
-171
4
115
148
155
212
320
420
459
417
335
270
256
275
290
309
356
438
521
572
584
561
513
440
336
202
78
33
90
195
268
301
324
342
326
289
296
390
533
625
582
408
188
34
2
72
171
245
272
269
256
228
162
49
-92
-221
-317
-374
-400
-409
-422
-446
-456
-444
-425
-453
-535
-629
-660
-592
-481
-415
-450
-540
-604
-602
-563
-534
-546
-599
-666
-696
-655
-558
-453
-376
-330
-309
-324
-389
-460
-462
-368
-250
-188
-196
-212
-175
-77
41
119
129
92
64
77
112
146
175
220
292
379
474
571
659
703
691
648
618
610
618
630
651
671
675
643
591
555
550
578
617
651
658
630
580
493
364
209
79
-14
-106
-208
-288
-295
-234
-177
-181
-239
-282
-267
-228
-221
-249
-274
-276
-289
-349
-456
-577
-673
-734
-779
-822
-830
-758
-623
-504
-440
-394
-310
-184
-55
33
72
83
94
119
172
268
385
456
417
281
142
104
184
311
379
342
257
226
281
376
443
466
478
524
611
684
674
572
471
458
538
632
652
561
381
179
16
-94
-169
-228
-274
-320
-378
-467
-571
-665
-723
-740
-729
-703
-666
-628
-606
-611
-649
-707
-753
-757
-704
-620
-539
-493
-486
-498
-498
-467
-398
-324
-278
-261
-245
-205
-153
-102
-65
-33
8
78
165
218
225
216
241
310
405
496
548
522
434
354
350
411
478
505
480
400
278
163
106
115
150
171
160
127
119
177
267
285
172
0
-118
-123
-64
-20
-29
-65
-80
-59
-22
-9
-38
-70
-40
60
168
206
161
71
-17
-62
-48
8
84
169
263
359
448
513
540
522
488
470
459
409
314
223
195
222
259
283
305
331
327
284
228
180
116
30
-41
-62
-44
-24
6
60
117
127
83
63
140
291
399
371
210
11
-128
-187
-205
-225
-245
-260
-292
-356
-447
-523
-554
-516
-417
-302
-233
-247
-331
-447
-534
-563
-541
-524
-537
-571
-586
-569
-536
-519
-528
-541
-540
-529
-527
-516
-479
-404
-335
-321
-362
-400
-377
-294
-220
-198
-215
-219
-186
-131
-54
47
156
217
194
113
25
-23
-18
26
73
93
76
49
36
47
92
170
263
350
414
451
452
434
419
395
335
230
116
13
-84
-180
-236
-206
-91
45
120
102
24
-44
-50
-5
37
40
22
37
96
164
193
174
131
94
66
48
59
114
225
367
480
493
404
278
200
207
283
382
449
462
444
450
496
563
599
584
543
519
544
617
702
765
767
697
580
468
391
336
283
235
212
227
279
325
323
276
234
227
239
243
228
210
190
172
151
97
-11
-155
-265
-298
-274
-241
-226
-218
-192
-135
-97
-144
-313
-559
-802
-987
-1093
-1131
-1128
-1137
-1188
-1272
-1343
-1341
-1265
-1175
-1161
-1236
-1318
-1309
-1204
-1088
-1040
-1071
-1126
-1153
-1110
-984
-793
-607
-501
-467
-407
-253
-39
149
261
290
251
197
203
292
401
465
491
518
570
647
754
877
979
1057
1163
1318
1459
1507
1448
1337
1225
1155
1154
1200
1222
1149
991
816
696
652
634
557
400
210
64
-29
-141
-384
-871
-1621
-2459
-3013
-2954
-2345
-1662
-1418
-1685
-2034
-1890
-1029
214
1153
1261
605
-192
-473
-90
529
814
554
16
-366
-357
-57
275
468
542
631
796
1016
1233
1417
1518
1503
1434
1439
1591
1821
2019
2123
2158
2168
2175
2172
2132
2044
1912
1744
1579
1505
1585
1650
1169
-503
-3300
-5823
-6175
-3915
-923
249
-1189
-3625
-4574
-2724
1049
4229
4584
2080
-1018
-2170
-805
1393
2244
1019
-1208
-2819
-3083
-2461
-1813
-1608
-1796
-2153
-2448
-2377
-1688
-552
340
336
-451
-1166
-991
37
1100
1413
934
281
82
476
1127
1537
1375
709
38
-88
443
1179
1515
1247
746
640
1202
2097
2698
2647
2071
1348
805
561
476
242
-443
-1612
-2898
-3673
-3501
-2554
-1535
-1091
-1292
-1622
-1419
-392
1117
2353
2733
2363
1935
2065
2691
3165
2921
2052
1180
805
856
836
377
-396
-1000
-1046
-567
48
378
298
2
-224
-292
-467
-1193
-2589
-3986
-4313
-3207
-1610
-897
-1497
-2540
-2774
-1629
378
1994
2181
1014
-289
-445
687
2047
2428
1623
495
1
222
413
-51
-1040
-1930
-2348
-2437
-2518
-2706
-2876
-2933
-2930
-2920
-2801
-2429
-1875
-1350
-842
2
1403
2980
4012
4168
3866
3795
4242
4885
5127
4607
3494
2376
1817
1933
2377
2664
2569
2264
2103
2299
2535
1877
-582
-4342
-7120
-6756
-3747
-1148
-1558
-4648
-7598
-7556
-3850
1360
4519
3625
188
-2029
-588
3373
6435
6229
3463
870
424
1670
2597
1813
-306
-2376
-3464
-3662
-3527
-3430
-3488
-3767
-4212
-4421
-3831
-2375
-770
119
169
115
728
2072
3525
4341
4178
3288
2364
2051
2435
2934
2780
1723
341
-433
-148
711
1163
629
-575
-1536
-1550
-687
284
574
68
-593
-605
262
1448
2088
1705
510
-993
-2500
-3875
-4718
-4474
-3188
-1835
-1481
-2083
-2451
-1407
1010
3503
4583
3839
2366
1803
2770
4255
4714
3738
2456
2279
3381
4502
4258
2542
630
-154
216
479
-681
-3471
-6790
-8890
-8569
-6258
-3924
-3388
-4599
-5776
-5088
-2157
1697
4304
4230
2128
373
856
3093
4811
4277
1935
-239
-728
156
776
-89
-2029
-3542
-3619
-2700
-2070
-2510
-3615
-4376
-4232
-3469
-2697
-2220
-1973
-1795
-1512
-910
79
1201
2047
2444
2601
2881
3466
4176
4590
4332
3393
2297
1834
2378
3382
3745
2796
919
-702
-1026
-28
1196
1358
211
-1153
-1362
-79
1775
2995
3191
2971
3193
4091
5082
5385
4783
3830
3280
3376
3661
3232
1246
-2309
-5935
-7471
-6272
-4229
-3886
-5841
-8410
-9392
-7750
-4288
-1192
-407
-1730
-2858
-1685
1526
4492
5224
3894
2547
3005
5021
6592
6100
4044
2391
2405
3366
3517
1973
-496
-2423
-3122
-3113
-3315
-4099
-5211
-6208
-6734
-6580
-5834
-4931
-4290
-3911
-3387
-2400
-1090
158
1254
2504
4044
5453
6180
6235
6148
6278
6426
6143
5232
3922
2656
1718
942
-160
-1842
-3657
-4730
-4629
-3838
-3304
-3492
-3958
-3818
-2618
-790
755
1444
1491
1571
2160
3178
4177
4752
4649
3644
1758
-173
-823
105
1109
368
-2155
-4700
-5582
-4657
-3190
-2773
-4088
-6190
-7157
-5870
-3253
-1435
-1568
-2617
-2473
-242
2718
4198
3462
2053
2115
4030
5998
6029
4138
2216
1889
2845
3377
2309
68
-1994
-2994
-3145
-3303
-4158
-5657
-7029
-7386
-6498
-5025
-3885
-3378
-2924
-1729
312
2472
3939
4587
4989
5765
6957
7965
8120
7376
6398
5911
5943
5824
4891
3195
1499
543
319
79
-870
-2382
-3598
-3864
-3508
-3435
-4009
-4507
-3955
-2405
-1099
-1125
-2034
-2211
-753
1401
2491
1804
275
-542
86
1382
1758
444
-1517
-2326
-1418
-85
10
-1355
-2762
-2684
-1207
-16
-519
-2162
-2919
-1586
808
2053
1142
-688
-1391
-257
1542
2383
1819
774
457
1180
2152
2306
1311
-143
-1050
-1077
-871
-1333
-2613
-3899
-4292
-3695
-2869
-2597
-2878
-2966
-2208
-751
666
1492
1796
2044
2652
3684
4743
5262
5000
4350
3968
4092
4288
3921
2864
1625
738
218
-329
-1223
-2407
-3478
-3959
-3698
-3068
-2667
-2830
-3380
-3779
-3553
-2696
-1699
-1088
-961
-969
-672
20
768
1167
1205
1204
1361
1547
1543
1379
1290
1446
1720
1790
1476
916
423
202
215
220
-30
-538
-1076
-1474
-1828
-2277
-2716
-2867
-2624
-2227
-1991
-1936
-1768
-1229
-424
248
470
316
180
391
861
1163
986
501
150
156
336
366
138
-176
-286
-13
545
1035
1121
853
631
787
1198
1445
1296
963
817
916
969
739
337
50
20
193
480
807
1048
1074
944
906
1144
1540
1759
1595
1178
862
847
993
961
584
21
-389
-441
-216
1
-4
-187
-310
-197
74
278
285
153
32
26
175
457
740
802
521
29
-410
-673
-876
-1182
-1631
-2153
-2638
-2974
-3068
-2877
-2480
-2091
-1936
-2056
-2245
-2225
-1882
-1363
-988
-992
-1269
-1422
-1160
-595
-66
256
552
1117
1987
2884
3466
3594
3335
2853
2368
2080
2001
1838
1238
198
-769
-1074
-693
-234
-285
-831
-1331
-1366
-1037
-822
-1017
-1386
-1416
-894
-174
213
101
-128
8
558
1067
1069
571
-5
-251
-120
83
-41
-645
-1448
-1963
-1930
-1534
-1210
-1255
-1602
-1878
-1697
-980
-30
730
1105
1294
1631
2214
2754
2889
2585
2148
1851
1719
1636
1536
1404
1217
1001
818
670
426
16
-415
-590
-437
-232
-339
-815
-1324
-1487
-1271
-952
-773
-708
-593
-366
-94
154
361
503
566
560
482
302
27
-268
-508
-669
-724
-687
-633
-660
-776
-920
-1038
-1145
-1307
-1577
-1879
-2055
-2023
-1851
-1679
-1576
-1488
-1267
-802
-135
511
946
1190
1430
1799
2180
2301
2018
1531
1212
1228
1376
1317
949
454
94
11
173
418
510
353
114
82
340
697
962
1151
1373
1624
1823
1968
2125
2291
2364
2259
1994
1706
1522
1437
1291
928
387
-156
-547
-799
-1007
-1229
-1435
-1580
-1707
-1875
-2005
-1905
-1518
-1061
-858
-1012
-1314
-1419
-1219
-972
-1039
-1459
-1850
-1812
-1338
-817
-605
-710
-828
-724
-503
-475
-768
-1157
-1354
-1326
-1288
-1403
-1580
-1626
-1537
-1515
-1646
-1688
-1293
-444
487
1088
1289
1388
1690
2183
2577
2636
2423
2197
2112
2038
1743
1215
734
554
614
663
528
249
16
80
556
1219
1607
1446
939
565
641
1063
1413
1300
692
-50
-483
-466
-251
-269
-718
-1350
-1595
-1177
-491
-253
-719
-1402
-1638
-1253
-677
-442
-746
-1324
-1686
-1494
-881
-402
-501
-1027
-1393
-1232
-745
-403
-410
-599
-720
-707
-627
-503
-276
2
156
102
26
198
620
963
911
550
294
382
598
537
111
-371
-557
-324
161
595
739
626
536
721
1180
1656
1851
1626
1142
740
680
912
1109
933
356
-243
-383
76
803
1327
1420
1254
1200
1482
1961
2224
1959
1256
594
411
664
825
452
-316
-892
-858
-364
28
-129
-742
-1312
-1426
-1172
-1003
-1235
-1760
-2141
-2033
-1491
-950
-789
-936
-996
-733
-319
-65
-85
-268
-450
-567
-636
-688
-749
-859
-1041
-1215
-1231
-1015
-697
-529
-641
-866
-862
-492
-21
145
-67
-359
-404
-166
140
248
60
-235
-266
135
704
975
794
477
470
818
1089
851
191
-344
-405
-164
-29
-111
-162
32
381
614
622
548
589
758
924
954
837
676
598
636
696
698
675
718
840
982
1072
1053
874
562
148
-286
-623
-707
-577
-580
-931
-1406
-1504
-1113
-564
-225
-86
61
292
493
573
577
581
547
381
61
-356
-769
-1108
-1282
-1286
-1258
-1387
-1632
-1624
-1108
-358
22
-188
-548
-514
-75
292
217
-167
-390
-135
463
1008
1246
1266
1310
1490
1722
1838
1740
1439
1053
701
484
433
437
259
-234
-853
-1188
-1015
-517
-99
19
-40
4
308
701
885
683
319
132
231
412
405
215
2
-36
112
332
438
321
47
-254
-509
-772
-1043
-1218
-1217
-1135
-1086
-1016
-742
-310
-25
-103
-308
-172
429
1076
1225
816
315
212
487
696
548
216
51
118
161
-45
-453
-834
-978
-859
-624
-521
-695
-1034
-1235
-1091
-734
-466
-476
-637
-669
-422
-21
255
283
190
194
359
534
544
356
82
-147
-311
-453
-623
-806
-944
-971
-881
-727
-535
-279
47
371
610
760
879
969
988
886
710
599
654
837
979
973
878
869
1022
1215
1239
1052
829
760
815
793
569
217
-104
-316
-457
-600
-760
-887
-926
-865
-732
-578
-454
-409
-474
-643
-817
-852
-712
-550
-546
-661
-689
-493
-167
54
13
-232
-427
-364
-119
19
-120
-353
-366
-57
369
641
676
598
606
792
1095
1375
1526
1532
1460
1432
1509
1589
1465
1006
333
-266
-561
-574
-542
-670
-947
-1161
-1137
-878
-569
-396
-437
-654
-908
-1023
-935
-828
-944
-1248
-1416
-1198
-727
-338
-189
-144
-18
168
274
259
190
88
-87
-344
-609
-770
-761
-614
-476
-457
-475
-345
-26
283
403
422
560
841
1023
929
664
460
400
373
210
-117
-434
-477
-153
331
641
603
330
102
137
420
689
709
504
319
305
391
476
574
729
860
866
759
668
648
654
621
543
444
328
208
127
139
215
265
196
37
-120
-188
-164
-97
-57
-99
-254
-470
-647
-682
-622
-591
-705
-972
-1189
-1156
-729
-224
-19
-220
-486
-484
-238
101
320
301
-11
-400
-571
-467
-328
-435
-787
-1046
-934
-534
-261
-338
-556
-629
-500
-347
-249
-188
-162
-209
-260
-89
406
998
1282
1138
906
1008
1448
1765
1584
1069
752
873
1097
918
262
-442
-736
-572
-292
-241
-456
-665
-615
-290
112
385
440
311
130
21
-17
-114
-376
-743
-1025
-1064
-878
-681
-695
-943
-1210
-1268
-1107
-928
-917
-1079
-1251
-1229
-925
-472
-118
-5
-43
-23
176
522
848
1037
995
798
634
751
1135
1365
1151
624
301
329
475
405
71
-304
-494
-351
61
531
777
687
482
537
952
1404
1469
1146
811
781
965
1036
859
552
276
65
-63
-47
93
195
108
-121
-282
-250
-88
39
66
82
184
340
461
534
631
776
877
844
644
350
49
-182
-354
-511
-661
-774
-856
-938
-963
-863
-701
-628
-706
-807
-817
-782
-816
-918
-974
-948
-927
-989
-1090
-1126
-1052
-920
-846
-881
-947
-915
-723
-463
-290
-325
-498
-575
-378
-12
195
90
-123
-120
133
366
341
129
4
132
401
535
405
174
124
348
672
868
898
879
902
909
803
589
385
275
213
118
-1
-84
-87
-42
24
71
97
107
79
-6
-152
-263
-277
-212
-156
-133
-102
-53
-29
-68
-140
-186
-198
-225
-307
-396
-399
-287
-164
-147
-187
-135
50
221
245
176
200
395
635
724
611
445
403
526
710
809
739
527
304
186
178
182
106
-69
-286
-422
-368
-163
3
-34
-191
-259
-154
5
72
30
-47
-89
-57
65
260
439
480
347
167
132
287
457
422
161
-106
-151
17
168
112
-106
-283
-252
-43
154
161
-28
-261
-375
-301
-106
70
123
97
120
235
354
391
349
275
210
200
264
345
332
212
98
100
183
214
96
-112
-267
-287
-232
-235
-333
-460
-499
-422
-291
-219
-259
-365
-437
-424
-351
-299
-332
-459
-635
-808
-948
-1047
-1094
-1087
-1019
-904
-758
-615
-510
-443
-369
-257
-169
-202
-354
-496
-496
-352
-168
-33
54
156
296
419
445
343
182
47
-20
-28
13
84
123
63
-69
-144
-73
100
247
303
313
361
493
680
853
951
950
871
775
744
814
920
947
836
636
464
393
376
250
-50
-374
-496
-384
-229
-231
-381
-521
-509
-346
-137
3
53
74
140
277
448
546
470
233
-1
-59
47
147
115
-1
-60
-1
116
186
167
103
48
5
-64
-184
-324
-430
-469
-445
-385
-319
-241
-91
166
475
734
908
1062
1217
1285
1173
939
750
709
750
724
557
329
189
197
264
240
68
-168
-342
-415
-460
-560
-687
-753
-743
-741
-809
-882
-862
-767
-710
-758
-831
-809
-660
-475
-360
-336
-343
-338
-318
-333
-411
-521
-574
-527
-434
-370
-327
-228
-66
79
109
47
-8
20
106
145
68
-93
-196
-134
55
201
180
44
-62
-42
76
204
276
292
302
354
411
389
265
104
6
9
75
138
172
214
286
351
352
292
232
214
248
322
410
493
533
473
265
-26
-244
-285
-204
-153
-219
-349
-426
-386
-288
-275
-411
-631
-771
-731
-554
-379
-316
-358
-422
-422
-341
-239
-179
-182
-215
-231
-206
-136
-80
-90
-145
-142
-46
43
-13
-204
-388
-431
-324
-160
-28
22
-6
-54
-41
56
171
224
232
271
410
618
789
793
624
358
89
-194
-502
-727
-633
4
1108
2291
2958
2785
1876
756
-94
-440
-356
-42
298
520
641
735
875
960
908
685
430
231
122
21
-122
-300
-454
-532
-648
-978
-1655
-2446
-2876
-2560
-1504
-94
1264
2149
2341
1788
845
-32
-515
-634
-597
-528
-424
-236
-17
177
377
695
1076
1295
1074
422
-407
-1043
-1287
-1084
-554
109
653
899
799
476
147
-28
-32
72
247
474
635
582
173
-564
-1484
-2275
-2598
-2241
-1197
236
1632
2493
2593
2058
1235
337
-673
-1861
-2964
-3527
-3153
-1939
-344
918
1342
843
-214
-1295
-2166
-2815
-3309
-3411
-2899
-1730
-225
1176
2079
2303
1912
1117
178
-642
-1043
-769
198
1532
2727
3311
3118
2244
1090
16
-687
-992
-959
-751
-505
-332
-248
-192
-95
57
179
197
44
-222
-529
-659
-492
19
661
1177
1366
1178
811
500
533
856
1266
1407
1253
946
739
649
538
271
-156
-551
-831
-985
-1192
-1528
-1944
-2179
-2023
-1415
-614
77
403
468
481
631
890
1090
1146
1055
1020
1094
1247
1250
1100
927
982
1213
1360
1074
257
-821
-1817
-2383
-2503
-2119
-1519
-841
-323
152
557
795
702
243
-285
-668
-622
-291
278
772
1149
1297
1337
1302
1137
827
450
286
306
334
81
-417
-911
-1107
-964
-660
-471
-444
-441
-326
-156
-134
-261
-383
-246
161
662
840
449
-420
-1234
-1554
-1340
-885
-523
-390
-600
-939
-1098
-744
-21
593
701
292
-257
-676
-879
-957
-890
-670
-431
-287
-304
-260
-127
69
185
198
162
15
-188
-328
-196
39
13
-430
-803
-631
146
912
1162
748
-50
-585
-497
254
920
1047
538
-77
-285
156
1055
1687
1735
1276
1052
1106
1166
752
-13
-598
-621
-121
292
262
-161
-471
-537
-475
-517
-378
121
887
1329
1031
215
-528
-604
-121
494
836
859
745
559
399
200
68
6
75
229
384
554
495
102
-761
-1484
-1594
-858
148
679
403
-495
-1155
-1080
-255
513
556
-117
-843
-901
-292
505
922
764
232
-336
-621
-599
-445
-214
-15
228
308
315
157
-41
-259
-367
-294
-146
-70
-188
-401
-529
-409
-202
-16
58
223
334
305
168
198
471
681
627
273
-128
-465
-662
-797
-850
-708
-345
37
58
-234
-595
-723
-841
-1107
-1496
-1614
-1259
-589
49
371
538
673
883
904
646
250
-113
-333
-433
-316
202
858
1347
1167
526
-110
-378
-202
-24
222
286
359
193
-83
-343
-507
-482
-635
-676
-640
-112
449
884
1024
1025
1107
1185
1400
1363
1093
445
-83
-392
-285
98
672
1091
975
389
-393
-807
-834
-551
-401
-426
-600
-667
-535
-200
219
419
244
-313
-947
-1432
-1546
-1216
-509
373
1145
1523
1237
404
-464
-823
-637
-254
9
175
448
831
1093
962
557
102
-198
-437
-586
-540
-197
394
924
1157
975
406
-291
-879
-892
-372
365
787
742
495
328
507
855
1121
909
254
-619
-1445
-1981
-2039
-1442
-442
481
809
361
-507
-1277
-1468
-1218
-732
-410
-234
-349
-538
-740
-696
-399
95
637
1013
1089
759
216
-356
-692
-746
-408
148
681
902
775
505
180
-65
-255
-283
-196
-126
-26
57
278
286
-9
-698
-1249
-1339
-788
-9
632
906
844
621
397
390
563
794
851
719
310
-113
-327
-25
463
865
921
848
662
374
-171
-841
-1358
-1382
-826
-43
568
518
55
-552
-745
-720
-608
-631
-674
-627
-488
-181
154
442
538
513
383
197
-217
-622
-920
-651
-42
735
1160
1099
671
146
-17
61
339
333
236
37
84
285
653
886
793
263
-449
-961
-1002
-554
229
1084
1665
1748
1333
757
210
-137
-429
-533
-543
-240
180
783
1137
1120
715
294
156
211
288
9
-606
-1338
-1560
-1115
-276
312
338
-142
-859
-1403
-1649
-1407
-1015
-630
-537
-614
-698
-763
-838
-1133
-1426
-1629
-1351
-887
-292
-15
69
-31
-88
-96
-176
-404
-769
-1028
-985
-606
-144
84
63
-41
22
221
442
473
290
-10
-155
44
514
993
1079
828
402
263
383
737
902
922
827
918
1195
1474
1609
1423
1048
544
150
-20
93
379
670
772
682
384
133
-111
-128
-119
-20
-40
-149
-253
-281
-70
53
130
-148
-390
-656
-600
-446
-134
135
426
605
593
430
225
295
365
493
315
183
-51
-239
-506
-749
-705
-392
181
494
523
234
18
-8
98
263
339
475
523
552
352
134
-77
-116
-37
133
464
694
751
333
-153
-461
-278
114
311
108
-332
-559
-433
-32
213
270
50
-53
-144
-89
-217
-417
-723
-928
-868
-555
-77
62
-152
-693
-1055
-1095
-838
-517
-389
-466
-619
-689
-631
-676
-783
-956
-897
-723
-497
-433
-575
-803
-1060
-1029
-865
-525
-339
-270
-347
-481
-521
-443
-182
110
363
416
332
127
79
95
257
291
298
225
191
189
137
191
282
552
634
566
366
312
509
723
924
832
652
322
38
-146
-231
-165
-195
-166
-226
-84
43
279
412
465
474
370
274
-81
-361
-544
-339
33
362
516
413
315
203
253
236
256
236
387
581
773
880
906
850
596
285
146
346
742
1003
1018
862
648
551
488
541
461
414
387
515
581
407
8
-403
-502
-307
67
314
431
376
350
361
470
589
602
362
-108
-517
-587
-349
-193
-290
-546
-546
-201
368
650
424
-298
-1035
-1468
-1487
-1187
-819
-506
-477
-619
-883
-1027
-1092
-1047
-1011
-877
-740
-504
-385
-299
-317
-239
-108
-140
-383
-758
-789
-549
-172
-82
-140
-239
-106
-9
-50
-407
-731
-844
-593
-137
229
536
589
662
446
176
-206
-349
-331
-207
-91
63
310
465
514
302
64
-233
-349
-415
-369
-333
-173
132
549
914
984
713
141
-436
-876
-927
-690
-241
15
75
-62
-129
-156
-141
-126
-170
-197
-299
-242
-161
141
420
767
946
941
720
417
257
227
340
389
412
373
360
330
262
199
185
187
105
-86
-234
-218
31
293
469
554
681
815
847
719
609
592
724
828
815
736
626
619
638
790
874
812
491
183
84
153
135
-78
-336
-439
-327
-74
209
307
215
-51
-191
-133
76
221
140
-54
-298
-396
-466
-487
-566
-538
-390
-195
-152
-306
-480
-487
-295
-96
-98
-426
-929
-1388
-1478
-1220
-732
-319
-122
-139
-301
-335
-255
-85
-80
-223
-353
-421
-381
-405
-370
-318
-180
-52
32
25
-92
-246
-358
-304
-199
-77
-60
76
263
410
247
-186
-552
-695
-491
-198
170
398
448
318
120
-1
-51
-20
-29
-113
-200
-213
-115
-60
-27
-2
14
-44
-197
-247
-139
151
426
617
624
489
285
164
209
359
455
393
254
192
251
288
241
121
111
163
217
174
112
123
140
100
19
-4
74
129
161
96
-34
-150
-120
208
612
855
780
481
182
-78
-158
-89
156
362
410
223
-82
-353
-422
-350
-251
-312
-457
-653
-781
-815
-731
-522
-298
-61
35
1
-158
-274
-232
-82
79
73
-115
-363
-484
-417
-286
-218
-236
-300
-352
-332
-191
22
196
260
273
238
189
79
-2
-29
31
213
417
674
810
956
922
819
563
409
366
484
636
767
878
901
935
901
943
864
769
499
275
123
213
484
744
869
703
414
67
-123
-171
-194
-327
-531
-640
-591
-527
-550
-687
-839
-988
-1080
-1114
-1033
-899
-831
-879
-962
-855
-639
-486
-652
-970
-1221
-1202
-983
-683
-442
-241
-118
-38
-115
-291
-501
-574
-501
-354
-218
-202
-206
-272
-259
-209
30
407
761
830
595
292
68
-12
55
383
850
1145
1045
657
315
188
247
358
383
273
85
60
386
890
1204
1017
495
-59
-306
-223
94
348
395
218
-48
-215
-208
-18
131
60
-289
-719
-946
-827
-508
-250
-235
-349
-406
-302
-125
-56
-161
-325
-387
-235
16
226
250
118
-45
-119
-15
170
316
305
254
308
479
608
578
481
429
409
312
154
-19
-142
-260
-282
-136
189
500
573
400
157
106
190
299
278
190
128
145
247
327
340
299
183
21
-294
-548
-615
-328
76
343
330
116
-73
-219
-221
-232
-141
-136
-101
-146
-79
88
362
520
445
237
42
33
76
188
164
104
4
28
65
3
-203
-432
-498
-474
-388
-367
-252
-78
150
313
355
238
-76
-430
-626
-507
-131
227
372
224
-4
-120
-70
-21
-120
-342
-578
-678
-692
-583
-440
-225
-80
2
0
-10
-61
-203
-438
-710
-816
-666
-305
-14
39
-159
-447
-673
-733
-598
-425
-338
-444
-561
-621
-572
-508
-498
-506
-532
-466
-289
-27
213
362
474
594
608
428
-19
-420
-600
-357
121
637
951
976
864
759
841
965
1066
986
812
625
588
749
980
1153
1210
1190
1035
725
364
200
272
445
480
418
328
318
255
161
10
-149
-311
-450
-437
-369
-242
-228
-201
-196
-117
-18
29
-50
-286
-493
-539
-336
-64
147
221
222
171
5
-265
-512
-560
-406
-200
-110
-115
-207
-265
-329
-288
-232
-236
-375
-547
-565
-492
-414
-454
-421
-249
17
146
44
-202
-307
-166
219
483
550
382
229
183
199
240
88
-56
-144
67
328
496
413
201
-16
-135
-50
105
239
67
-228
-530
-528
-326
27
372
535
489
200
12
-65
64
155
211
100
-82
-322
-411
-301
-107
-4
-184
-434
-732
-914
-1066
-1014
-728
-331
-72
-51
-159
-231
-248
-207
-185
-152
-132
-114
-101
-141
-82
34
319
398
233
-244
-595
-565
-156
369
688
810
769
718
598
529
455
474
461
432
317
224
203
290
425
531
562
517
461
465
512
523
443
261
120
89
213
347
334
121
-170
-261
-99
163
230
102
-53
-24
164
365
351
104
-230
-420
-349
-143
58
13
-202
-481
-512
-327
-93
-85
-291
-552
-605
-417
-124
50
-42
-224
-459
-530
-515
-341
-150
-66
-129
-336
-530
-681
-727
-709
-657
-598
-536
-484
-458
-475
-406
-180
264
638
761
506
143
-112
-180
-109
-4
197
338
388
178
-71
-273
-191
14
251
325
234
82
-139
-292
-409
-270
-37
236
259
73
-306
-605
-614
-271
223
517
514
194
-124
-361
-211
73
431
507
365
103
-99
-52
117
406
549
586
437
289
254
489
818
1083
1059
902
660
516
502
611
745
727
673
613
641
580
444
287
255
265
251
93
-37
-43
151
395
505
440
189
10
-11
218
399
350
18
-346
-509
-429
-262
-234
-401
-670
-833
-826
-743
-780
-956
-1077
-977
-723
-562
-634
-808
-940
-935
-926
-938
-940
-834
-733
-726
-850
-931
-894
-784
-642
-505
-313
-207
-265
-489
-628
-494
-153
69
-19
-335
-489
-347
12
198
108
-129
-220
-100
84
267
416
641
763
771
606
485
462
541
638
681
654
546
454
364
324
276
341
427
476
337
65
-177
-296
-197
53
429
691
667
376
60
-42
28
56
-66
-295
-362
-236
45
159
36
-236
-382
-244
-22
137
68
39
89
258
312
218
119
172
454
704
785
665
523
433
392
391
461
480
416
256
203
301
403
456
444
583
833
1037
1041
735
354
123
251
630
894
886
564
233
44
61
154
178
161
135
160
171
116
-113
-443
-650
-427
100
494
311
-341
-935
-1016
-568
-97
46
-274
-744
-1068
-1097
-878
-589
-421
-416
-552
-647
-720
-842
-1022
-1215
-1225
-1086
-787
-538
-431
-573
-789
-899
-804
-600
-475
-420
-440
-370
-316
-266
-341
-443
-522
-501
-393
-256
-141
-121
-130
-226
-219
-174
42
173
170
-54
-314
-336
-84
379
667
721
499
241
-11
-121
-113
14
165
268
340
280
93
-220
-419
-337
12
395
499
203
-303
-645
-533
-65
503
789
734
321
-120
-385
-349
-88
158
383
493
556
428
152
-61
33
483
946
1171
1067
824
611
473
466
518
656
736
678
475
230
169
247
444
578
743
834
807
552
210
93
276
698
947
866
434
-17
-160
55
446
725
796
666
313
-33
-201
30
354
532
418
166
-94
-371
-576
-608
-327
93
338
129
-403
-926
-1079
-873
-488
-188
-125
-261
-577
-840
-900
-685
-374
-261
-353
-540
-661
-689
-645
-415
-122
160
207
21
-312
-713
-881
-785
-356
49
237
146
-163
-519
-852
-875
-503
96
458
315
-181
-664
-795
-463
196
752
739
186
-481
-720
-595
-312
-140
-7
101
148
138
46
16
-18
49
169
329
374
154
-208
-496
-451
-200
30
39
-91
-211
-270
-293
-314
-225
-131
-95
-216
-380
-462
-548
-544
-461
-238
-118
-214
-328
-299
-105
-47
-92
-182
-127
38
262
430
462
399
320
324
411
587
816
950
842
521
272
382
729
1035
995
830
679
749
758
675
464
353
376
381
268
6
-85
61
429
679
673
458
257
238
358
412
357
207
124
-12
-193
-381
-469
-487
-579
-555
-330
139
430
321
-124
-589
-784
-661
-298
26
-2
-362
-779
-815
-523
-176
-71
-231
-366
-394
-282
-300
-398
-517
-474
-325
-171
-72
-88
-161
-270
-239
-2
322
549
565
464
309
167
57
64
149
294
382
424
430
380
328
253
293
359
414
322
219
224
315
221
-130
-495
-477
-68
421
571
324
-6
-127
47
177
110
-196
-445
-498
-429
-387
-453
-483
-508
-509
-513
-370
-178
-30
-188
-449
-632
-467
-216
-148
-341
-508
-386
-107
65
-95
-391
-626
-609
-488
-341
-298
-181
-51
143
220
261
214
49
-132
-285
-136
70
315
179
-94
-334
-111
464
956
1076
716
434
268
390
381
444
483
532
359
-70
-395
-423
-17
359
522
374
209
149
175
220
225
267
225
161
27
-9
50
143
198
80
-13
-103
-50
-36
-15
34
81
64
-155
-403
-532
-419
-119
131
274
242
228
242
211
40
-233
-320
-181
91
171
86
-53
27
175
337
289
143
-75
-196
-167
-111
-138
-312
-440
-405
-138
239
407
144
-490
-963
-810
-129
557
660
251
-417
-887
-1056
-836
-384
70
221
17
-291
-372
-201
-12
40
-52
-93
-134
-120
-219
-404
-597
-676
-471
-206
16
-20
-167
-304
-300
-36
414
812
809
441
48
-3
234
580
749
744
560
293
54
-66
87
279
453
410
342
264
199
287
395
589
558
498
453
520
617
636
698
700
677
413
85
-279
-322
-162
96
121
-69
-228
-271
-47
109
201
-112
-566
-979
-901
-475
-48
-22
-359
-862
-1176
-1108
-591
29
223
-191
-947
-1339
-1171
-556
-86
57
-210
-464
-563
-346
-41
204
140
-290
-725
-758
-225
278
331
-139
-546
-578
-189
284
599
536
166
-230
-303
110
663
1088
1058
784
424
222
253
413
683
810
845
727
590
450
320
285
349
520
706
657
362
-53
-159
51
430
709
800
665
343
-23
-298
-434
-431
-276
-79
13
-107
-261
-321
-281
-261
-293
-309
-319
-449
-716
-1066
-1181
-1064
-722
-506
-601
-1057
-1521
-1549
-1085
-505
-172
15
219
469
603
805
1055
1234
1064
728
476
402
373
254
111
4
75
294
464
304
-225
-692
-733
-409
-111
-54
-66
-82
-77
-93
34
350
716
988
1031
884
540
268
276
623
1027
1146
834
188
-407
-607
-321
131
396
285
-133
-678
-1078
-1149
-959
-800
-829
-917
-917
-861
-920
-964
-788
-364
19
119
72
99
232
262
155
150
352
586
621
480
334
214
51
-188
-483
-681
-730
-582
-360
-104
157
324
350
381
725
1366
1902
2007
1745
1373
1055
863
829
820
645
259
-162
-471
-705
-942
-1214
-1477
-1672
-1718
-1641
-1590
-1766
-2135
-2466
-2442
-1971
-1278
-691
-446
-420
-394
-170
240
730
1197
1512
1554
1333
1041
898
900
977
1107
1315
1482
1446
1168
808
611
664
909
1114
1206
1125
919
509
-76
-702
-1121
-1123
-729
-200
54
-126
-600
-1002
-1172
-1089
-944
-845
-901
-1090
-1345
-1593
-1788
-1862
-1672
-1122
-357
236
353
17
-410
-549
-219
414
1031
1302
1157
722
289
49
42
118
101
-119
-578
-1228
-1891
-2257
-2039
-1232
-175
656
997
930
823
1028
1763
2893
3985
4501
4252
3624
3265
3620
4554
5475
5630
4683
2965
1324
496
611
1149
1319
586
-1004
-2932
-4557
-5491
-5658
-5237
-4613
-4239
-4473
-5264
-6117
-6295
-5302
-3269
-986
646
1202
966
632
782
1600
2841
4075
4885
4895
3994
2419
803
-260
-620
-649
-914
-1707
-2911
-4172
-5153
-5639
-5503
-4780
-3713
-2746
-2229
-2149
-2166
-1867
-1094
63
1356
2583
3632
4458
5035
5439
5834
6408
7074
7521
7423
6827
6101
5507
4845
3566
1539
-706
-2324
-2960
-2933
-2983
-3717
-5250
-7056
-8391
-8727
-8123
-7004
-5876
-5068
-4699
-4738
-4895
-4622
-3308
-844
2147
4560
5631
5415
4748
4527
5153
6286
7268
7504
6714
4899
2411
-27
-1660
-2196
-2123
-2313
-3348
-5037
-6621
-7391
-7170
-6230
-5009
-3790
-2729
-1852
-1088
-147
1301
3365
5698
7752
9110
9789
10058
10209
10404
10576
10355
9122
6634
3439
613
-1081
-1736
-2089
-2995
-4814
-7241
-9489
-10849
-11041
-10290
-9102
-8079
-7648
-7845
-8177
-7839
-6167
-3078
687
3946
5777
6161
5890
5945
6814
8315
9744
10341
9592
7426
4239
874
-1695
-2909
-3085
-3202
-4198
-6261
-8704
-10451
-10702
-9415
-7185
-4899
-3256
-2539
-2457
-2241
-1034
1498
4826
7854
9671
10082
9645
9237
9552
10661
11926
12364
11359
9012
5907
2570
-570
-3054
-4508
-5061
-5401
-6355
-8282
-10778
-12845
-13453
-12261
-9872
-7503
-6116
-5855
-6037
-5756
-4393
-1864
1459
4902
7614
8893
8653
7679
7173
7832
9266
10327
9984
8009
4888
1382
-1775
-3952
-4885
-5045
-5497
-7058
-9486
-11553
-12046
-10680
-8212
-5694
-3786
-2552
-1680
-737
775
3210
6484
9864
12397
13561
13564
13087
12754
12707
12414
10986
7986
3921
-75
-3075
-4925
-6159
-7508
-9350
-11452
-13196
-14009
-13711
-12535
-10938
-9338
-7934
-6728
-5522
-3994
-1742
1395
5024
8238
10194
10812
10778
10897
11386
11794
11470
10069
7665
4592
1270
-1833
-4294
-5975
-7158
-8394
-10028
-11786
-12848
-12515
-10837
-8524
-6323
-4486
-2851
-1189
707
3011
5807
8768
11206
12550
12884
12943
13385
14229
14846
14502
12684
9213
4522
-297
-3901
-5693
-6235
-6838
-8515
-11243
-13995
-15493
-15064
-12960
-10087
-7464
-5815
-5263
-5278
-4827
-2960
598
5065
8983
11034
10938
9601
8474
8522
9621
10695
10469
8286
4510
222
-3442
-5802
-6864
-7230
-7814
-9231
-11277
-12953
-13143
-11472
-8562
-5509
-3136
-1619
-566
665
2661
5570
8918
11756
13264
13324
12632
12209
12604
13516
13974
13024
10121
5475
99
-4442
-6983
-7563
-7403
-7933
-9774
-12401
-14503
-14899
-13177
-10013
-6605
-4101
-2985
-2987
-3151
-2302
286
4343
8540
11211
11384
9507
7152
5907
6242
7287
7525
5878
2351
-2055
-6009
-8571
-9522
-9366
-9051
-9441
-10702
-12059
-12367
-10977
-8176
-4831
-1762
555
2052
3023
4096
5898
8562
11418
13358
13685
12742
11594
11174
11559
12106
11862
10041
6299
1074
-4219
-7850
-8925
-8204
-7458
-8174
-10458
-13125
-14477
-13436
-10138
-5858
-2227
-360
-267
-903
-810
1038
4590
8718
11775
12569
11063
8424
6243
5497
5989
6529
5760
3024
-1166
-5453
-8448
-9566
-9247
-8594
-8654
-9762
-11311
-12101
-11141
-8329
-4552
-1072
1244
2337
2806
3538
5227
7983
11092
13344
13802
12590
10829
9833
10079
10938
11170
9724
6194
1072
-4287
-8176
-9596
-9056
-8201
-8623
-10661
-13292
-14844
-14140
-11187
-7130
-3498
-1352
-779
-945
-578
1304
4750
8795
11957
13089
12014
9638
7366
6258
6361
6720
6018
3439
-832
-5660
-9524
-11353
-11200
-10177
-9627
-10204
-11523
-12481
-11963
-9539
-5776
-1958
711
1860
2128
2663
4303
7074
10233
12735
13829
13426
12198
11165
10986
11389
11371
9992
6979
2728
-1934
-5979
-8584
-9634
-9854
-10268
-11469
-13188
-14494
-14366
-12394
-9112
-5721
-3296
-2172
-1801
-1192
504
3462
7081
10315
12243
12513
11475
9930
8670
8043
7763
7062
5149
1783
-2462
-6439
-9120
-10209
-10288
-10286
-10794
-11657
-12181
-11661
-9856
-7119
-4177
-1657
228
1733
3247
5014
7004
9040
10896
12307
13015
12981
12562
12243
12237
12194
11511
9770
6985
3365
-776
-4833
-7923
-9505
-9963
-10290
-11241
-12719
-13926
-13946
-12362
-9496
-6259
-3608
-2061
-1373
-725
805
3584
7111
10307
12209
12481
11459
9877
8518
7826
7600
7033
5214
1824
-2500
-6502
-9124
-10162
-10228
-10187
-10548
-11278
-11903
-11773
-10404
-7860
-4809
-2098
-198
1062
2244
3850
5961
8302
10460
12046
12718
12428
11625
11111
11327
11813
11492
9604
6254
2098
-2125
-5738
-8169
-9355
-9899
-10666
-12052
-13661
-14581
-13979
-11675
-8309
-5024
-2755
-1681
-1170
-225
1822
4892
8193
10734
11843
11429
9962
8257
7098
6716
6602
5805
3628
113
-3921
-7327
-9274
-9732
-9451
-9345
-9843
-10670
-11153
-10625
-8730
-5712
-2370
330
1952
2812
3622
4879
6646
8722
10754
12235
12657
11985
10883
10261
10475
10946
10693
9098
6153
2126
-2474
-6670
-9304
-9989
-9620
-9647
-10847
-12695
-13888
-13296
-10761
-7082
-3535
-1117
-116
20
293
1619
4203
7415
10097
11242
10514
8433
6069
4449
3958
4090
3773
2069
-1096
-4805
-7763
-9163
-9099
-8358
-7804
-7913
-8502
-8904
-8360
-6529
-3733
-789
1557
3060
3988
4737
5558
6575
7865
9341
10585
11048
10547
9507
8638
8408
8673
8858
8248
6323
2827
-1884
-6596
-9704
-10399
-9440
-8501
-8855
-10485
-12269
-12736
-11007
-7340
-3104
70
1320
1102
705
1334
3408
6402
9207
10636
10058
7714
4724
2438
1640
1959
2166
1029
-1747
-5302
-8228
-9476
-8966
-7507
-6261
-5975
-6552
-7177
-6918
-5331
-2708
145
2368
3518
3790
3855
4405
5697
7481
9170
10134
10010
8989
7795
7204
7533
8363
8805
8020
5586
1591
-3309
-7723
-10189
-10285
-9222
-8752
-9719
-11489
-12657
-12000
-9167
-4865
-571
2317
3318
3094
2860
3588
5507
8040
10100
10669
9362
6633
3551
1214
187
138
57
-1123
-3697
-6900
-9345
-10010
-8889
-6924
-5300
-4740
-5106
-5563
-5091
-3175
-195
2782
4699
5249
4937
4626
4909
5863
7151
8249
8653
8075
6709
5227
4451
4794
5960
7046
7182
5966
3402
-431
-5022
-8985
-10695
-9797
-7817
-6866
-7923
-10126
-11634
-10885
-7606
-2877
1457
3892
4116
3100
2378
3026
5102
7679
9510
9633
7818
4626
1277
-950
-1501
-1008
-875
-2209
-4955
-7958
-9881
-10041
-8724
-6852
-5464
-5076
-5407
-5536
-4567
-2273
709
3293
4706
5007
4903
5068
5721
6728
7863
8718
8736
7599
5729
4154
3765
4607
5838
6402
5776
3976
1088
-2837
-7066
-10044
-10520
-8905
-7051
-6579
-7644
-9060
-9372
-7665
-4021
504
4239
5888
5423
4160
3689
4686
6565
8184
8667
7719
5492
2548
-192
-1834
-2173
-1968
-2375
-3968
-6203
-7914
-8294
-7461
-6164
-5140
-4711
-4700
-4570
-3720
-1982
205
2058
3033
3252
3387
4066
5296
6568
7355
7448
6897
5933
4912
4232
4141
4580
5165
5376
4891
3814
2492
929
-1417
-4868
-8513
-10671
-10492
-8877
-7510
-7392
-8197
-8776
-7944
-5189
-993
3251
6000
6568
5581
4435
4187
4965
6147
6983
6900
5598
3164
300
-1922
-2765
-2471
-2068
-2483
-3722
-5031
-5720
-5728
-5353
-4814
-4166
-3510
-2943
-2401
-1657
-620
515
1482
2281
3180
4299
5369
5961
5960
5621
5227
4795
4222
3601
3216
3176
3281
3239
3030
2778
2549
2025
592
-2258
-6104
-9417
-10595
-9324
-6910
-5152
-5083
-6288
-7311
-6517
-3302
1366
5402
7101
6239
4030
2097
1478
2302
3930
5338
5469
3812
831
-2099
-3607
-3254
-1807
-524
-310
-1272
-2907
-4411
-5050
-4523
-3188
-1827
-1060
-1000
-1330
-1618
-1481
-668
823
2607
4065
4724
4563
3964
3423
3297
3602
4062
4279
4017
3343
2629
2344
2698
3475
4143
4282
3715
2231
-555
-4479
-8075
-9436
-8016
-5438
-3934
-4475
-6160
-7218
-6247
-3012
1390
5062
6347
4963
2173
-44
-387
1053
3091
4382
4157
2440
-60
-2184
-2834
-1646
598
2333
2306
516
-1855
-3500
-3824
-3055
-1791
-729
-514
-1483
-3187
-4416
-4027
-1941
732
2648
3197
2650
1670
945
1055
2218
3895
4944
4515
2965
1573
1380
2327
3621
4550
4850
4501
3574
2074
-114
-3038
-6117
-8249
-8607
-7432
-5770
-4676
-4575
-5041
-5024
-3529
-566
2633
4419
4094
2307
415
-623
-601
172
1303
2311
2624
1883
516
-430
-140
1148
2413
2735
1982
648
-696
-1698
-2195
-2159
-1839
-1727
-2218
-3142
-3845
-3737
-2813
-1523
-320
621
1267
1559
1534
1519
1955
2879
3775
4053
3663
3079
2777
2841
3137
3657
4372
4943
4821
3894
2432
488
-2346
-5837
-8591
-9023
-7099
-4478
-2941
-3079
-4117
-4871
-4345
-2339
478
2755
3306
1919
-461
-2363
-2755
-1550
537
2512
3542
3306
2166
1091
992
2075
3642
4664
4485
3166
1267
-579
-1923
-2533
-2487
-2241
-2371
-3081
-3978
-4450
-4109
-3025
-1539
-44
1167
1881
2045
1926
2055
2788
3878
4651
4629
4042
3511
3476
3851
4371
4846
5084
4786
3731
2221
710
-753
-2681
-5022
-6678
-6428
-4472
-2431
-1820
-2846
-4466
-5473
-5179
-3641
-1531
21
12
-1664
-3910
-5152
-4453
-2084
888
3309
4495
4340
3374
2550
2788
4279
6130
6900
5719
3012
4
-2271
-3591
-4247
-4591
-4874
-5397
-6355
-7475
-7985
-7226
-5285
-2871
-691
963
2018
2434
2352
2313
2949
4350
5875
6673
6440
5517
4485
3697
3249
3113
3179
3181
2814
2055
1339
1006
756
-170
-1854
-3358
-3593
-2573
-1410
-1279
-2536
-4650
-6684
-7643
-7024
-5172
-3241
-2300
-2547
-3226
-3352
-2352
-212
2748
5924
8381
9212
8286
6542
5243
4948
5194
5142
4249
2450
-124
-3140
-5934
-7738
-8315
-8214
-8149
-8337
-8382
-7821
-6491
-4627
-2568
-572
1201
2574
3440
3961
4528
5430
6517
7292
7300
6479
5125
3689
2577
2005
1893
1906
1763
1513
1471
1906
2860
3968
4420
3316
647
-2354
-4138
-4217
-3514
-3346
-4418
-6427
-8502
-9661
-9258
-7242
-4264
-1417
411
1039
1055
1346
2540
4676
7179
9076
9435
7945
5254
2649
1265
1303
1946
2000
694
-1942
-5266
-8327
-10159
-10224
-8823
-7031
-5936
-5864
-6243
-6166
-5063
-2973
-355
2198
4178
5306
5654
5652
5807
6292
6804
6836
6187
5077
3916
2972
2388
2256
2555
3037
3369
3428
3345
3304
3407
3615
3587
2680
379
-2926
-6027
-7673
-7584
-6488
-5549
-5516
-6294
-7095
-6972
-5464
-2824
118
2417
3401
2964
1617
304
-18
1085
3150
5035
5608
4506
2279
-26
-1501
-1857
-1451
-1009
-1204
-2388
-4408
-6614
-8174
-8562
-7870
-6669
-5593
-4902
-4426
-3756
-2590
-877
1134
3057
4526
5335
5519
5332
5151
5206
5481
5800
6022
6085
5916
5466
4832
4271
3982
3923
3880
3722
3442
3021
2407
1650
991
545
62
-957
-2582
-4266
-5206
-5107
-4297
-3406
-2930
-3043
-3621
-4217
-4281
-3446
-1914
-385
351
-48
-1228
-2403
-2803
-2110
-588
1079
2179
2318
1567
387
-577
-906
-646
-216
-35
-381
-1402
-2951
-4502
-5301
-4911
-3578
-2131
-1348
-1379
-1819
-2167
-2158
-1632
-488
1177
2913
4119
4483
4234
3964
4146
4882
5939
6892
7265
6756
5534
4206
3423
3378
3707
3831
3445
2679
1896
1348
1113
1173
1485
1840
1794
868
-962
-3065
-4513
-4756
-4030
-3189
-3069
-3839
-5007
-5900
-6161
-5756
-4901
-3993
-3505
-3738
-4607
-5602
-6009
-5385
-3847
-1942
-194
1054
1646
1628
1418
1566
2284
3244
3915
4008
3520
2549
1212
-232
-1349
-1734
-1380
-735
-296
-173
-151
-68
50
186
444
874
1309
1460
1197
653
67
-444
-826
-883
-326
835
2110
2909
3083
3006
3152
3714
4568
5438
6071
6280
5948
5137
4156
3437
3171
3110
2755
1719
41
-1866
-3476
-4526
-5128
-5645
-6418
-7536
-8790
-9783
-10160
-9738
-8619
-7163
-5858
-5031
-4644
-4341
-3631
-2209
-176
1949
3584
4475
4773
4809
4864
5108
5613
6377
7253
7950
8142
7730
6895
5948
5059
4174
3052
1447
-692
-3115
-5449
-7435
-8962
-9941
-10292
-10089
-9543
-8799
-7758
-6216
-4130
-1785
389
2120
3496
4777
6093
7274
8019
8205
8022
7766
7567
7374
7153
6963
6763
6314
5340
3841
2163
711
-353
-1213
-2208
-3644
-5563
-7650
-9289
-9856
-9129
-7548
-6010
-5224
-5218
-5454
-5341
-4599
-3334
-1874
-616
173
486
645
1149
2350
4221
6401
8413
9831
10349
9881
8637
7031
5467
4124
2951
1752
332
-1407
-3406
-5428
-7092
-8014
-8086
-7598
-7044
-6728
-6680
-6761
-6829
-6698
-6187
-5200
-3852
-2450
-1269
-315
655
1809
3052
4142
4960
5515
5818
5819
5541
5141
4804
4619
4545
4497
4402
4199
3799
3161
2411
1807
1482
1299
1040
645
223
-150
-605
-1406
-2572
-3670
-4031
-3347
-1923
-479
369
466
81
-404
-771
-902
-798
-660
-839
-1501
-2407
-3164
-3504
-3383
-2852
-1975
-929
16
588
773
814
987
1303
1544
1562
1406
1158
752
43
-985
-2162
-3227
-4004
-4434
-4541
-4429
-4315
-4455
-4898
-5350
-5391
-4817
-3762
-2484
-1156
139
1292
2176
2864
3633
4694
5877
6761
7069
6896
6526
6114
5678
5312
5237
5516
5885
5953
5550
4836
4112
3635
3471
3545
3603
3295
2333
788
-839
-2008
-2610
-3067
-3805
-4839
-5738
-6064
-5706
-4968
-4272
-3876
-3839
-4105
-4531
-4824
-4720
-4165
-3400
-2782
-2521
-2501
-2381
-1885
-1008
38
968
1530
1592
1265
866
706
881
1292
1750
2082
2150
1891
1327
574
-174
-745
-1092
-1330
-1621
-2042
-2580
-3178
-3713
-4021
-3950
-3437
-2544
-1473
-479
303
946
1678
2717
4121
5680
7016
7830
8077
7893
7499
7067
6675
6265
5732
5026
4165
3216
2254
1360
576
-112
-728
-1250
-1645
-1951
-2292
-2763
-3262
-3505
-3323
-2922
-2756
-3076
-3687
-4126
-4064
-3552
-2981
-2725
-2864
-3192
-3509
-3707
-3683
-3284
-2466
-1459
-702
-510
-769
-1019
-871
-274
555
1385
2047
2358
2186
1637
1097
909
1052
1221
1129
751
229
-328
-879
-1329
-1518
-1420
-1229
-1183
-1355
-1730
-2292
-3008
-3700
-4059
-3839
-3113
-2243
-1567
-1109
-685
-157
481
1245
2202
3343
4433
5117
5229
4970
4740
4759
4969
5188
5283
5160
4756
4088
3278
2486
1833
1376
1101
949
828
622
258
-190
-502
-499
-166
312
609
343
-632
-2039
-3292
-3865
-3628
-2924
-2316
-2202
-2602
-3301
-3995
-4416
-4378
-3864
-3065
-2296
-1839
-1739
-1740
-1466
-721
373
1475
2289
2665
2622
2262
1744
1253
979
1025
1262
1354
1033
313
-596
-1506
-2297
-2866
-3110
-3072
-3004
-3241
-3877
-4604
-4911
-4488
-3446
-2170
-1008
-65
738
1507
2298
3180
4191
5252
6147
6748
7165
7645
8274
8848
9069
8816
8201
7395
6519
5627
4721
3713
2474
951
-740
-2327
-3561
-4365
-4888
-5315
-5690
-5899
-5810
-5389
-4703
-3955
-3440
-3385
-3725
-4101
-4112
-3584
-2700
-1875
-1463
-1518
-1833
-2143
-2266
-2142
-1851
-1593
-1566
-1863
-2406
-2944
-3183
-2962
-2384
-1667
-967
-321
243
664
917
1048
1175
1412
1781
2175
2419
2380
1995
1324
595
111
46
331
740
993
904
479
-66
-413
-331
149
707
993
923
697
537
548
785
1325
2172
3168
4033
4532
4612
4442
4254
4181
4182
4144
3976
3653
3216
2731
2271
1849
1412
821
-21
-1042
-2066
-2984
-3826
-4647
-5424
-6040
-6337
-6237
-5723
-4864
-3831
-2923
-2360
-2047
-1654
-903
182
1310
2126
2451
2330
1867
1194
548
213
266
470
476
96
-553
-1166
-1456
-1342
-882
-162
672
1324
1465
1037
356
-96
-38
466
1095
1521
1564
1219
588
-124
-642
-780
-633
-526
-758
-1356
-2074
-2590
-2743
-2535
-2033
-1321
-548
96
471
567
496
419
450
640
980
1390
1713
1784
1616
1404
1383
1632
2085
2629
3167
3534
3540
3088
2299
1416
636
-2
-580
-1183
-1778
-2274
-2642
-2935
-3175
-3224
-2895
-2115
-1065
-41
706
1067
1034
716
321
108
258
716
1151
1159
620
-224
-1006
-1456
-1500
-1195
-763
-486
-637
-1298
-2240
-3005
-3171
-2652
-1672
-604
241
677
723
576
544
845
1461
2125
2486
2331
1654
608
-541
-1447
-1834
-1700
-1317
-987
-854
-876
-981
-1098
-1185
-1136
-845
-364
44
135
-84
-397
-586
-520
-148
490
1230
1857
2203
2281
2281
2418
2744
3160
3551
3831
3873
3551
2860
1995
1229
714
379
37
-423
-951
-1396
-1653
-1692
-1573
-1411
-1338
-1385
-1444
-1351
-1031
-602
-315
-380
-761
-1197
-1381
-1130
-525
174
652
784
642
400
212
151
240
383
442
262
-161
-679
-1059
-1099
-760
-160
470
933
1087
912
532
151
-39
-17
104
114
-147
-694
-1379
-1965
-2289
-2322
-2138
-1837
-1513
-1269
-1206
-1373
-1719
-2086
-2233
-1993
-1416
-751
-243
42
157
199
283
536
1020
1630
2145
2365
2272
1999
1721
1526
1440
1467
1612
1812
1895
1684
1183
621
268
233
449
741
910
818
437
-105
-600
-845
-744
-350
156
574
822
937
997
1046
1092
1153
1244
1350
1397
1302
1012
563
64
-384
-738
-988
-1101
-1050
-876
-650
-463
-409
-544
-811
-1042
-1090
-937
-704
-519
-442
-447
-485
-547
-651
-762
-787
-691
-580
-631
-928
-1394
-1888
-2316
-2652
-2869
-2943
-2906
-2856
-2871
-2898
-2812
-2527
-2066
-1473
-744
91
873
1383
1565
1612
1757
2057
2383
2601
2671
2622
2464
2215
1945
1759
1689
1655
1550
1371
1186
1043
882
611
227
-149
-406
-540
-609
-606
-453
-153
168
372
484
673
1067
1606
2140
2598
2947
3115
3000
2640
2234
1969
1873
1822
1688
1393
918
278
-421
-983
-1254
-1291
-1372
-1751
-2434
-3180
-3738
-4003
-3986
-3705
-3185
-2532
-1941
-1576
-1411
-1268
-999
-635
-274
51
354
558
507
117
-505
-1122
-1527
-1650
-1550
-1335
-1157
-1165
-1465
-1968
-2388
-2413
-1964
-1267
-676
-429
-514
-733
-832
-636
-104
654
1370
1773
1773
1554
1415
1566
1999
2561
3063
3384
3505
3487
3434
3400
3382
3331
3197
2934
2554
2136
1750
1378
989
633
426
408
505
593
624
653
767
990
1302
1674
2059
2313
2278
1928
1424
996
741
570
314
-98
-632
-1234
-1889
-2559
-3162
-3654
-4066
-4485
-4934
-5318
-5506
-5428
-5142
-4724
-4227
-3673
-3130
-2671
-2315
-2031
-1794
-1607
-1453
-1285
-1073
-867
-773
-854
-1050
-1219
-1247
-1105
-823
-504
-275
-232
-346
-504
-573
-482
-266
-46
43
-51
-234
-323
-124
417
1178
1939
2536
2926
3162
3346
3563
3905
4375
4882
5237
5299
5067
4667
4259
3941
3736
3581
3359
2953
2343
1632
976
498
218
92
64
97
141
129
52
29
211
630
1138
1486
1502
1181
680
182
-181
-369
-428
-518
-840
-1486
-2378
-3316
-4115
-4653
-4901
-4905
-4784
-4677
-4667
-4718
-4703
-4492
-4026
-3342
-2550
-1819
-1289
-997
-828
-649
-417
-165
84
323
505
534
335
-45
-414
-599
-599
-561
-552
-500
-312
-19
254
419
507
629
855
1175
1525
1854
2119
2249
2230
2168
2242
2522
2901
3176
3223
3068
2859
2748
2781
2902
3008
3011
2853
2545
2161
1789
1465
1174
903
636
349
31
-305
-635
-927
-1122
-1186
-1160
-1122
-1081
-969
-734
-387
9
374
647
820
911
895
698
255
-394
-1118
-1749
-2203
-2521
-2801
-3106
-3435
-3745
-3998
-4161
-4221
-4168
-4008
-3786
-3582
-3447
-3328
-3115
-2734
-2208
-1616
-1032
-496
-42
304
532
697
862
1027
1120
1084
979
888
855
826
773
724
728
775
825
840
829
826
854
902
933
936
936
937
913
842
749
650
557
521
641
969
1435
1888
2201
2372
2490
2624
2770
2895
2980
3009
2951
2791
2555
2302
2067
1852
1619
1370
1103
831
545
258
6
-183
-295
-355
-380
-407
-442
-484
-508
-495
-452
-394
-339
-295
-300
-407
-639
-950
-1254
-1505
-1705
-1909
-2171
-2503
-2834
-3068
-3162
-3141
-3052
-2895
-2671
-2411
-2196
-2078
-2036
-1981
-1828
-1554
-1205
-843
-510
-232
-43
41
84
197
451
815
1182
1423
1445
1217
809
370
70
-7
56
75
-84
-410
-778
-1039
-1096
-920
-544
-49
451
842
1061
1102
1057
1071
1273
1665
2136
2550
2800
2847
2726
2531
2366
2306
2399
2625
2847
2847
2475
1796
1054
506
240
164
115
-5
-214
-479
-767
-997
-1063
-941
-747
-658
-768
-1041
-1352
-1576
-1643
-1574
-1454
-1385
-1432
-1581
-1757
-1851
-1782
-1531
-1209
-991
-961
-1063
-1181
-1258
-1316
-1383
-1455
-1502
-1497
-1460
-1413
-1349
-1220
-1003
-716
-390
-41
263
427
416
300
203
198
285
395
472
494
459
339
155
-2
-21
95
239
312
299
240
157
70
4
0
76
233
484
837
1283
1784
2251
2576
2709
2707
2677
2686
2727
2774
2787
2704
2460
2052
1598
1259
1130
1157
1183
1072
774
340
-112
-445
-566
-493
-340
-251
-306
-486
-687
-802
-785
-646
-426
-177
27
112
50
-96
-214
-254
-281
-405
-650
-925
-1127
-1261
-1419
-1643
-1880
-2044
-2133
-2208
-2310
-2397
-2412
-2349
-2268
-2239
-2280
-2343
-2334
-2194
-1940
-1657
-1416
-1278
-1239
-1225
-1139
-955
-718
-470
-247
-107
-100
-192
-272
-248
-123
72
311
554
719
734
626
530
599
868
1230
1525
1687
1762
1831
1933
2061
2197
2336
2480
2607
2702
2753
2746
2659
2487
2278
2115
2058
2092
2137
2120
2025
1882
1731
1570
1394
1193
973
745
533
368
238
90
-124
-384
-628
-804
-896
-921
-917
-928
-987
-1110
-1299
-1537
-1783
-1981
-2096
-2146
-2193
-2316
-2523
-2751
-2923
-2994
-2962
-2840
-2647
-2425
-2255
-2195
-2243
-2294
-2252
-2096
-1869
-1620
-1368
-1141
-989
-954
-1025
-1119
-1133
-1003
-723
-347
29
294
394
380
396
582
956
1407
1779
1989
2045
2001
1914
1834
1799
1824
1879
1919
1903
1859
1867
1994
2220
2443
2570
2585
2566
2585
2667
2769
2850
2881
2829
2648
2330
1960
1661
1511
1461
1380
1147
747
260
-199
-542
-731
-775
-733
-685
-718
-876
-1137
-1379
-1464
-1348
-1134
-1008
-1090
-1371
-1752
-2133
-2463
-2686
-2756
-2661
-2510
-2449
-2541
-2687
-2729
-2591
-2326
-2027
-1757
-1554
-1459
-1519
-1705
-1898
-1933
-1756
-1447
-1158
-968
-863
-796
-738
-661
-499
-195
229
680
1043
1239
1257
1158
1032
963
992
1087
1171
1188
1167
1141
1119
1100
1118
1215
1387
1600
1800
1948
2026
2054
2093
2214
2444
2717
2924
2968
2818
2509
2151
1878
1772
1798
1806
1624
1179
552
-95
-631
-1019
-1265
-1394
-1435
-1441
-1468
-1507
-1499
-1386
-1175
-906
-621
-374
-220
-183
-237
-327
-398
-401
-320
-218
-194
-287
-444
-591
-698
-757
-774
-771
-782
-842
-972
-1211
-1559
-1957
-2325
-2595
-2744
-2780
-2741
-2701
-2724
-2792
-2786
-2595
-2236
-1816
-1411
-1041
-718
-460
-249
-28
258
609
987
1339
1646
1889
2040
2090
2095
2143
2252
2353
2357
2235
2017
1764
1531
1361
1280
1274
1288
1260
1164
1032
920
881
916
988
1053
1108
1173
1243
1285
1290
1278
1237
1136
968
794
685
661
665
622
509
356
216
116
44
-52
-222
-475
-782
-1098
-1387
-1603
-1689
-1642
-1546
-1520
-1618
-1791
-1955
-2034
-1992
-1821
-1576
-1350
-1213
-1167
-1136
-1026
-790
-470
-169
30
92
32
-102
-233
-302
-303
-298
-340
-451
-619
-811
-994
-1129
-1176
-1105
-931
-741
-601
-516
-446
-368
-275
-140
56
311
575
804
957
1025
1032
1034
1096
1259
1511
1788
2023
2178
2250
2249
2207
2175
2192
2234
2226
2131
1956
1735
1461
1119
717
335
51
-118
-228
-342
-477
-599
-662
-643
-557
-441
-321
-239
-245
-358
-519
-657
-742
-788
-806
-805
-817
-873
-984
-1111
-1235
-1330
-1378
-1374
-1333
-1286
-1240
-1201
-1147
-1068
-982
-915
-872
-804
-704
-621
-627
-722
-854
-971
-1061
-1121
-1154
-1169
-1187
-1214
-1222
-1178
-1103
-1036
-987
-903
-736
-504
-281
-107
60
278
544
796
1004
1193
1418
1681
1933
2148
2334
2524
2697
2809
2836
2809
2781
2766
2747
2683
2534
2277
1930
1550
1199
926
739
616
513
400
262
98
-81
-266
-425
-507
-500
-467
-498
-616
-759
-852
-862
-789
-659
-521
-408
-344
-341
-392
-461
-502
-511
-525
-568
-622
-657
-666
-667
-665
-671
-684
-699
-707
-719
-741
-759
-777
-831
-931
-1038
-1104
-1123
-1138
-1181
-1257
-1346
-1414
-1424
-1351
-1214
-1051
-881
-703
-531
-400
-313
-242
-176
-126
-85
-16
105
240
351
442
557
734
972
1226
1440
1555
1565
1494
1402
1326
1272
1185
1008
739
464
279
196
162
150
180
274
400
512
578
617
654
696
730
744
751
761
770
739
657
565
514
520
551
564
529
443
316
165
19
-100
-177
-240
-320
-429
-545
-650
-746
-832
-895
-915
-910
-917
-964
-1029
-1076
-1105
-1152
-1237
-1332
-1395
-1424
-1450
-1491
-1534
-1547
-1514
-1432
-1300
-1106
-858
-600
-389
-254
-170
-84
29
169
323
491
644
746
777
775
805
895
1023
1156
1261
1334
1402
1483
1559
1583
1526
1410
1274
1108
877
572
240
-71
-364
-659
-928
-1111
-1177
-1156
-1099
-1049
-1013
-968
-867
-674
-382
-6
402
770
1025
1162
1234
1324
1479
1672
1844
1947
1974
1912
1758
1549
1370
1262
1184
1061
879
666
459
254
53
-139
-325
-536
-788
-1045
-1254
-1398
-1506
-1608
-1700
-1761
-1753
-1667
-1522
-1388
-1323
-1306
-1269
-1159
-969
-722
-450
-201
-30
19
-33
-113
-154
-160
-182
-246
-315
-343
-334
-323
-333
-369
-440
-547
-664
-739
-745
-689
-621
-576
-548
-505
-443
-395
-385
-392
-373
-316
-257
-236
-230
-175
-32
158
331
476
663
935
1246
1497
1661
1824
2076
2392
2651
2772
2780
2731
2629
2435
2129
1765
1413
1119
865
604
305
-10
-285
-488
-637
-767
-902
-1044
-1202
-1378
-1563
-1730
-1838
-1862
-1812
-1729
-1658
-1626
-1630
-1625
-1540
-1347
-1086
-829
-626
-500
-442
-413
-369
-304
-234
-175
-126
-98
-101
-132
-179
-241
-298
-342
-369
-389
-399
-392
-373
-339
-274
-151
33
262
511
748
930
1025
1051
1070
1148
1278
1415
1504
1530
1489
1380
1251
1178
1223
1339
1429
1432
1371
1309
1275
1280
1321
1389
1423
1347
1115
749
332
-43
-313
-471
-568
-658
-756
-836
-875
-877
-881
-912
-982
-1062
-1130
-1168
-1184
-1179
-1126
-1002
-835
-707
-668
-706
-760
-793
-796
-777
-757
-768
-824
-879
-858
-728
-536
-359
-235
-152
-93
-49
-13
26
59
78
91
132
206
262
242
160
92
100
167
229
244
238
259
316
373
398
398
388
384
365
298
170
18
-87
-119
-107
-97
-100
-85
-12
116
244
316
319
302
308
331
324
274
210
174
155
119
59
11
4
25
33
13
-20
-47
-63
-73
-69
-45
-18
-20
-47
-79
-102
-124
-138
-122
-86
-77
-126
-196
-224
-200
-186
-251
-394
-551
-654
-684
-650
-573
-491
-442
-413
-357
-247
-129
-43
-14
-39
-127
-246
-325
-310
-211
-99
-17
31
75
120
168
230
303
349
357
353
377
434
499
555
608
662
727
800
867
903
886
818
736
678
657
654
639
618
616
654
727
804
843
822
744
646
550
470
387
282
140
-21
-159
-243
-282
-294
-301
-317
-350
-381
-381
-340
-290
-278
-324
-411
-492
-535
-530
-509
-492
-473
-424
-333
-231
-154
-130
-155
-192
-197
-175
-160
-193
-275
-388
-524
-660
-762
-796
-768
-714
-689
-718
-774
-798
-759
-673
-591
-549
-540
-532
-495
-428
-347
-277
-228
-195
-167
-133
-90
-41
4
42
81
124
170
211
241
259
286
334
402
470
525
561
584
610
648
689
697
660
579
483
384
298
233
181
131
80
22
-33
-63
-47
-10
-2
-50
-140
-226
-279
-302
-316
-351
-397
-437
-456
-443
-393
-318
-248
-211
-214
-242
-262
-232
-138
-14
77
97
50
-14
-40
-13
30
37
-8
-83
-147
-177
-174
-154
-124
-80
-15
68
163
254
330
391
442
497
580
704
848
960
1014
1028
1030
1011
952
857
763
711
687
644
567
488
435
406
387
382
380
360
299
201
91
-14
-81
-90
-33
58
144
207
254
296
358
455
553
609
594
511
348
117
-133
-328
-435
-480
-519
-598
-741
-920
-1089
-1214
-1312
-1405
-1469
-1472
-1425
-1388
-1377
-1358
-1274
-1120
-937
-763
-595
-427
-277
-173
-108
-43
51
172
285
356
379
368
332
278
223
187
171
153
125
101
94
97
94
84
76
74
85
105
115
83
12
-62
-105
-124
-144
-165
-172
-160
-161
-198
-267
-328
-352
-327
-260
-175
-125
-139
-200
-247
-237
-175
-98
-27
49
147
252
307
287
229
195
201
217
230
238
235
214
181
161
160
173
200
239
284
319
351
372
372
343
300
277
287
337
406
477
539
598
656
694
693
667
638
611
576
535
495
457
409
338
254
170
100
36
-37
-125
-202
-232
-208
-186
-224
-328
-451
-552
-625
-656
-636
-555
-443
-344
-294
-274
-236
-145
-25
67
92
56
-10
-76
-128
-178
-220
-250
-246
-213
-176
-179
-242
-320
-347
-291
-190
-104
-64
-64
-85
-99
-73
15
150
290
408
497
561
594
591
569
552
544
531
499
444
367
265
158
66
1
-51
-106
-160
-210
-259
-316
-368
-398
-409
-425
-461
-485
-444
-336
-213
-124
-52
51
194
337
436
475
467
412
300
132
-51
-205
-331
-458
-599
-747
-901
-1054
-1188
-1284
-1336
-1353
-1340
-1294
-1230
-1154
-1064
-945
-791
-620
-460
-338
-237
-129
-13
54
42
-18
-63
-69
-66
-69
-57
21
175
373
575
756
913
1045
1149
1211
1213
1167
1104
1074
1092
1138
1175
1188
1183
1165
1143
1118
1079
1039
1028
1061
1092
1066
979
856
722
572
398
203
4
-183
-348
-508
-667
-801
-879
-896
-876
-831
-756
-651
-545
-467
-412
-364
-323
-276
-196
-72
52
124
127
89
35
-19
-55
-68
-78
-126
-238
-400
-563
-686
-770
-842
-908
-924
-843
-679
-506
-393
-342
-312
-281
-268
-280
-279
-235
-156
-83
-28
18
66
113
151
164
152
132
125
138
154
171
206
279
380
479
544
560
515
410
260
99
-35
-111
-115
-63
33
150
266
349
388
406
426
448
436
377
303
257
240
217
153
44
-93
-230
-327
-354
-319
-264
-220
-197
-192
-202
-208
-191
-150
-108
-63
-3
65
112
139
182
271
380
454
452
378
269
159
61
-30
-86
-95
-86
-125
-230
-355
-456
-531
-585
-601
-576
-529
-483
-444
-415
-397
-388
-386
-365
-299
-189
-75
6
55
81
91
88
81
62
30
-7
-41
-72
-101
-112
-92
-42
12
39
36
43
87
153
211
256
312
399
493
555
563
552
577
655
747
801
797
752
694
638
571
471
345
225
130
57
9
-19
-35
-70
-129
-196
-246
-265
-254
-214
-161
-117
-93
-92
-102
-114
-127
-145
-183
-242
-311
-354
-360
-360
-402
-509
-652
-799
-923
-1025
-1100
-1144
-1141
-1110
-1070
-1021
-947
-859
-779
-686
-542
-342
-138
23
136
228
313
376
399
405
455
583
739
834
843
804
775
765
762
764
768
765
735
678
607
530
458
404
379
373
375
383
405
432
443
439
420
394
354
326
334
377
421
431
406
355
281
184
84
15
-7
-10
-40
-125
-228
-286
-286
-266
-267
-283
-318
-387
-485
-588
-670
-727
-756
-771
-778
-775
-749
-698
-621
-504
-342
-165
-47
-37
-107
-173
-182
-159
-160
-205
-281
-358
-416
-451
-463
-468
-473
-486
-496
-472
-384
-237
-70
66
148
190
225
272
335
415
508
589
640
653
652
663
685
682
620
503
376
275
205
152
98
41
-30
-119
-219
-291
-306
-270
-221
-197
-215
-260
-294
-287
-238
-169
-84
31
161
264
310
316
314
316
323
336
360
391
409
402
369
294
147
-69
-294
-452
-518
-519
-496
-470
-452
-422
-347
-216
-66
62
160
255
345
413
433
411
371
322
248
138
26
-46
-82
-113
-152
-180
-183
-152
-70
62
215
352
446
486
470
430
399
370
307
200
73
-40
-117
-159
-171
-143
-80
-14
8
-26
-101
-185
-254
-306
-350
-401
-445
-465
-459
-448
-466
-516
-572
-584
-528
-424
-315
-218
-130
-36
73
182
288
378
454
520
577
610
606
579
559
567
594
617
627
629
615
570
481
366
237
110
7
-48
-44
-2
52
95
104
64
-19
-105
-170
-203
-227
-259
-298
-326
-330
-319
-302
-312
-350
-420
-498
-565
-618
-674
-745
-804
-815
-769
-705
-686
-720
-759
-727
-622
-501
-432
-439
-478
-492
-443
-340
-220
-123
-67
-47
-39
-25
2
24
25
-1
-39
-73
-94
-84
-34
48
114
122
78
26
-5
-20
-24
-3
57
147
244
321
366
370
373
413
529
713
917
1076
1155
1168
1150
1137
1128
1099
1049
989
924
840
725
595
478
402
359
329
294
264
241
206
153
106
105
158
228
267
242
146
1
-144
-248
-293
-296
-283
-278
-289
-309
-330
-348
-373
-401
-425
-442
-469
-528
-609
-686
-730
-742
-731
-702
-667
-627
-571
