-538
-555
-509
-424
-380
-425
-509
-547
-517
-494
-537
-642
-725
-717
-610
-471
-366
-282
-169
7
202
344
379
305
177
53
-18
-32
16
107
198
232
209
192
238
337
409
386
236
14
-178
-237
-158
-31
52
77
106
178
269
320
351
433
588
745
821
807
754
717
700
680
642
599
573
576
613
686
766
805
781
710
628
556
511
503
537
588
589
473
241
-28
-243
-352
-372
-383
-455
-578
-669
-682
-652
-657
-735
-849
-918
-913
-855
-762
-616
-421
-228
-85
-1
28
10
-42
-89
-98
-50
50
168
261
286
256
232
273
346
365
281
143
8
-114
-242
-379
-512
-620
-665
-605
-465
-324
-215
-117
-32
1
-28
-59
-20
111
294
468
580
611
584
563
608
705
768
733
610
472
359
272
224
249
349
468
534
534
474
351
156
-65
-231
-291
-295
-339
-451
-559
-560
-463
-362
-357
-451
-586
-702
-782
-836
-870
-881
-881
-884
-882
-849
-769
-645
-499
-384
-361
-408
-443
-398
-303
-242
-248
-298
-330
-301
-213
-128
-115
-176
-239
-218
-81
115
275
331
309
286
336
467
617
732
814
916
1056
1178
1199
1107
944
764
608
498
418
322
175
15
-83
-69
25
125
170
182
225
334
455
509
465
355
237
158
128
116
70
-19
-112
-165
-195
-258
-353
-427
-443
-446
-472
-514
-562
-620
-664
-615
-445
-216
-24
90
106
20
-134
-281
-373
-424
-442
-408
-325
-236
-172
-138
-137
-167
-191
-163
-76
21
95
173
292
464
645
791
857
812
667
502
402
370
338
278
243
296
419
513
484
309
58
-169
-312
-377
-393
-379
-366
-397
-492
-596
-616
-516
-355
-240
-209
-218
-193
-140
-102
-111
-138
-134
-67
54
178
235
199
91
-20
-73
-18
144
346
487
526
522
543
606
653
639
580
539
548
558
503
376
231
111
50
79
175
238
169
14
-88
-80
-39
-52
-100
-119
-110
-110
-130
-120
-58
21
58
28
-41
-131
-233
-327
-372
-365
-353
-382
-456
-554
-662
-755
-808
-837
-885
-965
-1022
-1013
-927
-779
-618
-505
-495
-560
-609
-562
-422
-254
-145
-136
-220
-342
-441
-467
-411
-318
-253
-240
-244
-216
-161
-114
-112
-144
-170
-120
31
245
439
578
694
829
980
1100
1170
1205
1231
1251
1250
1187
1032
806
580
425
358
347
339
285
158
-25
-180
-222
-148
-46
-17
-79
-196
-316
-426
-504
-517
-445
-307
-169
-78
-53
-74
-112
-153
-173
-184
-208
-261
-321
-336
-295
-201
-90
7
58
61
33
21
61
165
287
375
408
402
376
334
299
283
273
227
150
89
70
73
72
66
69
74
72
68
98
212
415
629
759
789
774
750
700
628
576
546
493
398
307
284
333
408
457
457
436
426
433
400
278
66
-176
-384
-525
-591
-605
-601
-641
-747
-887
-994
-1020
-942
-766
-530
-307
-176
-152
-204
-284
-359
-424
-477
-537
-613
-685
-721
-707
-671
-614
-527
-425
-339
-272
-210
-193
-274
-406
-464
-382
-205
-43
40
6
-105
-202
-200
-88
81
236
322
286
120
-110
-292
-336
-243
-93
20
59
48
26
19
46
111
181
229
273
349
422
418
321
191
98
69
86
121
143
133
103
86
104
147
181
182
155
132
150
194
197
109
-40
-141
-123
8
171
295
337
280
158
46
15
71
153
203
216
225
240
258
282
315
345
340
321
316
339
353
337
304
265
204
100
-48
-167
-178
-80
30
45
-33
-115
-125
-64
20
88
139
184
211
209
171
104
21
-71
-168
-281
-397
-476
-476
-429
-386
-370
-334
-234
-87
33
38
-66
-194
-255
-260
-284
-357
-426
-444
-385
-263
-110
17
68
58
59
136
254
322
281
177
99
106
206
355
502
585
570
483
389
332
325
363
421
428
332
179
78
76
92
51
-18
-18
60
146
153
62
-92
-211
-201
-65
97
175
145
39
-84
-192
-272
-345
-443
-577
-725
-838
-901
-915
-884
-812
-739
-717
-748
-779
-777
-781
-826
-887
-905
-855
-753
-616
-461
-309
-171
-55
37
112
173
238
289
324
345
385
449
503
513
480
426
355
265
171
133
191
333
468
516
478
406
347
305
316
416
594
767
849
841
794
753
710
648
582
511
413
272
116
-13
-122
-222
-302
-315
-254
-167
-118
-101
-84
-49
-16
1
29
62
74
29
-35
-80
-114
-201
-360
-500
-513
-393
-254
-186
-169
-155
-150
-199
-282
-333
-308
-218
-110
-41
-56
-123
-167
-163
-142
-107
-22
119
268
397
503
566
533
402
240
111
54
44
63
96
159
263
381
488
564
623
685
768
855
892
830
662
446
245
117
68
49
-24
-174
-341
-460
-527
-584
-633
-647
-614
-556
-501
-460
-420
-375
-345
-387
-501
-617
-632
-552
-462
-419
-405
-346
-248
-145
-69
-7
50
66
-1
-147
-321
-461
-530
-515
-419
-279
-152
-103
-135
-178
-152
-27
143
274
307
258
189
144
128
148
211
306
378
365
258
123
40
38
89
144
176
155
72
-54
-179
-275
-338
-344
-284
-195
-153
-187
-253
-279
-221
-96
7
-5
-132
-266
-307
-250
-175
-138
-139
-141
-126
-110
-127
-188
-260
-290
-246
-137
-28
2
-42
-66
28
222
410
504
507
449
368
297
257
249
271
336
439
539
605
645
693
764
829
857
834
783
736
688
614
510
431
437
516
605
657
674
653
573
440
304
193
76
-62
-203
-296
-315
-268
-186
-100
-32
16
41
28
-49
-215
-439
-639
-723
-687
-602
-568
-626
-741
-828
-843
-808
-789
-810
-832
-796
-684
-552
-460
-407
-347
-254
-157
-73
9
104
184
203
149
53
-17
-12
60
135
164
185
267
416
549
567
467
332
277
321
394
408
366
322
304
273
197
102
31
18
46
61
14
-94
-215
-313
-386
-427
-439
-440
-454
-476
-489
-517
-572
-620
-609
-557
-527
-547
-574
-546
-471
-421
-455
-552
-647
-672
-602
-469
-335
-259
-247
-255
-241
-221
-246
-326
-404
-411
-337
-246
-187
-137
-20
166
351
472
558
646
713
710
646
605
632
705
776
816
826
828
841
853
813
698
540
415
354
357
404
503
641
787
888
906
848
758
670
599
548
510
477
443
416
403
390
382
383
376
325
225
105
-6
-91
-145
-167
-189
-251
-364
-503
-636
-737
-810
-869
-942
-1010
-1030
-965
-817
-638
-484
-389
-344
-323
-301
-268
-219
-155
-92
-37
6
42
73
82
52
18
36
115
172
133
12
-123
-225
-282
-285
-217
-90
67
218
324
352
309
254
224
212
197
208
280
383
432
399
331
307
337
364
327
225
119
61
28
-32
-127
-207
-243
-272
-344
-471
-632
-798
-929
-984
-966
-913
-861
-811
-719
-560
-352
-186
-135
-181
-256
-315
-366
-398
-394
-367
-354
-358
-331
-217
-21
193
347
401
388
382
438
529
579
546
449
344
267
215
164
103
51
33
28
-7
-100
-193
-197
-77
101
227
251
209
172
177
208
211
164
86
14
-22
-24
-2
42
111
204
297
361
380
358
302
221
130
45
-41
-144
-246
-299
-257
-124
31
127
119
36
-29
4
129
240
247
154
54
30
83
135
131
80
50
85
164
222
218
165
111
78
54
16
-31
-48
-11
75
163
218
234
226
215
196
171
139
102
54
9
-12
13
52
56
10
-60
-107
-129
-136
-157
-208
-273
-323
-328
-295
-262
-252
-266
-282
-300
-332
-366
-371
-334
-289
-271
-280
-264
-200
-120
-82
-108
-160
-193
-186
-166
-159
-192
-247
-254
-157
13
151
191
166
155
189
240
252
205
119
29
-23
-14
57
164
270
362
433
492
527
503
400
275
242
361
545
651
618
552
595
756
902
891
717
498
354
278
169
11
-74
34
235
286
64
-251
-389
-266
-102
-128
-330
-493
-495
-456
-516
-656
-719
-638
-509
-468
-545
-643
-670
-655
-693
-810
-916
-930
-872
-803
-723
-587
-435
-381
-490
-667
-760
-710
-581
-476
-432
-409
-343
-223
-61
124
325
498
592
611
605
588
544
490
475
538
647
733
729
635
533
503
531
533
478
424
420
437
417
359
313
336
402
415
313
134
-26
-115
-153
-183
-244
-358
-509
-615
-611
-520
-427
-372
-325
-244
-116
29
129
148
104
63
42
-11
-157
-387
-579
-614
-468
-246
-77
6
62
153
251
285
247
187
155
172
258
410
581
697
733
727
736
801
897
970
950
846
726
659
676
764
875
928
854
671
489
386
337
252
90
-97
-238
-316
-367
-417
-453
-463
-507
-666
-958
-1254
-1398
-1344
-1177
-1012
-868
-727
-581
-475
-429
-441
-499
-590
-693
-770
-821
-863
-902
-894
-824
-701
-526
-262
90
424
605
569
412
306
360
518
630
609
521
512
682
968
1175
1155
949
723
588
514
420
290
153
53
6
27
107
214
297
305
203
22
-160
-316
-506
-815
-1208
-1558
-1728
-1693
-1570
-1511
-1549
-1582
-1527
-1403
-1236
-994
-684
-377
-155
-79
-182
-420
-604
-544
-233
111
225
4
-378
-591
-424
34
474
646
521
287
176
316
658
1025
1242
1281
1268
1353
1563
1801
1966
2022
2000
1942
1896
1870
1866
1864
1845
1797
1796
1998
2439
2848
2722
1758
103
-1727
-3153
-3743
-3412
-2541
-1794
-1618
-1876
-1994
-1399
30
1723
2675
2224
721
-758
-1362
-1063
-426
-71
-293
-963
-1691
-2122
-2119
-1737
-1174
-760
-845
-1488
-2315
-2722
-2367
-1483
-698
-451
-614
-710
-442
103
655
1007
1098
975
714
318
-173
-528
-441
107
719
997
938
871
1109
1677
2282
2512
2240
1812
1711
2020
2337
2205
1536
648
-28
-280
-213
-48
82
134
82
-20
28
407
1078
1744
2027
1717
1038
564
707
1256
1598
1370
777
308
279
630
1024
1092
706
68
-563
-1287
-2481
-4123
-5355
-5181
-3603
-1815
-1168
-2025
-3425
-3789
-2254
342
2012
1521
-463
-2188
-2521
-1600
-311
492
421
-369
-1428
-2325
-2713
-2376
-1478
-690
-733
-1678
-2812
-3189
-2385
-832
544
1056
758
245
103
547
1392
2191
2504
2248
1797
1644
1936
2419
2708
2667
2490
2522
2912
3426
3680
3544
3285
3252
3553
3973
4175
3934
3268
2385
1472
488
-768
-2346
-3982
-5215
-5709
-5446
-4763
-4109
-3660
-3183
-2371
-1216
34
1129
1871
2109
1891
1498
1241
1230
1376
1413
1023
106
-1017
-1862
-2195
-2196
-2272
-2695
-3369
-3868
-3813
-3153
-2117
-1050
-265
105
236
472
1006
1712
2222
2156
1426
363
-470
-717
-466
-145
-163
-541
-898
-759
67
1414
2891
4023
4509
4475
4370
4556
5004
5414
5449
4947
4078
3260
2824
2697
2507
1952
1066
206
-243
-196
27
-123
-1119
-3014
-5198
-6600
-6479
-5137
-3751
-3430
-4299
-5371
-5317
-3611
-1103
652
727
-435
-1522
-1482
-259
1322
2296
2218
1319
206
-540
-631
-244
71
-275
-1434
-2947
-4005
-4058
-3248
-2253
-1673
-1606
-1703
-1510
-824
154
949
1168
731
-90
-802
-977
-641
-318
-507
-1164
-1712
-1537
-439
1193
2624
3320
3382
3384
3815
4729
5790
6551
6699
6211
5323
4381
3686
3342
3151
2726
1845
721
-171
-548
-681
-1204
-2496
-4229
-5599
-6090
-5855
-5459
-5332
-5474
-5426
-4624
-2984
-1139
76
390
222
165
524
1231
1998
2471
2439
1972
1349
867
666
700
736
451
-298
-1282
-2033
-2251
-2035
-1705
-1499
-1417
-1282
-919
-334
247
573
581
443
408
600
897
1012
748
201
-316
-513
-319
94
474
713
962
1448
2213
3068
3833
4537
5315
6139
6738
6829
6457
5997
5737
5501
4808
3376
1456
-308
-1440
-2130
-3086
-4714
-6482
-7424
-7172
-6340
-5813
-5931
-6274
-6133
-5114
-3582
-2367
-1944
-1948
-1644
-768
352
1257
1795
2042
2117
2063
1851
1450
925
393
-106
-644
-1280
-1939
-2431
-2660
-2715
-2764
-2814
-2694
-2297
-1770
-1379
-1225
-1159
-974
-596
-126
258
410
272
-82
-408
-355
279
1284
2128
2386
2147
1921
2178
2931
3813
4453
4761
4889
4994
5133
5318
5620
6069
6458
6389
5608
4290
2958
2059
1529
741
-969
-3530
-5979
-7264
-7178
-6495
-6219
-6757
-7626
-7845
-6761
-4690
-2680
-1610
-1485
-1570
-1079
206
1824
3044
3462
3315
3198
3466
3893
3889
3064
1560
-65
-1326
-2156
-2843
-3678
-4639
-5438
-5730
-5381
-4548
-3539
-2597
-1779
-1033
-339
253
712
1077
1402
1664
1785
1715
1514
1352
1393
1682
2104
2483
2737
2956
3313
3879
4531
5030
5217
5090
4856
4837
5220
5806
6106
5806
5070
4349
3929
3717
3334
2365
637
-1529
-3402
-4394
-4588
-4649
-5196
-6267
-7351
-7798
-7259
-5973
-4658
-3952
-3869
-3848
-3357
-2299
-939
331
1161
1464
1534
1803
2383
2938
3043
2569
1757
921
193
-503
-1277
-2156
-3057
-3856
-4430
-4727
-4796
-4774
-4760
-4725
-4517
-4037
-3338
-2569
-1801
-1007
-160
726
1614
2433
3073
3509
3804
4026
4142
4131
4044
3965
4010
4255
4660
5019
5173
5222
5380
5697
5939
5851
5385
4724
4132
3719
3337
2666
1508
15
-1377
-2294
-2743
-3092
-3712
-4607
-5430
-5856
-5845
-5614
-5368
-5130
-4767
-4170
-3411
-2661
-2021
-1452
-892
-322
271
893
1464
1824
1903
1767
1527
1238
948
673
380
-3
-529
-1244
-2123
-3006
-3666
-4017
-4193
-4406
-4771
-5191
-5394
-5122
-4416
-3569
-2823
-2173
-1426
-463
654
1664
2332
2705
3109
3793
4629
5295
5633
5775
5932
6143
6257
6129
5828
5648
5786
6070
6049
5451
4483
3625
3156
2885
2383
1409
137
-1009
-1740
-2146
-2543
-3102
-3713
-4168
-4401
-4424
-4221
-3792
-3262
-2856
-2721
-2788
-2805
-2563
-2140
-1841
-1821
-1917
-1887
-1712
-1534
-1399
-1171
-700
-29
562
738
428
-97
-500
-667
-724
-840
-1102
-1490
-1947
-2432
-2936
-3398
-3684
-3700
-3477
-3121
-2744
-2411
-2098
-1689
-1073
-270
577
1311
1896
2420
2995
3601
4087
4316
4298
4214
4269
4520
4784
4779
4424
3963
3752
3877
4058
3933
3409
2703
2081
1606
1142
558
-91
-626
-932
-1095
-1315
-1681
-2061
-2203
-1952
-1407
-840
-482
-345
-269
-141
-7
-47
-358
-854
-1343
-1691
-1924
-2139
-2364
-2531
-2572
-2499
-2366
-2208
-2008
-1791
-1619
-1572
-1632
-1698
-1682
-1595
-1559
-1683
-1948
-2184
-2224
-2086
-1945
-1947
-2034
-2013
-1757
-1315
-856
-502
-255
-61
114
275
466
752
1122
1463
1631
1581
1430
1404
1661
2152
2647
2930
2950
2814
2679
2645
2698
2749
2717
2613
2528
2523
2562
2558
2475
2327
2134
1913
1727
1655
1690
1691
1506
1111
624
201
-68
-215
-354
-586
-944
-1399
-1901
-2358
-2656
-2745
-2684
-2612
-2631
-2730
-2789
-2691
-2434
-2127
-1891
-1743
-1590
-1336
-1010
-777
-796
-1050
-1327
-1404
-1226
-932
-669
-428
-90
383
842
1087
1072
950
901
942
960
806
438
-71
-551
-829
-849
-659
-375
-73
234
552
866
1140
1362
1553
1714
1793
1731
1564
1410
1383
1488
1615
1602
1364
995
723
744
1040
1397
1567
1440
1119
828
713
732
721
559
238
-189
-667
-1133
-1516
-1784
-1983
-2176
-2353
-2420
-2342
-2220
-2188
-2314
-2558
-2810
-2921
-2770
-2390
-1969
-1710
-1659
-1643
-1429
-900
-170
509
940
1132
1263
1508
1853
2126
2191
2064
1851
1598
1288
944
626
375
182
47
-5
38
163
337
515
645
713
762
836
952
1074
1152
1140
1040
902
791
740
740
749
694
559
413
383
518
741
927
1006
1027
1098
1257
1404
1372
1075
580
-4
-590
-1135
-1618
-2045
-2422
-2735
-2923
-2915
-2691
-2332
-2030
-1947
-2079
-2261
-2337
-2316
-2320
-2444
-2633
-2748
-2694
-2471
-2129
-1704
-1209
-663
-103
421
891
1320
1739
2108
2336
2357
2221
2048
1927
1850
1747
1568
1288
928
572
319
203
165
126
87
116
285
610
1051
1482
1764
1844
1809
1795
1863
1955
1974
1856
1611
1311
1040
867
797
793
796
797
806
816
778
659
495
360
295
235
66
-261
-670
-1021
-1235
-1322
-1321
-1251
-1137
-1063
-1143
-1391
-1674
-1835
-1885
-1986
-2252
-2588
-2766
-2629
-2222
-1772
-1502
-1461
-1475
-1323
-912
-355
152
431
419
207
-56
-219
-232
-130
-2
50
-5
-87
-45
207
613
971
1085
942
690
549
554
596
584
518
467
461
537
746
1104
1527
1896
2110
2151
2104
2072
2080
2032
1822
1455
1008
570
180
-165
-446
-607
-600
-463
-288
-136
-45
-47
-154
-289
-352
-357
-416
-619
-933
-1262
-1537
-1724
-1826
-1861
-1883
-1932
-1976
-1957
-1816
-1553
-1213
-904
-761
-808
-907
-850
-588
-270
-87
-111
-243
-341
-319
-177
22
186
241
212
205
288
430
520
514
438
354
293
251
227
233
295
414
542
635
682
744
854
980
1045
1020
979
1030
1219
1471
1641
1631
1462
1244
1054
876
636
326
37
-131
-169
-135
-31
170
447
703
895
1058
1216
1314
1252
964
476
-55
-422
-520
-454
-418
-519
-714
-877
-895
-735
-467
-246
-209
-353
-559
-671
-625
-459
-330
-414
-728
-1081
-1227
-1112
-875
-677
-570
-521
-462
-342
-155
39
168
201
153
32
-159
-396
-629
-833
-1007
-1138
-1168
-1042
-756
-369
16
300
426
450
460
508
559
565
522
481
485
544
648
745
799
786
740
694
652
595
509
418
353
327
343
407
544
759
994
1135
1078
833
509
238
40
-119
-262
-353
-382
-394
-440
-555
-735
-939
-1085
-1103
-1023
-945
-1001
-1231
-1517
-1658
-1534
-1258
-1030
-971
-1048
-1147
-1184
-1136
-1080
-1097
-1196
-1284
-1250
-1059
-791
-571
-488
-517
-594
-662
-696
-681
-617
-566
-581
-641
-637
-488
-203
130
447
711
898
990
1034
1119
1257
1364
1338
1185
995
889
925
1077
1248
1335
1315
1267
1324
1553
1903
2249
2478
2563
2543
2505
2489
2450
2298
1990
1588
1197
894
685
531
395
248
89
-67
-176
-202
-140
-56
-41
-134
-284
-389
-399
-336
-273
-256
-271
-290
-318
-428
-691
-1092
-1499
-1757
-1821
-1766
-1692
-1630
-1552
-1400
-1143
-825
-563
-440
-431
-470
-531
-614
-669
-655
-615
-657
-803
-931
-897
-683
-441
-341
-425
-585
-674
-614
-437
-221
-40
72
146
245
393
541
626
621
551
446
374
412
596
845
1028
1068
998
906
860
887
939
932
789
514
179
-127
-325
-384
-364
-372
-458
-546
-526
-379
-201
-106
-125
-227
-332
-359
-288
-200
-222
-411
-733
-1085
-1335
-1374
-1191
-928
-762
-749
-781
-720
-513
-203
101
291
297
165
29
8
84
110
-51
-386
-717
-831
-656
-329
-90
-80
-259
-448
-479
-282
95
515
815
874
704
469
376
527
823
1070
1143
1071
969
915
920
934
924
916
970
1108
1269
1358
1322
1181
973
738
505
321
235
228
222
155
21
-128
-223
-220
-130
-21
44
42
-4
-64
-119
-154
-145
-76
41
136
144
47
-111
-264
-390
-496
-591
-646
-624
-531
-433
-400
-435
-489
-514
-534
-597
-697
-768
-759
-696
-625
-556
-462
-326
-143
82
324
537
660
666
578
462
354
274
226
209
202
195
217
316
483
636
678
582
417
284
229
241
280
340
411
475
514
530
507
416
228
-53
-388
-723
-977
-1111
-1143
-1154
-1199
-1267
-1286
-1222
-1113
-1062
-1143
-1344
-1544
-1597
-1445
-1156
-883
-734
-730
-791
-820
-768
-678
-634
-681
-767
-801
-706
-480
-191
52
174
169
103
84
176
361
507
522
430
344
348
463
655
878
1083
1250
1377
1471
1540
1587
1616
1617
1587
1524
1452
1397
1381
1360
1285
1160
1039
979
997
1069
1123
1097
979
822
673
550
472
447
462
471
430
296
55
-289
-687
-1049
-1277
-1338
-1309
-1328
-1447
-1594
-1658
-1598
-1457
-1281
-1089
-886
-708
-603
-582
-608
-615
-576
-517
-473
-467
-499
-542
-562
-534
-505
-546
-669
-773
-720
-485
-184
22
67
23
4
53
133
217
293
333
305
236
210
291
461
646
784
863
927
1002
1059
1032
913
765
664
654
720
823
891
885
803
711
670
682
704
670
582
493
470
507
521
442
288
129
21
-23
-31
-84
-257
-550
-860
-1064
-1109
-1019
-855
-667
-502
-385
-324
-292
-266
-247
-274
-363
-516
-707
-928
-1145
-1308
-1359
-1273
-1110
-956
-843
-725
-577
-448
-391
-392
-364
-262
-104
46
137
153
113
46
-9
-15
52
197
374
523
592
572
473
327
182
91
59
46
9
-55
-126
-180
-187
-110
70
323
571
736
776
705
631
661
824
1028
1166
1162
1030
845
716
697
733
738
681
610
558
505
417
289
158
56
-23
-108
-199
-239
-180
-83
-82
-263
-542
-740
-742
-587
-441
-441
-624
-901
-1121
-1177
-1066
-890
-765
-742
-787
-840
-865
-859
-845
-842
-854
-872
-877
-871
-849
-801
-735
-696
-682
-618
-405
-44
341
577
571
366
121
0
56
217
371
469
527
593
676
739
737
678
622
630
731
922
1136
1256
1202
1009
814
750
874
1130
1359
1401
1220
913
636
504
525
613
653
599
501
415
351
264
132
-35
-187
-285
-306
-284
-288
-368
-517
-689
-829
-894
-867
-754
-615
-520
-538
-664
-823
-914
-868
-695
-475
-308
-264
-333
-459
-568
-627
-633
-606
-547
-446
-310
-165
-31
100
221
309
338
317
268
212
173
165
183
197
164
77
-1
28
189
387
484
415
237
70
20
96
217
310
370
439
510
563
586
583
543
438
268
71
-75
-102
-18
88
114
39
-65
-115
-104
-108
-222
-461
-750
-989
-1139
-1206
-1214
-1183
-1126
-1066
-1001
-920
-834
-771
-759
-794
-836
-837
-772
-643
-451
-208
7
87
0
-144
-199
-123
17
108
107
45
-3
23
113
246
372
469
539
632
784
955
1054
1021
898
789
783
889
1052
1214
1319
1319
1189
972
789
749
871
1040
1099
968
715
501
425
488
602
671
599
368
64
-160
-213
-151
-114
-194
-346
-446
-424
-295
-149
-93
-198
-441
-703
-870
-916
-891
-838
-782
-748
-763
-814
-836
-767
-600
-429
-340
-354
-401
-402
-337
-233
-155
-135
-173
-217
-194
-58
140
266
217
15
-213
-315
-217
47
340
516
507
370
245
249
400
592
698
661
526
362
207
88
21
13
52
140
289
476
648
752
750
624
403
183
58
66
139
174
99
-50
-162
-148
-21
132
239
258
177
-1
-240
-457
-556
-515
-416
-395
-503
-672
-789
-816
-802
-820
-915
-1086
-1285
-1434
-1506
-1562
-1660
-1744
-1705
-1486
-1128
-651
-77
583
1204
1683
1907
1858
1531
994
310
-474
-1291
-2014
-2410
-2339
-1771
-865
212
1211
1936
2223
2075
1572
826
-48
-902
-1554
-1880
-1795
-1297
-448
571
1505
2148
2411
2380
2193
1946
1595
1080
425
-195
-563
-531
-133
416
856
995
850
552
291
143
96
22
-197
-632
-1185
-1668
-1904
-1805
-1396
-796
-222
170
368
513
696
879
911
705
303
-88
-223
7
487
955
1231
1281
1192
1048
881
691
441
116
-272
-616
-820
-827
-681
-487
-336
-299
-319
-306
-151
135
507
862
1148
1298
1335
1278
1136
927
656
387
106
-98
-245
-236
-185
-67
-7
12
-67
-205
-322
-357
-232
-54
64
-34
-258
-505
-608
-601
-469
-339
-300
-377
-527
-614
-680
-682
-665
-633
-695
-883
-1088
-1211
-1148
-961
-710
-546
-581
-751
-930
-935
-813
-637
-574
-543
-362
-42
53
-399
-1013
-1074
-287
932
1844
1916
1063
-182
-953
-830
-240
147
137
59
173
429
668
709
584
355
288
318
297
-66
-549
-837
-627
-125
305
469
353
197
5
-28
17
301
647
1047
1219
1167
896
609
423
307
226
22
-206
-458
-483
-339
31
369
612
541
318
-31
-206
-281
-120
81
248
203
-59
-418
-811
-1007
-968
-667
-379
-185
1
325
863
1378
1733
1598
1095
416
30
72
362
656
659
526
256
222
350
655
790
684
401
123
14
-53
-116
-292
-483
-628
-680
-593
-426
-215
-126
-170
-273
-296
-255
-189
-135
-45
23
25
-144
-413
-698
-702
-344
327
817
858
380
-181
-508
-453
-235
-123
-212
-394
-445
-327
-52
216
406
408
291
201
203
306
364
321
122
-196
-489
-603
-515
-269
-96
-24
-153
-285
-331
-207
0
203
386
429
336
40
-246
-492
-533
-464
-301
-215
-217
-327
-509
-751
-968
-1103
-1117
-1102
-1092
-1139
-1188
-1236
-1258
-1235
-1177
-1114
-1053
-865
-530
-117
197
425
540
602
489
403
204
97
-80
-25
93
320
464
565
602
572
657
750
972
1005
1105
1041
939
656
501
587
893
1154
1232
1144
972
828
793
967
1151
1282
1139
907
448
4
-407
-506
-360
-102
95
111
81
13
123
290
454
365
55
-313
-559
-575
-441
-226
-118
-126
-221
-275
-260
-172
-59
-58
-219
-484
-605
-530
-367
-379
-651
-1026
-1219
-1062
-701
-420
-301
-291
-208
-119
-41
-44
-108
-266
-521
-794
-914
-827
-507
-143
217
342
294
134
140
368
695
936
957
873
707
691
781
1085
1256
1319
1207
1170
1160
1108
1026
918
852
648
411
179
158
179
179
-1
-266
-561
-721
-642
-433
-267
-337
-427
-456
-342
-304
-422
-655
-928
-1041
-1067
-1010
-1048
-1154
-1283
-1387
-1398
-1339
-1211
-1140
-1111
-1151
-1186
-1213
-1093
-865
-556
-443
-436
-512
-427
-264
-78
-16
-8
57
292
608
881
966
851
581
316
163
100
115
155
278
385
514
733
1073
1407
1534
1445
1228
1022
859
764
728
792
938
1182
1347
1275
861
382
210
530
1112
1533
1492
985
326
-141
-249
-193
-253
-508
-810
-887
-634
-170
229
265
-82
-653
-1135
-1354
-1224
-883
-490
-267
-271
-447
-711
-853
-892
-735
-593
-538
-663
-804
-783
-570
-296
-156
-168
-254
-241
-120
31
24
-136
-377
-467
-423
-248
-125
0
69
87
-68
-259
-378
-309
-119
177
492
732
766
726
710
813
877
836
700
594
595
679
784
827
721
448
83
-272
-543
-677
-517
-207
80
35
-92
-152
23
248
391
341
-10
-493
-953
-1061
-892
-548
-344
-354
-527
-604
-410
-8
380
456
253
-85
-271
-240
-69
22
-91
-278
-322
-140
72
162
142
152
257
397
540
674
730
671
503
397
377
415
445
583
753
849
709
496
354
311
293
235
164
91
109
181
259
196
136
163
330
447
351
18
-387
-609
-527
-279
-77
-38
-31
-50
-47
-133
-198
-317
-501
-761
-957
-974
-914
-817
-754
-708
-819
-1042
-1244
-1273
-1128
-870
-576
-351
-330
-472
-667
-748
-676
-549
-481
-529
-557
-493
-365
-231
-154
-90
-83
-15
63
150
148
133
26
-163
-418
-434
-179
279
651
803
776
683
757
869
933
796
662
666
833
1016
1063
998
812
658
506
555
686
882
866
729
606
640
819
935
948
684
341
5
-40
100
281
270
71
-200
-350
-336
-149
85
242
160
-122
-328
-270
51
247
145
-277
-682
-888
-877
-755
-660
-556
-503
-389
-271
-135
-97
-132
-180
-281
-366
-404
-218
-1
102
43
-56
-134
-296
-431
-406
-120
226
409
336
73
-157
-175
24
306
470
563
543
517
388
267
148
146
267
434
575
516
365
166
141
197
244
134
-2
-40
21
109
94
84
40
32
-8
-31
58
209
327
159
-177
-552
-691
-673
-585
-626
-808
-1003
-991
-707
-369
-168
-226
-374
-535
-520
-364
-163
-177
-443
-812
-1031
-1044
-954
-842
-693
-506
-339
-277
-280
-279
-286
-245
-193
-73
-29
28
78
213
273
229
87
-33
-36
124
335
410
254
22
4
218
505
549
290
-83
-259
-12
403
697
593
324
115
177
375
458
278
-117
-391
-478
-281
-49
240
410
533
574
547
463
362
427
581
765
795
707
554
388
319
319
453
546
586
472
387
342
423
473
490
402
244
112
12
2
-87
-171
-272
-262
-225
-172
-178
-184
-220
-298
-447
-544
-455
-168
164
366
353
175
-24
-151
-193
-242
-288
-336
-404
-515
-605
-556
-390
-239
-209
-290
-376
-361
-158
86
248
198
12
-205
-352
-283
-30
275
371
242
-22
-136
-94
150
402
628
747
696
465
137
-70
-87
19
80
56
-5
20
108
243
287
329
306
293
228
158
61
-46
-61
74
310
403
370
198
90
-70
-123
-212
-350
-654
-898
-946
-830
-767
-815
-867
-882
-786
-689
-517
-481
-562
-779
-948
-969
-886
-732
-665
-616
-669
-588
-486
-253
-105
-42
-147
-337
-467
-502
-406
-317
-156
-36
59
47
47
180
438
743
875
772
406
59
-160
-156
-63
156
497
844
1125
1204
1218
1076
967
820
753
662
581
505
391
281
254
496
925
1321
1435
1189
875
669
762
839
750
377
-28
-256
-201
6
140
112
-29
-123
-174
-146
-105
-14
-75
-230
-498
-612
-633
-549
-446
-348
-298
-380
-460
-422
-228
-113
-206
-520
-881
-1189
-1271
-1023
-534
-110
17
-119
-306
-319
-81
313
614
682
591
559
585
670
680
722
645
554
390
309
207
101
43
97
310
532
713
677
456
131
-47
-59
68
144
149
3
-226
-363
-343
-179
-114
-90
-72
-8
50
60
125
156
156
35
-118
-262
-335
-348
-377
-487
-655
-813
-846
-744
-572
-480
-569
-756
-991
-1099
-1103
-895
-672
-512
-524
-573
-577
-598
-686
-787
-747
-596
-522
-528
-488
-274
-121
-169
-395
-510
-361
-8
315
425
317
169
205
419
689
686
468
102
-51
18
315
622
758
694
473
326
222
151
49
15
124
331
438
370
152
107
254
589
750
723
476
258
110
63
37
5
-42
-76
-91
-100
-118
-184
-188
-105
54
72
-84
-287
-277
-32
269
412
313
151
100
284
563
718
618
330
78
24
147
261
218
14
-206
-324
-173
204
649
829
685
446
397
633
939
1062
888
527
233
119
132
123
70
28
53
144
214
277
263
274
251
178
-11
-294
-502
-549
-400
-245
-140
-118
-135
-271
-503
-663
-669
-481
-290
-120
-203
-478
-792
-852
-635
-373
-150
-49
11
-84
-262
-539
-793
-995
-976
-800
-599
-573
-654
-630
-459
-234
-189
-276
-372
-266
-48
113
41
-142
-278
-264
-141
26
124
131
97
214
436
664
715
650
512
378
340
362
413
348
323
354
427
377
204
76
88
280
483
548
386
62
-179
-238
-78
73
151
65
-38
-66
76
257
309
141
-121
-278
-260
-114
-35
-36
-126
-87
37
226
311
333
287
200
131
121
174
147
21
-97
-150
-118
-166
-251
-375
-388
-326
-203
-95
-48
-91
-191
-222
-103
163
418
509
328
43
-137
3
332
645
713
477
101
-255
-401
-448
-444
-452
-409
-292
-145
19
112
162
193
261
236
25
-306
-486
-433
-196
26
149
111
-2
-58
1
88
113
79
6
-133
-308
-440
-418
-306
-169
-90
-60
-40
-9
7
-51
-147
-225
-211
-158
-61
21
54
21
-4
67
224
370
450
412
271
108
25
35
22
-4
45
198
243
93
-148
-232
-173
-63
-22
-97
-308
-463
-358
41
405
472
246
-20
-84
91
311
376
191
-38
-172
-144
-98
-114
-227
-326
-318
-214
-139
-212
-323
-370
-260
-96
25
25
-69
-109
2
191
315
260
98
-76
-55
159
436
464
258
-16
-80
62
308
491
450
266
31
-6
1
41
-27
-21
16
100
106
76
22
8
57
145
258
248
194
68
64
106
183
127
-125
-458
-681
-571
-277
17
31
-161
-526
-786
-858
-563
-158
115
38
-251
-453
-515
-406
-332
-295
-389
-523
-563
-405
-111
120
143
-34
-237
-313
-156
89
176
2
-265
-303
-69
265
452
381
151
-36
-38
125
284
376
384
328
243
186
258
433
628
735
672
483
340
412
678
855
757
439
181
146
303
453
471
301
45
-124
-61
219
552
708
638
370
123
3
91
301
461
386
80
-287
-492
-482
-336
-184
-134
-235
-394
-494
-448
-305
-156
-15
-4
-104
-351
-584
-707
-652
-456
-254
-146
-90
-5
167
232
136
-77
-170
-137
-44
-60
-100
-130
-45
127
361
556
659
705
761
782
698
502
348
333
477
623
637
444
138
-172
-304
-193
79
193
-8
-380
-534
-333
78
414
492
370
144
-34
-219
-424
-622
-673
-614
-525
-569
-687
-796
-836
-851
-965
-1073
-1058
-761
-407
-309
-624
-1139
-1425
-1345
-1027
-743
-674
-756
-874
-824
-672
-514
-493
-557
-650
-736
-781
-814
-751
-585
-296
-10
160
183
174
219
341
398
351
251
307
521
741
745
586
434
435
612
881
1126
1169
1043
797
603
448
463
608
796
831
739
653
604
579
598
776
970
1029
871
718
668
754
824
839
722
528
310
159
81
28
15
34
89
71
-28
-204
-340
-407
-319
-167
-55
-149
-362
-483
-374
-140
-34
-88
-251
-305
-292
-157
-47
8
-100
-283
-412
-356
-92
247
519
524
319
27
-100
-38
132
218
186
51
-26
0
165
361
514
552
485
395
325
263
179
124
109
40
-152
-378
-446
-297
-71
108
130
66
-96
-271
-468
-590
-653
-634
-587
-504
-484
-613
-791
-834
-720
-642
-682
-719
-684
-623
-573
-410
-208
-129
-309
-538
-601
-481
-340
-291
-268
-202
-92
-5
-41
-204
-388
-466
-384
-302
-234
-193
-84
23
47
-10
-56
60
297
524
497
276
21
10
171
344
342
249
172
160
170
219
305
365
337
231
133
25
-9
98
301
367
185
-54
-171
-132
-145
-164
-202
-104
43
228
327
265
76
-157
-222
-149
57
200
363
477
553
453
268
132
153
297
455
618
684
621
400
258
279
446
549
588
583
595
621
648
654
521
332
155
142
193
301
318
239
37
-153
-157
-54
94
52
-56
-128
-96
-16
-37
-61
-122
-125
-93
17
79
8
-94
-112
-71
-165
-342
-456
-407
-320
-320
-457
-667
-830
-794
-564
-298
-216
-329
-501
-538
-403
-174
0
0
-152
-389
-563
-667
-641
-530
-337
-135
14
49
-96
-275
-356
-235
-145
-89
-111
-44
-17
-7
-11
10
49
47
66
142
344
549
625
440
174
-36
-43
59
255
378
407
269
149
42
22
64
141
187
35
-145
-277
-209
-122
-36
19
94
112
23
-147
-317
-401
-343
-213
-83
-111
-194
-294
-271
-188
-111
-131
-216
-228
-98
97
180
101
-75
-192
-273
-262
-280
-257
-280
-259
-293
-245
-169
111
349
419
242
-64
-211
-205
12
262
461
449
286
90
99
283
577
826
933
929
824
750
670
577
456
409
431
431
269
54
-92
9
184
315
217
27
-82
-25
136
152
85
-92
-145
-122
124
443
584
384
-22
-268
-265
-124
-138
-374
-768
-987
-858
-464
-72
29
-215
-588
-812
-698
-395
-161
-45
-64
-78
-164
-252
-332
-259
-68
159
154
-135
-388
-409
-36
205
264
-18
-165
-163
91
319
487
588
685
770
797
738
591
368
59
-201
-334
-145
221
573
669
562
349
194
51
58
49
72
-173
-465
-790
-806
-657
-359
-158
-67
-65
-142
-294
-551
-719
-685
-392
-99
36
-180
-491
-762
-709
-551
-350
-329
-385
-441
-393
-186
-13
122
34
-97
-290
-272
-106
145
183
23
-177
-92
248
657
887
824
582
264
104
233
529
851
837
605
179
-63
-32
296
568
537
274
43
134
264
410
312
294
167
172
193
426
601
533
270
-46
-78
-6
101
-168
-628
-1041
-974
-555
-184
-152
-468
-734
-763
-466
-196
-138
-368
-570
-609
-580
-622
-677
-440
-3
386
283
-98
-611
-729
-523
28
428
417
57
-323
-353
-179
187
447
637
507
275
74
154
433
727
858
792
691
603
588
521
496
495
524
543
552
591
557
452
295
204
154
169
271
433
513
468
346
365
408
444
315
53
-232
-455
-483
-525
-624
-774
-749
-587
-518
-635
-921
-1070
-1026
-731
-423
-226
-197
-281
-468
-743
-1024
-1018
-703
-197
0
-87
-360
-409
-268
65
361
461
212
-239
-537
-462
-153
116
203
140
95
125
316
515
526
348
28
-70
47
377
656
756
637
309
-15
-243
-154
44
392
514
501
206
-3
-84
113
333
415
183
-213
-459
-352
97
386
368
-23
-248
-356
-280
-353
-377
-392
-325
-260
-255
-220
-143
31
161
150
109
96
39
-187
-524
-650
-476
-78
216
172
-208
-552
-603
-438
-258
-82
131
224
19
-341
-707
-920
-895
-505
58
403
284
51
33
220
419
509
655
755
763
619
477
341
178
67
237
773
1153
1111
544
107
38
334
620
628
325
-52
-288
-213
8
172
252
266
409
506
542
249
-89
-344
-173
98
371
293
124
-224
-329
-307
-10
200
297
193
64
6
-73
-116
-169
2
165
278
190
149
51
-6
-115
-59
53
225
357
424
200
-177
-567
-617
-479
-164
86
75
-275
-706
-718
-306
259
580
560
266
-98
-257
-189
-94
-113
-152
-83
-28
-207
-569
-932
-956
-612
11
422
326
-210
-706
-768
-574
-252
-130
-56
-256
-495
-728
-739
-788
-1054
-1600
-2059
-1977
-1235
-72
944
1483
1305
696
92
135
655
1182
1104
427
-522
-1245
-1190
-395
788
1518
1539
776
-376
-1535
-2143
-2079
-1492
-951
-694
-704
-740
-360
567
1944
3085
3447
2829
1629
457
-86
155
811
1365
1366
833
-62
-859
-1101
-712
19
539
603
155
-548
-1121
-1191
-820
-313
3
194
233
207
-11
-207
-314
-191
109
484
765
688
284
-347
-735
-764
-255
393
832
503
-453
-1559
-2089
-1734
-751
314
741
497
-126
-512
-517
-231
65
232
191
108
-7
-104
-314
-470
-338
251
1029
1303
621
-750
-1635
-1146
620
2285
2603
1473
192
171
1498
2848
2773
1191
-514
-858
378
1921
2207
753
-1300
-2315
-1558
161
1314
1044
-357
-1695
-1977
-1118
42
474
2
-730
-978
-605
-104
130
3
-147
-66
195
237
-188
-830
-1137
-911
-589
-686
-1245
-1659
-1411
-491
456
780
307
-488
-944
-762
-112
479
649
374
20
-54
85
192
4
-323
-474
-221
371
855
871
436
3
-18
308
593
543
188
-166
-327
-220
-58
42
41
99
249
387
359
192
47
80
244
392
358
169
-77
-267
-399
-477
-537
-619
-833
-1221
-1678
-1952
-1694
-995
-188
146
93
-71
108
519
910
990
798
649
739
981
998
754
519
637
990
1239
1205
1074
1063
1144
1101
832
486
356
522
708
464
-370
-1367
-1856
-1461
-573
27
-209
-1131
-2130
-2691
-2677
-2376
-2067
-1945
-1881
-1825
-1735
-1623
-1448
-1109
-624
-35
478
745
692
469
345
487
853
1259
1510
1500
1221
796
450
353
492
720
942
1138
1357
1580
1797
1976
2118
2255
2442
2700
2942
3084
3190
3430
3703
3559
2574
950
-648
-1671
-1992
-1893
-1747
-1968
-2702
-3705
-4534
-4876
-4751
-4269
-3583
-2864
-2326
-2035
-1839
-1426
-538
810
2335
3595
4288
4288
3748
2921
2190
1820
1893
2003
1507
51
-2001
-3868
-4964
-5279
-5172
-5074
-5065
-5005
-4722
-4252
-3653
-2794
-1532
48
1563
2649
3287
3784
4541
5738
7200
8548
9323
9348
8658
7645
6707
6209
6071
5735
4405
1766
-1613
-4655
-6528
-7209
-7322
-7657
-8539
-9688
-10416
-10295
-9321
-7815
-6033
-4209
-2621
-1501
-758
42
1345
3227
5327
7117
8189
8414
7876
6818
5551
4344
3249
2092
604
-1363
-3700
-6055
-7945
-9076
-9383
-9116
-8565
-8004
-7465
-6760
-5632
-3867
-1500
1227
3803
5766
6968
7650
8212
8915
9785
10620
11031
10703
9627
8173
6749
5669
4922
4091
2397
-583
-4368
-7770
-9791
-10221
-9653
-8984
-8866
-9242
-9478
-8954
-7513
-5426
-3048
-740
1095
2195
2656
2996
3802
5324
7224
8728
9188
8444
6890
5062
3354
1941
772
-355
-1799
-3728
-5957
-7981
-9293
-9646
-9063
-7915
-6683
-5709
-4954
-4110
-2874
-1068
1235
3759
6041
7714
8658
9071
9303
9640
10200
10799
10988
10228
8445
6203
4328
3298
3006
2832
1851
-604
-4263
-7851
-10036
-10349
-9446
-8420
-8154
-8674
-9296
-9128
-7831
-5710
-3334
-1154
514
1424
1591
1433
1741
2983
4960
6815
7807
7595
6303
4323
2323
917
266
-60
-814
-2535
-5130
-7808
-9598
-10034
-9341
-8099
-6821
-5787
-5119
-4681
-4077
-2763
-469
2561
5519
7536
8234
8030
7747
7969
8770
9789
10497
10350
9080
6913
4528
2736
1996
2148
2388
1633
-799
-4568
-8327
-10600
-10759
-9320
-7557
-6605
-6815
-7489
-7624
-6643
-4677
-2142
488
2646
3769
3680
2905
2385
2936
4604
6695
8130
8205
6793
4381
1839
90
-480
-346
-503
-1759
-4170
-7035
-9301
-10202
-9600
-7926
-5881
-4164
-3234
-3058
-2991
-2147
-33
2997
5952
7856
8400
8023
7504
7455
8111
9290
10409
10618
9384
6902
4134
2129
1455
1890
2502
2028
-384
-4347
-8309
-10557
-10444
-8596
-6449
-5285
-5581
-6647
-7322
-6831
-5183
-2784
-134
2103
3237
2996
1937
1166
1639
3491
5953
7804
8158
6839
4369
1653
-335
-986
-556
-113
-817
-3028
-6091
-8767
-10046
-9614
-7948
-5833
-4015
-2947
-2702
-2821
-2412
-731
2156
5319
7571
8315
7778
6809
6250
6572
7725
9151
9972
9367
7243
4358
1933
855
1237
2217
2344
454
-3281
-7406
-10102
-10470
-8820
-6464
-4786
-4514
-5277
-6117
-6191
-5182
-3223
-808
1295
2389
2246
1300
363
263
1398
3507
5695
6909
6476
4478
1653
-966
-2483
-2603
-1919
-1629
-2617
-4793
-7297
-9075
-9363
-7958
-5430
-2830
-1082
-485
-645
-719
150
2247
5027
7466
8755
8681
7639
6384
5735
6194
7573
8937
9098
7515
4773
2100
613
636
1547
1897
443
-2839
-6582
-9044
-9256
-7441
-4818
-2797
-2194
-2755
-3639
-4077
-3658
-2282
-214
1795
2892
2605
1214
-403
-1109
-232
1955
4283
5441
4793
2626
-130
-2468
-3649
-3515
-2603
-1892
-2235
-3863
-6200
-8084
-8394
-6862
-4278
-1824
-270
251
94
-92
375
1785
3886
6011
7373
7349
5985
4174
3183
3677
5288
6816
7173
6017
3967
2023
1058
1431
2665
3402
2175
-1192
-5254
-7946
-8204
-6394
-3943
-2256
-1972
-2623
-3342
-3637
-3466
-2756
-1377
343
1558
1502
270
-1121
-1364
162
2862
5384
6586
6187
4576
2320
-23
-1759
-2290
-1680
-892
-1139
-2883
-5450
-7365
-7507
-5888
-3591
-1664
-477
28
-113
-664
-872
104
2325
4833
6354
6216
4792
3118
2243
2611
4017
5678
6679
6363
4763
2587
968
875
2229
3537
2855
-347
-4552
-7497
-8001
-6470
-4170
-2324
-1567
-1843
-2707
-3649
-4153
-3755
-2381
-655
475
424
-618
-1819
-2163
-1031
1386
4166
6190
6733
5661
3364
682
-1273
-1740
-1008
-271
-660
-2402
-4805
-6753
-7390
-6567
-4810
-2821
-1205
-447
-765
-1695
-2170
-1312
865
3437
5280
5715
4826
3297
2050
1874
3038
5040
6718
6989
5627
3470
1831
1688
2939
4241
3799
988
-3056
-6313
-7528
-6733
-4839
-2925
-1799
-1723
-2439
-3466
-4201
-4075
-2812
-923
584
935
161
-982
-1483
-654
1384
3850
5827
6681
6064
4076
1474
-597
-1405
-1244
-1028
-1541
-2899
-4678
-6207
-6933
-6629
-5379
-3467
-1451
-140
-96
-948
-1545
-900
1022
3405
5245
5902
5395
4287
3327
3090
3761
5112
6457
6947
6079
4183
2290
1565
2421
3980
4425
2510
-1255
-4975
-6960
-6757
-5022
-2946
-1593
-1480
-2307
-3442
-4241
-4245
-3216
-1467
171
891
408
-799
-1740
-1414
436
3160
5682
7117
6951
5156
2378
-166
-1421
-1327
-798
-949
-2241
-4336
-6422
-7696
-7706
-6466
-4389
-2136
-515
-95
-744
-1554
-1501
-149
2075
4201
5248
4892
3620
2325
1761
2213
3514
5020
5910
5522
3813
1496
-192
-155
1635
3722
3976
1455
-2678
-6124
-7370
-6414
-4289
-2283
-1446
-2107
-3721
-5325
-6141
-5813
-4372
-2340
-603
38
-523
-1589
-2001
-918
1619
4724
7268
8411
7776
5586
2741
482
-475
-434
-352
-1004
-2525
-4497
-6264
-7225
-7041
-5757
-3768
-1709
-276
146
-155
-264
643
2606
4822
6306
6552
5732
4442
3312
2785
3017
3878
4919
5490
5059
3605
1815
692
1024
2744
4767
5338
3327
-664
-4598
-6607
-6288
-4508
-2693
-1993
-2866
-4713
-6503
-7381
-7068
-5647
-3581
-1639
-547
-507
-992
-1067
76
2519
5563
8104
9237
8580
6428
3616
1101
-533
-1304
-1714
-2405
-3769
-5688
-7568
-8629
-8379
-6947
-4963
-3047
-1525
-513
81
643
1656
3224
4905
6029
6162
5408
4344
3549
3224
3306
3673
4133
4291
3812
2741
1582
1016
1474
2954
4904
6239
5709
2896
-1085
-4238
-5286
-4478
-3141
-2617
-3501
-5426
-7371
-8423
-8246
-7085
-5377
-3583
-2095
-1190
-821
-526
410
2416
5153
7608
8817
8502
7019
4901
2563
420
-1219
-2336
-3316
-4536
-6086
-7642
-8684
-8749
-7861
-6488
-5081
-3708
-2251
-770
633
1966
3316
4551
5370
5527
5085
4424
3976
3910
3986
3807
3155
2223
1428
1091
1221
1618
2168
2930
4095
5554
6669
6457
4485
1450
-1297
-2863
-3415
-3699
-4416
-5762
-7431
-8761
-9264
-8902
-7942
-6556
-4846
-3008
-1299
164
1517
3026
4891
6958
8761
9760
9692
8576
6553
3872
992
-1445
-3078
-4112
-5080
-6245
-7425
-8288
-8646
-8481
-7785
-6474
-4452
-1900
625
2505
3591
4187
4656
5085
5421
5653
5805
5799
5378
4335
2801
1290
381
354
1107
2218
3172
3631
3700
3819
4513
5890
7308
7516
5639
2076
-1785
-4653
-6185
-6815
-7280
-8032
-9056
-9921
-10253
-9909
-8877
-7064
-4418
-1269
1676
3743
4875
5646
6771
8322
9707
10175
9429
7604
4986
1870
-1342
-4055
-5797
-6597
-7057
-7777
-8884
-9984
-10513
-10039
-8443
-5975
-3113
-357
1876
3364
4203
4762
5457
6373
7227
7546
7029
5725
3956
2160
707
-158
-373
0
820
1837
2749
3426
4015
4822
6024
7539
8814
8942
7105
3388
-1106
-4956
-7401
-8548
-8973
-9261
-9737
-10366
-10706
-10299
-8950
-6846
-4271
-1525
1110
3377
5112
6315
7146
7816
8322
8465
7988
6781
4858
2397
-315
-2980
-5350
-7220
-8523
-9405
-10036
-10422
-10408
-9826
-8541
-6556
-4066
-1401
1142
3380
5246
6725
7758
8226
8080
7434
6497
5397
4141
2764
1479
606
225
113
112
483
1684
3670
5729
7040
7421
7315
7247
7344
7228
6182
3546
-553
-5078
-8661
-10581
-10909
-10270
-9402
-8879
-8745
-8594
-7973
-6653
-4585
-1810
1277
4000
5706
6294
6201
6071
6225
6553
6779
6681
6004
4368
1585
-1982
-5463
-7994
-9244
-9540
-9468
-9373
-9230
-8882
-8193
-6965
-4966
-2198
915
3717
5743
6921
7452
7573
7432
7125
6670
5969
4910
3566
2291
1521
1450
1861
2326
2566
2671
2897
3408
4096
4744
5115
5142
4801
4192
3444
2508
956
-1619
-4774
-7372
-8554
-8549
-8135
-7893
-7903
-7951
-7723
-7005
-5772
-4062
-1989
121
1764
2697
3146
3558
4205
5096
6047
6727
6745
5836
4038
1661
-855
-3124
-4937
-6199
-6898
-7139
-7225
-7443
-7787
-7927
-7434
-6081
-3911
-1239
1509
3903
5686
6794
7290
7285
7031
6903
7131
7534
7659
7169
6061
4561
2904
1222
-376
-1654
-2329
-2308
-1815
-1213
-742
-385
83
831
1865
3108
4482
5522
5334
3255
-186
-3509
-5469
-5935
-5647
-5445
-5785
-6590
-7490
-8105
-8260
-7760
-6355
-4079
-1508
578
1775
2188
2288
2615
3535
4971
6488
7473
7407
6079
3751
1031
-1471
-3365
-4609
-5492
-6441
-7562
-8518
-8778
-8069
-6481
-4353
-2031
282
2535
4698
6655
8270
9475
10221
10384
9796
8432
6470
4213
1954
-126
-1989
-3678
-5171
-6283
-6749
-6365
-5080
-3068
-701
1508
3187
4235
4896
5555
6503
7574
8077
7246
4974
1958
-937
-3278
-5034
-6249
-7049
-7664
-8270
-8828
-9264
-9525
-9435
-8642
-6902
-4368
-1540
1038
3119
4842
6433
7841
8819
9258
9226
8678
7390
5277
2645
41
-2132
-3854
-5301
-6484
-7212
-7312
-6838
-5969
-4773
-3184
-1216
868
2731
4203
5280
5894
5877
5145
3884
2491
1327
495
-139
-743
-1354
-1905
-2371
-2745
-2909
-2634
-1784
-505
914
2193
3177
3820
4193
4491
4914
5604
6492
7205
7107
5685
3071
56
-2473
-4118
-5002
-5530
-6122
-7006
-8041
-8886
-9300
-9239
-8663
-7490
-5762
-3765
-1908
-430
810
2229
4036
5939
7428
8305
8693
8713
8298
7393
6112
4722
3423
2148
657
-1171
-3139
-4899
-6243
-7197
-7883
-8371
-8626
-8583
-8196
-7453
-6357
-4982
-3502
-2133
-975
33
1030
2097
3224
4370
5413
6117
6207
5608
4615
3754
3402
3580
4068
4622
4988
4874
4122
2960
2003
1809
2443
3464
4222
4175
3088
1189
-937
-2699
-3784
-4242
-4457
-4951
-5937
-7055
-7743
-7774
-7317
-6507
-5297
-3688
-1931
-359
930
2119
3472
5036
6615
7944
8866
9293
9117
8317
7030
5472
3770
1953
32
-1935
-3905
-5817
-7529
-8784
-9408
-9492
-9355
-9247
-9137
-8786
-8038
-6945
-5624
-4089
-2337
-521
1101
2414
3529
4612
5680
6625
7365
7894
8192
8192
7885
7382
6875
6482
6167
5785
5249
4591
3879
3121
2303
1473
748
166
-449
-1433
-3002
-4953
-6776
-7974
-8313
-7761
-6469
-4857
-3505
-2757
-2511
-2427
-2268
-1928
-1309
-379
708
1626
2061
1906
1342
778
593
922
1683
2657
3548
3997
3769
2864
1531
133
-1033
-1879
-2498
-3033
-3632
-4474
-5653
-6988
-8008
-8281
-7732
-6663
-5460
-4357
-3443
-2774
-2360
-2022
-1351
44
2186
4655
6900
8569
9519
9738
9335
8599
7866
7313
6870
6336
5574
4571
3342
1906
395
-845
-1459
-1416
-1030
-664
-442
-328
-370
-724
-1396
-2061
-2322
-2084
-1685
-1564
-1932
-2681
-3555
-4376
-5083
-5632
-5910
-5857
-5602
-5352
-5128
-4698
-3788
-2299
-326
1919
4167
6078
7367
7920
7857
7450
6924
6335
5577
4511
3012
1062
-1145
-3250
-4946
-6204
-7146
-7878
-8373
-8550
-8369
-7822
-6876
-5472
-3638
-1593
329
1851
2925
3727
4462
5161
5694
5983
6066
6042
5919
5678
5325
4959
4688
4524
4373
4144
3860
3577
3287
2917
2437
1884
1342
867
464
46
-554
-1531
-2957
-4664
-6288
-7473
-8042
-8026
-7604
-7059
-6663
-6468
-6219
-5587
-4487
-3109
-1664
-248
1071
2157
2889
3301
3623
4139
4927
5753
6290
6400
6122
5477
4426
3073
1728
709
75
-426
-1152
-2259
-3628
-4997
-6154
-6944
-7258
-7105
-6661
-6181
-5806
-5436
-4877
-4036
-3000
-1896
-747
451
1641
2681
3513
4203
4869
5509
6011
6312
6459
6488
6304
5795
4984
4064
3215
2508
1919
1396
887
389
-27
-246
-206
55
445
847
1109
991
238
-1182
-2897
-4285
-4930
-4885
-4516
-4108
-3742
-3383
-3051
-2818
-2684
-2512
-2090
-1332
-339
688
1622
2417
3035
3429
3625
3746
3945
4229
4408
4177
3355
2016
412
-1150
-2412
-3195
-3526
-3627
-3801
-4238
-4922
-5652
-6145
-6209
-5795
-4956
-3805
-2573
-1561
-959
-713
-635
-564
-425
-149
305
915
1551
2007
2180
2190
2353
2936
4010
5453
7037
8483
9476
9769
9310
8292
6993
5616
4265
3038
2003
1126
267
-680
-1694
-2666
-3463
-4012
-4303
-4360
-4154
-3703
-3118
-2626
-2373
-2317
-2300
-2175
-1909
-1591
-1391
-1444
-1764
-2273
-2842
-3314
-3535
-3396
-2892
-2114
-1280
-591
-117
229
533
794
1034
1357
1823
2299
2518
2265
1474
248
-1188
-2626
-3913
-4956
-5667
-6074
-6331
-6604
-6856
-6860
-6394
-5427
-4111
-2594
-949
781
2475
3980
5204
6167
6966
7639
8111
8280
8161
7875
7476
6948
6301
5690
5293
5148
5081
4863
4363
3629
2846
2237
1909
1761
1572
1202
696
211
-174
-556
-1097
-1877
-2780
-3625
-4263
-4658
-4877
-5059
-5340
-5785
-6369
-6973
-7427
-7560
-7282
-6569
-5497
-4220
-2949
-1817
-807
207
1263
2244
2972
3378
3494
3356
2959
2348
1673
1079
608
150
-417
-1097
-1757
-2279
-2702
-3120
-3515
-3747
-3715
-3496
-3270
-3186
-3205
-3156
-2898
-2359
-1530
-380
1018
2453
3639
4421
4907
5345
5888
6480
6944
7176
7194
7075
6860
6548
6165
5770
5401
5044
4700
4428
4260
4122
3863
3347
2557
1510
260
-1128
-2481
-3631
-4556
-5400
-6285
-7113
-7649
-7721
-7392
-6849
-6240
-5601
-4920
-4245
-3643
-3145
-2735
-2386
-2098
-1832
-1481
-914
-101
794
1515
1884
1935
1854
1814
1886
2048
2260
2446
2439
2086
1384
533
-213
-714
-949
-945
-769
-604
-688
-1158
-1934
-2802
-3565
-4079
-4243
-4040
-3588
-3093
-2677
-2298
-1808
-1060
5
1348
2832
4272
5509
6455
7105
7498
7728
7884
7992
7989
7783
7307
6560
5597
4540
3515
2588
1754
969
186
-627
-1463
-2295
-3084
-3803
-4405
-4848
-5124
-5283
-5416
-5587
-5748
-5764
-5549
-5199
-4908
-4808
-4826
-4775
-4532
-4137
-3708
-3248
-2683
-1957
-1146
-342
474
1418
2555
3737
4686
5232
5411
5360
5143
4742
4175
3499
2741
1853
817
-304
-1413
-2438
-3350
-4139
-4792
-5292
-5610
-5708
-5519
-5022
-4282
-3440
-2612
-1823
-1046
-230
647
1605
2667
3828
4966
5843
6281
6362
6336
6415
6608
6792
6828
6644
6232
5585
4723
3761
2901
2278
1858
1513
1120
615
-7
-703
-1413
-2092
-2718
-3268
-3703
-4012
-4230
-4427
-4650
-4895
-5128
-5311
-5384
-5235
-4788
-4101
-3363
-2712
-2173
-1687
-1245
-886
-582
-203
377
1077
1641
1851
1735
1511
1381
1374
1418
1440
1408
1290
1064
763
476
292
220
211
163
9
-303
-788
-1399
-1987
-2360
-2437
-2315
-2160
-2051
-1972
-1894
-1794
-1617
-1270
-684
98
936
1696
2367
3005
3640
4212
4668
5012
5287
5481
5517
5332
4965
4506
3988
3401
2777
2204
1715
1236
679
22
-663
-1287
-1771
-2078
-2214
-2265
-2379
-2692
-3185
-3670
-3938
-3925
-3755
-3586
-3520
-3551
-3629
-3679
-3638
-3468
-3187
-2863
-2518
-2119
-1577
-894
-162
486
991
1371
1669
1896
2027
2105
2193
2296
2282
2063
1711
1401
1189
960
604
188
-89
-107
88
337
511
548
401
37
-493
-1010
-1311
-1322
-1166
-1064
-1163
-1467
-1884
-2282
-2521
-2458
-2034
-1337
-547
198
888
1571
2267
2962
3671
4415
5124
5632
5774
5516
4929
4094
3061
1924
878
107
-361
-720
-1182
-1793
-2419
-2920
-3255
-3451
-3534
-3506
-3402
-3270
-3123
-2893
-2484
-1848
-1099
-463
-101
50
157
331
555
765
923
1004
1010
936
808
682
659
771
969
1173
1357
1534
1697
1834
1941
2008
1959
1723
1258
642
31
-419
-672
-829
-981
-1133
-1261
-1407
-1589
-1736
-1727
-1547
-1274
-1012
-773
-534
-284
-139
-221
-537
-902
-1125
-1166
-1145
-1158
-1187
-1143
-969
-676
-255
315
1039
1792
2394
2722
2822
2810
2754
2635
2433
2184
1923
1628
1229
693
38
-649
-1252
-1667
-1820
-1727
-1482
-1259
-1180
-1258
-1409
-1516
-1458
-1110
-448
346
924
1034
703
183
-275
-544
-634
-639
-725
-1028
-1524
-2034
-2331
-2299
-1959
-1398
-732
-55
546
1009
1338
1620
1958
2362
2774
3127
3350
3323
2927
2164
1209
318
-364
-883
-1380
-1911
-2423
-2857
-3208
-3470
-3553
-3338
-2826
-2170
-1534
-951
-361
237
746
1079
1263
1393
1480
1447
1228
920
685
602
624
679
750
862
1023
1192
1321
1418
1557
1776
2014
2167
2195
2094
1842
1397
784
114
-488
-965
-1364
-1768
-2213
-2674
-3095
-3418
-3576
-3500
-3167
-2612
-1927
-1220
-563
45
649
1282
1915
2489
2918
3124
3070
2778
2329
1792
1213
622
78
-393
-823
-1265
-1672
-1917
-1873
-1507
-879
-94
718
1453
2022
2359
2461
2413
2329
2256
2158
1969
1614
1020
148
-955
-2124
-3130
-3777
-4003
-3905
-3653
-3391
-3162
-2935
-2670
-2331
-1853
-1168
-299
607
1355
1837
2077
2178
2195
2130
1990
1795
1491
994
308
-390
-891
-1110
-1106
-967
-725
-381
33
433
765
1065
1385
1681
1815
1671
1274
721
128
-424
-862
-1155
-1346
-1518
-1709
-1879
-1954
-1882
-1653
-1244
-670
33
738
1326
1747
2083
2463
2914
3338
3588
3604
3414
3057
2553
1943
1316
751
256
-214
-721
-1269
-1790
-2188
-2394
-2388
-2190
-1872
-1528
-1240
-1040
-913
-834
-794
-815
-943
-1221
-1657
-2188
-2678
-2988
-3064
-2976
-2860
-2802
-2794
-2752
-2571
-2171
-1514
-673
206
978
1599
2091
2460
2682
2770
2780
2739
2625
2400
2080
1705
1327
959
600
252
-53
-286
-457
-572
-607
-523
-334
-84
186
480
837
1275
1728
2122
2411
2596
2650
2551
2312
1985
1615
1225
814
427
138
1
-27
-47
-128
-251
-321
-270
-88
157
360
419
286
-18
-401
-766
-1042
-1197
-1248
-1236
-1227
-1290
-1495
-1849
-2270
-2613
-2789
-2823
-2784
-2717
-2603
-2441
-2272
-2159
-2086
-1948
-1671
-1284
-870
-505
-232
-58
34
93
174
343
626
972
1299
1555
1752
1896
1973
1977
1938
1898
1883
1900
1924
1911
1800
1593
1364
1223
1223
1357
1559
1734
1792
1683
1432
1108
795
558
448
466
561
631
607
476
298
141
47
2
-40
-91
-124
-84
13
118
158
112
-19
-195
-367
-510
-649
-835
-1082
-1367
-1624
-1811
-1932
-2022
-2047
-1938
-1705
-1480
-1373
-1363
-1349
-1286
-1218
-1196
-1216
-1223
-1204
-1205
-1284
-1448
-1674
-1906
-2085
-2173
-2177
-2120
-1995
-1806
-1579
-1344
-1098
-827
-526
-188
209
668
1147
1586
1961
2261
2468
2565
2585
2589
2601
2590
2518
2393
2233
2056
1860
1648
1446
1308
1275
1319
1349
1301
1178
1019
867
755
714
749
833
900
862
667
374
127
33
77
169
252
308
302
171
-72
-296
-348
-193
41
184
160
18
-158
-343
-552
-757
-882
-909
-909
-989
-1177
-1412
-1622
-1781
-1914
-2030
-2095
-2089
-2048
-2028
-2061
-2146
-2255
-2330
-2285
-2074
-1714
-1298
-924
-628
-386
-177
-8
120
226
338
474
607
675
627
478
317
231
246
352
539
799
1095
1353
1503
1524
1496
1575
1853
2277
2689
2976
3114
3122
3019
2836
2627
2456
2363
2318
2221
1956
1501
932
360
-144
-529
-754
-796
-693
-555
-499
-555
-644
-674
-627
-522
-388
-251
-160
-160
-272
-492
-769
-1031
-1213
-1299
-1309
-1294
-1309
-1392
-1539
-1714
-1873
-1975
-1998
-1937
-1832
-1735
-1680
-1643
-1599
-1556
-1563
-1658
-1811
-1969
-2105
-2250
-2402
-2503
-2472
-2307
-2073
-1828
-1591
-1370
-1133
-826
-392
159
753
1309
1759
2065
2215
2238
2193
2144
2146
2205
2292
2349
2337
2244
2102
1961
1867
1853
1941
2102
2244
2278
2196
2062
1930
1813
1672
1472
1204
927
701
514
298
14
-283
-515
-643
-680
-644
-541
-381
-169
73
313
510
633
678
656
604
533
428
229
-82
-493
-947
-1375
-1696
-1864
-1918
-1951
-2059
-2251
-2463
-2581
-2516
-2252
-1845
-1375
-925
-579
-402
-380
-418
-396
-277
-104
37
77
-1
-183
-407
-600
-689
-637
-463
-239
-57
92
294
620
999
1302
1469
1553
1615
1653
1612
1466
1259
1074
968
927
924
929
933
917
873
820
784
772
764
733
683
622
543
427
307
259
308
364
283
6
-384
-754
-1036
-1251
-1396
-1437
-1375
-1280
-1205
-1118
-962
-731
-469
-222
-23
113
162
120
12
-112
-216
-285
-311
-319
-350
-430
-533
-627
-688
-715
-709
-677
-632
-600
-617
-687
-763
-790
-755
-662
-515
-351
-232
-220
-298
-407
-489
-524
-521
-474
-382
-261
-157
-90
-39
34
157
327
527
745
970
1161
1247
1174
987
785
649
583
540
469
353
211
79
-4
14
154
361
519
568
541
511
517
559
618
646
593
447
252
67
-76
-182
-276
-365
-427
-445
-413
-316
-121
162
463
701
850
955
1040
1110
1151
1186
1237
1283
1261
1117
861
548
225
-71
-320
-513
-682
-854
-1028
-1168
-1228
-1198
-1111
-1001
-872
-728
-617
-580
-603
-610
-561
-475
-413
-413
-459
-541
-659
-821
-974
-1031
-937
-727
-487
-260
-35
198
426
644
855
1059
1210
1269
1253
1239
1285
1370
1400
1291
1046
740
453
188
-49
-239
-347
-395
-434
-496
-563
-600
-603
-587
-559
-487
-355
-208
-133
-163
-235
-260
-193
-81
20
92
150
199
223
223
216
233
294
399
522
621
660
627
530
404
285
198
144
90
-5
-160
-362
-584
-812
-1031
-1213
-1340
-1425
-1467
-1453
-1386
-1309
-1254
-1197
-1101
-962
-818
-679
-531
-373
-256
-212
-203
-165
-46
128
285
354
318
230
154
118
100
78
35
-8
-24
4
76
169
247
297
345
421
498
516
453
341
231
143
87
69
91
146
202
214
167
112
117
196
309
412
512
618
733
840
942
1062
1207
1373
1524
1628
1658
1609
1494
1336
1172
1036
913
780
626
480
380
302
195
35
-143
-290
-398
-462
-459
-373
-233
-108
-61
-110
-235
-406
-611
-827
-1028
-1188
-1324
-1475
-1666
-1871
-2016
-2043
-1933
-1714
-1444
-1202
-1039
-943
-834
-648
-376
-56
268
546
747
868
950
1012
1047
1035
978
893
787
648
468
276
113
16
-23
-30
-52
-136
-276
-393
-401
-290
-147
-62
-93
-230
-416
-558
-560
-408
-154
118
356
515
565
519
454
452
520
603
666
738
856
1004
1116
1127
1003
767
486
226
31
-115
-257
-461
-735
-1012
-1209
-1314
-1374
-1408
-1378
-1270
-1116
-980
-897
-854
-830
-803
-766
-695
-557
-331
-89
66
86
43
35
77
135
178
202
207
200
195
209
268
392
572
786
1020
1254
1430
1507
1498
1429
1298
1091
821
510
186
-114
-363
-572
-764
-918
-990
-982
-932
-861
-754
-596
-408
-239
-123
-54
-15
8
34
83
155
215
233
209
145
51
-27
-45
-9
55
141
285
484
692
847
918
920
890
865
854
840
795
718
626
519
362
149
-71
-259
-424
-592
-732
-814
-834
-786
-660
-485
-333
-222
-81
141
374
523
579
581
531
411
273
202
221
276
325
346
328
245
118
6
-47
-72
-143
-291
-484
-656
-782
-864
-891
-862
-783
-667
-526
-380
-253
-174
-186
-323
-570
-837
-1007
-1018
-904
-736
-568
-403
-245
-89
53
168
248
283
279
250
233
239
224
132
-27
-147
-95
175
587
976
1207
1244
1141
990
883
857
870
820
670
489
352
243
74
-174
-432
-603
-674
-683
-664
-643
-652
-696
-736
-710
-613
-494
-415
-411
-449
-470
-453
-443
-488
-565
-605
-572
-489
-412
-347
-258
-111
72
228
327
378
410
430
433
436
436
413
334
223
120
8
-158
-361
-527
-633
-718
-798
-808
-691
-490
-308
-194
-98
34
183
344
551
798
967
969
858
769
771
824
882
916
908
847
746
630
512
404
340
351
427
498
503
431
310
189
123
133
179
190
150
112
102
90
9
-151
-344
-498
-593
-657
-727
-781
-763
-661
-545
-494
-519
-560
-549
-443
-230
64
344
506
517
432
303
145
-35
-184
-252
-253
-251
-275
-304
-295
-242
-152
-46
78
241
427
572
609
572
536
533
512
442
375
388
460
487
385
175
-46
-197
-267
-285
-282
-261
-228
-218
-253
-309
-323
-259
-127
11
95
110
72
1
-109
-262
-433
-561
-600
-567
-547
-590
-640
-611
-502
-377
-300
-291
-356
-474
-594
-667
-681
-672
-678
-704
-724
-697
-614
-503
-427
-444
-557
-665
-643
-471
-238
-36
130
292
448
604
777
968
1113
1153
1115
1096
1150
1234
1241
1106
876
657
514
440
418
448
523
609
675
719
729
708
676
643
552
366
157
78
169
295
298
187
96
101
134
103
-28
-244
-503
-700
-708
-541
-375
-356
-461
-568
-606
-608
-628
-707
-822
-911
-945
-968
-1040
-1136
-1194
-1196
-1156
-1055
-865
-617
-367
-124
108
287
390
465
544
584
542
441
349
275
187
89
26
48
157
286
360
342
251
120
-16
-108
-100
36
262
499
685
811
930
1102
1312
1463
1475
1348
1138
892
661
509
460
458
436
392
351
325
300
296
315
324
268
156
63
24
-37
-246
-617
-991
-1188
-1187
-1118
-1100
-1144
-1211
-1274
-1334
-1381
-1386
-1340
-1269
-1191
-1060
-801
-444
-115
94
215
319
405
423
350
239
140
59
-24
-76
-34
109
267
350
352
340
358
397
403
372
352
387
460
523
567
597
574
464
335
280
303
312
261
206
204
220
162
-12
-229
-373
-373
-274
-169
-107
-61
16
108
176
207
231
242
190
34
-184
-382
-521
-623
-730
-840
-931
-980
-981
-939
-875
-801
-711
-590
-449
-309
-214
-226
-360
-544
-638
-587
-428
-236
-66
9
-32
-135
-202
-216
-241
-323
-437
-487
-388
-113
228
451
456
348
332
500
752
904
880
744
613
548
554
613
692
739
735
719
771
923
1103
1169
1013
672
299
47
-28
30
141
237
307
387
499
579
553
423
261
124
4
-98
-164
-191
-216
-270
-306
-234
-21
279
568
772
858
841
745
569
324
91
-24
-12
25
6
-19
38
154
194
76
-130
-319
-488
-710
-972
-1179
-1245
-1190
-1094
-1039
-1047
-1025
-844
-475
-79
130
74
-132
-289
-307
-249
-222
-236
-209
-81
143
410
668
866
958
920
757
528
313
151
12
-140
-299
-428
-502
-520
-487
-436
-437
-555
-788
-1027
-1132
-1048
-887
-801
-828
-828
-662
-348
-35
167
278
341
385
457
593
760
852
831
752
680
605
473
280
101
28
54
83
55
-7
-65
-140
-251
-372
-486
-621
-766
-832
-754
-593
-460
-387
-315
-218
-139
-108
-107
-98
-75
-42
-4
21
15
-17
-24
56
246
513
754
861
798
640
513
470
465
423
349
287
229
137
23
-32
17
138
289
450
613
719
705
576
400
250
154
120
161
281
445
598
696
717
657
516
337
210
184
205
158
17
-132
-187
-129
-32
27
22
-4
-20
-33
-43
-9
98
241
351
385
366
338
322
263
88
-174
-390
-450
-388
-323
-340
-453
-626
-820
-977
-1062
-1072
-1053
-1018
-927
-761
-584
-490
-491
-525
-530
-501
-467
-459
-473
-461
-388
-295
-269
-332
-417
-439
-380
-263
-126
-16
2
-80
-173
-154
11
243
430
534
561
538
501
520
647
819
896
791
568
353
226
154
53
-120
-309
-403
-355
-192
11
191
286
255
143
72
146
317
426
360
188
101
211
447
611
551
279
-78
-407
-683
-901
-1043
-1119
-1171
-1222
-1213
-1077
-818
-544
-368
-324
-344
-324
-207
-39
60
6
-153
-290
-298
-153
89
320
432
420
399
462
560
558
418
267
276
486
789
1052
1194
1183
1017
761
537
445
493
586
628
624
688
836
939
866
667
499
449
486
539
572
578
567
541
506
470
418
315
160
-9
-145
-238
-296
-332
-369
-440
-563
-734
-900
-989
-944
-792
-628
-529
-499
-491
-501
-543
-625
-716
-792
-845
-859
-800
-654
-476
-341
-252
-157
-33
60
43
-67
-170
-173
-100
-61
-132
-296
-482
-613
-628
-522
-381
-304
-302
-283
-185
-41
80
156
186
170
138
164
295
452
524
490
448
491
601
687
657
517
353
280
337
471
568
549
439
331
280
253
208
137
52
-54
-176
-262
-219
8
326
520
451
215
59
93
173
105
-145
-437
-620
-652
-616
-644
-767
-886
-861
-650
-315
25
206
139
-130
-430
-628
-695
-638
-478
-263
-69
78
195
323
448
498
410
206
9
-87
-91
-89
-102
-97
-71
-64
-65
13
199
409
539
614
742
960
1148
1136
873
494
173
-12
-72
-54
-11
-18
-122
-273
-366
-371
-354
-380
-416
-390
-303
-209
-123
9
201
391
494
496
467
459
465
423
320
205
130
71
-38
-234
-483
-704
-824
-826
-756
-682
-622
-525
-376
-257
-249
-313
-320
-215
-54
97
225
309
314
253
195
196
230
237
186
128
126
173
207
205
253
422
689
892
871
613
272
29
-69
-91
-94
-81
-73
-141
-318
-533
-672
-674
-548
-355
-153
7
86
75
4
-58
-59
-7
34
11
-97
-268
-443
-506
-336
50
466
696
656
441
213
71
4
-73
-204
-375
-533
-650
-715
-707
-604
-421
-221
-71
0
-2
-84
-256
-458
-573
-549
-475
-447
-436
-341
-148
35
116
138
179
235
214
79
-80
-115
44
305
523
633
688
742
769
702
543
382
321
370
461
536
556
508
408
323
318
365
377
307
190
102
94
146
192
204
232
306
330
169
-184
-542
