13
-16
-39
-60
-97
-167
-255
-324
-336
-296
-215
-118
-18
50
66
34
-12
-54
-87
-104
-107
-97
-84
-45
21
103
163
187
186
184
203
240
276
280
248
187
104
24
-18
-4
34
45
36
42
103
194
281
327
332
319
323
382
495
615
686
698
687
673
627
515
371
263
238
273
314
331
303
239
157
109
119
159
197
232
273
294
244
133
48
63
159
256
294
284
253
227
209
192
166
132
97
62
29
-7
-46
-90
-140
-200
-252
-293
-322
-353
-372
-359
-316
-273
-258
-261
-264
-256
-240
-226
-219
-222
-226
-228
-225
-227
-244
-273
-283
-252
-206
-203
-268
-358
-409
-388
-328
-290
-303
-351
-372
-349
-302
-276
-282
-298
-302
-287
-277
-275
-273
-259
-231
-209
-211
-229
-240
-222
-203
-205
-219
-212
-181
-157
-161
-177
-178
-163
-145
-129
-99
-36
52
123
155
131
73
-6
-79
-116
-110
-75
-44
-21
12
72
157
246
308
324
314
314
334
323
249
149
91
97
123
138
149
161
161
125
71
35
60
155
286
381
390
319
231
174
154
165
191
206
189
149
135
170
228
276
299
305
286
249
212
188
184
200
219
209
154
88
71
120
208
294
352
366
318
224
130
82
80
99
103
53
-52
-159
-201
-165
-105
-76
-88
-112
-115
-62
33
97
60
-60
-171
-209
-190
-156
-111
-45
15
36
0
-78
-155
-183
-150
-103
-93
-128
-188
-260
-332
-380
-393
-385
-364
-320
-259
-195
-149
-117
-90
-75
-99
-155
-204
-196
-128
-42
35
85
102
77
21
-47
-105
-146
-170
-178
-167
-142
-120
-106
-78
-11
86
179
239
247
207
153
118
96
63
8
-37
-46
-18
27
75
113
129
93
8
-83
-124
-98
-34
25
40
11
-36
-74
-103
-128
-149
-174
-217
-248
-202
-63
104
214
244
223
191
168
167
173
165
130
91
70
62
41
-2
-36
-40
-28
-32
-59
-75
-63
-46
-61
-105
-145
-166
-177
-206
-249
-278
-272
-247
-226
-201
-152
-70
15
92
156
209
224
193
141
98
74
62
66
91
143
198
228
229
216
212
210
207
222
272
346
397
397
335
239
149
114
140
189
211
191
159
142
154
172
168
125
78
49
37
24
22
34
42
38
9
-50
-126
-166
-130
-44
41
96
131
153
157
144
133
134
119
47
-70
-180
-246
-275
-283
-294
-332
-405
-487
-542
-540
-461
-332
-218
-176
-190
-222
-251
-280
-291
-282
-266
-267
-276
-249
-173
-60
51
140
189
190
152
119
113
126
137
143
136
119
119
169
250
291
253
161
75
33
31
47
72
98
105
96
106
158
212
211
155
89
66
82
94
63
-14
-89
-119
-91
-33
7
7
-14
-36
-53
-68
-74
-68
-63
-62
-62
-51
-37
-45
-86
-150
-233
-349
-484
-577
-594
-546
-454
-348
-275
-277
-334
-377
-366
-313
-261
-230
-214
-202
-194
-190
-160
-99
-51
-59
-110
-138
-123
-76
-10
66
135
172
177
166
157
160
176
186
176
156
162
217
316
415
457
411
321
257
263
315
348
334
292
256
225
195
183
192
211
213
210
224
258
286
256
169
83
59
75
69
34
9
24
57
91
125
150
149
123
100
96
101
88
59
43
71
128
169
168
141
108
78
61
64
92
126
142
137
129
138
146
125
68
-4
-64
-99
-103
-73
-37
-35
-67
-100
-91
-37
36
107
162
186
169
122
83
82
124
164
131
17
-125
-224
-269
-294
-314
-326
-338
-356
-382
-395
-397
-392
-384
-377
-371
-369
-378
-395
-422
-468
-524
-559
-537
-477
-433
-434
-450
-439
-397
-355
-331
-312
-282
-237
-190
-160
-153
-159
-176
-194
-182
-117
-36
12
41
102
182
216
180
124
104
117
120
92
57
41
56
83
100
96
78
63
48
32
28
57
122
209
299
365
372
332
290
266
250
226
219
251
308
357
390
440
532
623
631
517
340
215
207
280
352
380
372
359
364
424
507
545
501
427
383
366
357
349
344
310
232
146
97
64
-9
-125
-188
-130
-5
63
26
-61
-140
-195
-231
-243
-239
-257
-324
-409
-418
-302
-110
20
4
-109
-197
-184
-98
-16
-3
-63
-136
-146
-76
-2
-12
-113
-227
-292
-300
-273
-229
-198
-224
-309
-383
-365
-267
-172
-155
-216
-288
-305
-258
-209
-197
-217
-237
-258
-289
-339
-414
-486
-510
-467
-409
-387
-386
-364
-310
-250
-185
-99
-3
61
63
38
51
124
199
199
132
74
62
69
55
32
13
3
-10
-51
-126
-200
-203
-111
-19
-44
-205
-368
-383
-267
-161
-165
-216
-198
-89
56
194
320
419
461
458
460
480
462
369
239
151
131
134
92
15
-33
1
114
230
257
160
41
24
116
193
157
36
-59
-40
67
176
210
188
170
198
273
343
362
323
276
256
220
138
52
52
150
275
377
434
446
408
348
318
327
338
305
250
231
268
305
246
-45
-667
-1445
-1836
-1335
-132
850
801
-85
-757
-398
717
1579
1511
726
-73
-397
-241
76
235
141
-39
-98
-7
106
136
81
-24
-154
-252
-220
-7
317
589
679
585
413
284
219
169
105
20
-109
-343
-664
-938
-1008
-859
-659
-604
-715
-825
-733
-407
-8
241
237
59
-154
-299
-357
-369
-407
-499
-614
-698
-708
-618
-445
-254
-149
-166
-241
-279
-224
-109
-11
-45
-251
-522
-645
-516
-284
-210
-381
-589
-590
-394
-247
-319
-503
-560
-363
57
567
999
1151
969
661
581
857
1264
1477
1353
973
548
371
616
1114
1496
1589
1538
1561
1712
1801
1526
729
-322
-1086
-1269
-1155
-1348
-2073
-2825
-2889
-2249
-1678
-1798
-2216
-1972
-719
775
1428
1026
443
691
1805
2814
2739
1598
267
-445
-477
-371
-665
-1465
-2423
-3022
-2973
-2414
-1755
-1311
-1086
-890
-555
-52
507
966
1230
1344
1430
1498
1451
1249
979
709
406
118
89
469
1017
1319
1349
1579
2408
3534
4120
3731
2988
2988
3940
4743
4118
2073
-56
-979
-697
-365
-1076
-2899
-4763
-5337
-4360
-3162
-3209
-4042
-3651
-1299
1043
1086
-648
-1354
433
2882
3234
1251
-684
-753
226
333
-943
-2458
-3141
-3049
-2868
-2987
-3212
-3169
-2772
-2263
-1809
-1294
-591
193
809
1095
1089
1043
1218
1518
1451
758
-144
-599
-524
-441
-766
-1258
-1390
-984
-364
159
639
1263
1979
2591
3083
3600
4193
4691
4915
4853
4717
4712
4754
4526
3920
3314
3127
3019
1870
-886
-4032
-5402
-4341
-2706
-2895
-5096
-7112
-6827
-4455
-2100
-1426
-2149
-2726
-2106
-525
1089
2043
2279
2206
2247
2547
2869
2832
2171
889
-703
-2164
-3198
-3785
-4064
-4169
-4189
-4087
-3663
-2791
-1686
-765
-137
430
1051
1465
1408
1018
634
347
-66
-689
-1260
-1508
-1509
-1494
-1414
-997
-204
610
1113
1432
1988
2938
3969
4656
4929
5048
5246
5496
5670
5695
5578
5289
4783
4124
3558
3223
2661
1023
-1768
-4315
-4936
-3716
-2708
-3709
-6172
-7741
-6844
-4356
-2538
-2616
-3680
-3893
-2406
-8
1845
2424
2260
2409
3317
4504
5157
4904
3910
2548
1153
-39
-983
-1842
-2785
-3781
-4570
-4859
-4489
-3631
-2750
-2181
-1814
-1332
-757
-406
-305
-110
276
383
-176
-995
-1262
-790
-326
-591
-1337
-1619
-945
136
747
713
716
1444
2791
3993
4493
4496
4652
5290
6121
6618
6566
6159
5692
5294
4923
4308
2942
573
-2095
-3675
-3623
-3134
-3936
-6156
-8044
-7953
-6224
-4706
-4626
-5442
-5707
-4643
-2669
-783
322
705
1098
2198
3913
5382
5812
5248
4362
3696
3173
2351
1012
-551
-1865
-2746
-3334
-3789
-4139
-4369
-4468
-4323
-3850
-3301
-3134
-3334
-3105
-1802
-23
835
271
-601
-363
1042
2291
2257
1185
252
201
753
1237
1365
1323
1405
1802
2547
3516
4476
5195
5567
5692
5837
6168
6470
6403
5905
5124
3946
2116
4
-1365
-1502
-1382
-2508
-5019
-7222
-7432
-6014
-5026
-5839
-7552
-8098
-6565
-4063
-2383
-2104
-2160
-1116
1295
3950
5537
5795
5522
5536
5841
5788
4860
3226
1555
346
-515
-1500
-2871
-4371
-5462
-5788
-5475
-5057
-5094
-5727
-6392
-6113
-4434
-2168
-820
-955
-1428
-642
1562
3642
4110
3212
2497
2933
3882
4115
3342
2433
2254
2725
3104
2992
2842
3318
4344
5093
4991
4454
4358
4959
5590
5368
4003
2020
369
-267
-97
-162
-1384
-3513
-5223
-5473
-4720
-4446
-5470
-6985
-7456
-6296
-4484
-3476
-3661
-3933
-2932
-585
1773
2871
2876
3011
3991
5186
5447
4472
3108
2383
2428
2477
1767
302
-1253
-2302
-2846
-3329
-3991
-4617
-5019
-5493
-6302
-6886
-6290
-4534
-2960
-2684
-3109
-2550
-337
2221
3326
2777
2110
2750
4457
5790
5782
4935
4475
4971
5796
6031
5555
5043
4987
5101
4837
4139
3477
3191
3109
2735
1757
362
-879
-1541
-1831
-2378
-3488
-4651
-5063
-4609
-4112
-4403
-5319
-5847
-5234
-3786
-2563
-2296
-2635
-2514
-1307
418
1508
1476
991
1042
1830
2613
2590
1737
778
412
716
1143
1070
348
-578
-1140
-1292
-1567
-2428
-3715
-4812
-5253
-5081
-4726
-4597
-4764
-4888
-4487
-3407
-2085
-1193
-889
-596
295
1608
2652
3099
3313
3794
4580
5286
5556
5424
5275
5409
5686
5669
5181
4525
4120
3998
3763
3088
2115
1326
1016
931
508
-543
-1841
-2630
-2553
-2049
-1892
-2358
-2976
-3088
-2498
-1593
-902
-627
-522
-228
328
870
1055
811
367
48
-26
-67
-357
-871
-1303
-1418
-1311
-1181
-1116
-1053
-901
-656
-465
-553
-969
-1530
-1991
-2281
-2487
-2699
-2938
-3137
-3209
-3079
-2767
-2429
-2275
-2298
-2168
-1578
-672
37
258
290
686
1582
2474
2745
2374
2002
2222
2922
3419
3267
2763
2579
2982
3557
3716
3331
2772
2472
2523
2636
2398
1641
664
21
-23
227
242
-160
-684
-943
-819
-433
62
541
885
1038
1080
1094
1021
735
265
-197
-520
-810
-1245
-1828
-2340
-2560
-2489
-2343
-2319
-2350
-2190
-1781
-1427
-1452
-1779
-2025
-1980
-1827
-1819
-1940
-2006
-1972
-1930
-1869
-1669
-1364
-1171
-1140
-1016
-576
-6
272
144
-17
188
641
824
495
-15
-191
63
413
527
461
532
914
1383
1595
1512
1419
1501
1601
1518
1302
1190
1283
1434
1442
1277
1127
1156
1322
1446
1432
1340
1285
1318
1412
1497
1524
1450
1194
711
150
-234
-384
-565
-1042
-1730
-2281
-2440
-2310
-2185
-2214
-2248
-2048
-1631
-1290
-1291
-1577
-1828
-1783
-1510
-1305
-1364
-1570
-1646
-1423
-994
-609
-406
-264
73
671
1331
1816
2069
2181
2278
2396
2441
2312
1999
1583
1099
616
252
40
-132
-320
-405
-297
-117
-53
-88
-26
238
542
655
609
669
957
1250
1316
1228
1239
1425
1653
1793
1867
1935
1978
1925
1761
1581
1468
1363
1079
539
-40
-348
-382
-526
-1082
-1833
-2264
-2170
-1875
-1791
-1963
-2102
-1986
-1704
-1538
-1677
-2046
-2379
-2489
-2427
-2377
-2459
-2620
-2705
-2519
-2004
-1335
-833
-596
-350
228
1105
1915
2386
2602
2796
2991
2972
2576
1941
1379
1033
703
103
-728
-1337
-1372
-1010
-813
-1060
-1422
-1397
-894
-312
-61
-141
-219
0
458
847
945
856
861
1075
1315
1337
1171
1075
1235
1532
1673
1506
1177
937
828
680
392
51
-231
-492
-810
-1146
-1368
-1393
-1309
-1303
-1424
-1492
-1323
-1033
-932
-1164
-1542
-1765
-1701
-1491
-1416
-1627
-1981
-2174
-2049
-1734
-1470
-1380
-1350
-1127
-593
108
729
1191
1603
2040
2450
2757
2945
3003
2855
2437
1853
1374
1204
1214
1089
711
284
45
-6
5
28
104
220
311
381
503
717
949
1078
1059
987
1003
1125
1199
1111
908
805
894
1071
1146
1084
1021
1059
1136
1066
749
197
-374
-759
-868
-834
-867
-1074
-1392
-1598
-1514
-1194
-950
-1045
-1412
-1708
-1712
-1555
-1556
-1837
-2206
-2380
-2298
-2128
-2038
-2041
-2000
-1788
-1397
-971
-643
-394
-94
298
675
923
1052
1163
1294
1359
1256
1036
877
874
905
807
585
383
285
232
157
88
66
47
-39
-169
-269
-307
-251
-49
268
531
622
649
825
1207
1613
1759
1525
1120
903
1009
1188
1077
567
-84
-513
-604
-580
-711
-1010
-1268
-1342
-1279
-1201
-1145
-1058
-906
-773
-805
-1013
-1217
-1247
-1166
-1162
-1290
-1415
-1411
-1318
-1264
-1293
-1306
-1181
-928
-686
-554
-482
-304
74
558
896
932
798
784
999
1238
1255
1056
881
915
1114
1291
1293
1097
784
492
363
436
554
470
123
-261
-379
-144
252
538
621
643
816
1201
1665
2022
2184
2180
2100
2019
1958
1899
1782
1531
1104
587
162
-51
-115
-179
-325
-510
-621
-574
-392
-202
-117
-124
-119
-36
91
149
39
-232
-530
-717
-768
-792
-915
-1121
-1244
-1132
-833
-555
-477
-608
-782
-778
-536
-284
-335
-712
-1082
-1116
-859
-620
-574
-596
-492
-263
-40
89
104
-35
-323
-606
-694
-595
-542
-741
-1160
-1538
-1616
-1363
-999
-806
-838
-904
-772
-402
74
485
732
822
847
942
1133
1272
1165
813
411
120
-84
-290
-480
-571
-567
-554
-532
-404
-155
71
163
196
308
512
686
724
636
509
428
386
336
260
206
210
259
324
416
526
550
383
111
-28
56
159
34
-294
-571
-627
-520
-396
-334
-302
-233
-69
193
453
585
541
411
330
347
379
282
20
-274
-392
-284
-103
-34
-68
-56
98
318
467
491
487
583
810
1027
1073
967
871
918
1027
1014
798
505
337
337
360
231
-51
-332
-460
-420
-333
-324
-375
-360
-214
-29
63
51
19
49
159
335
540
702
736
607
388
219
130
-14
-346
-802
-1165
-1319
-1325
-1301
-1264
-1169
-996
-771
-526
-253
31
282
471
599
658
594
391
145
-34
-140
-279
-508
-758
-900
-896
-839
-860
-956
-972
-776
-441
-171
-85
-75
58
363
677
801
727
606
563
566
463
167
-230
-525
-615
-618
-737
-999
-1211
-1191
-990
-821
-805
-838
-731
-443
-126
44
94
161
322
499
628
773
996
1205
1213
1005
783
737
790
694
334
-138
-496
-684
-783
-809
-687
-433
-207
-110
-20
253
719
1168
1368
1272
1039
880
836
780
554
143
-324
-663
-759
-697
-690
-876
-1144
-1243
-1064
-731
-460
-309
-184
29
321
599
765
766
615
427
342
383
396
241
-29
-226
-248
-238
-392
-676
-837
-709
-446
-323
-411
-520
-427
-129
174
292
259
261
385
558
681
755
810
848
871
949
1096
1188
1042
645
226
37
64
25
-263
-628
-731
-492
-190
-107
-218
-272
-132
118
325
425
457
469
479
472
434
362
260
150
57
0
-53
-161
-328
-436
-390
-292
-345
-554
-656
-461
-112
78
-3
-213
-379
-458
-512
-578
-625
-580
-436
-272
-198
-233
-284
-236
-65
134
251
252
217
245
359
458
420
261
137
194
370
479
433
336
333
455
616
755
854
887
805
633
490
451
434
303
60
-144
-208
-237
-404
-693
-888
-853
-693
-610
-633
-631
-522
-389
-381
-528
-667
-618
-386
-174
-169
-356
-566
-640
-549
-381
-275
-315
-456
-553
-510
-382
-303
-309
-314
-263
-234
-322
-500
-614
-546
-353
-205
-218
-322
-346
-215
-15
102
60
-82
-164
-41
281
632
823
799
677
621
702
866
969
910
726
589
652
889
1102
1123
977
813
745
770
801
769
644
449
230
45
-47
-23
55
77
-28
-210
-335
-318
-209
-158
-249
-434
-577
-599
-524
-458
-471
-539
-577
-518
-365
-186
-71
-62
-128
-189
-198
-178
-199
-277
-349
-353
-318
-324
-382
-430
-399
-293
-163
-98
-140
-242
-305
-287
-261
-304
-403
-457
-394
-225
-50
34
18
15
148
412
664
742
616
425
356
467
641
719
679
628
677
822
955
989
939
900
907
875
723
509
383
410
501
511
393
239
180
245
338
302
62
-297
-587
-688
-660
-656
-723
-768
-709
-592
-518
-517
-533
-498
-410
-321
-297
-352
-426
-449
-425
-446
-585
-820
-1034
-1114
-1050
-940
-912
-1007
-1138
-1180
-1093
-957
-866
-841
-820
-724
-528
-309
-179
-169
-160
-17
235
425
438
370
405
604
852
992
960
814
666
607
628
652
642
655
759
935
1059
1029
889
793
847
962
966
787
568
501
656
873
902
642
271
83
176
340
298
-2
-340
-454
-322
-164
-187
-353
-440
-332
-165
-143
-276
-379
-298
-120
-89
-318
-654
-837
-788
-668
-656
-765
-865
-844
-735
-693
-830
-1071
-1198
-1067
-771
-537
-482
-524
-488
-280
53
368
550
606
624
677
754
812
833
835
851
899
925
843
637
418
331
402
530
570
473
335
300
406
557
626
567
450
388
454
596
680
623
483
387
405
491
528
409
154
-91
-203
-217
-269
-380
-468
-486
-509
-611
-744
-817
-796
-755
-760
-807
-839
-820
-778
-763
-792
-841
-857
-794
-685
-619
-677
-827
-961
-993
-931
-842
-779
-749
-707
-607
-439
-239
-12
243
517
749
894
956
954
931
924
965
1021
1016
910
759
690
761
881
856
596
236
37
130
398
584
536
351
274
450
768
967
913
703
546
552
681
798
797
659
452
280
168
62
-111
-349
-589
-764
-859
-918
-960
-943
-839
-726
-746
-911
-1070
-1063
-911
-784
-813
-945
-1022
-968
-855
-814
-902
-1051
-1116
-1031
-895
-853
-900
-873
-659
-333
-79
-9
-51
-46
94
280
395
429
457
503
529
520
500
482
448
413
429
514
585
515
304
121
150
382
592
570
332
125
169
426
645
663
574
586
758
941
958
808
655
625
673
656
521
358
261
210
111
-73
-274
-401
-434
-434
-471
-550
-597
-524
-323
-95
39
65
75
154
267
301
171
-86
-341
-478
-504
-512
-597
-731
-799
-721
-545
-388
-292
-208
-69
134
352
498
510
424
358
410
549
671
681
600
560
674
897
1029
907
590
315
267
394
471
335
52
-158
-149
14
101
-19
-250
-387
-327
-167
-61
-92
-212
-318
-342
-301
-240
-183
-147
-171
-283
-428
-530
-573
-608
-667
-736
-799
-868
-912
-873
-739
-617
-638
-760
-798
-637
-389
-258
-324
-470
-526
-445
-329
-306
-384
-449
-416
-318
-261
-267
-237
-69
185
346
311
169
91
146
262
344
378
402
415
391
341
324
374
419
381
272
207
278
450
567
492
286
135
170
324
427
397
290
222
255
369
487
531
479
369
264
213
216
238
216
109
-53
-190
-248
-264
-292
-326
-310
-231
-131
-22
122
276
354
311
215
176
221
273
250
148
40
-23
-45
-68
-116
-175
-208
-177
-87
12
55
49
70
201
402
548
563
506
497
589
730
815
773
626
489
444
459
418
262
51
-101
-123
-53
-21
-112
-263
-309
-160
87
249
219
57
-86
-128
-115
-152
-287
-465
-578
-581
-531
-500
-485
-430
-346
-313
-372
-472
-533
-544
-555
-605
-674
-691
-612
-468
-353
-336
-404
-473
-468
-407
-375
-425
-502
-525
-476
-411
-369
-352
-356
-368
-379
-358
-300
-232
-196
-183
-146
-64
31
106
152
166
123
32
-47
-57
-26
-32
-86
-107
-2
188
339
359
288
206
170
160
145
93
23
-19
17
105
192
261
358
539
765
930
906
714
467
272
79
-193
-527
-771
-782
-539
-148
226
476
591
650
707
738
677
529
368
272
257
320
477
734
1032
1261
1360
1361
1314
1185
907
483
31
-324
-549
-682
-750
-741
-668
-570
-485
-411
-342
-278
-236
-209
-188
-156
-117
-65
6
91
165
204
228
277
373
482
578
627
611
483
234
-94
-418
-680
-870
-1014
-1127
-1182
-1158
-1073
-991
-947
-946
-971
-997
-971
-842
-591
-259
72
329
498
630
750
793
688
413
105
-137
-232
-243
-196
-110
14
165
271
330
302
261
189
118
-13
-151
-223
-148
35
226
306
220
0
-228
-295
-173
59
203
183
10
-142
-162
-32
87
66
-70
-164
-142
-96
-163
-308
-405
-351
-173
23
122
28
-186
-423
-520
-494
-370
-250
-196
-210
-300
-428
-530
-532
-444
-442
-541
-648
-569
-348
-151
-62
-76
10
196
433
522
445
326
265
304
333
413
587
943
1297
1428
1204
798
529
568
859
1185
1449
1551
1446
1141
763
509
436
548
761
960
1011
802
467
142
60
143
321
297
92
-236
-400
-443
-404
-378
-363
-307
-333
-299
-314
-228
-272
-403
-692
-925
-1000
-885
-658
-484
-405
-519
-647
-749
-644
-587
-589
-747
-842
-844
-818
-793
-876
-869
-879
-794
-829
-797
-665
-333
-10
109
80
-23
26
22
40
-87
-125
-199
-266
-383
-422
-229
71
365
394
354
351
522
626
552
314
209
323
607
770
781
746
810
966
1014
984
800
672
503
470
408
425
356
304
182
88
16
-10
21
20
109
142
237
148
84
-48
-21
-15
21
-54
-208
-434
-612
-553
-374
-140
-141
-256
-502
-580
-557
-375
-269
-208
-306
-423
-488
-413
-271
-214
-218
-289
-300
-302
-193
-76
22
-37
-128
-213
-119
121
425
583
432
197
11
126
275
384
280
154
199
366
539
467
363
220
190
140
219
315
383
289
114
-49
-147
-152
-90
41
86
55
-115
-220
-293
-250
-239
-197
-204
-203
-241
-266
-303
-345
-379
-424
-435
-516
-532
-653
-681
-835
-893
-1034
-1026
-908
-699
-485
-469
-431
-505
-386
-399
-355
-438
-324
-112
207
454
558
527
342
300
327
565
570
585
455
562
592
591
426
257
287
409
674
725
757
639
641
623
656
661
654
688
695
701
599
465
327
278
287
318
334
364
407
446
445
441
379
306
183
93
40
38
119
187
273
256
260
170
110
-74
-197
-309
-343
-396
-525
-643
-796
-799
-764
-585
-534
-555
-665
-608
-363
-64
102
43
-126
-297
-356
-363
-369
-471
-604
-690
-621
-442
-289
-222
-245
-194
-73
54
92
13
-21
-49
-2
-6
92
185
325
354
313
258
228
308
308
297
127
27
-88
-2
39
121
20
-107
-295
-450
-530
-533
-354
-192
49
123
224
166
176
200
350
461
425
253
36
-45
-51
13
-8
-87
-248
-381
-469
-485
-487
-492
-524
-538
-509
-400
-270
-134
-34
77
188
226
154
-63
-224
-301
-209
-162
-147
-222
-276
-361
-427
-429
-332
-187
-31
214
470
669
613
495
343
358
358
409
437
534
616
619
583
514
582
645
795
813
843
721
637
502
420
275
108
-39
-71
44
250
435
452
312
117
109
208
380
380
341
217
196
171
172
64
-82
-237
-309
-303
-300
-290
-360
-329
-353
-270
-308
-305
-372
-385
-355
-341
-310
-386
-401
-457
-397
-426
-463
-613
-657
-652
-523
-422
-324
-249
-251
-256
-345
-326
-394
-438
-535
-447
-229
15
136
118
127
230
370
403
300
221
222
285
259
140
-17
-137
-137
-117
-24
4
83
103
148
151
149
102
-2
-88
-112
13
150
227
135
13
-66
-17
101
267
368
310
141
-18
9
71
45
-114
-207
-121
44
108
53
-84
-185
-307
-387
-425
-348
-190
-81
-66
-180
-207
-219
-129
-132
-111
-130
-134
-143
-195
-208
-277
-272
-308
-245
-211
-189
-246
-292
-219
-6
277
461
434
246
120
222
506
645
574
325
237
293
470
538
462
286
77
-27
-60
66
127
136
14
-42
-3
125
243
263
192
68
37
87
169
137
24
-67
-5
236
521
710
671
536
376
302
190
25
-163
-298
-272
-203
-101
-82
-88
-137
-257
-365
-412
-302
-179
-74
-30
11
7
-75
-182
-242
-208
-125
-63
-10
-16
-11
-58
-74
-69
19
167
323
464
523
550
495
480
427
460
453
484
365
123
-209
-429
-403
-283
-187
-331
-491
-624
-519
-379
-266
-332
-423
-403
-213
66
257
338
245
151
107
205
317
351
264
45
-171
-322
-260
-129
-15
-12
-65
-95
-135
-164
-265
-355
-479
-560
-647
-651
-550
-335
-127
-33
-45
-115
-161
-225
-229
-169
-17
54
-33
-256
-411
-362
-173
-45
-125
-340
-466
-369
-106
128
229
242
249
258
269
279
321
343
305
166
-25
-177
-220
-170
-129
-112
-118
-25
110
231
196
70
-33
-37
11
13
-21
-52
-52
-71
-128
-142
-36
179
364
421
415
385
396
368
421
501
580
484
245
-13
-138
-50
169
430
549
586
537
562
586
613
510
322
110
-21
-67
-132
-220
-335
-339
-262
-75
93
185
125
15
-46
36
202
332
321
157
-30
-156
-151
-81
40
79
68
-20
-53
-43
5
-34
-185
-395
-589
-673
-651
-481
-284
-139
-168
-276
-388
-340
-194
10
133
244
356
462
476
367
250
177
284
469
701
747
599
290
-13
-181
-239
-175
-155
-147
-238
-297
-298
-170
-35
29
-69
-237
-368
-393
-314
-237
-217
-325
-403
-408
-268
-201
-211
-331
-399
-459
-478
-523
-556
-585
-636
-650
-627
-405
-130
132
199
155
89
0
-119
-333
-533
-683
-735
-738
-746
-702
-599
-411
-253
-193
-220
-273
-269
-164
-32
124
195
277
290
319
315
356
440
530
678
784
932
926
872
664
469
322
341
459
499
401
181
5
-140
-236
-305
-271
-125
85
274
424
553
714
846
887
742
525
346
271
232
163
85
-28
-117
-165
-109
-37
-8
-36
-40
19
108
131
15
-186
-354
-377
-333
-249
-181
-33
115
235
253
186
101
15
31
65
123
75
-42
-242
-352
-331
-180
-35
30
44
10
16
86
262
425
514
515
547
633
739
779
756
646
508
346
260
269
308
325
219
101
-13
-13
36
108
85
-67
-288
-408
-333
-176
-80
-143
-225
-256
-117
32
95
-66
-319
-506
-547
-476
-469
-499
-599
-597
-587
-553
-600
-619
-574
-511
-488
-530
-495
-408
-270
-213
-230
-376
-579
-766
-825
-746
-627
-515
-463
-424
-426
-392
-298
-151
-99
-181
-354
-497
-511
-428
-270
-163
-51
60
258
435
599
687
722
674
528
351
181
130
154
216
222
180
118
77
78
182
324
427
408
349
342
401
455
479
467
470
467
486
474
449
388
368
440
587
749
747
600
330
123
-45
-171
-297
-316
-216
-74
2
-66
-144
-146
11
182
217
92
-98
-200
-205
-124
-89
-186
-382
-518
-465
-323
-229
-273
-385
-449
-414
-277
-160
-113
-159
-176
-75
103
234
182
-12
-206
-261
-137
61
222
265
238
213
243
306
308
247
108
6
-101
-184
-237
-199
-69
66
177
261
375
469
493
387
247
191
261
370
368
243
78
-26
-33
0
21
-25
-93
-187
-224
-240
-188
-132
-113
-165
-296
-404
-435
-320
-137
32
74
25
-72
-91
-12
161
298
291
101
-153
-331
-392
-413
-459
-484
-389
-196
-18
-10
-96
-220
-214
-128
71
217
228
29
-240
-392
-373
-221
-86
35
95
148
160
194
278
345
355
208
27
-146
-205
-191
-197
-217
-289
-220
-102
157
338
454
407
299
245
208
216
69
-62
-248
-239
-187
-87
-136
-260
-367
-371
-254
-153
-97
-189
-281
-352
-270
-141
49
151
173
74
-75
-222
-374
-426
-421
-286
-205
-131
-134
-82
-11
66
135
163
239
264
270
198
159
237
424
620
628
493
331
309
360
361
275
91
-90
-278
-365
-331
-172
36
133
147
101
202
369
579
648
602
460
316
278
299
386
412
439
391
352
317
366
424
422
337
193
59
-65
-156
-245
-326
-366
-321
-219
-122
-80
-54
-54
-40
-51
-44
-20
29
131
188
165
3
-174
-297
-314
-269
-238
-223
-263
-296
-371
-436
-454
-406
-305
-256
-262
-285
-215
-9
217
326
239
75
-111
-266
-408
-503
-466
-356
-158
-33
52
64
73
66
7
-61
-104
-30
49
74
-11
-134
-199
-179
-71
4
28
-2
23
106
205
213
100
-61
-184
-187
-115
-10
47
69
28
-18
-109
-128
-103
23
151
229
214
111
26
-27
21
92
148
51
-141
-347
-405
-367
-306
-338
-448
-554
-539
-357
-130
16
34
6
-51
-137
-238
-266
-203
-78
25
132
248
424
545
548
374
188
72
78
76
21
-73
-125
-111
-87
-69
-35
49
138
213
240
281
304
358
387
345
230
72
20
37
120
188
285
434
525
555
440
398
361
414
361
224
26
-109
-68
45
208
204
139
-13
-36
21
88
53
-147
-298
-347
-176
-47
-20
-185
-362
-465
-420
-225
-13
156
133
51
-93
-165
-227
-252
-271
-276
-227
-166
-17
120
277
305
230
64
-76
-113
-112
-89
-145
-175
-189
-107
-15
40
56
114
245
360
353
237
126
123
245
322
289
94
-97
-254
-337
-359
-302
-150
-58
-39
-166
-245
-261
-168
-49
-17
-37
-178
-271
-394
-449
-527
-521
-408
-218
-34
21
17
0
47
37
-89
-331
-477
-447
-251
-103
-54
-102
-123
-110
-84
-94
-168
-222
-206
-90
12
57
35
56
112
225
285
321
287
204
0
-205
-299
-218
-48
84
207
257
304
248
211
123
80
25
19
81
216
406
413
310
99
118
212
383
395
345
277
250
297
272
219
57
9
16
98
57
-90
-253
-320
-246
-109
91
195
199
67
-37
-51
26
171
321
453
439
290
94
-8
3
8
-41
-120
-129
-60
-17
-13
-23
51
192
313
374
321
237
125
84
106
206
306
342
246
25
-237
-435
-524
-509
-464
-413
-360
-291
-213
-144
-66
25
69
30
-102
-235
-349
-374
-322
-198
-34
112
268
339
379
316
253
147
98
65
90
152
229
293
258
194
115
106
67
24
-82
-131
-184
-161
-102
77
306
513
552
401
146
-108
-257
-378
-426
-442
-328
-203
-67
-78
-114
-192
-109
6
127
101
-34
-157
-218
-113
-60
-38
-182
-295
-389
-397
-408
-422
-432
-432
-420
-365
-238
-75
-30
-164
-382
-501
-445
-346
-281
-258
-133
65
243
248
115
-61
-168
-185
-206
-271
-436
-543
-556
-414
-273
-231
-345
-509
-584
-496
-296
-78
117
267
389
398
352
275
286
307
316
268
248
275
355
416
399
319
230
232
309
416
450
402
299
238
238
285
299
245
134
-12
-121
-159
-86
46
175
237
188
54
-101
-148
-81
21
40
-77
-206
-327
-290
-179
56
186
217
67
-67
-98
13
219
297
267
111
53
89
206
281
300
304
363
463
571
599
574
483
414
373
364
355
306
256
183
164
144
233
324
407
354
256
224
307
454
467
366
104
-76
-203
-152
-84
-54
-93
-125
-64
-18
-10
-88
-125
-161
-137
-136
-111
-166
-224
-300
-279
-279
-308
-435
-551
-601
-592
-515
-476
-395
-399
-364
-396
-417
-513
-610
-644
-558
-395
-235
-88
0
22
-66
-159
-211
-223
-275
-364
-428
-404
-333
-265
-255
-272
-276
-270
-295
-377
-489
-581
-591
-482
-295
-134
-53
-68
-83
-70
40
148
214
212
190
202
207
228
206
170
96
56
84
203
312
326
222
100
61
107
187
210
209
171
165
153
178
195
207
179
122
100
128
228
294
343
358
414
443
442
400
368
365
361
364
314
214
20
-128
-149
8
172
262
228
176
94
39
-17
18
113
261
354
361
287
210
167
124
83
11
27
75
230
260
253
96
39
31
139
249
306
289
155
43
-77
-59
-76
-47
-131
-180
-244
-209
-176
-163
-163
-174
-101
-109
-78
-117
-50
16
124
248
346
419
347
221
-2
-151
-195
-122
-3
-4
-62
-239
-321
-350
-265
-234
-289
-365
-387
-287
-199
-127
-178
-203
-229
-138
-114
-122
-236
-312
-351
-320
-215
-139
-110
-227
-340
-453
-454
-441
-367
-343
-326
-339
-337
-329
-364
-401
-411
-293
-96
75
84
-95
-309
-412
-327
-143
37
141
192
221
307
367
430
412
418
399
361
312
221
172
26
-55
-125
-13
89
143
80
14
69
189
350
344
283
95
4
-121
-149
-183
-143
-88
-70
-25
-64
-46
-148
-168
-255
-251
-265
-247
-236
-234
-119
2
156
159
152
90
50
-43
-155
-208
-166
-26
137
258
281
190
55
3
49
142
142
171
226
354
385
375
368
415
493
486
433
277
233
204
314
364
459
446
349
171
-8
-65
-75
16
21
13
-85
-95
-36
89
204
250
214
84
-32
-46
48
129
165
152
164
118
39
-60
-44
4
41
3
19
106
161
174
108
116
69
-10
-213
-446
-615
-649
-526
-366
-209
-90
-2
88
147
179
141
41
-71
-249
-366
-426
-294
-142
-52
-100
-228
-333
-383
-281
-135
11
33
63
145
284
298
130
-140
-330
-355
-241
-109
-63
-127
-226
-215
-128
35
75
75
-50
-142
-160
-87
62
101
110
48
42
46
36
20
-28
-43
-49
9
107
186
217
134
74
-19
-91
-257
-426
-544
-527
-397
-201
-17
50
-21
-109
-70
108
231
162
-54
-271
-278
-171
62
149
191
85
5
-113
-218
-316
-397
-368
-278
-52
81
167
23
-37
-51
167
373
504
484
355
343
406
611
624
525
268
137
118
219
300
283
197
128
192
313
391
298
162
19
-16
-72
-127
-209
-214
-146
-54
43
164
388
570
631
447
132
-159
-292
-240
-152
-133
-222
-338
-398
-388
-316
-250
-122
-23
54
26
-56
-93
-131
-108
-137
-110
-93
-113
-174
-235
-128
10
107
18
-100
-132
-99
-63
-98
-125
-168
-224
-311
-317
-258
-106
-11
50
41
32
84
140
215
157
111
40
108
193
256
237
156
171
233
344
328
226
65
-75
-153
-172
-97
-20
10
-69
-183
-242
-183
-17
130
162
58
-64
-122
-86
-43
-23
-66
-135
-181
-209
-224
-264
-278
-211
-117
-9
-38
-122
-247
-267
-220
-163
-108
-100
-90
-158
-207
-235
-198
-139
-113
-151
-243
-301
-261
-148
-59
-54
-120
-162
-203
-272
-389
-449
-387
-238
-92
35
131
225
331
375
363
217
118
40
36
77
150
284
320
403
427
484
427
288
212
168
260
256
235
105
0
2
32
149
172
283
286
288
227
226
329
428
590
610
637
504
405
263
167
155
209
360
374
288
106
53
173
329
396
268
119
10
12
53
62
76
68
130
103
39
-119
-278
-346
-305
-124
-63
-95
-258
-372
-416
-449
-391
-327
-138
-34
-14
-61
-83
65
203
343
237
21
-286
-492
-563
-584
-491
-400
-166
-30
35
-48
-153
-204
-224
-207
-227
-218
-202
-181
-214
-319
-397
-356
-205
-59
-109
-235
-381
-380
-302
-238
-170
-212
-226
-315
-297
-187
-48
27
-129
-234
-307
-171
-67
-18
-51
-100
-62
23
148
194
187
165
274
441
573
509
345
194
166
239
302
356
320
264
171
127
153
186
204
107
-23
-181
-229
-154
-59
3
-16
22
24
-56
-240
-355
-235
36
271
260
115
-39
-33
83
238
307
203
-58
-349
-500
-472
-275
-101
-6
-51
-115
-84
34
210
289
318
291
280
258
233
192
137
84
101
107
107
-16
-118
-156
-44
192
368
434
300
153
52
90
169
218
124
-28
-182
-167
-51
156
300
320
242
69
10
-27
47
-5
-84
-145
-110
-25
-34
-117
-280
-397
-431
-405
-428
-465
-546
-527
-478
-313
-145
-49
9
-32
-39
-230
-362
-485
-380
-246
-95
23
113
247
371
501
465
343
180
143
128
100
-41
-155
-191
-88
53
140
123
20
-73
-134
-87
20
205
270
276
182
206
220
289
293
359
431
443
402
312
373
475
632
620
545
388
332
287
195
4
-195
-265
-233
-180
-173
-198
-194
-140
-110
-79
-135
-128
-215
-282
-418
-470
-532
-581
-639
-623
-492
-302
-109
-5
19
-33
-170
-314
-423
-404
-315
-210
-171
-209
-247
-255
-139
-18
152
199
220
133
73
-23
-109
-186
-226
-135
-66
4
-36
25
140
315
331
250
7
-133
-213
-79
50
155
151
86
14
-82
-76
-141
-166
-303
-305
-326
-319
-411
-444
-359
-132
82
125
-51
-321
-444
-335
-89
66
49
-108
-211
-204
-68
-3
30
-22
61
118
237
278
364
516
681
826
819
804
748
707
516
340
215
321
506
671
716
642
551
502
517
569
618
665
659
601
499
431
417
384
361
270
284
255
217
101
53
147
274
298
160
-63
-206
-262
-175
-118
-64
-119
-209
-305
-370
-312
-222
-128
-137
-292
-514
-741
-784
-628
-398
-221
-249
-297
-440
-493
-603
-625
-635
-606
-557
-554
-549
-589
-528
-458
-346
-347
-406
-438
-388
-237
-127
-36
34
103
54
-73
-221
-254
-141
1
206
226
224
17
-115
-282
-252
-192
-96
-129
-284
-391
-397
-185
14
200
197
179
49
38
-34
30
25
122
135
131
83
50
136
190
240
95
-21
-134
-72
-63
-60
-181
-264
-279
-130
169
331
297
-44
-246
-303
-127
-27
-56
-180
-326
-321
-266
-135
-82
-14
32
86
139
228
369
467
541
537
506
445
398
475
510
542
405
346
317
334
274
26
-162
-369
-236
-110
75
14
-70
11
161
370
287
206
-19
-102
-152
-67
63
166
257
168
5
-237
-233
-33
292
414
274
2
-135
21
291
507
505
421
364
356
376
298
236
209
344
483
497
381
195
177
206
321
325
328
316
339
345
251
219
224
435
535
543
277
-35
-296
-388
-349
-386
-447
-628
-654
-640
-515
-454
-466
-509
-574
-606
-676
-665
-601
-470
-451
-565
-751
-883
-913
-866
-725
-483
-189
-10
28
-131
-236
-288
-139
-20
17
-108
-262
-271
-173
-16
-48
-143
-322
-340
-264
-109
-49
-206
-404
-527
-358
-120
105
175
151
112
95
236
407
597
593
495
308
119
-9
-140
-145
-133
16
136
222
204
140
77
13
-9
14
139
266
376
359
346
312
328
265
111
-70
-242
-259
-266
-153
-46
200
498
742
808
606
400
274
341
339
224
17
-102
-13
159
336
358
328
317
386
425
333
114
-48
-14
171
337
290
147
-4
34
179
357
386
245
87
44
163
235
200
46
-41
-53
43
98
80
-83
-300
-476
-498
-430
-322
-283
-253
-214
-152
-89
-106
-141
-201
-175
-135
-58
-35
-13
-80
-164
-270
-326
-383
-443
-502
-557
-605
-700
-779
-815
-748
-604
-449
-316
-279
-328
-372
-343
-230
-178
-136
-83
78
186
173
86
102
293
486
527
387
228
167
227
367
521
630
588
403
163
53
97
223
277
197
45
-52
-18
60
97
85
88
72
-19
-164
-232
-208
-160
-184
-258
-340
-406
-435
-431
-418
-426
-451
-424
-313
-131
29
116
123
75
31
-7
33
100
189
185
112
-3
-46
41
211
400
430
362
197
55
-102
-234
-220
8
390
676
673
430
206
265
574
904
980
774
438
202
218
387
504
345
-15
-316
-357
-271
-359
-703
-1008
-934
-513
-139
-168
-473
-668
-424
105
602
785
697
493
323
220
135
17
-124
-230
-259
-310
-503
-823
-1044
-969
-694
-459
-415
-427
-346
-120
136
327
421
446
470
547
722
891
950
853
745
736
868
981
948
710
388
86
-112
-220
-249
-292
-383
-575
-794
-1007
-1109
-1086
-980
-848
-764
-702
-696
-713
-746
-721
-603
-415
-240
-132
-97
-89
-92
-79
-49
35
200
426
572
498
243
48
106
358
592
649
549
388
283
310
515
879
1282
1605
1715
1618
1411
1307
1475
1868
2269
2424
2291
1979
1671
1390
1004
326
-634
-1616
-2275
-2467
-2382
-2385
-2665
-3101
-3414
-3487
-3346
-3106
-2820
-2532
-2198
-1732
-1132
-488
20
454
988
1768
2635
3215
3253
2745
2020
1440
1197
1082
707
-151
-1255
-2224
-2835
-3236
-3599
-3938
-4091
-3920
-3490
-2982
-2519
-2015
-1317
-373
676
1655
2471
3207
3973
4799
5543
6043
6260
6290
6209
5943
5428
4742
4117
3721
3397
2711
1228
-931
-3118
-4529
-4911
-4670
-4567
-5040
-5920
-6753
-7142
-6985
-6262
-5126
-3785
-2550
-1634
-1056
-555
220
1436
2990
4548
5745
6254
6001
5189
4222
3460
2924
2368
1491
200
-1380
-2970
-4309
-5261
-5855
-6128
-6138
-5922
-5550
-5031
-4341
-3414
-2206
-770
740
2154
3342
4282
4990
5583
6166
6785
7278
7406
7040
6333
5610
5075
4645
4028
3113
2126
1443
1029
361
-1130
-3306
-5335
-6291
-6023
-5160
-4606
-4736
-5297
-5736
-5704
-5156
-4164
-2902
-1588
-512
156
491
788
1413
2508
3902
5168
5849
5728
4885
3662
2422
1426
693
32
-805
-1976
-3448
-4999
-6279
-6960
-6975
-6480
-5761
-5018
-4304
-3540
-2607
-1428
-45
1404
2727
3809
4607
5102
5346
5484
5742
6185
6569
6536
5908
4995
4190
3679
3265
2686
1902
1102
525
104
-653
-2213
-4329
-6020
-6416
-5701
-4815
-4602
-4992
-5424
-5454
-5087
-4405
-3346
-1986
-636
329
916
1384
2052
3013
4121
5104
5704
5777
5270
4240
2872
1489
351
-522
-1368
-2381
-3555
-4753
-5828
-6629
-6927
-6599
-5747
-4724
-3785
-2938
-1976
-801
518
1855
3144
4310
5173
5555
5455
5110
4807
4699
4761
4834
4712
4257
3585
3011
2821
2901
2839
2375
1745
1485
1712
1787
785
-1383
-3707
-4888
-4632
-3790
-3453
-3949
-4815
-5520
-5846
-5745
-4998
-3599
-1918
-560
290
876
1528
2348
3295
4364
5474
6310
6416
5584
4066
2409
1013
-84
-1067
-2081
-3141
-4246
-5411
-6545
-7367
-7509
-6862
-5680
-4403
-3268
-2254
-1216
-89
1193
2638
4156
5404
6010
5860
5246
4642
4299
4181
4030
3685
3122
2510
2078
2004
2233
2414
2185
1545
971
962
1472
1710
752
-1442
-3835
-5183
-5208
-4581
-4166
-4287
-4732
-5193
-5483
-5475
-4905
-3643
-1954
-401
619
1131
1431
1872
2670
3858
5154
6063
6109
5178
3565
1742
116
-1147
-2070
-2842
-3699
-4792
-6057
-7124
-7580
-7241
-6295
-5074
-3810
-2597
-1460
-390
732
2084
3673
5162
6090
6224
5773
5142
4599
4203
3871
3530
3097
2545
1977
1656
1849
2495
3156
3300
2809
2057
1666
1863
2184
1691
-78
-2533
-4498
-5249
-5034
-4591
-4454
-4599
-4820
-5074
-5341
-5293
-4456
-2778
-820
764
1702
2231
2656
3200
3942
4904
5918
6546
6309
4968
2821
504
-1426
-2784
-3696
-4338
-4952
-5734
-6730
-7644
-7978
-7370
-5880
-3983
-2182
-704
537
1683
2782
3776
4605
5248
5650
5770
5557
5055
4306
3445
2638
2049
1696
1477
1343
1433
1926
2666
3129
2896
2171
1641
1877
2662
3120
2292
110
-2595
-4673
-5573
-5505
-5060
-4742
-4697
-4913
-5224
-5396
-5037
-3915
-2139
-172
1525
2675
3258
3480
3740
4407
5450
6340
6404
5347
3406
1058
-1345
-3556
-5369
-6556
-7113
-7197
-7077
-6923
-6751
-6363
-5485
-4007
-2106
-174
1505
2883
4048
4940
5371
5308
5036
4894
4887
4668
3912
2619
1153
-54
-759
-986
-862
-397
468
1705
2947
3655
3518
2875
2489
2913
3922
4580
3871
1553
-1535
-4101
-5381
-5503
-5065
-4612
-4419
-4614
-5120
-5651
-5658
-4713
-2850
-592
1346
2460
2676
2472
2577
3387
4578
5443
5493
4741
3307
1201
-1468
-4101
-5882
-6471
-6330
-6198
-6342
-6480
-6283
-5686
-4641
-2991
-714
1738
3680
4725
5084
5226
5389
5506
5504
5400
5059
4186
2653
828
-704
-1538
-1687
-1381
-821
-111
698
1588
2580
3606
4416
4810
4866
4978
5317
5414
4341
1704
-1657
-4289
-5380
-5406
-5340
-5729
-6331
-6725
-6811
-6760
-6495
-5596
-3853
-1695
55
1025
1508
2146
3143
4260
5095
5555
5661
5255
3940
1590
-1252
-3706
-5179
-5803
-6010
-6155
-6216
-6036
-5515
-4619
-3306
-1495
647
2718
4259
5126
5508
5684
5698
5411
4771
3934
3058
2072
833
-559
-1708
-2257
-2205
-1832
-1346
-732
151
1369
2886
4536
5980
6780
6702
6069
5620
5810
6173
5529
3167
-395
-3742
-5885
-6805
-7073
-7081
-6918
-6729
-6763
-7077
-7145
-6359
-4574
-2317
-174
1577
2901
3760
4154
4327
4629
5242
5802
5658
4312
1951
-804
-3341
-5328
-6620
-7140
-6981
-6355
-5544
-4692
-3797
-2750
-1450
77
1669
3071
4098
4700
4898
4693
4067
3139
2113
1127
169
-783
-1590
-2098
-2309
-2452
-2652
-2718
-2233
-972
882
2942
4902
6480
7309
7165
6425
5958
6408
7349
7407
5369
1423
-2911
-6111
-7720
-8225
-8166
-7877
-7604
-7713
-8273
-8771
-8364
-6612
-3891
-986
1446
3202
4287
4900
5353
5982
6832
7558
7634
6700
4755
2073
-903
-3671
-5674
-6547
-6362
-5666
-5048
-4703
-4375
-3740
-2650
-1145
678
2578
4152
5068
5246
4910
4272
3446
2487
1565
849
310
-263
-1021
-1840
-2468
-2661
-2338
-1520
-321
1116
2591
3946
5146
6199
7029
7488
7594
7525
7449
7182
6208
4011
687
-2957
-5915
-7691
-8498
-8876
-9253
-9669
-9972
-9955
-9497
-8418
-6641
-4321
-1865
416
2431
4247
5854
7149
8052
8556
8677
8283
7173
5217
2615
-202
-2738
-4699
-5998
-6691
-6919
-6822
-6491
-5883
-4924
-3600
-2017
-341
1241
2548
3438
3836
3767
3336
2683
1910
1127
432
-134
-690
-1377
-2141
-2660
-2583
-1830
-635
646
1766
2659
3409
4210
5252
6526
7696
8249
7986
7162
6265
5522
4709
3341
1058
-1960
-5118
-7739
-9559
-10581
-10909
-10550
-9659
-8603
-7778
-7166
-6235
-4483
-1906
1007
3789
6139
7887
8844
9002
8572
7893
7165
6333
5147
3421
1169
-1425
-4076
-6412
-7960
-8411
-7824
-6691
-5548
-4664
-3894
-2974
-1799
-468
860
2038
2869
3203
3036
2558
1994
1472
939
291
-426
-974
-1157
-992
-646
-271
64
394
818
1451
2372
3589
5003
6402
7529
8172
8210
7655
6682
5587
4674
4003
3213
1614
-1235
-4898
-8233
-10192
-10651
-10193
-9472
-8693
-7829
-6942
-6143
-5242
-3726
-1288
1730
4492
6332
7166
7372
7339
7294
7331
7462
7478
6944
5471
3057
170
-2588
-4834
-6486
-7526
-7908
-7677
-7096
-6493
-6027
-5557
-4806
-3566
-1856
69
1797
2911
3210
2837
2189
1612
1259
1100
1093
1154
1127
845
312
-173
-294
34
622
1319
2093
2923
3639
4115
4467
5058
6042
7083
7534
7004
5723
4282
3173
2492
1982
1134
-535
-3111
-6011
-8365
-9577
-9723
-9211
-8407
-7463
-6562
-5938
-5630
-5229
-4138
-2103
573
3282
5571
7201
8082
8221
7864
7425
7188
6958
6213
4562
2097
-768
-3605
-6088
-7921
-8843
-8856
-8299
-7632
-7088
-6595
-5982
-5179
-4195
-2969
-1434
327
1987
3185
3736
3737
3380
2879
2472
2421
2796
3263
3310
2662
1580
579
2
-114
180
912
2000
3102
3822
4107
4333
4915
5912
6926
7441
7189
6257
4958
3589
2370
1307
202
-1326
-3449
-5922
-8179
-9713
-10384
-10314
-9659
-8493
-7004
-5524
-4295
-3190
-1827
28
2259
4505
6426
7827
8653
8956
8858
8476
7848
6890
5455
3490
1086
-1513
-4076
-6404
-8352
-9739
-10432
-10416
-9845
-8942
-7874
-6692
-5360
-3857
-2172
-357
1557
3448
5125
6266
6639
6252
5424
4542
3799
3132
2387
1535
671
-127
-872
-1541
-1968
-1897
-1242
-113
1238
2621
3904
5013
5854
6364
6562
6488
6158
5603
4957
4372
3792
3068
2049
706
-1039
-3181
-5478
-7414
-8529
-8785
-8510
-8112
-7700
-7162
-6307
-5040
-3300
-1086
1445
3950
6025
7482
8333
8689
8613
8191
7538
6745
5721
4240
2135
-504
-3329
-5957
-8075
-9483
-10087
-10011
-9587
-9170
-8875
-8508
-7737
-6318
-4250
-1725
938
3369
5167
6067
6109
5650
5093
4612
4157
3627
2991
2216
1268
141
-1032
-1992
-2502
-2480
-2021
-1254
-345
547
1296
1946
2687
3688
4986
6396
7590
8194
7987
7048
5736
4516
3663
3137
2675
1958
734
-1155
-3608
-6152
-8119
-9005
-8833
-8036
-7122
-6356
-5721
-5164
-4578
-3824
-2655
-1021
850
2570
3873
4736
5247
5516
5562
5401
5058
4548
3745
2418
450
-1990
-4489
-6604
-8037
-8690
-8645
-8113
-7388
-6750
-6325
-5996
-5438
-4339
-2626
-559
1423
2916
3676
3685
3195
2696
2645
3197
4092
4840
5017
4499
3512
2478
1827
1810
2416
3387
4278
4679
4438
3786
3130
2767
2764
3045
3528
4094
4556
4703
4477
4063
3733
3635
3745
3964
4184
4216
3786
2626
664
-1828
-4378
-6528
-8091
-9037
-9427
-9377
-9102
-8842
-8642
-8312
-7534
-6179
-4339
-2197
97
2375
4375
5883
6830
7337
7537
7464
7026
6111
4694
2817
585
-1851
-4268
-6414
-8098
-9216
-9794
-9931
-9710
-9184
-8385
-7401
-6281
-5048
-3654
-2037
-169
1876
3855
5549
6871
7912
8771
9440
9803
9745
9264
8430
7317
5909
4168
2131
4
-1901
-3311
-4068
-4149
-3647
-2758
-1746
-785
141
1236
2636
4205
5609
6602
7126
7222
6862
6001
4681
3132
1617
188
-1389
-3373
-5708
-8050
-9986
-11273
-11789
-11497
-10470
-8956
-7364
-6002
-4943
-3993
-2897
-1512
166
2002
3808
5349
6472
7119
7353
7251
6856
6174
5197
3933
2426
759
-935
-2535
-3970
-5222
-6255
-6977
-7327
-7310
-7049
-6654
-6186
-5544
-4576
-3191
-1420
540
2393
3787
4625
5154
5768
6647
7613
8351
8624
8389
7713
6728
5611
4583
3783
3165
2522
1765
1023
529
347
398
628
1030
1486
1713
1473
811
51
-483
-679
-615
-338
150
740
1165
1201
819
133
-787
-1905
-3107
-4179
-4985
-5636
-6327
-7100
-7747
-8082
-8120
-7998
-7765
-7262
-6335
-4996
-3433
-1753
105
2169
4266
6097
7507
8507
9095
9188
8750
7912
6836
5527
3825
1608
-1002
-3682
-6079
-7990
-9346
-10176
-10597
-10753
-10689
-10217
-9085
-7225
-4879
-2392
-12
2152
4014
5494
6605
7548
8534
9557
10340
10619
10351
9632
8489
6925
5124
3474
2297
1587
1063
434
-375
-1317
-2304
-3235
-3887
-4008
-3520
-2620
-1636
-797
-177
241
488
604
697
869
1139
1285
971
-54
-1724
-3651
-5373
-6517
-6961
-6746
-6045
-5070
-4045
-3155
-2467
-1900
-1249
-354
727
1759
2492
2886
3051
3105
3084
2940
2662
2283
1881
1473
1006
455
-138
-702
-1258
-1864
-2505
-3066
-3409
-3546
-3574
-3589
-3552
-3389
-3103
-2814
-2635
-2517
-2330
-1977
-1493
-910
-176
779
1963
3233
4422
5450
6362
7219
7966
8486
8668
8482
7913
6952
5666
4226
2831
1560
340
-933
-2248
-3493
-4607
-5639
-6583
-7236
-7302
-6672
-5577
-4372
-3248
-2161
-1013
195
1421
2697
4075
5357
6068
5819
4697
3200
1786
534
-708
-2005
-3209
-4209
-5087
-5979
-6806
-7259
-7061
-6187
-4833
-3191
-1334
656
2547
4064
5170
6073
6933
7617
7839
7477
6651
5563
4253
2667
843
-975
-2529
-3770
-4822
-5768
-6547
-7074
-7351
-7425
-7291
-6842
-5971
-4698
-3166
-1573
-59
1259
2327
3195
4020
4974
6036
7010
7654
7862
7625
6953
5896
4578
3184
1856
704
-248
-1050
-1815
-2611
-3430
-4244
-4993
-5585
-5870
-5705
-5062
-4092
-3090
-2311
-1798
-1365
-804
-45
869
1899
2974
3834
4128
3667
2724
1806
1277
1090
981
786
474
7
-765
-1896
-3166
-4153
-4507
-4221
-3514
-2617
-1602
-476
679
1781
2800
3797
4757
5548
5957
5872
5348
4561
3611
2496
1178
-291
-1816
-3322
-4772
-6087
-7116
-7700
-7778
-7434
-6781
-5871
-4694
-3296
-1793
-307
1122
2477
3738
4770
5428
5638
5551
5402
5364
5400
5323
4971
4285
3295
2017
533
-929
-2021
-2541
-2572
-2407
-2315
-2432
-2762
-3217
-3621
-3717
-3265
-2208
-768
615
1538
1837
1678
1391
1287
1537
2183
3113
3945
4152
3390
1879
295
-720
-1007
-887
-737
-714
-807
-1096
-1721
-2614
-3393
-3601
-3137
-2280
-1417
-720
-145
363
803
1199
1690
2398
3249
3941
4174
3881
3228
2427
1581
678
-314
-1399
-2516
-3597
-4540
-5268
-5734
-5947
-5967
-5856
-5648
-5269
-4606
-3592
-2335
-1031
167
1226
2111
2739
3091
3328
3724
4386
5133
5604
5601
5198
4593
3841
2872
1711
630
-83
-419
-681
-1143
-1777
-2359
-2762
-3039
-3234
-3218
-2832
-2083
-1212
-486
39
522
1112
1756
2323
2801
3312
3881
4269
4181
3535
2600
1750
1130
640
98
-457
-911
-1201
-1467
-1843
-2345
-2841
-3180
-3320
-3291
-3141
-2810
-2224
-1400
-519
222
754
1175
1583
1960
2205
2276
2209
2028
1697
1144
362
-572
-1543
-2458
-3287
-4032
-4697
-5251
-5645
-5868
-5888
-5630
-4981
-3918
-2552
-1076
349
1638
2729
3582
4213
4781
5471
6244
6809
6777
6056
4834
3432
2044
747
-357
-1140
-1529
-1705
-1974
-2504
-3126
-3486
-3334
-2676
-1676
-523
654
1705
2469
2859
2978
3072
3329
3729
4089
4259
4216
3979
3550
2902
2023
929
-315
-1493
-2363
-2729
-2640
-2302
-1973
-1792
-1727
-1698
-1646
-1557
-1353
-919
-294
319
712
910
1083
1306
1445
1310
871
254
-404
-1076
-1756
-2367
-2771
-2918
-2925
-2980
-3162
-3419
-3639
-3764
-3763
-3629
-3365
-2994
-2565
-2166
-1861
-1630
-1357
-929
-340
268
709
863
735
459
249
380
1027
2139
3333
4156
4380
4158
3789
3398
2924
2313
1667
1105
595
-16
-782
-1529
-1987
-2073
-1952
-1805
-1565
-1035
-174
777
1573
2209
2881
3702
4527
5082
5210
5006
4672
4302
3858
3250
2454
1450
285
-929
-2002
-2781
-3253
-3482
-3570
-3525
-3341
-3036
-2698
-2384
-2040
-1593
-1024
-411
173
675
1055
1273
1273
1022
534
-90
-731
-1330
-1897
-2474
-3056
-3616
-4096
-4454
-4657
-4672
-4436
-3883
-3005
-1925
-826
132
868
1357
1619
1741
1878
2153
2513
2772
2742
2375
1770
1095
503
46
-269
-507
-713
-900
-1039
-1072
-1006
-864
-639
-224
460
1370
2301
3044
3516
3763
3857
3781
3506
3086
2658
2318
2036
1712
1290
809
344
-55
-388
-618
-677
-479
-61
461
920
1154
1056
607
11
-436
-445
-23
591
1064
1151
820
141
-745
-1713
-2586
-3171
-3342
-3150
-2818
-2571
-2490
-2488
-2417
-2171
-1716
-1097
-412
196
573
624
375
-27
-404
-640
-709
-636
-459
-242
-100
-162
-481
-949
-1380
-1663
-1849
-2021
-2194
-2258
-2133
-1830
-1473
-1197
-1036
-909
-681
-272
367
1211
2147
2924
3349
3425
3341
3287
3307
3359
3396
3376
3226
2861
2252
1454
611
-99
-560
-743
-731
-631
-562
-567
-614
-585
-360
99
710
1308
1752
1996
2081
2083
2062
2063
2084
2061
1900
1566
1102
598
126
-324
-776
-1292
-1856
-2437
-2981
-3474
-3930
-4327
-4625
-4757
-4709
-4499
-4161
-3688
-3065
-2320
-1551
-838
-227
302
759
1136
1391
1485
1439
1302
1125
861
440
-170
-889
-1569
-2078
-2357
-2414
-2282
-2013
-1690
-1407
-1236
-1132
-965
-610
-44
647
1390
2127
2795
3274
3495
3508
3472
3512
3626
3718
3657
3396
2947
2404
1862
1409
1113
1035
1160
1329
1331
1077
678
346
228
349
672
1169
1786
2358
2651
2551
2180
1782
1515
1371
1314
1319
1312
1071
358
-837
-2169
-3199
-3691
-3745
-3624
-3526
-3524
-3583
-3724
-3954
-4231
-4353
-4093
-3402
-2478
-1632
-1031
-661
-421
-271
-213
-206
-182
-105
-34
-61
-204
-363
-377
-222
-80
-159
-464
-783
-930
-902
-805
-703
-571
-427
-348
-402
-518
-515
-272
184
698
1151
1477
1641
1598
1370
1144
1149
1497
2023
2458
2634
2600
2478
2287
1959
1476
974
610
454
439
466
450
348
176
-19
-197
-341
-414
-346
-109
225
526
712
782
778
698
525
277
90
103
309
529
595
476
216
-208
-828
-1522
-2024
-2116
-1858
-1506
-1337
-1413
-1642
-1920
-2254
-2625
-2855
-2691
-2087
-1285
-568
-44
365
739
1076
1334
1532
1747
2022
2278
2335
2029
1383
617
-17
-402
-590
-655
-620
-506
-412
-480
-765
-1178
-1549
-1759
-1821
-1825
-1805
-1688
-1402
-994
-616
-389
-311
-301
-293
-245
-98
206
671
1184
1615
1859
1890
1733
1451
1120
803
551
393
344
361
355
259
117
38
94
267
539
924
1431
1963
2359
2505
2420
2250
2153
2206
2367
2516
2546
2403
2096
1662
1181
761
445
166
-185
-587
-899
-1003
-956
-926
-1053
-1343
-1632
-1753
-1665
-1495
-1357
-1263
-1191
-1156
-1219
-1370
-1505
-1492
-1280
-930
-530
-155
131
255
177
-83
-474
-916
-1291
-1493
-1510
-1448
-1453
-1621
-1966
-2436
-2946
-3392
-3656
-3647
-3385
-3025
-2725
-2506
-2270
-1953
-1573
-1152
-643
33
842
1628
2209
2528
2668
2768
2947
3195
3457
3633
3672
3538
3223
2774
2262
1773
1341
994
729
552
474
514
657
815
879
811
695
661
771
985
1227
1469
1716
1940
2079
2081
1969
1819
1706
1642
1589
1485
1274
923
431
-159
-780
-1347
-1820
-2177
-2426
-2594
-2729
-2889
-3090
-3319
-3523
-3660
-3691
-3597
-3366
-3019
-2645
-2338
-2145
-2035
-1917
-1714
-1396
-1001
-579
-183
109
226
143
-51
-227
-284
-227
-124
-43
6
39
41
-31
-188
-354
-416
-280
77
590
1105
1444
1533
1442
1305
1218
1206
1294
1506
1829
2172
2410
2464
2368
2241
2210
2339
2620
3005
3420
3785
4015
4032
3815
3435
3012
2629
2295
1970
1599
1164
684
170
-391
-1003
-1588
-2033
-2284
-2352
-2338
-2378
-2607
-3025
-3452
-3685
-3632
-3401
-3133
-2893
-2628
-2297
-1970
-1749
-1684
-1693
-1644
-1448
-1135
-799
-486
-156
206
491
553
361
76
-112
-143
-135
-211
-375
-531
-644
-806
-1136
-1646
-2187
-2573
-2698
-2627
-2508
-2437
-2385
-2258
-1990
-1574
-1009
-282
583
1496
2339
3050
3661
4225
4746
5173
5462
5626
5695
5651
5443
5033
4422
3666
2834
1978
1089
152
-789
-1625
-2276
-2756
-3107
-3346
-3426
-3325
-3088
-2786
-2440
-2000
-1433
-781
-123
465
955
1331
1574
1669
1646
1582
1528
1481
1396
1235
976
622
207
-190
-499
-700
-821
-896
-921
-906
-903
-1009
-1245
-1531
-1753
-1890
-2028
-2223
-2433
-2520
-2421
-2175
-1938
-1807
-1759
-1672
-1455
-1129
-768
-429
-122
151
387
599
828
1100
1382
1624
1793
1886
1914
1887
1826
1716
1536
1295
1069
952
950
971
907
718
466
263
197
271
401
542
707
896
1037
1058
998
960
952
889
718
506
354
275
185
15
-203
-365
-396
-314
-215
-183
-223
-278
-302
-273
-201
-89
33
141
202
209
168
76
-73
-286
-501
-643
-693
-735
-836
-988
-1106
-1139
-1087
-984
-873
-799
-813
-908
-1032
-1116
-1124
-1074
-1028
-1031
-1083
-1121
-1094
-997
-868
-747
-661
-626
-634
-631
-561
-392
-134
175
490
774
1003
1155
1228
1237
1214
1174
1118
1050
990
919
771
488
110
-221
-393
-407
-355
-315
-312
-344
-418
-533
-636
-630
-440
-106
239
470
580
664
792
948
1085
1188
1270
1321
1303
1203
1044
857
695
622
673
814
957
1018
948
760
535
375
326
335
355
399
491
576
565
443
277
156
95
52
-30
-177
-388
-629
-854
-1039
-1154
-1189
-1151
-1079
-1010
-952
-909
-906
-980
-1126
-1302
-1443
-1525
-1569
-1600
-1611
-1576
-1466
-1291
-1086
-951
-973
-1151
-1371
-1486
-1409
-1140
-747
-312
83
376
497
467
398
429
611
895
1207
1464
1600
1579
1410
1146
862
639
526
501
510
513
495
424
272
33
-248
-497
-623
-565
-328
-1
316
549
689
779
885
1069
1323
1607
1877
2090
2209
2176
1973
1637
1267
960
778
737
802
875
828
611
279
-76
-383
-611
-756
-848
-911
-919
-849
-729
-647
-649
-689
-669
-542
-361
-210
-121
-65
-13
46
110
174
213
198
127
7
-144
-317
-493
-658
-807
-958
-1131
-1332
-1546
-1745
-1890
-1954
-1928
-1821
-1677
-1566
-1539
-1573
-1578
-1482
-1292
-1075
-902
-797
-745
-710
-674
-627
-538
-376
-128
162
436
652
800
889
939
982
1052
1173
1322
1435
1465
1422
1353
1287
1223
1146
1048
956
918
954
1013
1017
931
807
718
717
795
907
1013
1097
1167
1209
1218
1195
1155
1089
986
856
731
652
637
651
619
479
211
-150
-549
-923
-1214
-1410
-1541
-1671
-1847
-2087
-2360
-2614
-2807
-2909
-2893
-2736
-2468
-2150
-1826
-1504
-1194
-938
-762
-629
-438
-137
210
475
570
509
368
200
30
-105
-128
-3
195
322
311
230
198
258
353
441
532
693
929
1191
1424
1626
1839
2048
2194
2237
2226
2215
2197
2137
2029
1902
1754
1574
1362
1160
1037
1046
1163
1299
1369
1372
1325
1240
1096
890
655
429
234
57
-123
-328
-562
-830
-1136
-1474
-1811
-2106
-2332
-2489
-2574
-2596
-2566
-2506
-2436
-2353
-2232
-2031
-1733
-1347
-924
-547
-305
-228
-256
-301
-305
-265
-228
-236
-303
-412
-541
-708
-941
-1219
-1463
-1610
-1663
-1683
-1700
-1706
-1656
-1524
-1294
-976
-609
-252
43
289
535
823
1113
1333
1463
1576
1761
2019
2284
2477
2568
2577
2553
2522
2477
2392
2269
2118
1957
1788
1604
1370
1047
630
171
-243
-556
-740
-809
-793
-745
-719
-733
-776
-811
-799
-708
-542
-354
-215
-170
-219
-338
-486
-615
-679
-668
-590
-437
-228
-22
102
115
52
-60
-198
-349
-478
-572
-645
-725
-831
-972
-1167
-1418
-1700
-1941
-2064
-2030
-1868
-1637
-1373
-1096
-840
-646
-501
-350
-126
191
586
1005
1389
1705
1945
2103
2175
2192
2213
2282
2381
2452
2442
2322
2086
1754
1389
1075
860
748
689
608
439
163
-189
-553
-836
-950
-875
-673
-445
-256
-131
-49
34
130
246
372
508
623
676
664
621
572
522
462
395
316
226
129
9
-173
-439
-759
-1083
-1364
-1573
-1689
-1736
-1768
-1814
-1859
-1873
-1856
-1844
-1849
-1825
-1701
-1470
-1199
-967
-785
-613
-415
-174
89
338
535
644
634
501
315
196
206
291
355
360
349
347
333
287
241
228
238
222
153
59
-28
-102
-187
-294
-404
-491
-536
-533
-500
-455
-412
-359
-286
-185
-53
103
277
452
611
732
806
838
839
812
761
713
703
723
733
701
643
587
545
521
523
551
591
629
651
641
594
532
485
450
418
381
339
283
212
133
61
-17
-120
-259
-405
-521
-581
-590
-570
-538
-504
-453
-368
-259
-152
-95
-105
-148
-155
-84
42
181
304
375
337
162
-67
-222
-252
-217
-226
-323
-474
-609
-690
-718
-699
-630
-536
-459
-430
-428
-421
-385
-297
-142
75
293
461
537
499
371
224
138
132
178
239
308
369
393
377
352
367
458
618
801
964
1086
1161
1172
1110
999
876
760
663
588
520
411
228
-39
-370
-719
-1019
-1212
-1305
-1340
-1342
-1299
-1193
-1041
-877
-721
-575
-418
-240
-52
121
263
380
461
490
479
456
445
426
370
264
118
-56
-267
-504
-719
-853
-894
-887
-892
-931
-995
-1061
-1100
-1097
-1043
-962
-862
-729
-546
-330
-132
11
89
137
201
294
372
380
323
262
248
260
258
211
130
56
23
38
84
141
201
260
309
353
400
463
530
582
629
688
739
718
616
494
413
370
333
287
246
217
198
198
209
189
82
-120
-355
-533
-594
-532
-388
-242
-139
-76
-1
113
237
320
355
377
430
519
613
665
642
550
407
240
81
-38
-89
-68
-8
60
107
131
127
96
51
25
43
88
112
82
17
-31
-34
-14
-16
-71
-161
-251
-305
-327
-335
-320
-260
-152
-46
-3
-21
-48
-45
-27
-19
-26
-20
16
81
159
230
275
263
196
96
-6
-111
-237
-383
-530
-648
-714
-722
-674
-583
-455
-295
-130
-17
-9
-112
-251
-330
-290
-152
15
125
141
76
-36
-170
-297
-387
-426
-419
-386
-345
-308
-271
-220
-158
-101
-35
56
151
196
171
115
84
87
101
114
127
144
135
77
-35
-165
-246
-259
-231
-224
-246
-247
-168
-4
185
320
354
311
272
314
448
620
757
800
734
599
481
427
420
408
360
301
265
288
344
376
337
226
88
-12
-27
32
121
197
244
257
210
110
5
-37
-17
17
13
-35
-107
-202
-304
-385
-421
-416
-395
-381
-386
-401
-404
-366
-291
-213
-178
-185
-177
-116
-35
7
3
3
24
35
8
-36
-51
-19
32
65
84
120
192
277
331
341
309
257
197
121
2
-144
-249
-264
-207
-156
-157
-193
-202
-157
-93
-79
-146
-253
-330
-333
-250
-110
28
121
161
174
180
197
239
296
346
362
341
311
300
287
225
104
-35
-150
-225
-250
-222
-165
-114
-77
-53
-39
-42
-44
-26
10
43
58
48
2
-108
-285
-467
-581
-593
-536
-455
-401
-415
-479
-538
-546
-502
-431
-339
-245
-192
-197
-226
-206
-90
113
359
587
752
841
879
909
959
1033
1099
1102
1003
820
617
436
275
138
36
-33
-119
-275
-506
-767
-979
-1090
-1096
-1013
-882
-740
-617
-513
-433
-377
-339
-282
-175
-41
88
166
202
221
252
297
324
304
249
196
163
144
135
155
214
303
398
477
529
558
562
534
463
374
306
297
359
463
557
575
488
308
93
-108
-279
-432
-567
-650
-643
-562
-474
-432
-423
-388
-279
-119
42
156
221
264
310
359
394
399
372
333
294
249
184
104
19
-66
-170
-309
-463
-591
-660
-676
-645
-573
-484
-412
-379
-365
-342
-318
-326
-390
-480
-548
-569
-564
-576
-617
-667
-693
-666
-587
-479
-371
-284
-220
-166
-98
0
129
285
465
635
753
813
850
872
858
808
755
723
690
624
522
403
291
214
182
183
209
259
330
404
473
546
626
704
770
816
833
804
725
602
465
357
303
279
247
191
137
122
152
208
254
264
240
213
218
260
299
293
235
153
80
38
23
18
0
-53
-147
-287
-458
-636
-794
-938
-1097
-1290
-1511
-1721
-1883
-1976
-2015
-2021
-1990
-1904
-1750
-1563
-1392
-1259
-1144
-1000
-810
-581
-350
-156
0
153
328
489
597
662
718
768
786
779
787
836
926
1019
1087
1116
1125
1130
1137
1127
1082
1009
928
854
770
667
558
472
411
353
283
195
69
-98
-271
-403
-489
-574
-683
-788
-862
-903
-907
-874
-817
-759
-697
-608
-476
-338
-218
-105
20
131
182
175
177
248
356
438
469
483
495
484
445
382
288
144
-15
-110
-119
-94
-107
-163
-224
-264
-281
-285
-276
-258
-226
-166
-76
17
78
86
56
3
-79
-179
-259
-282
-255
-204
-133
-22
117
240
319
370
431
522
629
723
