-420
-455
-461
-380
-240
-141
-149
-220
-260
-229
-194
-227
-316
-375
-339
-223
-102
-39
-39
-52
-40
-9
8
8
11
22
22
1
-6
26
73
81
44
9
0
10
10
5
35
124
238
327
368
361
311
243
197
187
193
189
194
224
269
279
218
92
-30
-67
-9
94
164
168
111
30
-36
-56
-35
-9
-28
-95
-178
-226
-220
-175
-129
-107
-100
-86
-56
-26
-18
-32
-51
-80
-124
-159
-137
-64
-2
21
35
71
108
120
118
117
115
100
84
98
143
167
117
7
-73
-78
-41
-15
2
36
86
148
210
258
249
175
87
58
96
126
99
46
30
72
139
202
240
248
247
269
296
259
114
-84
-216
-199
-79
33
51
-4
-57
-71
-64
-68
-74
-67
-42
-9
9
-9
-67
-145
-216
-275
-331
-362
-344
-260
-115
45
157
159
66
-46
-96
-67
2
61
100
139
182
209
213
222
250
265
243
188
141
129
161
188
135
-14
-176
-246
-209
-132
-84
-75
-77
-64
-24
12
-5
-89
-189
-241
-238
-225
-227
-228
-208
-170
-128
-86
-65
-76
-110
-126
-105
-63
-39
-42
-58
-66
-68
-81
-120
-189
-264
-321
-322
-282
-261
-315
-415
-485
-488
-452
-412
-356
-270
-173
-123
-119
-100
-16
98
170
171
127
72
23
-15
-43
-70
-99
-109
-74
4
82
137
189
261
331
365
373
382
396
380
312
230
185
185
196
213
262
343
421
460
439
370
290
235
211
187
164
176
237
320
359
330
246
157
90
68
86
116
122
88
32
-43
-115
-167
-174
-132
-58
16
67
93
95
53
-22
-76
-64
6
71
72
-20
-163
-272
-301
-266
-197
-130
-101
-132
-187
-201
-160
-103
-88
-117
-164
-191
-198
-183
-139
-81
-37
-24
-15
17
73
137
187
215
213
193
174
192
260
337
369
334
263
183
106
50
45
84
132
157
150
113
42
-53
-137
-142
-76
-15
-36
-130
-233
-291
-282
-232
-172
-113
-53
-22
-72
-191
-294
-298
-222
-159
-179
-271
-366
-417
-432
-439
-436
-400
-354
-340
-373
-402
-376
-308
-254
-248
-256
-230
-162
-81
-27
-28
-78
-115
-84
3
75
95
97
116
139
135
129
165
250
345
411
452
491
528
546
523
463
399
349
312
279
240
194
146
114
113
131
107
31
-40
-48
-25
-50
-121
-173
-155
-115
-121
-193
-295
-370
-385
-317
-195
-105
-117
-192
-219
-159
-72
-25
-2
51
123
172
163
110
35
-48
-110
-124
-93
-64
-47
-12
58
123
139
124
109
95
59
36
55
99
100
57
50
117
194
184
99
36
51
112
168
217
269
310
311
259
152
-1
-147
-185
-95
38
110
120
136
163
151
78
26
81
221
334
356
302
224
149
79
16
-58
-156
-245
-261
-193
-120
-128
-191
-210
-142
-54
-16
-23
-33
-48
-63
-58
-38
-45
-98
-137
-114
-56
-37
-50
-23
61
126
103
27
-28
-45
-73
-131
-192
-210
-177
-127
-91
-82
-88
-95
-71
-4
60
65
14
-33
-40
-42
-62
-72
-63
-76
-136
-200
-216
-189
-153
-114
-75
-74
-154
-291
-405
-442
-430
-402
-344
-263
-214
-242
-282
-240
-108
32
124
197
263
277
213
145
137
153
107
20
-26
-7
25
43
70
106
95
2
-120
-172
-130
-45
26
67
80
64
42
44
75
109
140
189
268
343
351
271
129
-2
-83
-108
-87
-37
17
51
73
93
95
63
21
21
61
93
105
125
143
91
-37
-157
-183
-116
-17
70
126
149
146
129
113
100
92
101
127
154
138
70
-15
-62
-62
-43
-3
90
230
336
344
277
208
160
114
71
60
70
49
2
-19
23
80
105
97
82
58
23
25
103
225
320
369
409
444
418
292
132
33
11
25
52
99
123
66
-54
-148
-178
-173
-160
-128
-69
-23
-31
-92
-174
-249
-294
-284
-205
-106
-53
-55
-61
-61
-77
-107
-95
-33
5
-42
-131
-175
-167
-169
-226
-285
-285
-226
-179
-186
-216
-224
-180
-90
40
173
247
224
124
-21
-185
-334
-408
-375
-279
-199
-183
-217
-267
-293
-290
-289
-325
-391
-447
-464
-433
-369
-289
-221
-172
-126
-74
-49
-67
-100
-102
-74
-62
-87
-125
-155
-183
-211
-211
-169
-119
-106
-115
-97
-33
39
84
82
36
-34
-62
5
145
270
329
354
394
432
421
366
336
374
443
466
409
304
205
149
149
203
283
347
385
413
440
429
364
290
266
289
300
266
223
192
168
138
117
138
200
274
324
324
268
183
100
44
1
-33
-35
17
92
128
83
-8
-83
-110
-97
-61
-15
7
-41
-131
-172
-124
-66
-110
-256
-406
-474
-450
-367
-263
-166
-92
-33
24
94
151
187
215
252
264
189
39
-98
-153
-152
-163
-195
-206
-176
-129
-86
-48
-13
8
19
37
65
78
73
53
22
-58
-175
-261
-241
-136
-25
58
140
225
237
153
31
-62
-150
-273
-404
-481
-516
-567
-629
-644
-592
-533
-505
-465
-376
-277
-222
-186
-131
-81
-79
-100
-70
-9
-5
-108
-252
-339
-362
-346
-289
-146
60
218
261
215
164
120
63
3
-13
23
65
102
167
269
350
365
326
267
203
172
224
332
389
314
153
29
21
89
178
283
399
443
343
158
21
-15
6
29
36
9
-65
-157
-182
-89
72
208
262
253
207
140
83
61
40
-44
-154
-182
-96
4
36
47
134
291
394
373
289
237
222
209
213
240
237
164
70
21
9
-16
-37
9
113
175
134
50
13
24
13
-32
-61
-39
11
72
150
225
254
239
246
319
418
476
478
447
382
266
133
48
38
49
30
-1
-5
-5
-52
-150
-228
-241
-223
-212
-197
-156
-119
-128
-164
-163
-112
-63
-48
-57
-88
-166
-287
-382
-393
-333
-259
-202
-180
-218
-317
-402
-380
-270
-193
-209
-262
-295
-354
-476
-610
-671
-637
-563
-486
-429
-409
-426
-455
-447
-390
-312
-257
-224
-186
-156
-171
-239
-312
-343
-332
-291
-202
-59
84
156
125
15
-144
-324
-455
-470
-383
-286
-246
-245
-211
-111
39
181
256
241
163
91
79
129
210
281
335
380
426
451
436
393
355
344
350
365
373
367
351
342
356
381
402
415
438
479
519
511
437
326
243
216
234
286
372
465
528
559
584
583
529
409
285
206
185
212
273
353
396
355
239
117
40
15
26
59
90
99
93
99
116
119
94
72
85
117
113
59
2
-27
-51
-106
-179
-252
-309
-346
-342
-277
-156
-11
98
130
76
-28
-116
-151
-143
-137
-164
-234
-334
-426
-449
-380
-282
-225
-213
-186
-124
-87
-123
-212
-279
-282
-233
-162
-107
-79
-78
-80
-69
-57
-73
-129
-194
-233
-259
-302
-377
-459
-528
-571
-570
-520
-454
-426
-442
-458
-419
-360
-334
-351
-352
-308
-257
-230
-199
-136
-78
-97
-204
-326
-403
-433
-455
-466
-413
-276
-123
-35
-24
-44
-44
10
125
250
292
257
236
293
377
410
388
339
284
253
284
378
453
433
346
286
315
373
380
325
269
246
235
221
217
244
285
350
447
561
616
581
520
517
566
589
566
534
509
441
323
221
180
163
117
62
35
24
-13
-42
-8
80
151
165
166
189
207
175
100
11
-71
-135
-136
-68
9
35
-17
-116
-210
-271
-307
-350
-392
-423
-439
-443
-421
-371
-314
-255
-172
-74
-21
-52
-120
-151
-150
-157
-173
-137
-63
-38
-106
-197
-202
-105
33
158
246
271
211
114
45
21
-7
-43
-31
53
134
114
-6
-152
-261
-337
-386
-379
-306
-211
-138
-74
-21
-37
-125
-174
-109
-33
-67
-189
-270
-268
-249
-248
-234
-176
-115
-75
-30
51
114
100
32
-4
9
14
-4
2
58
89
14
-140
-265
-312
-307
-254
-133
-2
26
-44
-101
-76
-41
-56
-74
-48
-21
-33
-32
52
148
127
-1
-73
10
144
187
149
137
161
145
77
28
40
70
106
176
273
305
241
170
185
250
266
226
200
207
187
134
114
139
120
20
-37
42
154
143
46
24
98
150
128
122
168
187
140
120
192
252
185
46
-7
24
-14
-173
-296
-253
-138
-92
-92
-29
65
70
-19
-82
-79
-72
-75
-9
119
177
105
22
29
67
47
11
42
99
89
17
-25
-29
-72
-160
-197
-139
-67
-56
-71
-42
8
13
-15
-4
35
27
-37
-78
-63
-51
-83
-96
-35
34
33
-10
-14
-3
-58
-161
-198
-133
-66
-55
-52
-10
0
-85
-204
-240
-183
-123
-106
-101
-108
-194
-357
-480
-473
-392
-355
-362
-355
-313
-266
-188
-41
124
196
174
180
255
322
312
299
331
318
185
27
-7
64
106
86
105
214
292
251
159
134
168
187
202
256
308
280
198
168
194
186
101
20
2
-12
-85
-161
-152
-79
-43
-69
-94
-94
-98
-121
-116
-59
6
64
157
292
366
290
133
41
51
81
80
85
105
90
29
-17
11
60
58
12
-12
-9
-59
-161
-225
-192
-120
-88
-81
-60
-36
-36
-35
-15
-16
-74
-135
-134
-121
-179
-280
-315
-252
-208
-234
-265
-227
-181
-218
-295
-311
-252
-200
-164
-84
33
70
-30
-163
-197
-141
-82
-29
94
265
343
263
125
57
39
14
7
56
71
-44
-216
-271
-191
-111
-93
-38
89
181
151
76
75
130
172
191
216
207
105
-46
-118
-77
-25
-54
-103
-61
57
136
137
129
164
210
251
299
323
260
148
119
216
312
293
231
258
361
418
375
289
193
70
-59
-120
-87
-29
-10
-24
-36
-43
-64
-76
-35
38
81
83
104
157
168
103
38
64
133
150
121
128
163
119
5
-37
81
258
358
381
382
323
153
-56
-155
-129
-97
-125
-154
-142
-139
-185
-235
-235
-227
-261
-311
-311
-280
-295
-365
-432
-479
-557
-667
-722
-669
-580
-530
-497
-410
-319
-308
-357
-355
-281
-237
-265
-291
-258
-235
-296
-377
-401
-391
-419
-451
-399
-273
-165
-132
-138
-137
-122
-84
8
153
272
293
245
243
311
354
314
271
289
309
266
202
219
286
309
287
289
300
218
54
-55
-34
19
7
-23
19
109
174
211
279
370
407
369
329
357
402
392
333
304
306
266
173
97
98
130
117
62
18
11
13
21
53
104
128
126
158
237
287
260
216
215
221
171
83
19
-10
-30
-34
14
90
112
60
15
39
87
94
93
155
255
300
262
221
217
198
125
73
128
255
339
336
291
224
111
-19
-80
-51
-13
2
49
166
269
254
153
49
-25
-82
-103
-45
40
48
-45
-149
-218
-317
-468
-563
-507
-355
-254
-247
-279
-311
-371
-461
-518
-493
-436
-408
-409
-394
-371
-381
-400
-373
-298
-268
-309
-355
-350
-344
-389
-425
-375
-289
-291
-390
-477
-497
-500
-503
-459
-371
-339
-382
-380
-241
-58
20
5
7
45
62
54
85
141
118
0
-104
-84
20
102
145
205
263
242
154
122
180
193
5
-381
-727
-674
-69
748
1155
823
96
-274
148
993
1473
1270
763
334
-45
-385
-378
148
783
910
371
-383
-759
-547
-43
315
356
221
115
149
315
543
776
969
1018
762
249
-147
-68
336
550
325
-60
-253
-273
-318
-378
-276
-17
178
193
149
201
331
446
492
430
216
-99
-347
-426
-410
-396
-357
-265
-236
-385
-584
-570
-303
-30
67
96
201
297
244
138
176
311
301
85
-132
-173
-100
-40
3
68
104
56
17
112
309
458
499
464
330
67
-204
-293
-209
-175
-311
-492
-547
-496
-468
-472
-397
-231
-108
-109
-145
-119
-90
-145
-237
-271
-301
-435
-584
-535
-283
-98
-160
-324
-355
-231
-87
18
99
135
76
-45
-139
-184
-231
-350
-567
-855
-1057
-979
-619
-249
-187
-424
-617
-458
-82
137
114
130
306
361
131
-106
-31
237
320
102
-184
-252
-86
112
156
44
-109
-190
-133
43
252
422
565
676
666
490
293
273
415
496
393
230
167
182
166
119
118
168
226
293
406
521
549
480
412
440
523
543
456
320
196
103
59
98
174
184
123
102
151
167
105
80
163
228
168
98
185
352
372
181
-43
-134
-110
-86
-111
-153
-189
-214
-220
-166
-37
134
292
385
384
298
191
119
73
15
-35
-35
6
20
-32
-131
-238
-318
-336
-263
-142
-64
-85
-150
-152
-61
27
11
-86
-154
-137
-88
-77
-103
-142
-205
-308
-424
-481
-418
-235
-16
109
93
22
27
121
210
214
147
54
-61
-195
-330
-419
-439
-408
-386
-408
-456
-489
-499
-615
-1061
-1765
-2102
-1417
61
1182
1039
-60
-901
-573
653
1672
1725
1065
376
-50
-308
-333
28
604
836
328
-677
-1405
-1271
-505
60
-117
-765
-1208
-1076
-517
131
654
965
984
702
331
236
597
1175
1493
1279
666
44
-268
-230
-64
-23
-164
-346
-419
-349
-148
179
527
675
476
83
-164
-77
203
385
282
-73
-468
-672
-610
-415
-259
-203
-243
-421
-732
-990
-919
-437
182
513
360
-46
-265
-77
342
619
530
135
-321
-573
-485
-119
291
519
497
304
94
43
279
714
1042
1022
735
453
325
282
232
178
141
87
-10
-70
27
286
549
661
630
581
566
513
368
217
179
272
382
383
227
18
-59
72
261
297
156
-8
-97
-168
-289
-409
-446
-441
-506
-663
-781
-756
-654
-641
-754
-836
-714
-420
-130
52
157
221
223
167
115
93
72
20
-75
-216
-368
-427
-330
-160
-85
-144
-205
-159
-80
-70
-82
26
243
400
375
222
77
8
21
97
173
68
-414
-1235
-1957
-2036
-1366
-491
-148
-541
-1122
-1096
-162
1170
2039
2007
1385
805
597
675
823
865
625
24
-718
-1169
-1091
-693
-412
-501
-863
-1253
-1485
-1409
-877
30
842
1029
579
79
163
904
1737
1993
1492
665
100
61
384
767
1029
1128
1005
554
-121
-607
-527
-20
317
19
-827
-1701
-2121
-1893
-1181
-474
-321
-891
-1712
-2056
-1601
-658
173
480
248
-202
-414
-141
403
748
626
204
-178
-361
-395
-349
-246
-162
-228
-397
-372
70
765
1361
1730
2023
2350
2669
2929
3129
3228
3129
2825
2427
2040
1702
1409
1112
691
93
-537
-955
-1104
-1229
-1542
-1909
-1987
-1701
-1383
-1360
-1557
-1612
-1330
-885
-573
-485
-512
-522
-444
-231
85
357
478
476
387
179
-113
-321
-398
-611
-1228
-2066
-2557
-2377
-1851
-1543
-1638
-1824
-1737
-1308
-723
-212
126
392
760
1240
1642
1848
1995
2254
2552
2645
2464
2280
2359
2607
2658
2393
2125
2189
2531
2759
2477
1450
-217
-1942
-2882
-2631
-1747
-1439
-2504
-4419
-5665
-5208
-3504
-1896
-1246
-1362
-1597
-1483
-954
-97
1045
2287
3018
2637
1497
800
1237
2014
1780
133
-1973
-3308
-3554
-3372
-3463
-3831
-4068
-3993
-3710
-3196
-2265
-956
368
1297
1771
2114
2694
3498
4044
3893
3125
2298
1834
1635
1316
735
127
-269
-478
-633
-681
-480
-68
308
544
856
1527
2505
3348
3692
3648
3658
3926
4153
3910
3171
2394
1991
1864
1515
668
-408
-1216
-1581
-1741
-1950
-2233
-2472
-2586
-2525
-2266
-1940
-1783
-1914
-2174
-2280
-2031
-1470
-897
-672
-904
-1321
-1500
-1220
-699
-384
-499
-798
-917
-766
-480
-199
-9
22
-25
53
315
582
611
330
-158
-647
-946
-957
-782
-727
-1113
-1906
-2580
-2614
-2055
-1422
-1066
-887
-659
-290
232
934
1797
2666
3303
3583
3673
3929
4557
5359
5874
5771
5152
4448
3947
3416
2333
505
-1617
-3252
-3951
-3962
-4029
-4704
-5807
-6574
-6309
-5050
-3590
-2744
-2551
-2318
-1452
-21
1471
2569
3105
3210
3229
3451
3836
4014
3591
2510
1120
-126
-1018
-1663
-2267
-2981
-3781
-4419
-4588
-4260
-3755
-3331
-2890
-2208
-1324
-471
258
964
1651
2161
2420
2588
2821
2981
2808
2271
1629
1081
538
-174
-1023
-1780
-2226
-2274
-1968
-1524
-1184
-883
-198
1106
2621
3701
4224
4662
5340
6019
6332
6277
6079
5793
5310
4600
3662
2320
430
-1703
-3359
-4105
-4284
-4723
-5860
-7266
-7984
-7425
-5968
-4684
-4321
-4563
-4371
-3092
-1142
532
1477
2042
2732
3629
4533
5318
5842
5781
4945
3670
2562
1835
1138
84
-1298
-2685
-3794
-4522
-4903
-5111
-5355
-5582
-5376
-4452
-3193
-2331
-2030
-1674
-709
628
1667
2104
2198
2333
2616
2890
2948
2697
2234
1812
1642
1680
1701
1657
1724
1943
2062
1947
1891
2219
2806
3267
3493
3682
3906
3999
3895
3767
3678
3318
2343
900
-409
-1154
-1490
-1959
-2980
-4486
-5920
-6582
-6284
-5645
-5500
-5925
-6154
-5486
-4095
-2715
-1755
-970
40
1295
2544
3606
4409
4850
4896
4701
4434
4067
3482
2668
1650
417
-941
-2120
-2873
-3311
-3792
-4435
-4949
-5011
-4682
-4262
-3876
-3458
-3019
-2657
-2261
-1590
-677
106
529
806
1260
1891
2476
2942
3378
3743
3869
3817
3925
4375
4889
5055
4788
4316
3869
3533
3340
3223
3014
2635
2280
2163
2169
1952
1379
636
-77
-747
-1348
-1766
-2003
-2343
-3067
-4007
-4666
-4761
-4581
-4608
-4993
-5438
-5553
-5186
-4497
-3816
-3337
-2872
-1968
-436
1287
2475
2864
2910
3182
3666
3934
3780
3391
2939
2387
1699
996
414
-37
-458
-992
-1710
-2515
-3149
-3397
-3318
-3249
-3467
-3860
-4022
-3756
-3251
-2737
-2196
-1537
-840
-239
304
929
1693
2509
3264
3868
4264
4437
4492
4600
4794
4877
4668
4246
3817
3416
2976
2563
2310
2151
1848
1352
891
649
506
197
-376
-1052
-1648
-2118
-2494
-2749
-2850
-2902
-3044
-3242
-3305
-3127
-2821
-2547
-2359
-2166
-1820
-1276
-716
-439
-501
-596
-384
120
581
766
789
941
1312
1673
1748
1502
1134
791
478
145
-209
-544
-815
-973
-1024
-1048
-1165
-1388
-1578
-1553
-1320
-1112
-1158
-1408
-1537
-1269
-657
-24
339
430
502
788
1285
1782
2082
2186
2244
2374
2574
2781
2953
3066
3075
2944
2727
2582
2630
2788
2796
2488
1942
1329
720
98
-506
-1044
-1523
-1972
-2411
-2874
-3384
-3821
-3948
-3649
-3135
-2769
-2732
-2878
-2914
-2675
-2220
-1725
-1340
-1102
-956
-806
-609
-388
-202
-84
-3
101
243
400
569
735
805
684
447
288
270
243
70
-157
-248
-164
-53
-34
-69
-60
28
150
260
335
359
330
274
218
164
114
110
186
285
281
124
-61
-108
62
396
769
1027
1042
859
733
932
1459
2035
2361
2388
2254
2098
1963
1875
1815
1655
1255
673
170
-45
-24
7
-117
-360
-598
-781
-949
-1136
-1345
-1581
-1812
-1955
-1999
-2046
-2160
-2202
-2013
-1644
-1290
-1027
-731
-248
388
986
1368
1520
1560
1644
1825
1964
1836
1425
1024
924
1021
953
569
100
-145
-122
-38
-113
-366
-603
-608
-384
-163
-153
-315
-412
-280
9
234
245
111
-9
-37
-13
22
61
63
-50
-280
-462
-395
-76
254
358
256
173
278
501
630
527
284
113
132
263
299
89
-365
-900
-1289
-1403
-1329
-1306
-1518
-1938
-2369
-2645
-2777
-2902
-3118
-3345
-3379
-3118
-2711
-2371
-2091
-1619
-832
53
670
929
1098
1490
2120
2675
2858
2671
2376
2209
2197
2193
2030
1654
1173
771
557
503
528
562
538
389
150
-19
44
314
591
726
731
712
711
714
735
796
852
783
526
153
-191
-390
-390
-216
-2
81
11
-36
121
470
819
1016
1056
1001
898
791
744
745
640
299
-189
-576
-729
-752
-833
-1076
-1458
-1881
-2180
-2218
-1996
-1729
-1640
-1739
-1809
-1683
-1391
-1063
-761
-509
-326
-187
-20
196
369
447
513
678
859
868
669
491
531
687
686
439
134
-14
30
162
278
335
375
518
831
1176
1293
1096
828
763
888
955
840
687
661
746
828
888
965
1041
1049
964
833
718
661
668
697
646
450
190
28
-4
-64
-292
-617
-866
-1017
-1160
-1318
-1404
-1393
-1370
-1406
-1477
-1564
-1675
-1781
-1782
-1659
-1544
-1539
-1553
-1399
-1062
-714
-523
-489
-471
-356
-162
-39
-92
-235
-168
327
891
789
-193
-1125
-799
831
2342
2166
284
-1542
-1462
491
2361
2211
73
-2098
-2269
-290
1975
2507
1058
-766
-1192
81
1811
2496
1693
239
-641
-325
732
1494
1236
232
-542
-404
401
1001
857
271
-43
278
890
1198
973
524
337
547
792
576
-142
-865
-1088
-855
-657
-829
-1238
-1504
-1428
-1175
-1075
-1278
-1565
-1557
-1170
-789
-850
-1317
-1652
-1390
-632
32
79
-426
-893
-745
33
902
1221
783
0
-428
-129
575
965
641
-95
-576
-429
151
653
723
400
33
-33
277
752
1105
1214
1159
1128
1271
1597
1921
1998
1775
1488
1410
1548
1632
1456
1087
752
550
412
235
23
-144
-216
-232
-270
-349
-386
-252
55
360
435
256
25
-48
30
65
-128
-535
-941
-1113
-1031
-913
-1000
-1330
-1682
-1802
-1649
-1428
-1342
-1358
-1287
-1023
-645
-340
-242
-342
-445
-326
44
420
527
334
49
-143
-233
-258
-235
-165
-116
-142
-240
-377
-501
-595
-632
-669
-767
-891
-864
-557
-136
82
-9
-149
-39
310
626
699
577
441
415
481
537
496
366
245
225
264
254
166
116
199
320
318
221
238
477
797
983
965
827
673
594
631
714
667
404
78
-85
-37
48
8
-138
-269
-310
-272
-210
-199
-307
-501
-620
-542
-350
-265
-389
-623
-806
-863
-793
-630
-488
-517
-733
-921
-826
-457
-61
161
256
359
525
732
926
994
820
469
202
189
305
310
177
79
133
278
389
409
332
203
127
235
521
777
791
604
478
554
687
682
550
441
403
377
348
332
269
94
-113
-209
-209
-267
-401
-465
-393
-343
-468
-679
-750
-572
-246
68
255
292
270
358
631
951
1066
878
532
228
34
-58
-70
-62
-184
-507
-862
-976
-780
-519
-468
-627
-776
-762
-613
-446
-332
-273
-211
-50
204
424
496
492
567
724
770
587
285
45
-111
-298
-552
-803
-988
-1106
-1155
-1151
-1146
-1153
-1085
-843
-502
-273
-228
-200
10
381
702
848
853
799
723
653
635
627
519
277
15
-137
-211
-321
-519
-749
-946
-1066
-1067
-950
-810
-768
-811
-747
-438
25
376
446
309
170
214
452
674
608
209
-217
-321
-97
130
66
-252
-566
-660
-487
-146
196
362
303
170
212
509
854
969
792
515
404
580
933
1188
1107
731
377
311
477
587
440
116
-162
-255
-202
-128
-117
-163
-213
-222
-180
-103
-3
164
419
648
670
448
190
132
290
456
439
223
-48
-201
-151
1
14
-241
-567
-616
-324
-64
-186
-578
-764
-469
53
323
131
-275
-492
-304
172
593
652
338
-47
-177
-30
156
177
64
-29
-9
96
200
225
103
-134
-335
-366
-298
-299
-393
-445
-395
-331
-312
-269
-158
-54
-57
-149
-245
-328
-428
-507
-482
-374
-295
-298
-288
-185
-50
-16
-101
-182
-145
0
166
311
412
438
424
491
711
961
1089
1088
1071
1079
1060
980
839
666
478
324
206
86
-49
-149
-191
-249
-406
-638
-816
-864
-836
-843
-905
-957
-954
-932
-916
-857
-714
-576
-570
-691
-803
-793
-691
-591
-569
-669
-886
-1123
-1202
-1045
-761
-541
-469
-483
-497
-452
-314
-106
67
132
153
236
379
506
619
784
978
1043
897
689
645
799
949
913
722
570
614
867
1175
1353
1305
1146
1106
1303
1595
1710
1553
1312
1229
1289
1280
1057
706
423
317
334
307
126
-140
-313
-315
-278
-364
-578
-786
-907
-964
-992
-992
-958
-925
-901
-858
-764
-679
-717
-872
-987
-902
-670
-481
-494
-679
-857
-855
-657
-426
-350
-487
-675
-703
-508
-250
-135
-193
-306
-353
-280
-112
48
62
-63
-153
-68
124
253
229
117
54
147
374
572
608
485
336
271
323
468
644
781
859
926
1008
1072
1079
1024
897
700
523
473
547
599
545
438
373
360
324
224
103
39
51
74
29
-124
-319
-428
-373
-247
-228
-357
-483
-447
-280
-165
-236
-454
-659
-736
-693
-615
-583
-614
-689
-754
-791
-820
-869
-911
-890
-809
-730
-697
-692
-685
-671
-639
-538
-365
-184
-94
-88
-79
1
140
279
400
477
484
402
296
248
292
383
461
496
485
451
440
489
575
632
620
557
467
388
360
401
447
400
263
178
260
438
515
409
234
137
115
51
-118
-324
-473
-531
-542
-541
-538
-523
-474
-375
-242
-141
-88
-23
99
220
233
129
9
-46
-61
-90
-136
-176
-217
-261
-292
-309
-346
-384
-353
-236
-134
-162
-270
-307
-203
-49
49
95
160
262
364
469
604
742
780
677
531
458
465
483
487
466
369
174
-15
-50
78
212
220
119
4
-61
-53
30
146
215
225
269
396
501
460
329
282
367
454
413
276
146
80
45
20
-19
-104
-243
-387
-438
-401
-348
-345
-373
-407
-453
-500
-516
-508
-556
-670
-726
-621
-466
-453
-579
-655
-601
-557
-656
-858
-1010
-1012
-846
-546
-249
-134
-263
-440
-413
-153
131
267
302
363
459
507
475
416
374
420
608
917
1141
1099
814
477
192
-94
-400
-621
-608
-346
92
631
1179
1569
1644
1472
1253
1053
709
172
-329
-512
-401
-216
-118
-118
-201
-387
-587
-696
-699
-726
-826
-981
-1133
-1272
-1219
-742
88
798
888
409
-137
-335
-253
-143
-109
-153
-381
-840
-1277
-1325
-988
-623
-538
-594
-433
92
790
1317
1428
1073
518
141
184
435
545
383
106
-46
-12
198
505
705
535
-61
-732
-1020
-792
-313
98
314
407
526
791
1174
1475
1481
1219
943
877
988
1064
1024
979
1038
1119
1061
823
473
116
-143
-224
-185
-231
-481
-841
-1115
-1247
-1339
-1453
-1531
-1467
-1295
-1074
-820
-514
-199
36
200
304
319
200
44
1
41
-8
-236
-469
-513
-375
-240
-257
-424
-689
-937
-1060
-971
-734
-507
-394
-371
-358
-340
-307
-242
-82
106
280
400
524
654
691
619
479
471
597
789
927
944
903
813
820
808
729
459
208
159
287
372
199
-70
-232
-153
39
231
355
358
233
15
-184
-320
-437
-526
-570
-517
-479
-549
-649
-679
-554
-505
-542
-612
-533
-325
-130
4
-7
-105
-304
-475
-566
-530
-405
-226
1
176
189
-33
-307
-496
-503
-400
-126
235
543
567
351
199
303
613
768
680
462
372
415
480
379
73
-346
-626
-559
-210
208
399
393
233
130
101
228
415
539
535
429
394
417
422
280
98
86
265
478
484
318
84
-47
-126
-224
-453
-713
-830
-705
-405
-142
-7
-29
-107
-226
-336
-456
-490
-471
-381
-277
-150
-30
-9
-36
-83
-34
-1
-59
-228
-349
-262
-88
16
-131
-341
-486
-471
-403
-357
-268
-152
25
133
220
277
426
639
814
833
657
456
281
263
302
455
610
686
498
77
-267
-271
35
205
64
-283
-465
-355
-96
163
246
270
182
171
118
147
224
427
660
764
714
536
361
233
195
228
306
328
268
113
37
19
34
-150
-446
-675
-669
-499
-456
-524
-661
-649
-566
-445
-330
-289
-361
-594
-728
-598
-199
158
258
127
-62
-139
-105
-18
-54
-298
-658
-921
-859
-582
-282
-139
-134
-227
-418
-558
-528
-280
-112
-122
-305
-377
-282
-31
208
307
217
-26
-177
-127
142
319
261
-39
-293
-347
-192
6
94
22
-147
-242
-81
299
712
908
898
822
767
719
679
693
769
790
812
809
881
848
760
600
514
491
481
453
342
198
-11
-161
-195
-88
20
-21
-187
-348
-327
-165
56
139
39
-197
-332
-203
76
223
95
-97
-131
-27
-2
-137
-235
-170
46
133
57
-178
-397
-597
-651
-571
-382
-258
-205
-136
-55
33
29
28
-41
-124
-169
-108
37
92
71
7
27
63
34
-94
-179
-120
21
86
71
74
107
67
-59
-91
69
308
384
285
143
134
207
260
197
-5
-210
-322
-269
-202
-259
-449
-622
-686
-595
-444
-249
-120
-87
-163
-270
-300
-241
-156
-127
-133
-116
-108
-139
-183
-168
-109
-93
-128
-229
-325
-460
-576
-634
-563
-440
-380
-409
-420
-334
-179
-23
143
330
502
561
483
293
120
37
97
178
196
107
31
44
99
69
-85
-247
-302
-232
-89
107
346
565
652
575
455
422
547
707
813
797
772
779
846
902
920
883
759
606
430
316
199
117
29
-45
-134
-257
-344
-365
-256
-82
75
101
-26
-246
-430
-520
-464
-385
-370
-546
-790
-947
-912
-761
-595
-451
-397
-469
-653
-764
-741
-623
-519
-400
-233
-105
-95
-181
-170
-3
245
380
368
304
337
476
568
546
409
293
212
227
311
440
556
578
522
355
247
283
467
520
343
120
116
332
519
551
469
477
635
823
872
748
590
464
374
267
190
117
95
73
84
89
98
87
33
-33
-103
-102
-108
-128
-168
-157
-109
-118
-205
-325
-393
-411
-438
-525
-680
-795
-784
-667
-571
-629
-816
-1030
-1140
-1131
-1039
-908
-792
-758
-818
-868
-786
-574
-371
-286
-331
-344
-240
-11
202
280
242
145
100
67
15
-106
-246
-285
-196
-92
-115
-254
-301
-185
67
248
303
224
126
107
205
393
540
614
573
540
500
519
578
671
683
508
229
59
134
362
526
561
555
537
456
246
74
53
190
326
377
320
177
-26
-229
-315
-315
-262
-237
-203
-160
-167
-210
-252
-180
-36
90
111
45
-60
-165
-215
-148
6
174
250
258
212
160
115
122
205
297
346
339
423
597
751
753
657
578
474
266
9
-143
-148
-96
-73
-12
141
348
430
302
85
-20
64
186
265
226
144
28
-19
24
60
53
-20
-34
-50
-89
-174
-261
-323
-411
-472
-469
-397
-365
-419
-477
-463
-424
-483
-624
-736
-765
-773
-798
-781
-677
-559
-502
-571
-682
-773
-740
-631
-537
-561
-664
-734
-716
-636
-611
-618
-607
-495
-341
-167
36
245
348
298
212
246
422
644
799
795
662
502
442
479
550
596
597
606
599
576
477
381
381
486
638
723
783
778
746
664
645
706
750
654
443
257
179
159
172
172
133
2
-168
-306
-320
-279
-231
-238
-228
-196
-187
-230
-299
-322
-301
-263
-229
-210
-246
-360
-515
-625
-653
-650
-590
-477
-306
-219
-259
-381
-472
-468
-386
-268
-219
-245
-340
-404
-408
-346
-254
-166
-52
77
202
267
309
393
499
584
552
476
373
308
252
231
237
286
310
321
331
367
363
281
193
133
117
69
70
136
266
362
416
486
571
600
536
474
487
508
428
252
48
-104
-177
-144
-73
-80
-203
-353
-382
-290
-180
-178
-251
-302
-235
-120
-29
-24
-34
-70
-122
-195
-236
-246
-249
-258
-241
-228
-227
-254
-263
-253
-254
-241
-222
-189
-197
-226
-253
-238
-197
-148
-114
-68
12
118
220
273
303
285
266
263
316
388
400
360
276
236
213
185
115
0
-103
-167
-138
-85
-14
6
16
-4
-32
-83
-103
-58
36
85
80
43
12
-68
-198
-315
-363
-336
-276
-227
-205
-219
-223
-245
-331
-509
-687
-753
-712
-637
-627
-598
-540
-399
-321
-292
-295
-192
-1
161
219
117
-9
-152
-210
-260
-273
-263
-186
-52
39
53
-29
-50
24
187
284
261
215
256
413
553
631
649
657
658
653
653
618
509
347
231
230
253
235
184
211
290
331
308
265
283
305
351
372
350
210
28
-15
132
331
345
214
105
154
255
283
233
182
177
161
136
109
119
112
93
84
86
47
-76
-164
-179
-124
-122
-154
-161
-157
-160
-195
-174
-149
-176
-305
-425
-448
-417
-405
-433
-411
-364
-320
-302
-252
-163
-77
-13
16
17
-51
-163
-228
-164
-18
72
74
55
57
5
-109
-197
-166
-88
-50
-96
-161
-247
-340
-387
-300
-126
-54
-146
-278
-261
-141
-49
-31
-25
22
58
105
133
176
161
129
113
128
140
75
34
49
136
169
144
120
149
198
199
154
67
-36
-142
-185
-146
-98
-94
-146
-159
-221
-374
-618
-749
-674
-461
-272
-194
-146
-88
12
76
109
68
28
-15
14
86
189
253
261
217
152
112
111
153
179
184
151
126
107
132
195
275
317
289
230
181
168
131
76
64
132
249
302
327
334
353
290
161
10
-57
-56
-31
-31
-19
53
163
265
287
218
72
-54
-57
54
192
229
167
38
-78
-111
-42
90
147
78
-48
-77
45
184
208
123
29
-15
-36
-38
8
98
161
120
-36
-191
-270
-249
-185
-113
-66
-97
-136
-146
-84
-46
-43
-82
-153
-221
-244
-161
-88
-91
-214
-331
-366
-285
-127
13
94
95
90
113
131
108
33
11
89
220
236
100
-72
-112
-26
74
111
99
86
70
60
67
102
161
207
259
294
315
256
107
-67
-195
-246
-267
-256
-199
-133
-125
-208
-313
-368
-365
-330
-290
-260
-241
-218
-168
-104
-51
-25
-49
-138
-306
-466
-539
-470
-348
-283
-309
-359
-332
-209
-69
8
-37
-156
-284
-364
-335
-250
-139
-99
-109
-178
-225
-205
-90
53
120
79
-35
-115
-112
-13
145
298
387
368
255
111
36
47
102
126
103
105
129
204
264
377
505
619
658
625
615
654
741
790
773
657
481
295
176
160
188
185
114
67
57
73
34
10
11
66
91
63
-9
-66
-44
9
54
32
0
-7
42
131
209
180
48
-79
-73
10
19
-77
-213
-288
-333
-330
-272
-173
-82
-59
-72
-99
-100
-85
-61
-27
-6
0
-13
23
85
162
189
176
128
56
-28
-129
-250
-365
-418
-355
-188
4
120
131
109
145
217
239
210
205
241
223
82
-70
-150
-126
-138
-212
-330
-396
-384
-327
-284
-258
-226
-171
-110
-92
-128
-190
-196
-138
-61
-13
-5
6
0
-50
-151
-231
-237
-227
-281
-417
-572
-687
-746
-720
-624
-515
-471
-481
-503
-492
-457
-385
-284
-186
-107
-57
39
179
299
319
271
284
362
459
521
571
563
459
269
137
141
233
256
134
-29
-90
4
173
315
366
330
281
273
314
337
343
367
419
482
495
470
404
322
254
209
231
269
274
170
42
20
110
195
164
73
20
20
55
55
33
4
8
50
89
76
-18
-137
-200
-193
-189
-254
-330
-317
-210
-88
-21
-17
-47
-110
-168
-156
-72
32
61
42
2
-25
-42
-38
-15
-1
-16
-58
-102
-116
-84
-50
-21
-17
-1
25
78
189
298
340
266
153
79
65
65
46
9
-48
-127
-193
-177
-59
102
203
214
143
46
-36
-56
-21
5
-12
-66
-83
-82
-62
-30
16
41
-31
-155
-239
-185
-46
60
83
38
-12
-93
-208
-342
-443
-491
-471
-381
-246
-158
-181
-284
-371
-368
-312
-212
-85
21
38
-51
-111
-88
2
55
68
60
37
-29
-111
-134
-78
2
-1
-54
-98
-70
-43
-48
-57
-29
0
-39
-76
7
213
398
442
429
455
488
435
295
161
39
-38
-31
70
155
118
18
-56
-64
-89
-152
-178
-111
15
80
57
8
-58
-155
-258
-304
-286
-304
-344
-379
-356
-340
-353
-341
-273
-202
-249
-374
-435
-344
-192
-102
-82
-49
14
35
-19
-91
-103
-49
35
134
188
189
143
199
349
522
579
545
496
431
342
242
280
410
548
573
551
578
613
595
461
367
354
390
359
277
234
242
294
354
388
310
141
-24
-78
-65
-41
-37
-17
27
63
98
154
226
249
188
100
83
121
182
175
135
48
-22
-64
-108
-177
-288
-361
-373
-323
-266
-274
-329
-418
-473
-467
-379
-223
-85
-72
-210
-380
-403
-263
-139
-161
-282
-316
-235
-96
-40
-71
-160
-171
-109
-31
-30
-74
-92
-87
-95
-177
-223
-191
-74
-16
-83
-210
-295
-286
-276
-268
-283
-281
-321
-375
-413
-405
-401
-425
-429
-363
-254
-163
-116
-89
-75
-87
-79
-13
81
126
85
28
-2
-15
-3
56
182
277
292
247
233
280
294
240
114
33
-16
-28
-17
15
27
-30
-95
-116
-63
-4
70
161
269
322
272
169
106
133
196
237
250
276
316
333
325
307
303
301
338
399
436
376
253
150
94
65
57
94
136
100
-73
-245
-291
-142
41
128
49
-100
-174
-58
189
362
347
194
86
78
128
142
80
31
65
188
267
232
145
96
167
293
404
394
281
136
41
39
115
201
212
110
-56
-210
-281
-244
-128
-29
-23
-83
-144
-119
-50
36
61
13
-93
-203
-276
-246
-156
-31
-4
-66
-175
-231
-203
-157
-164
-253
-372
-423
-360
-225
-139
-159
-236
-284
-293
-297
-295
-278
-253
-289
-365
-447
-461
-416
-372
-344
-315
-223
-113
-74
-122
-193
-182
-117
-18
76
173
200
118
-26
-127
-89
2
77
58
43
71
205
325
391
305
189
134
224
364
405
353
279
337
469
545
461
272
138
108
155
185
163
65
-68
-205
-275
-294
-249
-185
-124
-143
-225
-277
-239
-185
-253
-393
-465
-398
-271
-179
-135
-109
-63
24
102
135
126
87
41
-41
-87
-118
-122
-128
-98
-52
-22
-38
-46
-27
6
-20
-112
-197
-192
-87
37
101
109
116
136
125
95
68
89
112
152
188
210
216
188
152
73
37
52
108
118
63
25
8
51
114
244
402
524
537
428
299
237
278
329
309
182
1
-177
-255
-216
-119
-62
-51
-28
47
97
88
50
71
114
122
67
39
102
251
400
449
350
108
-144
-285
-204
-34
90
24
-131
-251
-292
-270
-241
-154
-32
83
136
110
38
-43
-37
71
200
225
150
63
17
47
122
222
238
121
-57
-167
-105
26
81
-8
-129
-133
-21
106
141
49
-128
-310
-386
-310
-152
-36
-35
-97
-120
-68
2
-13
-121
-262
-349
-365
-336
-307
-309
-332
-344
-312
-263
-245
-297
-382
-421
-381
-269
-199
-217
-304
-348
-247
-62
121
169
89
-108
-261
-296
-188
-81
-70
-150
-274
-331
-305
-207
-114
-38
46
134
179
191
214
262
272
187
58
-47
-75
-57
-24
27
98
154
153
141
136
151
98
18
-20
62
256
435
507
440
378
369
408
419
387
309
142
-30
-110
11
233
424
484
406
262
134
98
145
220
238
210
153
163
201
238
242
202
162
135
175
254
286
204
81
-15
-13
-2
-36
-93
-158
-132
-132
-137
-186
-184
-84
60
182
135
-70
-317
-366
-195
11
12
-144
-264
-235
-90
60
176
194
106
12
-18
52
111
99
31
-17
-75
-180
-321
-314
-131
99
199
103
-72
-243
-288
-202
-49
48
6
-73
-120
-97
-131
-190
-212
-136
-78
-131
-253
-361
-377
-373
-359
-363
-389
-397
-390
-262
-137
-23
-8
10
12
-18
-98
-151
-82
17
54
-41
-102
-72
-23
-34
-99
-70
3
81
80
41
9
-32
-64
-110
-106
-84
-28
65
176
232
224
237
328
376
225
-33
-218
-184
-98
-91
-177
-254
-249
-182
-26
159
268
190
19
-46
37
204
314
400
377
222
-62
-312
-338
-211
-37
-40
-122
-272
-329
-305
-189
-104
-148
-253
-265
-80
192
340
326
235
209
278
398
516
573
501
323
93
-1
26
128
178
189
136
19
-85
-69
104
227
278
255
321
358
316
254
260
321
273
151
47
24
26
63
143
283
344
334
234
137
59
-12
-25
-38
33
21
-26
-159
-225
-213
-177
-94
-22
91
52
-79
-261
-308
-257
-194
-141
-96
-44
-103
-192
-213
-55
165
315
368
352
333
287
225
132
52
-38
-98
-163
-259
-414
-573
-543
-333
-77
15
-82
-200
-252
-186
-131
-111
-120
-70
15
40
-31
-198
-310
-308
-192
-114
-150
-226
-191
-110
-116
-296
-489
-500
-365
-180
-148
-185
-294
-375
-443
-397
-248
-57
63
75
-5
-128
-222
-220
-190
-178
-218
-189
-135
-100
-164
-183
-103
101
276
328
223
72
47
193
359
397
303
215
201
212
230
239
289
357
382
315
171
118
183
301
301
210
105
67
88
147
240
302
346
315
302
284
328
369
355
264
110
5
-45
-55
-80
-137
-124
-46
24
-34
-185
-297
-321
-299
-231
-31
192
315
214
104
112
212
304
267
207
145
169
191
223
258
296
245
60
-128
-235
-170
-30
130
146
6
-226
-316
-207
21
176
134
32
-91
-123
-126
-107
-78
-138
-242
-335
-310
-180
-82
-73
-161
-285
-413
-463
-387
-148
48
99
-67
-193
-136
99
232
126
-96
-223
-198
-122
-59
7
35
3
-84
-135
-79
68
185
200
87
-42
-131
-132
-67
5
73
76
51
-41
-126
-133
-27
92
85
-6
6
147
273
275
195
128
-6
-138
-191
-60
133
233
84
-205
-385
-235
140
351
333
53
-169
-368
-345
-227
-90
-86
-155
-154
-133
-132
-237
-277
-256
-201
-117
-79
-49
-114
-86
-6
-25
-247
-545
-568
-329
0
26
-315
-745
-871
-539
-83
176
99
-132
-340
-343
-131
123
277
211
108
-17
-6
153
362
401
266
153
215
314
348
353
292
278
222
218
180
205
300
333
230
93
166
373
584
603
513
428
429
560
588
574
496
526
478
291
53
13
155
315
334
261
213
198
229
161
144
99
113
38
-22
0
28
48
-18
-52
-5
53
214
213
133
-156
-366
-432
-375
-234
-156
-63
14
83
141
92
-7
-159
-274
-293
-213
-114
-110
-234
-361
-379
-245
-20
167
254
147
15
-83
-19
39
57
-3
-121
-363
-638
-767
-604
-328
-233
-452
-749
-786
-499
-187
-166
-385
-562
-439
-189
-90
-240
-420
-466
-374
-313
-145
44
199
81
-279
-486
-465
-179
-15
-35
-57
-33
235
326
296
-6
-193
-170
93
315
295
43
-192
-238
-121
-2
-35
-171
-301
-265
-108
27
6
-114
-205
-78
154
354
316
160
130
282
445
438
230
37
-91
-50
28
69
114
211
331
372
282
204
245
431
643
703
561
372
170
126
103
189
212
187
65
-97
-147
17
312
445
321
153
170
287
335
283
293
462
643
707
503
226
39
61
222
321
264
43
-149
-254
-258
-198
-52
131
183
122
78
146
262
194
93
28
119
166
126
-61
-377
-803
-1158
-1074
-541
204
582
398
-20
-302
-6
638
1393
1704
1401
682
4
-229
2
520
909
967
519
-162
-804
-1080
-992
-904
-999
-1316
-1550
-1553
-1340
-938
-621
-504
-630
-681
-467
-82
207
119
-201
-510
-397
-53
304
272
-80
-496
-705
-530
-306
-192
-408
-685
-862
-799
-590
-448
-550
-946
-1307
-1397
-1077
-666
-432
-466
-606
-483
-175
146
189
49
-92
-95
112
371
558
558
527
575
689
825
774
612
267
-44
-196
-42
380
631
530
163
60
369
816
990
759
456
439
886
1476
1752
1514
944
565
566
893
1116
986
562
99
-133
-165
-171
-302
-578
-728
-731
-555
-426
-311
-172
4
183
270
348
398
492
586
690
796
873
892
752
532
386
384
369
158
-172
-451
-544
-567
-589
-704
-811
-790
-617
-370
-272
-324
-424
-401
-190
63
295
373
339
172
2
-84
-132
-281
-588
-703
-341
469
1104
958
98
-794
-839
-30
938
1171
442
-606
-1177
-884
-160
243
-72
-866
-1506
-1634
-1365
-1145
-1297
-1723
-1985
-1750
-1173
-704
-630
-734
-625
-135
517
973
1062
884
692
700
925
1221
1356
1237
967
776
793
934
1013
984
958
1047
1204
1320
1290
1132
933
931
1157
1416
1319
726
-204
-1085
-1571
-1502
-1108
-834
-999
-1475
-1924
-2168
-2210
-2156
-1973
-1722
-1457
-1282
-1208
-1161
-1072
-819
-306
466
1340
1981
2167
1893
1403
1019
853
882
872
669
173
-553
-1356
-2051
-2410
-2338
-1874
-1289
-889
-825
-965
-948
-505
415
1600
2711
3439
3669
3581
3546
3904
4658
5418
5746
5457
4707
3614
2259
718
-725
-1753
-2220
-2328
-2532
-3162
-4227
-5411
-6326
-6563
-5918
-4596
-3265
-2566
-2608
-2811
-2442
-1243
408
1946
3120
3940
4432
4458
4005
3302
2795
2649
2584
2145
1097
-377
-1995
-3441
-4551
-5190
-5408
-5402
-5438
-5565
-5620
-5349
-4716
-3833
-2847
-1754
-495
811
1950
2791
3531
4433
5578
6762
7682
8104
7946
7267
6367
5630
5371
5442
5439
4924
3628
1457
-1366
-4120
-5984
-6485
-5955
-5209
-5138
-5935
-7067
-7761
-7549
-6425
-4593
-2533
-800
131
239
84
480
1876
3935
5928
7237
7640
7157
5927
4312
2818
1884
1459
1019
49
-1603
-3583
-5405
-6641
-7190
-7170
-6803
-6277
-5747
-5293
-4796
-4023
-2760
-1095
602
1900
2676
3135
3585
4168
4878
5608
6243
6661
6802
6679
6337
5780
5046
4270
3672
3332
3208
2985
2207
441
-2152
-4708
-6226
-6245
-5226
-4180
-4028
-4857
-5977
-6614
-6420
-5444
-3886
-2134
-722
-77
-200
-507
-212
1096
3086
4987
6133
6286
5622
4459
3149
2016
1314
891
291
-861
-2453
-4028
-5235
-5956
-6305
-6321
-6032
-5465
-4726
-3926
-3047
-2060
-922
309
1568
2656
3467
3977
4347
4687
5037
5365
5596
5676
5553
5261
4861
4437
4002
3530
3028
2614
2432
2360
1854
284
-2320
-4980
-6501
-6398
-5279
-4253
-4046
-4531
-5133
-5481
-5399
-4645
-3009
-843
933
1592
1301
1022
1546
2885
4474
5841
6707
6793
5821
3952
1897
466
-136
-452
-1156
-2397
-3816
-5045
-5998
-6650
-6828
-6411
-5598
-4832
-4255
-3591
-2472
-980
511
1777
2932
4047
4860
5054
4723
4386
4482
4891
5161
5008
4631
4336
4088
3580
2741
1993
1811
2251
2867
2955
1880
-488
-3451
-5715
-6312
-5286
-3753
-3018
-3563
-4822
-5873
-6199
-5630
-4156
-2023
75
1326
1453
1000
935
1809
3417
5123
6404
6931
6502
5058
2985
1001
-238
-758
-1157
-2003
-3354
-4824
-6036
-6799
-7045
-6725
-5922
-4963
-4195
-3596
-2814
-1571
26
1659
3097
4290
5163
5507
5184
4486
4001
4111
4526
4643
4146
3315
2641
2261
1993
1709
1624
1979
2684
3289
3105
1666
-910
-3727
-5663
-6079
-5197
-3979
-3494
-4146
-5413
-6411
-6586
-5754
-4005
-1731
312
1405
1394
856
738
1598
3296
5175
6564
7003
6308
4646
2512
603
-613
-1155
-1510
-2174
-3296
-4667
-5903
-6708
-6897
-6434
-5433
-4245
-3315
-2808
-2373
-1465
159
2199
4096
5425
6020
5880
5114
4088
3443
3617
4419
5100
5006
4112
2990
2258
2039
2118
2355
2862
3568
4075
3745
2170
-494
-3414
-5526
-6232
-5709
-4805
-4426
-4955
-6004
-6809
-6853
-5992
-4371
-2255
-135
1366
1872
1676
1627
2409
3994
5797
7199
7764
7310
5876
3837
1763
124
-1008
-1920
-2941
-4193
-5580
-6874
-7778
-8032
-7503
-6330
-4939
-3852
-3246
-2741
-1742
33
2310
4494
6044
6720
6538
5741
4780
4233
4399
5004
5369
5024
4072
3020
2230
1704
1369
1377
1872
2614
3059
2665
1117
-1497
-4426
-6512
-6952
-5920
-4457
-3721
-4179
-5332
-6288
-6405
-5481
-3549
-1015
1331
2646
2675
2015
1671
2296
3701
5253
6381
6768
6199
4615
2346
74
-1577
-2485
-3120
-3980
-5215
-6553
-7690
-8377
-8419
-7659
-6141
-4304
-2799
-2048
-1740
-1165
202
2224
4347
5994
6819
6728
5843
4608
3705
3701
4471
5238
5228
4361
3177
2200
1550
1172
1190
1775
2737
3505
3457
2240
-90
-2934
-5336
-6475
-6095
-4742
-3459
-3154
-3918
-5041
-5670
-5235
-3678
-1345
1032
2688
3196
2777
2185
2157
2955
4241
5447
6027
5701
4453
2544
417
-1442
-2785
-3686
-4427
-5237
-6198
-7126
-7661
-7508
-6676
-5379
-3859
-2363
-1124
-247
471
1372
2717
4385
5941
6855
6868
6095
4961
4020
3695
4039
4621
4854
4406
3452
2461
1767
1453
1470
1824
2392
2955
3130
2480
672
-2067
-4816
-6526
-6680
-5661
-4403
-3793
-4060
-4787
-5349
-5214
-4083
-2019
390
2300
3176
3202
3028
3158
3596
4128
4589
4843
4578
3518
1696
-478
-2510
-4113
-5259
-6062
-6616
-7024
-7334
-7496
-7284
-6558
-5358
-3894
-2354
-901
316
1257
2070
3016
4165
5288
5991
6053
5517
4640
3746
3146
2997
3182
3348
3188
2663
1986
1375
918
698
857
1488
2450
3302
3382
2070
-623
-3794
-6136
-6857
-6157
-4906
-4036
-3979
-4561
-5170
-5162
-4177
-2308
-66
1956
3335
4038
4219
4159
4060
4090
4237
4340
4149
3494
2355
744
-1254
-3424
-5340
-6627
-7180
-7210
-6984
-6603
-6013
-5227
-4374
-3447
-2219
-566
1205
2592
3434
4070
4837
5643
6072
5897
5320
4682
4095
3492
2894
2458
2237
2066
1793
1486
1346
1412
1564
1739
2088
2756
3674
4414
4314
2828
69
-3052
-5394
-6341
-6063
-5263
-4669
-4608
-4847
-4909
-4510
-3609
-2277
-602
1220
2877
4030
4524
4500
4239
3954
3717
3583
3515
3313
2616
1134
-1095
-3613
-5794
-7235
-7838
-7670
-6893
-5840
-4954
-4474
-4213
-3684
-2507
-788
1024
2544
3731
4677
5381
5699
5542
4980
4236
3551
3047
2725
2454
2094
1570
1012
636
604
860
1238
1640
2127
2761
3483
4074
4192
3400
1460
-1323
-4135
-6117
-6864
-6567
-5838
-5239
-4940
-4742
-4465
-4061
-3450
-2389
-702
1391
3315
4515
4879
4661
4178
3652
3279
3217
3405
3415
2651
839
-1729
-4361
-6454
-7687
-7989
-7446
-6346
-5146
-4267
-3801
-3432
-2660
-1232
657
2580
4183
5319
5886
5871
5389
4719
4074
3519
3022
2562
2178
1828
1358
657
-103
-520
-276
545
1532
2292
2732
2998
3285
3690
4055
3912
2715
375
-2550
-5069
-6403
-6423
-5654
-4768
-4128
-3820
-3863
-4154
-4282
-3671
-2039
296
2574
4108
4626
4312
3547
2779
2424
2682
3329
3695
3088
1261
-1376
-4134
-6361
-7634
-7692
-6677
-5189
-4001
-3507
-3457
-3293
-2560
-1150
800
2975
4919
6109
6239
5488
4429
3576
3083
2809
2603
2367
1976
1244
139
-1018
-1712
-1607
-780
434
1640
2566
3108
3406
3764
4429
5279
5699
4909
2600
-655
-3756
-5737
-6313
-5825
-4954
-4303
-4205
-4695
-5516
-6084
-5691
-4005
-1384
1315
3296
4230
4269
3801
3261
3085
3556
4466
5081
4609
2798
78
-2822
-5254
-6807
-7233
-6596
-5367
-4276
-3833
-3928
-3982
-3427
-2084
-65
2347
4647
6167
6448
5606
4257
3081
2449
2325
2467
2596
2428
1669
252
-1471
-2888
-3503
-3181
-2028
-343
1375
2541
2913
2881
3151
4102
5485
6601
6665
5174
2294
-1125
-3966
-5487
-5679
-5198
-4858
-5096
-5834
-6665
-7112
-6715
-5298
-3152
-956
711
1715
2255
2590
2863
3225
3787
4501
4999
4802
3647
1721
-513
-2596
-4248
-5282
-5620
-5393
-4969
-4700
-4627
-4461
-3839
-2602
-866
1086
2903
4235
4829
4651
3923
2977
2177
1791
1855
2047
1862
997
-402
-1866
-2906
-3235
-2828
-1870
-655
582
1706
2691
3559
4422
5401
6494
7533
8138
7827
6230
3519
409
-2287
-4145
-5191
-5692
-5922
-6040
-6098
-6169
-6282
-6290
-5864
-4787
-3162
-1305
485
2091
3449
4470
5070
5343
5489
5607
5543
5091
4146
2759
1027
-942
-2916
-4569
-5588
-5919
-5734
-5270
-4659
-3945
-3174
-2399
-1596
-598
682
2073
3208
3818
3888
3532
2845
1900
834
-104
-707
-957
-1047
-1198
-1538
-2023
-2390
-2212
-1132
818
3151
5161
6388
6835
6873
6896
7164
7606
7753
6877
4557
1132
-2434
-5153
-6598
-6955
-6748
-6441
-6337
-6629
-7332
-8117
-8361
-7579
-5762
-3342
-832
1371
3028
4026
4501
4825
5371
6198
6974
7230
6641
5133
2824
20
-2778
-4971
-6171
-6424
-6162
-5855
-5774
-5937
-6171
-6109
-5284
-3464
-900
1731
3754
4752
4625
3525
1950
604
35
214
599
618
96
-711
-1421
-1738
-1507
-684
631
2218
3800
5138
6056
6546
6758
6939
7229
7579
7702
7183
5680
3224
305
-2388
-4350
-5509
-6173
-6765
-7479
-8191
-8718
-8988
-8972
-8490
-7374
-5639
-3494
-1146
1242
3486
5416
6965
8200
9111
9505
9139
8005
6359
4495
2556
539
-1539
-3587
-5443
-6962
-8021
-8510
-8336
-7505
-6148
-4511
-2870
-1482
-472
241
927
1778
2676
3268
3289
2802
2091
1425
947
700
692
859
1042
1037
770
403
256
603
1546
2960
4473
5633
6142
6100
5872
5814
6050
6387
6381
5507
3538
768
-2141
-4592
-6380
-7620
-8507
-9143
-9564
-9854
-10035
-9928
-9176
-7532
-5037
-2010
1101
3835
5864
7090
7674
7921
8104
8321
8425
8089
7013
5117
2598
-170
-2748
-4739
-5955
-6509
-6736
-6911
-7141
-7377
-7476
-7217
-6381
-4917
-3041
-1170
344
1414
2171
2736
3115
3352
3590
3911
4204
4254
3962
3367
2589
1748
1004
525
377
506
801
1290
2029
2949
3808
4416
4795
5093
5373
5572
5575
5224
4273
2510
57
-2646
-5051
-6838
-7996
-8681
-9016
-8961
-8514
-7860
-7256
-6736
-6092
-5135
-3807
-2143
-150
2086
4321
6189
7452
8155
8490
8634
8630
8459
7940
6821
4905
2283
-674
-3487
-5802
-7486
-8519
-8948
-8896
-8566
-8101
-7518
-6765
-5798
-4582
-3055
-1191
906
2914
4432
5203
5292
5049
4903
5115
5614
6084
6200
5760
4696
3095
1276
-281
-1185
-1334
-869
-35
858
1479
1634
1475
1421
1857
2812
3985
4917
5191
4557
3009
899
-1243
-2909
-3952
-4565
-5077
-5688
-6412
-7225
-8009
-8548
-8502
-7626
-5947
-3740
-1409
770
2634
4166
5395
6463
7544
8673
9595
9852
9163
7584
5438
3078
841
-1007
-2409
-3583
-4838
-6271
-7711
-8879
-9581
-9726
-9275
-8261
-6841
-5274
-3806
-2530
-1376
-168
1236
2853
4544
6053
7100
7487
7200
6425
5438
4473
3600
2773
1905
960
5
-801
-1242
-1183
-618
326
1443
2469
3129
3326
3210
3098
3209
3509
3734
3518
2623
1048
-944
-2906
-4411
-5237
-5488
-5433
-5317
-5329
-5619
-6240
-6962
-7336
-6976
-5781
-3921
-1625
853
3225
5175
6509
7276
7690
7972
8144
8074
7589
6579
5009
2876
320
-2327
-4606
-6224
-7238
-7942
-8580
-9160
-9567
-9686
-9408
-8606
-7209
-5340
-3285
-1294
499
2037
3234
4069
4665
5232
5889
6556
7040
7200
7000
6438
5506
4282
2981
1863
1082
663
537
604
722
761
653
466
396
639
1262
2187
3250
4257
4918
4884
3913
2128
-20
-2025
-3648
-4948
-6027
-6867
-7373
-7535
-7434
-7115
-6577
-5814
-4858
-3658
-2111
-145
2078
4194
5808
6748
7118
7128
6909
6514
5955
5240
4326
3144
1642
-133
-2072
-4055
-5964
-7626
-8823
-9420
-9454
-9059
-8330
-7293
-6006
-4591
-3147
-1671
-132
1396
2776
3918
4850
5547
5958
6101
6121
6097
5898
5357
4495
3538
2677
1953
1385
1069
1092
1378
1740
2048
2272
2393
2301
1955
1452
1020
776
691
727
922
1300
1616
1487
661
-668
-2012
-2942
-3345
-3374
-3224
-3077
-3110
-3514
-4301
-5195
-5825
-5950
-5629
-4978
-4072
-2913
-1570
-188
1126
2326
3400
4301
4900
5041
4638
3793
2736
1693
757
-106
-949
-1801
-2656
-3516
-4400
-5306
-6147
-6747
-6956
-6728
-6151
-5397
-4630
-3950
-3295
-2502
-1440
-90
1442
3005
4408
5517
6322
6937
7482
7924
8131
7983
7451
6557
5321
3846
2329
1010
20
-655
-1114
-1441
-1649
-1705
-1553
-1130
-389
644
1829
2993
4015
4892
5604
5992
5773
4800
3235
1406
-446
-2258
-3987
-5482
-6593
-7303
-7775
-8189
-8591
-8889
-8917
-8535
-7597
-5981
-3712
-1041
1636
4017
5959
7376
8161
8285
7895
7252
6541
5735
4629
3025
948
-1325
-3458
-5244
-6620
-7526
-7949
-7998
-7934
-7964
-8038
-7887
-7226
-5996
-4325
-2437
-517
1295
2913
4365
5741
7094
8307
9170
9515
9295
8557
7379
5907
4354
2939
1756
755
-125
-881
-1456
-1849
-2061
-2015
-1592
-776
266
1306
2202
2919
3436
3719
3791
3745
3631
3349
2695
1501
-242
-2319
-4374
-6047
-7153
-7693
-7780
-7551
-7158
-6760
-6450
-6191
-5831
-5281
-4582
-3788
-2844
-1607
-54
1694
3430
5011
6279
7051
7177
6693
5811
4743
3628
2525
1476
447
-644
-1870
-3206
-4513
-5617
-6379
-6761
-6814
-6599
-6176
-5611
-4973
-4271
-3449
-2431
-1176
313
1946
3550
4915
5917
6562
6952
7203
7365
7435
7355
7035
6395
5445
4342
3327
2571
2068
1654
1168
536
-227
-1076
-1892
-2484
-2645
-2353
-1811
-1266
-788
-309
204
713
1211
1734
2176
2216
1534
181
-1446
-2930
-4140
-5116
-5874
-6332
-6510
-6608
-6853
-7253
-7595
-7638
-7252
-6298
-4621
-2204
651
3428
5683
7235
8195
8769
9140
9360
9394
9083
8204
6633
4476
2044
-356
-2547
-4498
-6259
-7826
-9151
-10126
-10642
-10569
-9835
-8512
-6791
-4871
-2877
-889
1010
2739
4277
5684
7023
8260
9259
9880
10046
9734
8954
7783
6372
4927
3616
2487
1497
575
-340
-1344
-2507
-3750
-4779
-5273
-5120
-4467
-3563
-2604
-1721
-1017
-529
-212
29
241
370
308
46
-260
-483
-688
-1092
-1761
-2541
-3174
-3504
-3504
-3198
-2626
-1871
-1128
-657
-597
-820
-1028
-999
-732
-337
131
666
1199
1634
1950
2254
2608
2915
2995
2800
2454
2110
1785
1389
838
141
-678
-1579
-2484
-3235
-3680
-3804
-3725
-3621
-3583
-3582
-3468
-3067
-2269
-1141
147
1404
2498
3355
4014
4622
5302
6020
6624
6999
7103
6903
6317
5323
4035
2667
1361
136
-1063
-2229
-3306
-4248
-5065
-5762
-6244
-6375
-6064
-5352
-4347
-3200
-2082
-1166
-510
23
689
1631
2749
3776
4502
4856
4810
4231
3044
1440
-137
-1354
-2220
-2956
-3693
-4317
-4690
-4811
-4816
-4744
-4499
-4019
-3374
-2672
-1836
-690
781
2348
3691
4680
5325
5686
5749
5508
5072
4570
4088
3541
2819
1880
762
-502
-1912
-3412
-4857
-6042
-6832
-7213
-7221
-6891
-6251
-5384
-4382
-3281
-2075
-760
598
1923
3168
4352
5484
6512
7328
7821
7929
7620
6900
5839
4561
3213
1904
654
-591
-1879
-3163
-4325
-5238
-5822
-6067
-5999
-5670
-5143
-4454
-3603
-2580
-1408
-136
1188
2503
3717
4742
5567
6251
6868
7359
7554
7210
6199
4596
2668
723
-1039
-2553
-3827
-4841
-5548
-5949
-6117
-6092
-5797
-5130
-4153
-3093
-2133
-1256
-337
689
1787
2925
4078
5164
5956
6184
5694
4571
3063
1451
-42
-1228
-2028
-2541
-3040
-3754
-4730
-5807
-6733
-7268
-7224
-6534
-5311
-3870
-2612
-1802
-1419
-1170
-740
31
1123
2431
3817
5056
5887
6128
5843
5276
4631
3952
3173
2295
1359
399
-572
-1506
-2276
-2747
-2869
-2758
-2608
-2523
-2429
-2196
-1759
-1148
-414
377
1136
1784
2276
2661
3028
3441
3873
4248
4526
4666
4532
3896
2637
964
-695
-1973
-2804
-3323
-3666
-3886
-3995
-4041
-4075
-4064
-3881
-3420
-2765
-2100
-1483
-750
226
1367
2437
3249
3743
3890
3685
3162
2449
1707
1029
394
-250
-891
-1469
-1979
-2478
-2996
-3442
-3716
-3808
-3807
-3778
-3660
-3343
-2786
-2099
-1435
-865
-354
152
671
1257
2001
2938
3967
4874
5470
5668
5473
4926
4136
3285
2568
2041
1607
1120
506
-231
-1068
-1964
-2789
-3330
-3397
-3015
-2421
-1893
-1545
-1322
-1108
-782
-207
731
2011
3413
4595
5307
5524
5438
5260
5008
4538
3692
2493
1105
-310
-1635
-2831
-3853
-4662
-5201
-5485
-5619
-5684
-5638
-5321
-4653
-3714
-2629
-1446
-116
1324
2694
3748
4368
4625
4612
4336
3747
2910
1973
989
-142
-1491
-2937
-4227
-5206
-5870
-6278
-6431
-6285
-5830
-5106
-4196
-3170
-2090
-1032
-113
585
1088
1500
1902
2304
2681
3052
3402
3638
3614
3293
2788
2225
1684
1179
755
459
306
257
257
293
391
529
609
528
290
6
-215
-333
-342
-228
37
446
906
1282
1456
1428
1304
1236
1348
1681
2192
2770
3255
3462
3267
2668
1838
991
272
-309
-779
-1118
-1322
-1462
-1719
-2242
-3005
-3818
-4477
-4893
-5013
-4757
-4058
-2985
-1730
-474
673
1637
2278
2464
2194
1672
1177
855
646
408
64
-400
-978
-1667
-2405
-3091
-3645
-4026
-4204
-4149
-3852
-3340
-2683
-1952
-1222
-496
283
1192
2204
3182
3988
4589
5023
5283
5272
4920
4276
3471
2596
1689
840
220
-31
48
233
263
50
-284
-554
-679
-677
-523
-141
459
1105
1587
1841
1950
2013
2061
2071
2043
1991
1930
1830
1664
1467
1331
1287
1228
996
516
-132
-837
-1504
-2066
-2450
-2636
-2696
-2787
-3034
-3457
-3946
-4359
-4582
-4598
-4438
-4135
-3695
-3118
-2442
-1737
-1085
-524
-55
345
663
882
1012
1118
1236
1345
1386
1333
1183
909
430
-320
-1253
-2124
-2674
-2819
-2676
-2434
-2200
-2014
-1934
-2004
-2154
-2164
-1835
-1143
-230
731
1644
2464
3159
3713
4142
4487
4734
4806
4628
4215
3694
3189
2765
2411
2065
1650
1078
322
-559
-1375
-1904
-2023
-1785
-1358
-885
-440
-71
165
273
381
671
1254
2086
3009
3832
4385
4553
4317
3778
3077
2317
1520
711
-68
-805
-1510
-2193
-2839
-3416
-3899
-4307
-4734
-5243
-5728
-5952
-5749
-5172
-4375
-3464
-2455
-1400
-423
344
911
1427
2021
2633
3058
3161
2974
2576
1993
1229
354
-532
-1384
-2184
-2897
-3445
-3775
-3904
-3901
-3846
-3739
-3512
-3087
-2447
-1633
-683
376
1499
2584
3499
4161
4576
4810
4903
4873
4739
4562
4383
4167
3800
3208
2415
1526
667
-76
-639
-1011
-1218
-1334
-1429
-1522
-1570
-1491
-1220
-746
-114
599
1307
1936
2443
2838
3191
3568
3930
4136
4067
3728
3214
2623
1994
1321
533
-471
-1750
-3242
-4745
-6021
-6871
-7212
-7086
-6638
-6049
-5460
-4939
-4492
-4076
-3619
-3027
-2259
-1325
-315
642
1436
2001
2330
2440
2393
2267
2111
1886
1508
946
257
-448
-1066
-1537
-1836
-1987
-2036
-2063
-2103
-2120
-2037
-1796
-1407
-919
-366
203
720
1091
1280
1356
1448
1662
2003
2391
2704
2854
2815
2657
2486
2402
2448
2591
2720
2708
2494
2119
1699
1357
1150
1046
956
812
578
227
-232
-710
-1063
-1198
-1128
-927
-658
-363
-84
131
284
420
592
834
1131
1426
1608
1626
1523
1412
1330
1217
952
449
-296
-1195
-2113
-2924
-3535
-3908
-4027
-3943
-3741
-3538
-3425
-3394
-3357
-3185
-2794
-2181
-1384
-482
441
1252
1841
2198
2417
2614
2801
2914
2879
2685
2364
1956
1481
937
334
-294
-893
-1419
-1877
-2276
-2626
-2894
-3042
-3038
-2889
-2658
-2424
-2219
-1972
-1601
-1069
-398
375
1215
2060
2829
3444
3859
4064
4054
3841
3454
2943
2378
1830
1352
961
629
299
-57
-435
-789
-1082
-1298
-1410
-1376
-1156
-760
-235
344
898
1358
1672
1823
1846
1803
1757
1763
1845
1970
2042
1992
1789
1432
915
264
-460
-1161
-1771
-2244
-2561
-2748
-2862
-2959
-3030
-3055
-3006
-2873
-2636
-2317
-1982
-1682
-1419
-1172
-954
-791
-675
-559
-432
-329
-293
-305
-315
-298
-286
-335
-464
-665
-917
-1213
-1519
-1788
-1958
-2012
-1955
-1823
-1658
-1512
-1412
-1315
-1165
-924
-598
-201
259
764
1275
1742
2127
2442
2740
3050
3339
3568
3733
3847
3906
3882
3736
3430
2969
2431
1912
1476
1149
938
854
860
887
865
773
622
460
353
344
434
603
850
1181
1551
1833
1911
1766
1504
1246
1051
926
835
697
419
-46
-642
-1272
-1857
-2396
-2918
-3406
-3798
-4028
-4099
-4039
-3903
-3732
-3585
-3483
-3405
-3298
-3104
-2797
-2388
-1926
-1463
-1024
-621
-280
-42
49
10
-78
-111
-60
1
-26
-182
-416
-642
-757
-703
-508
-255
-35
144
296
445
610
827
1123
1485
1886
2301
2677
2944
3077
3133
3168
3167
3084
2916
2698
2425
2072
1656
1285
1076
1046
1111
1176
1183
1122
998
849
736
700
734
792
846
878
876
813
664
419
93
-277
-638
-935
-1133
-1215
-1185
-1083
-997
-999
-1092
-1215
-1320
-1408
-1484
-1554
-1618
-1694
-1786
-1880
-1981
-2123
-2335
-2588
-2805
-2920
-2930
-2880
-2820
-2778
-2757
-2755
-2752
-2706
-2577
-2342
-1986
-1502
-910
-263
384
987
1483
1813
1952
1938
1820
1639
1443
1296
1254
1319
1443
1529
1467
1210
839
518
379
437
635
901
1187
1473
1733
1909
1941
1863
1798
1838
1963
2095
2201
2295
2357
2326
2161
1887
1558
1231
934
682
461
263
109
32
59
159
260
282
180
-12
-197
-305
-334
-346
-372
-412
-467
-554
-687
-844
-995
-1114
-1198
-1238
-1229
-1185
-1138
-1126
-1168
-1251
-1352
-1466
-1631
-1857
-2103
-2270
-2309
-2254
-2184
-2149
-2157
-2212
-2318
-2433
-2468
-2335
-2022
-1587
-1114
-666
-273
40
283
485
684
879
1040
1164
1288
1436
1566
1614
1559
1427
1250
1033
787
538
328
178
91
75
153
328
576
860
1155
1451
1719
1924
2072
2212
2396
2608
2793
2883
2826
2604
2232
1767
1263
795
412
137
-74
-264
-414
-460
-372
-210
-71
-9
-9
-42
-80
-66
46
243
427
496
421
244
40
-142
-300
-456
-611
-739
-851
-993
-1211
-1486
-1763
-1971
-2079
-2106
-2102
-2118
-2181
-2315
-2519
-2720
-2805
-2722
-2516
-2254
-1962
-1649
-1342
-1069
-824
-579
-298
7
288
495
628
710
725
662
537
404
287
194
149
193
322
477
592
648
642
576
463
354
296
298
358
480
672
928
1220
1496
1701
1818
1859
1844
1798
1750
1725
1715
1678
1583
1438
1276
1122
949
729
445
141
-113
-242
-234
-118
73
295
480
557
521
414
306
248
265
324
358
335
256
99
-169
-521
-856
-1088
-1219
-1295
-1340
-1364
-1414
-1545
-1743
-1931
-2021
-2007
-1930
-1857
-1822
-1812
-1802
-1758
-1660
-1488
-1237
-943
-665
-440
-270
-129
-4
103
177
219
276
384
524
609
595
510
420
368
338
289
196
79
-9
-6
130
386
672
873
936
910
882
923
1061
1286
1577
1896
2202
2429
2534
2516
2432
2334
2260
2220
2215
2178
2016
1678
1224
780
431
179
6
-92
-124
-145
-237
-424
-650
-814
-870
-841
-804
-811
-859
-921
-994
-1073
-1103
-1023
-845
-664
-579
-635
-807
-1040
-1280
-1484
-1606
-1611
-1510
-1378
-1314
-1381
-1547
-1730
-1867
-1972
-2083
-2205
-2285
-2283
-2211
-2093
-1937
-1752
-1568
-1407
-1267
-1136
-997
-835
-637
-402
-151
94
322
544
762
949
1072
1106
1060
960
855
794
800
836
849
828
808
827
898
1016
1162
1308
1420
1491
1543
1612
1719
1855
2000
2136
2249
2313
2319
2277
2206
2123
2048
1982
1900
1761
1553
1306
1067
853
645
404
121
-156
-387
-546
-630
-630
-576
-531
-533
-568
-570
-509
-406
-311
-268
-309
-443
-639
-842
-1011
-1160
-1292
-1388
-1412
-1394
-1400
-1478
-1637
-1847
-2073
-2270
-2414
-2476
-2414
-2216
-1923
-1613
-1325
-1051
-776
-529
-339
-213
-128
-65
-24
-21
-54
-115
-213
-342
-465
-514
-475
-406
-356
-315
-219
-35
232
548
862
1124
1317
1465
1597
1740
1906
2085
2239
2332
2359
2374
2411
2447
2401
2210
1892
1530
1231
1055
990
961
885
712
466
214
46
21
131
307
471
587
648
666
650
618
577
507
406
287
166
9
-238
-583
-970
-1338
-1653
-1912
-2117
-2276
-2386
-2439
-2449
-2460
-2505
-2572
-2609
-2580
-2501
-2407
-2330
-2268
-2199
-2109
-1994
-1852
-1678
-1483
-1311
-1193
-1115
-1020
-867
-670
-480
-335
-232
-141
-34
105
279
470
657
803
885
905
891
883
917
1018
1189
1403
1587
1674
1660
1627
1687
1871
2125
2357
2516
2584
2586
2555
2525
2519
2533
2562
2593
2614
2603
2562
2493
2388
2219
1978
1678
1341
997
659
334
-1
-351
-694
-994
-1228
-1391
-1472
-1466
-1400
-1346
-1354
-1412
-1462
-1454
-1376
-1225
-1025
-833
-720
-723
-817
-952
-1092
-1223
-1343
-1458
-1587
-1740
-1915
-2082
-2220
-2323
-2386
-2402
-2392
-2387
-2371
-2283
-2075
-1756
-1379
-1003
-666
-365
-80
182
406
582
720
841
955
1061
1154
1233
1308
1363
1350
1222
1009
810
715
744
836
929
1003
1051
1078
1097
1120
1152
1185
1225
1268
1307
1332
1360
1414
1486
1524
1447
1252
1016
830
719
645
573
480
345
166
-28
-197
-302
-345
-356
-387
-464
-589
-751
-927
-1087
-1209
-1304
-1396
-1488
-1546
-1546
-1489
-1407
-1331
-1272
-1215
-1137
-1034
-927
-850
-816
-820
-862
-944
-1056
-1148
-1152
-1056
-924
-835
-797
-761
-683
-556
-410
-249
-78
106
284
440
568
668
726
748
758
777
793
782
736
672
617
585
581
593
630
695
785
876
954
1026
1094
1150
1177
1200
1253
1370
1552
1764
1957
2073
2068
1934
1696
1408
1142
934
753
534
247
-58
-328
-548
-739
-901
-1003
-1020
-952
-836
-691
-537
-398
-302
-266
-268
-273
-264
-252
-245
-222
-174
-118
-107
-193
-385
-632
-874
-1073
-1230
-1332
-1379
-1381
-1388
-1425
-1453
-1414
-1296
-1152
-1016
-880
-708
-499
-293
-140
-62
-43
-45
-33
9
64
89
53
-42
-162
-258
-294
-250
-138
7
152
265
342
376
379
344
282
221
186
184
213
269
356
463
580
705
817
902
951
978
1005
1040
1081
1100
1086
1047
990
911
814
724
662
623
596
553
464
311
105
-140
-419
-714
-972
-1125
-1145
-1062
-935
-816
-732
-706
-734
-784
-803
-751
-627
-440
-216
7
189
308
360
345
275
198
142
92
20
-78
-184
-292
-400
-503
-590
-659
-722
-786
-835
-841
-791
-679
-515
-320
-131
8
95
142
168
172
165
180
238
338
457
556
593
544
440
332
243
170
106
73
101
202
348
481
570
635
713
786
806
744
642
567
543
533
492
403
280
136
-5
-130
-224
-295
-357
-415
-459
-479
-482
-472
-455
-435
-401
-343
-253
-126
62
318
613
893
1100
1217
1254
1238
1176
1055
858
610
360
162
39
-35
-108
-224
-393
-604
-820
-990
-1072
-1062
-1003
-928
-852
-770
-674
-567
-449
-322
-186
-50
91
247
399
501
517
467
396
335
256
127
-48
-233
-413
-593
-759
-895
-1009
-1133
-1249
-1286
-1195
-999
-768
-570
-440
-380
-359
-321
-222
-58
122
282
418
532
605
630
634
653
688
698
646
518
322
90
-112
-221
-212
-120
-4
99
173
224
270
344
464
604
714
759
740
664
533
384
284
276
324
358
333
259
174
124
118
123
103
64
28
2
-30
-98
-211
-351
-470
-537
-565
-588
-641
-714
-796
-876
-950
-1006
-1009
-938
-813
-698
-636
-627
-638
-643
-626
-561
-425
-234
-17
170
278
288
245
213
222
239
213
124
-22
-170
-249
-230
-128
21
181
322
425
499
567
665
799
940
1052
1119
1152
1142
1064
908
707
519
396
364
408
474
492
430
317
221
176
180
223
312
436
553
622
643
637
618
590
560
534
503
458
395
317
225
107
-31
-166
-280
-376
-476
-571
-629
-639
-636
-661
-715
-775
-834
-892
-927
-908
-844
-789
-797
-872
-971
-1038
-1038
-980
-897
-816
-743
-689
-659
-637
-574
-442
-250
-48
109
204
243
252
246
233
222
227
255
312
388
467
520
534
521
503
501
502
480
427
362
304
252
197
149
130
145
174
195
197
181
153
109
37
-69
-192
-298
-353
-333
-240
-102
45
176
285
371
432
462
450
398
337
305
289
253
182
108
66
41
6
-60
-144
-240
-341
-452
-558
-628
-626
-559
-472
-428
-475
-600
-756
-893
-991
-1033
-1000
-902
-780
-680
-620
-588
-564
-526
-467
-365
-210
-18
160
276
326
338
338
342
366
403
434
461
514
608
718
807
854
865
845
800
736
665
607
577
590
636
694
743
786
828
858
854
805
731
655
584
487
349
181
22
-101
-169
-166
-106
-18
58
132
226
356
506
638
713
698
611
504
426
376
315
219
101
-4
-74
-124
-185
-282
-402
-518
-608
-671
-721
-760
-785
-799
-811
-822
-820
-799
-771
-747
-737
-737
-736
-745
-779
-845
-935
-1028
-1119
-1204
-1290
-1360
-1390
-1354
-1250
-1097
-917
-730
-565
-438
-323
-144
134
467
746
911
963
954
929
910
901
884
849
792
719
625
508
364
186
-25
-222
-336
-326
-227
-105
3
94
172
234
287
343
407
471
518
544
562
579
599
617
617
568
458
323
227
188
165
119
46
-32
-102
-154
-189
-214
-224
-220
-226
-282
-385
-490
-555
-575
-575
-579
-600
-622
-618
-569
-497
-438
-410
-411
-424
-433
-419
-385
-353
-336
-304
-237
-145
-66
-1
85
228
415
580
665
642
523
339
147
7
-49
-29
49
171
315
442
521
562
591
626
669
711
753
812
899
1004
1084
1114
1098
1049
963
843
717
619
556
511
475
445
421
388
313
162
-71
-340
-569
-704
-727
-649
-509
-358
-246
-194
-199
-244
-288
-292
-241
-173
-142
-172
-255
-355
-438
-505
-583
-690
-796
-868
-899
-914
-924
-912
-862
-778
-686
-593
-486
-361
-255
-210
-219
-231
-187
-81
50
142
165
144
122
129
147
170
200
230
222
154
57
-11
-17
18
77
163
270
363
411
422
417
415
417
416
419
444
493
527
508
430
339
278
282
346
420
425
328
175
35
-56
-100
-101
-65
-4
46
38
-49
-200
-354
-450
-460
-383
-252
-111
-16
5
-42
-142
-276
-421
-544
-633
-693
-732
-733
-689
-619
-567
-566
-610
-667
-693
-651
-543
-407
-294
-224
-181
-146
-114
-71
-6
66
124
137
113
75
44
28
31
60
119
190
249
281
284
276
287
343
436
532
595
629
654
677
677
642
579
507
448
422
427
433
408
342
258
187
156
171
201
222
217
199
186
174
159
145
149
173
201
209
177
101
10
-50
-52
-20
10
14
-16
-75
-134
-156
-130
-79
-44
-53
-100
-162
-195
-184
-132
-77
-60
-87
-124
-131
-115
-126
-193
-297
-392
-457
-484
-468
-421
-358
-289
-223
-186
-193
-239
-275
-273
-223
-141
-35
69
131
108
9
-110
-196
-240
-260
-258
-223
-154
-81
-16
43
106
160
191
212
235
249
232
192
151
120
82
32
-27
-93
-172
-257
-338
-408
-478
-551
-606
-603
-528
-408
-297
-225
-178
-122
-47
37
124
212
300
389
474
537
565
552
512
478
469
479
480
425
307
153
21
-50
-54
-17
28
55
63
70
100
153
212
258
282
286
270
245
212
159
67
-44
-123
-138
-99
-50
-30
-61
-132
-206
-245
-249
-240
-240
-239
-234
-217
-191
-146
-87
-40
-15
1
25
55
77
92
105
114
113
97
76
55
20
-35
-96
-131
-112
-66
-39
-62
-128
-211
-283
-326
-346
-365
-402
-447
-467
-437
-371
-278
-148
30
233
414
542
622
666
686
689
682
676
680
687
666
604
512
420
319
186
49
-33
-28
23
65
70
33
-36
-113
-186
-252
-294
-288
-237
-183
-162
-162
-161
-140
-90
-16
55
91
80
25
-56
-150
-242
-317
-349
-324
-245
-153
-103
-126
-199
-260
-259
-202
-133
-89
-80
-105
-149
-187
-192
-166
-129
-81
-27
8
-17
-101
-190
-227
-203
-131
-38
49
101
109
77
28
-24
-75
-130
-175
-190
-165
-119
-78
-39
2
40
64
84
127
193
266
320
353
358
343
338
368
414
424
372
295
257
285
342
364
317
221
117
30
-37
-90
-134
-166
-178
-190
-223
-274
-294
-244
-146
-69
-62
-107
-161
-200
-244
-302
-342
-331
-282
-230
-210
-217
-244
-277
-316
-354
-382
-385
-351
-289
-218
-166
-132
-113
-107
-118
-140
-161
-168
-168
-171
-166
-137
-83
-29
2
5
-14
-45
-56
-18
72
172
235
229
167
93
53
78
167
283
383
439
467
479
470
437
399
384
407
468
557
641
654
558
393
260
225
284
378
456
478
439
361
279
233
238
291
366
417
387
266
111
-8
-61
-79
-82
-84
-97
-145
-231
-327
-396
-412
-382
-337
-325
-367
-449
-522
-554
-529
-468
-397
-353
-365
-431
-513
-572
-602
-618
-611
-559
-461
-347
-268
-235
-233
-220
-172
-101
-43
-28
-35
-31
1
40
68
82
90
94
81
38
-23
-75
-105
-132
-185
-242
-259
-209
-131
-80
-80
-98
-85
-2
148
300
378
364
306
279
311
393
502
609
677
666
577
454
363
314
296
285
274
248
202
152
122
109
104
107
134
175
193
160
90
18
-43
-97
-135
-132
-95
-66
-61
-67
-71
-106
-198
-310
-367
-330
-245
-187
-202
-283
-376
-424
-397
-328
-270
-239
-215
-182
-141
-88
-12
66
115
139
160
188
218
260
322
385
409
390
358
340
333
317
272
194
107
49
37
41
28
-6
-24
9
85
171
232
269
286
289
276
250
225
208
202
195
178
152
145
194
277
336
349
349
349
318
232
119
25
-29
-47
-46
-46
-74
-137
-222
-310
-379
-412
-406
-378
-357
-367
-419
-483
-515
-483
-401
-303
-215
-169
-181
-235
-273
-282
-298
-373
-497
-599
-629
-584
-515
-469
-465
-482
-486
-453
-396
-360
-388
-478
-588
-665
-679
-627
-509
-336
-150
-7
68
102
133
168
197
216
236
264
304
346
380
406
419
420
419
430
456
487
516
536
530
479
407
358
350
361
358
335
289
223
137
57
16
24
58
81
81
58
23
-17
-53
-81
-88
-49
30
119
164
155
104
48
9
-2
-1
-3
-9
-7
-6
-17
-38
-47
-29
4
23
-3
-74
-169
-254
-316
-345
-347
-337
-321
-294
-249
-194
-134
-82
-40
