478
325
81
-144
-262
-273
-215
-135
-80
-76
-111
-118
-52
62
154
193
213
261
348
457
555
590
541
446
362
313
292
315
368
406
391
357
371
417
421
355
270
241
282
339
353
294
202
142
148
202
253
256
203
137
112
124
113
38
-87
-200
-251
-242
-219
-221
-250
-303
-379
-469
-535
-533
-456
-341
-214
-84
48
141
149
79
-16
-70
-58
-3
14
-66
-225
-373
-461
-508
-538
-554
-550
-532
-498
-445
-394
-367
-362
-337
-273
-194
-141
-108
-60
5
72
130
183
206
186
137
100
91
100
106
98
64
7
-54
-89
-93
-72
-23
55
141
207
245
263
262
231
174
93
8
-41
-11
63
85
9
-111
-196
-251
-336
-473
-600
-655
-640
-603
-570
-533
-489
-429
-326
-190
-106
-150
-297
-408
-404
-314
-213
-139
-96
-83
-104
-152
-220
-275
-267
-178
-39
80
156
192
207
214
239
304
399
483
516
515
531
609
742
903
1056
1175
1231
1186
1049
876
747
688
653
572
430
259
112
3
-73
-120
-141
-144
-135
-97
-11
92
146
97
-35
-169
-226
-188
-102
-56
-102
-224
-356
-464
-559
-639
-684
-693
-693
-690
-661
-584
-483
-407
-399
-459
-531
-570
-568
-549
-502
-406
-257
-103
15
94
152
207
258
288
282
243
193
173
205
268
290
221
79
-71
-155
-144
-46
99
251
393
499
555
559
555
590
677
760
771
691
579
496
467
469
472
443
352
217
68
-51
-143
-222
-289
-313
-278
-242
-275
-381
-495
-549
-512
-400
-264
-182
-202
-314
-440
-504
-491
-440
-393
-339
-269
-201
-172
-198
-265
-353
-429
-433
-348
-205
-71
16
38
6
-24
7
105
209
253
219
139
94
174
390
650
825
855
756
578
384
225
117
58
37
60
126
209
260
240
179
135
134
124
66
-15
-51
-28
7
6
-40
-109
-186
-275
-381
-495
-571
-567
-500
-434
-420
-458
-518
-581
-628
-631
-595
-568
-594
-656
-704
-699
-646
-556
-466
-405
-375
-333
-222
-30
187
343
392
358
312
298
339
427
521
553
495
396
337
355
436
528
597
628
643
646
619
533
408
318
313
375
421
405
347
311
335
393
419
368
253
121
20
-56
-127
-195
-238
-255
-269
-291
-294
-262
-199
-137
-109
-135
-205
-279
-308
-268
-178
-97
-71
-93
-119
-126
-129
-145
-178
-220
-227
-177
-100
-49
-50
-59
-34
46
162
254
269
224
200
244
317
356
365
397
478
575
638
653
640
614
556
445
305
191
121
79
28
-54
-158
-229
-199
-70
64
120
98
69
68
76
49
-35
-151
-240
-273
-290
-334
-411
-493
-560
-607
-640
-669
-697
-692
-624
-518
-443
-452
-531
-635
-710
-709
-616
-471
-360
-343
-409
-490
-529
-516
-468
-401
-324
-261
-223
-207
-174
-103
-14
58
95
131
196
280
331
325
288
256
242
254
319
433
535
574
569
576
595
565
460
309
172
102
108
162
216
242
244
221
172
100
37
9
31
90
144
164
153
142
139
125
76
10
-34
-38
-33
-61
-117
-162
-178
-198
-244
-305
-341
-341
-317
-285
-256
-242
-257
-300
-372
-469
-579
-639
-586
-421
-213
-30
105
212
299
343
330
283
270
308
357
347
254
145
99
144
244
333
395
454
536
618
649
619
585
584
591
555
472
372
284
227
217
239
238
174
78
22
38
119
220
298
321
296
251
210
178
141
85
12
-54
-99
-147
-210
-274
-303
-284
-227
-149
-81
-65
-100
-129
-107
-45
5
21
-3
-65
-129
-153
-129
-86
-60
-73
-132
-204
-243
-222
-177
-160
-209
-285
-329
-302
-217
-116
-59
-109
-263
-428
-497
-470
-418
-409
-432
-464
-486
-478
-425
-344
-287
-303
-378
-456
-487
-474
-477
-532
-620
-654
-582
-449
-350
-331
-332
-259
-95
98
242
321
362
396
406
370
274
132
-18
-130
-132
8
251
475
573
539
442
355
289
229
152
59
-9
5
109
216
217
92
-79
-189
-191
-103
6
80
130
214
362
534
660
688
609
459
311
222
194
191
193
197
205
215
219
205
169
116
81
89
131
169
181
182
186
161
88
3
-35
-6
61
130
195
272
367
453
477
414
312
239
225
229
194
111
24
-40
-92
-156
-221
-269
-318
-378
-405
-373
-319
-296
-288
-249
-188
-162
-190
-227
-228
-196
-165
-138
-100
-52
-22
-4
33
108
182
216
204
162
102
44
30
82
187
284
314
262
160
74
41
30
-8
-79
-137
-151
-131
-107
-105
-136
-200
-284
-372
-424
-435
-448
-492
-535
-510
-442
-396
-422
-483
-517
-498
-461
-470
-536
-609
-644
-645
-629
-595
-535
-485
-474
-492
-524
-562
-601
-594
-505
-348
-175
-53
1
-3
-5
32
71
72
59
108
229
358
429
440
428
425
445
496
573
633
649
626
611
628
672
706
690
609
508
465
515
601
644
632
609
606
625
650
654
590
458
316
248
286
381
445
412
280
108
-27
-73
-55
-40
-91
-195
-291
-328
-310
-289
-303
-350
-399
-390
-286
-112
46
124
124
69
-22
-116
-131
-47
58
81
14
-67
-90
-50
-1
11
-19
-58
-83
-109
-157
-199
-162
-10
206
383
464
441
332
161
-10
-111
-124
-79
-16
72
169
216
133
-68
-288
-416
-437
-413
-404
-424
-451
-452
-401
-320
-253
-234
-255
-275
-240
-135
-10
60
46
-3
-46
-70
-106
-154
-216
-298
-393
-489
-561
-613
-631
-623
-586
-515
-394
-238
-110
-80
-140
-215
-210
-93
78
210
244
204
161
175
253
363
447
472
449
425
417
405
367
295
205
131
109
152
218
261
275
292
331
378
401
388
356
338
354
380
363
256
91
-30
-64
-63
-99
-180
-250
-295
-314
-325
-332
-345
-348
-337
-341
-375
-405
-362
-240
-97
7
53
71
105
142
127
26
-102
-161
-131
-81
-95
-179
-272
-299
-248
-156
-78
-38
-20
2
55
128
197
238
267
320
414
523
605
625
563
445
332
291
321
357
333
254
164
94
28
-66
-183
-271
-280
-230
-187
-174
-143
-61
32
59
7
-69
-107
-96
-82
-121
-224
-336
-389
-369
-324
-284
-250
-234
-252
-322
-419
-493
-509
-456
-356
-243
-153
-91
-51
-38
-47
-64
-43
28
113
172
196
202
194
169
144
130
144
168
188
192
183
164
132
100
86
123
223
370
509
585
574
497
401
347
360
401
418
402
373
350
326
299
267
244
261
311
353
330
263
223
230
233
179
87
13
-15
-11
-18
-60
-130
-185
-200
-183
-143
-95
-80
-146
-296
-478
-631
-730
-773
-788
-806
-851
-878
-839
-731
-616
-554
-545
-551
-532
-478
-397
-330
-279
-237
-167
-70
11
41
27
18
25
7
-68
-171
-252
-291
-305
-299
-269
-209
-118
-15
71
124
167
206
224
223
251
335
412
403
313
213
148
111
93
82
71
63
98
199
307
323
213
48
-86
-155
-178
-181
-173
-126
-19
108
169
113
-9
-111
-137
-75
48
174
237
220
153
90
75
108
150
158
116
50
4
12
65
131
197
294
418
541
618
643
614
541
469
457
513
592
639
649
635
634
644
636
582
501
428
367
309
254
218
191
172
154
122
52
-49
-173
-306
-415
-450
-412
-361
-341
-323
-277
-212
-172
-161
-149
-129
-118
-147
-197
-240
-259
-255
-241
-227
-236
-273
-321
-354
-362
-362
-360
-349
-307
-231
-153
-122
-157
-231
-290
-299
-270
-246
-251
-282
-312
-330
-343
-368
-406
-427
-404
-339
-268
-221
-208
-222
-252
-279
-286
-256
-174
-40
127
279
371
380
329
262
205
167
155
176
196
174
90
-35
-182
-329
-467
-575
-618
-574
-486
-428
-434
-457
-452
-418
-367
-301
-211
-125
-77
-83
-119
-155
-184
-221
-272
-310
-318
-314
-327
-345
-331
-261
-149
-35
48
93
119
166
263
401
536
615
654
709
818
942
1027
1056
1061
1083
1127
1155
1129
1043
929
810
692
582
505
489
529
605
694
746
710
586
439
340
292
263
209
136
92
119
199
263
250
149
-9
-158
-247
-284
-317
-395
-510
-614
-659
-634
-596
-581
-571
-500
-362
-225
-155
-151
-157
-145
-131
-118
-94
-67
-73
-150
-303
-480
-621
-676
-645
-579
-528
-523
-535
-523
-474
-405
-333
-247
-163
-115
-128
-180
-209
-173
-77
43
180
325
441
488
451
351
214
76
-43
-134
-189
-186
-122
-35
23
27
30
82
172
213
165
84
40
37
45
34
-4
-56
-100
-108
-104
-132
-217
-341
-459
-526
-524
-459
-385
-346
-353
-372
-359
-311
-244
-183
-138
-120
-111
-95
-51
3
33
10
-59
-133
-191
-223
-235
-215
-145
-45
50
113
144
155
153
154
171
218
300
390
463
504
521
537
559
559
529
519
585
698
773
763
691
604
528
463
404
335
258
198
157
107
8
-133
-274
-354
-343
-268
-195
-166
-165
-157
-128
-97
-82
-97
-138
-189
-201
-137
-13
86
86
-12
-156
-290
-368
-358
-266
-153
-70
-21
41
165
338
479
513
457
389
370
381
383
375
364
346
328
337
387
433
432
365
262
164
115
130
164
165
104
20
-36
-45
-36
-62
-154
-298
-451
-565
-611
-606
-592
-597
-592
-545
-454
-369
-339
-375
-471
-586
-669
-678
-623
-542
-485
-470
-489
-496
-448
-340
-204
-84
-3
6
-45
-122
-167
-161
-116
-61
-29
-30
-50
-56
-35
0
24
27
20
26
72
162
265
343
399
462
551
646
710
695
597
450
318
238
202
161
97
45
44
89
135
146
120
78
29
-13
-57
-113
-200
-308
-417
-514
-606
-689
-731
-709
-614
-455
-260
-86
6
4
-65
-154
-228
-273
-287
-275
-240
-202
-181
-177
-180
-172
-149
-109
-64
-27
-1
26
53
65
51
29
21
57
140
246
337
388
418
455
516
587
662
729
783
824
840
814
745
665
612
608
638
655
588
426
251
185
254
390
508
575
588
538
463
408
403
418
402
342
263
196
129
20
-129
-268
-316
-260
-160
-108
-144
-253
-377
-475
-536
-582
-634
-690
-731
-752
-759
-760
-751
-725
-692
-647
-596
-550
-540
-570
-600
-578
-471
-296
-93
60
84
-19
-165
-253
-262
-227
-192
-161
-128
-83
-28
25
72
112
144
150
128
101
87
86
86
83
81
74
64
60
52
37
27
32
50
54
50
64
118
205
299
364
371
303
193
95
55
69
102
136
165
171
118
-2
-140
-228
-228
-179
-148
-175
-249
-317
-347
-342
-319
-273
-212
-170
-176
-215
-234
-185
-62
89
212
267
243
179
124
112
120
121
121
138
149
124
66
34
73
157
219
199
105
-12
-92
-95
-28
57
115
143
161
155
122
88
87
110
124
100
50
5
-10
9
38
54
61
73
99
128
154
170
177
179
180
178
146
95
64
85
118
93
0
-107
-163
-164
-140
-103
-50
-2
1
-50
-93
-64
29
107
120
89
58
30
-7
-30
20
155
317
412
400
329
263
212
156
75
-1
-48
-67
-75
-69
-26
67
187
298
367
378
340
287
243
227
228
225
191
119
52
41
86
120
95
27
-13
10
57
48
-65
-244
-406
-493
-515
-533
-599
-710
-816
-857
-836
-794
-774
-784
-795
-781
-731
-650
-562
-461
-346
-232
-153
-130
-140
-153
-151
-133
-108
-91
-79
-54
9
110
225
304
311
266
224
222
252
299
369
462
584
702
772
760
685
594
485
329
153
47
65
149
189
139
40
-41
-85
-85
-63
-46
-71
-134
-193
-220
-212
-198
-208
-262
-343
-422
-483
-534
-588
-645
-688
-693
-661
-622
-611
-626
-616
-543
-430
-342
-321
-328
-313
-263
-206
-149
-73
50
213
355
418
419
441
522
613
621
529
395
299
282
326
389
447
498
557
617
657
661
654
679
742
805
818
778
727
725
776
827
823
753
655
568
504
449
368
247
126
75
121
197
204
98
-77
-231
-307
-313
-313
-371
-485
-587
-623
-601
-582
-599
-619
-590
-492
-372
-282
-241
-260
-327
-412
-460
-451
-406
-381
-395
-426
-411
-329
-222
-168
-204
-283
-312
-224
-50
124
217
217
174
148
164
213
273
329
359
364
361
374
390
355
231
43
-124
-186
-158
-117
-101
-54
65
176
170
43
-123
-262
-350
-361
-275
-123
12
48
-13
-94
-117
-70
-28
-57
-183
-362
-526
-632
-683
-709
-708
-680
-633
-555
-399
-164
66
188
188
154
162
207
206
108
-46
-167
-214
-212
-189
-150
-92
-21
37
6
-190
-522
-778
-715
-335
93
250
51
-276
-372
-38
554
981
945
544
188
204
580
1028
1267
1231
1020
770
556
423
393
439
438
251
-98
-407
-463
-272
-69
-110
-455
-990
-1642
-2437
-3125
-2961
-1334
1259
3205
3131
1306
-434
-339
1593
3651
4103
2721
711
-618
-799
-116
922
1800
1942
940
-926
-2545
-2737
-1356
413
1081
263
-990
-1271
-190
1402
2368
2298
1577
767
109
-371
-598
-480
-237
-392
-1252
-2409
-2993
-2517
-1369
-408
-141
-362
-535
-376
-25
232
285
165
-131
-645
-1287
-1754
-1775
-1370
-911
-811
-1120
-1478
-1455
-977
-349
78
188
88
-56
-125
-65
129
393
598
618
434
186
92
295
753
1267
1596
1635
1469
1305
1331
1620
2114
2621
2868
2680
2177
1700
1521
1557
1336
278
-1798
-4248
-5840
-5711
-4194
-2620
-2148
-2806
-3533
-3168
-1442
868
2649
3280
2834
1820
920
779
1642
3008
3810
3186
1196
-1115
-2486
-2454
-1723
-1462
-2213
-3525
-4490
-4459
-3337
-1542
227
1334
1580
1296
1043
1209
1750
2320
2517
2131
1172
-124
-1289
-1782
-1374
-428
290
258
-336
-725
-220
1192
2814
3777
3714
3005
2425
2488
3075
3580
3415
2421
935
-437
-1110
-820
160
1087
1260
636
-81
-10
1094
2556
3298
2765
1384
152
-235
48
72
-1103
-3465
-5808
-6680
-5705
-3900
-2656
-2578
-3161
-3400
-2626
-937
1019
2556
3236
2953
2003
1093
928
1585
2361
2330
1139
-659
-2084
-2564
-2399
-2324
-2728
-3433
-4082
-4430
-4259
-3445
-2244
-1289
-1026
-1230
-1183
-372
918
1801
1692
967
529
782
1327
1584
1431
1168
1095
1282
1651
2151
2782
3390
3639
3382
3017
3184
4022
4927
5127
4407
3265
2434
2244
2362
2205
1561
679
-341
-1842
-3953
-5895
-6491
-5467
-3956
-3517
-4599
-6062
-6240
-4564
-2013
-54
668
533
308
542
1424
2810
4207
4913
4395
2792
1001
65
207
572
26
-1733
-3940
-5487
-5785
-5039
-3925
-3091
-2813
-2949
-3055
-2586
-1221
765
2504
3162
2626
1569
829
767
1091
1210
760
-122
-963
-1277
-822
279
1580
2595
3171
3531
4031
4875
5994
7038
7550
7304
6503
5620
4994
4592
4064
3049
1513
-149
-1524
-2644
-3873
-5303
-6465
-6816
-6390
-5841
-5785
-6120
-6095
-5124
-3501
-2092
-1396
-1127
-712
48
917
1602
2069
2462
2763
2708
2134
1332
747
363
-350
-1732
-3412
-4615
-4964
-4791
-4681
-4741
-4492
-3521
-2111
-997
-500
-158
684
2017
3086
3120
2108
810
60
79
450
627
352
-259
-833
-903
-198
1094
2368
3052
3061
2889
3218
4349
5876
6979
7100
6347
5366
4805
4893
5321
5477
4844
3332
1264
-885
-2734
-4114
-5064
-5784
-6477
-7226
-7919
-8225
-7730
-6301
-4345
-2597
-1565
-1187
-924
-166
1298
3048
4304
4540
3895
2977
2365
2215
2199
1720
364
-1716
-3806
-5138
-5450
-5096
-4723
-4760
-5126
-5228
-4422
-2632
-570
770
951
493
391
1163
2339
2917
2352
1046
-85
-429
-71
529
995
1200
1157
982
960
1437
2488
3710
4473
4509
4249
4462
5450
6697
7382
7184
6492
5907
5672
5566
5177
4175
2414
-8
-2664
-4883
-6136
-6467
-6512
-6988
-8050
-9053
-9048
-7587
-5180
-2950
-1804
-1763
-1969
-1414
227
2321
3840
4163
3491
2602
2206
2366
2517
1993
565
-1411
-3253
-4371
-4640
-4453
-4428
-4940
-5832
-6470
-6151
-4716
-2808
-1434
-1098
-1353
-1233
-142
1583
2964
3273
2702
2110
2112
2591
3049
3173
2957
2502
1913
1366
1145
1508
2445
3580
4449
4885
5123
5481
6055
6709
7265
7579
7533
7002
5949
4481
2779
981
-805
-2416
-3693
-4672
-5601
-6689
-7809
-8514
-8431
-7622
-6525
-5525
-4687
-3834
-2796
-1480
96
1751
3144
3941
4108
4008
4128
4563
4794
4077
2168
-337
-2403
-3390
-3505
-3507
-3997
-5003
-6072
-6636
-6341
-5293
-3997
-3016
-2607
-2602
-2542
-1934
-627
1009
2286
2754
2576
2415
2839
3773
4536
4498
3687
2710
2157
2110
2230
2158
1888
1749
2094
2941
3935
4675
5049
5275
5648
6264
6870
7030
6488
5378
4032
2670
1319
-70
-1601
-3378
-5334
-7075
-8108
-8265
-7908
-7627
-7656
-7601
-6850
-5292
-3515
-2211
-1460
-733
438
1928
3173
3764
3784
3544
3143
2428
1366
247
-584
-1191
-1987
-3233
-4619
-5478
-5447
-4882
-4526
-4763
-5292
-5554
-5311
-4728
-3974
-2998
-1766
-539
257
555
878
1894
3636
5293
5893
5247
4117
3523
3859
4629
4999
4543
3549
2684
2472
3002
3930
4656
4702
4140
3642
3909
4969
6095
6475
5906
4858
3877
3060
2117
856
-593
-2019
-3384
-4750
-6022
-6929
-7284
-7224
-7090
-7020
-6766
-6015
-4862
-3754
-2994
-2392
-1495
-108
1475
2737
3381
3515
3424
3260
2979
2535
2028
1545
980
123
-1026
-2130
-2832
-3127
-3371
-3914
-4756
-5554
-5946
-5824
-5308
-4555
-3700
-2879
-2177
-1547
-829
137
1379
2713
3808
4393
4536
4589
4907
5528
6082
6102
5469
4629
4230
4510
5059
5193
4619
3765
3404
3878
4714
5040
4392
3095
1905
1303
1103
718
-235
-1593
-2886
-3808
-4385
-4783
-5083
-5283
-5423
-5589
-5761
-5730
-5290
-4500
-3720
-3307
-3255
-3182
-2703
-1795
-787
-17
438
689
832
893
962
1181
1567
1857
1671
883
-180
-997
-1349
-1520
-1991
-2944
-4076
-4924
-5277
-5265
-5064
-4680
-4062
-3302
-2626
-2090
-1458
-423
972
2298
3149
3536
3823
4294
4865
5203
5146
4935
4947
5277
5638
5733
5604
5541
5711
5928
5841
5313
4565
3928
3448
2872
2007
997
132
-531
-1204
-2045
-2927
-3550
-3807
-3894
-4064
-4300
-4356
-4116
-3812
-3783
-4073
-4352
-4254
-3800
-3408
-3450
-3781
-3807
-3081
-1812
-710
-281
-342
-204
632
1974
3094
3344
2708
1782
1242
1221
1247
743
-410
-1781
-2802
-3177
-3046
-2768
-2638
-2727
-2897
-2926
-2594
-1813
-765
129
483
308
80
359
1258
2299
2892
2921
2842
3151
3873
4581
4890
4854
4827
5027
5267
5180
4651
3947
3410
3096
2779
2244
1531
879
482
316
180
-85
-476
-844
-1038
-1012
-836
-637
-523
-583
-884
-1425
-2057
-2578
-2892
-3074
-3272
-3596
-4023
-4368
-4412
-4079
-3512
-2906
-2358
-1884
-1474
-1116
-790
-499
-280
-173
-227
-490
-932
-1396
-1660
-1635
-1482
-1457
-1652
-1897
-1949
-1669
-1120
-493
8
305
454
526
546
535
544
564
531
423
330
364
510
661
768
944
1315
1834
2245
2339
2174
2046
2218
2659
3090
3255
3142
2933
2806
2814
2894
2914
2756
2371
1849
1366
1108
1067
999
595
-168
-953
-1368
-1312
-1067
-998
-1266
-1735
-2143
-2334
-2351
-2354
-2427
-2511
-2513
-2453
-2447
-2575
-2783
-2922
-2904
-2766
-2575
-2322
-1949
-1496
-1100
-847
-681
-473
-150
248
633
944
1210
1465
1704
1855
1872
1799
1680
1544
1342
1054
634
111
-398
-719
-821
-870
-1030
-1259
-1341
-1153
-778
-399
-77
272
769
1407
2073
2642
3087
3430
3649
3701
3613
3481
3341
3144
2847
2520
2284
2161
2034
1748
1293
821
523
438
426
265
-166
-792
-1381
-1717
-1760
-1678
-1676
-1837
-2086
-2294
-2406
-2469
-2582
-2820
-3202
-3646
-3998
-4114
-3969
-3663
-3285
-2839
-2299
-1726
-1238
-863
-446
216
1167
2174
2851
2970
2687
2424
2492
2825
3043
2770
1932
814
-157
-703
-849
-844
-949
-1270
-1701
-2005
-1976
-1556
-924
-388
-149
-132
-63
269
864
1510
1933
1996
1818
1656
1652
1754
1859
1950
2020
1985
1749
1369
1059
979
1077
1085
763
126
-539
-908
-887
-674
-574
-767
-1160
-1485
-1524
-1325
-1127
-1143
-1452
-1967
-2555
-3025
-3235
-3152
-2921
-2791
-2895
-3118
-3150
-2750
-1964
-1142
-669
-621
-652
-288
593
1623
2297
2447
2311
2217
2276
2372
2352
2161
1841
1483
1154
909
771
715
640
438
106
-222
-384
-323
-96
180
419
597
758
958
1220
1530
1873
2214
2456
2496
2331
2080
1887
1795
1724
1559
1266
941
706
588
477
260
-35
-281
-426
-555
-742
-944
-1079
-1149
-1220
-1319
-1424
-1532
-1662
-1841
-2061
-2284
-2441
-2461
-2356
-2233
-2222
-2341
-2480
-2497
-2353
-2117
-1856
-1561
-1194
-756
-307
95
416
668
875
1038
1131
1167
1238
1426
1684
1864
1896
1847
1806
1757
1638
1423
1150
861
576
270
-62
-339
-450
-393
-299
-260
-204
3
401
886
1300
1528
1550
1453
1379
1430
1576
1655
1496
1070
519
24
-338
-601
-843
-1107
-1376
-1575
-1624
-1497
-1271
-1089
-1086
-1273
-1511
-1606
-1452
-1141
-902
-940
-1241
-1572
-1677
-1513
-1283
-1217
-1362
-1553
-1624
-1580
-1528
-1500
-1426
-1255
-1022
-795
-580
-318
51
493
876
1118
1284
1522
1865
2188
2349
2303
2122
1902
1691
1472
1199
835
370
-142
-542
-625
-328
169
569
731
765
907
1282
1791
2169
2183
1820
1310
957
928
1181
1496
1613
1354
791
202
-125
-105
94
223
149
-83
-309
-380
-250
-41
16
-253
-791
-1314
-1525
-1350
-1018
-854
-1011
-1330
-1510
-1375
-987
-558
-307
-375
-745
-1249
-1657
-1789
-1617
-1302
-1125
-1257
-1571
-1725
-1492
-961
-430
-114
35
206
531
976
1424
1738
1776
1461
881
353
197
437
724
665
194
-383
-684
-576
-224
122
334
444
503
536
564
651
858
1162
1415
1448
1240
985
923
1086
1266
1229
922
481
83
-176
-328
-454
-573
-628
-577
-486
-446
-423
-296
-17
266
367
279
175
224
413
587
602
442
192
-69
-309
-548
-799
-1030
-1180
-1206
-1179
-1232
-1431
-1671
-1750
-1535
-1073
-572
-248
-154
-153
-72
129
344
439
342
64
-290
-532
-532
-339
-190
-309
-709
-1181
-1448
-1399
-1153
-933
-871
-878
-782
-494
-87
335
740
1136
1459
1582
1458
1202
989
883
767
471
-13
-470
-648
-508
-246
-73
-10
69
246
475
672
812
913
986
1022
1024
1009
1002
1005
996
951
879
818
801
817
794
644
342
-29
-363
-599
-741
-793
-761
-667
-546
-429
-306
-140
122
462
760
865
785
687
700
736
587
151
-451
-971
-1232
-1289
-1348
-1509
-1665
-1641
-1420
-1094
-753
-396
1
421
790
1007
1050
978
869
736
532
271
20
-168
-305
-451
-646
-857
-1018
-1114
-1191
-1267
-1241
-1022
-667
-366
-215
-127
79
464
910
1235
1319
1210
1067
1066
1234
1407
1386
1130
795
571
515
554
573
483
276
41
-111
-159
-183
-240
-313
-353
-325
-209
2
266
500
634
637
515
298
45
-167
-269
-255
-224
-280
-450
-665
-829
-913
-933
-916
-899
-869
-823
-748
-690
-694
-741
-786
-780
-719
-612
-516
-531
-680
-839
-803
-535
-225
-122
-283
-522
-659
-666
-635
-611
-556
-455
-347
-259
-137
120
496
882
1120
1208
1277
1432
1626
1675
1513
1213
947
838
893
1044
1171
1195
1080
854
608
454
433
448
337
45
-293
-460
-362
-72
233
416
408
245
69
48
240
494
557
303
-161
-592
-840
-923
-921
-887
-843
-867
-1023
-1268
-1444
-1415
-1214
-1018
-980
-1084
-1158
-1052
-804
-593
-549
-607
-617
-528
-429
-392
-385
-332
-228
-90
82
266
382
360
240
173
302
624
963
1133
1112
1061
1136
1312
1437
1407
1300
1279
1428
1674
1878
1953
1904
1802
1681
1511
1239
879
513
214
-2
-171
-341
-544
-755
-900
-905
-765
-567
-434
-437
-542
-648
-676
-615
-513
-466
-540
-708
-845
-845
-732
-633
-638
-715
-812
-937
-1099
-1208
-1119
-842
-581
-571
-849
-1228
-1458
-1440
-1284
-1198
-1271
-1403
-1436
-1276
-956
-558
-180
120
335
493
631
776
946
1113
1205
1183
1108
1062
1054
1020
961
958
1075
1264
1413
1443
1353
1193
1010
881
868
980
1126
1180
1075
851
623
512
542
606
548
307
-26
-286
-347
-246
-159
-274
-606
-991
-1243
-1282
-1163
-1020
-956
-953
-886
-687
-460
-365
-450
-623
-754
-755
-601
-356
-195
-304
-699
-1163
-1392
-1275
-986
-811
-873
-1043
-1115
-989
-733
-483
-334
-279
-219
-47
261
581
750
725
669
751
965
1162
1265
1330
1401
1424
1337
1186
1081
1069
1090
1042
894
707
600
643
792
917
932
896
901
949
976
959
911
828
695
492
210
-134
-442
-621
-691
-778
-963
-1199
-1389
-1479
-1472
-1407
-1337
-1285
-1240
-1178
-1111
-1067
-1037
-994
-928
-849
-789
-760
-768
-781
-760
-692
-610
-559
-552
-576
-618
-686
-757
-795
-794
-815
-899
-959
-821
-403
182
720
1059
1211
1306
1467
1684
1835
1850
1781
1731
1730
1726
1670
1569
1489
1485
1540
1555
1426
1171
918
811
860
968
1027
992
917
880
924
993
979
825
567
303
112
15
2
56
141
181
119
-17
-160
-287
-460
-740
-1107
-1457
-1687
-1784
-1823
-1868
-1915
-1904
-1820
-1714
-1637
-1593
-1545
-1478
-1375
-1238
-1107
-1074
-1165
-1274
-1273
-1165
-1093
-1158
-1324
-1474
-1501
-1351
-1030
-633
-307
-147
-107
-37
178
523
855
1033
1045
1016
1092
1282
1452
1451
1244
952
731
682
772
888
915
827
677
551
519
609
789
965
1014
887
659
483
468
600
787
936
993
938
770
528
276
71
-83
-212
-327
-420
-482
-525
-539
-544
-590
-751
-1017
-1253
-1310
-1143
-874
-667
-588
-538
-363
-52
224
284
141
-17
-58
-14
-25
-176
-479
-854
-1160
-1247
-1100
-856
-647
-490
-306
-53
257
598
928
1175
1285
1284
1278
1339
1429
1463
1402
1298
1214
1145
1045
898
728
579
489
467
490
515
545
592
647
667
635
601
589
571
499
354
171
-1
-112
-127
-62
19
17
-124
-347
-529
-579
-537
-539
-680
-931
-1175
-1349
-1471
-1579
-1661
-1652
-1542
-1386
-1259
-1147
-1014
-874
-803
-841
-908
-915
-854
-806
-842
-936
-995
-951
-834
-752
-772
-877
-973
-977
-861
-647
-399
-186
-45
50
153
299
509
760
988
1100
1047
874
707
647
705
778
740
551
309
175
214
360
499
589
646
717
824
935
996
1009
1053
1170
1283
1271
1110
881
689
602
620
693
709
605
404
195
27
-112
-251
-401
-523
-549
-442
-273
-177
-223
-329
-347
-210
21
224
312
294
230
160
72
-56
-196
-292
-316
-313
-376
-536
-696
-708
-530
-318
-243
-347
-494
-532
-353
35
515
897
1082
1109
1052
937
737
488
261
130
72
17
-108
-273
-425
-532
-622
-703
-750
-733
-658
-586
-553
-557
-491
-283
92
568
1082
1544
1832
1826
1541
1121
745
494
341
234
117
-51
-307
-627
-965
-1252
-1455
-1543
-1501
-1352
-1191
-1115
-1110
-1029
-753
-314
143
479
634
602
445
282
221
271
360
398
355
237
101
12
2
9
-63
-246
-477
-661
-766
-830
-913
-1027
-1130
-1176
-1153
-1059
-885
-619
-306
-37
95
83
13
-12
43
123
185
229
265
233
102
-66
-138
-33
203
460
639
744
814
889
908
834
660
449
235
33
-142
-256
-216
-7
327
583
610
381
33
-293
-565
-801
-959
-932
-651
-195
282
644
833
867
775
628
465
336
241
216
303
522
810
1035
1095
936
624
266
-19
-199
-292
-363
-431
-489
-476
-387
-267
-211
-253
-352
-462
-543
-620
-636
-593
-445
-250
-30
153
248
268
248
249
262
284
302
326
340
353
407
536
706
821
832
754
624
445
274
200
271
398
501
550
548
439
180
-182
-549
-804
-882
-760
-555
-432
-532
-729
-832
-629
-211
229
476
485
363
186
101
55
58
-10
-107
-249
-424
-603
-724
-746
-770
-854
-1010
-1073
-966
-668
-349
-153
-161
-283
-344
-284
-126
-24
-12
-64
-146
-231
-358
-494
-623
-635
-461
-193
3
-11
-118
-175
-39
236
503
589
466
225
-38
-193
-187
4
212
345
371
385
405
387
293
168
142
250
487
695
802
727
559
360
274
326
501
646
593
348
75
54
292
626
826
872
799
646
391
170
33
41
67
121
139
99
-110
-449
-811
-1047
-1097
-996
-710
-344
68
342
509
530
446
213
-42
-257
-376
-546
-748
-903
-901
-779
-711
-789
-1016
-1203
-1197
-935
-580
-263
-125
-95
-198
-322
-402
-331
-135
43
118
112
193
387
620
672
639
650
868
1095
1173
1072
890
749
599
527
470
505
530
601
662
781
946
1165
1285
1161
768
324
159
324
672
804
671
310
49
-45
-10
-68
-288
-533
-668
-639
-604
-667
-860
-998
-941
-638
-304
-105
-182
-449
-730
-827
-665
-415
-259
-359
-641
-964
-1142
-1146
-1029
-882
-769
-660
-578
-491
-477
-452
-371
-173
33
144
84
-91
-271
-301
-137
165
409
486
384
253
249
409
625
654
489
218
64
-23
-35
60
343
674
861
814
619
416
345
386
455
423
345
342
383
417
232
-28
-258
-244
-137
-107
-237
-439
-609
-780
-933
-1051
-1014
-833
-533
-305
-161
-177
-178
-183
-29
164
357
360
177
-78
-249
-181
-62
-12
-228
-476
-686
-683
-600
-412
-260
-113
-58
-49
-75
-113
-144
-197
-212
-188
-81
56
207
296
350
390
459
549
569
531
381
279
224
334
489
713
824
865
754
625
558
570
694
741
786
722
807
963
1231
1306
1294
1186
1131
1045
938
939
912
824
454
78
-179
-119
80
201
69
-275
-593
-744
-703
-647
-674
-810
-849
-756
-557
-520
-640
-904
-1037
-1025
-887
-837
-946
-1116
-1248
-1176
-1044
-834
-712
-590
-508
-468
-510
-649
-784
-829
-729
-535
-370
-252
-209
-171
-187
-215
-299
-359
-454
-564
-641
-537
-236
89
249
205
97
5
22
86
310
538
783
837
853
865
1027
1198
1289
1170
967
758
686
727
805
911
913
966
858
765
576
561
534
460
206
-51
-178
-144
69
267
439
329
99
-262
-448
-501
-408
-298
-243
-237
-337
-436
-605
-728
-881
-921
-940
-856
-747
-577
-413
-327
-334
-450
-475
-404
-166
-46
-27
-273
-546
-858
-1003
-1041
-1043
-1043
-1058
-827
-427
125
449
601
535
550
510
491
362
273
305
447
685
744
750
596
624
672
875
1008
1134
1121
948
697
457
372
355
406
447
536
584
628
583
561
502
523
546
631
641
603
472
313
135
-36
-125
-255
-394
-617
-709
-709
-620
-581
-633
-736
-869
-910
-910
-837
-794
-716
-733
-831
-1021
-1097
-986
-755
-566
-569
-680
-831
-787
-611
-343
-239
-316
-550
-751
-750
-536
-277
-204
-325
-475
-462
-242
64
272
337
366
488
713
927
1082
1127
1142
1167
1265
1378
1416
1336
1187
1102
1065
1100
1024
868
513
219
94
225
425
533
556
525
589
689
796
706
449
136
-72
-138
-150
-191
-304
-440
-544
-632
-733
-885
-1010
-1092
-1029
-867
-622
-463
-453
-606
-771
-827
-701
-491
-391
-512
-874
-1212
-1425
-1416
-1341
-1177
-1031
-869
-838
-782
-693
-470
-288
-213
-228
-220
-141
-23
138
267
332
253
271
390
686
940
1082
1021
822
661
663
832
1063
1241
1255
1144
930
760
674
658
648
465
250
99
156
344
483
534
427
247
81
60
261
487
514
262
-48
-194
-149
-30
88
140
125
96
39
-55
-306
-526
-576
-398
-249
-357
-633
-901
-912
-774
-563
-537
-639
-817
-895
-908
-896
-909
-982
-1015
-962
-751
-554
-431
-361
-208
-54
80
125
276
460
666
766
772
796
830
899
915
911
939
990
1019
1010
987
1069
1207
1376
1406
1225
854
469
174
17
-78
-77
-20
134
345
543
542
281
-103
-332
-307
-90
189
399
442
274
74
-64
-155
-400
-732
-1026
-1089
-993
-847
-803
-867
-953
-935
-856
-793
-843
-905
-945
-949
-919
-837
-654
-483
-394
-469
-612
-739
-720
-614
-452
-384
-326
-262
-180
-121
-179
-201
-195
-36
141
291
380
443
522
569
591
610
664
655
568
378
254
196
211
220
177
86
-97
-303
-432
-310
46
422
559
433
303
408
735
991
942
682
392
226
103
57
191
502
818
778
448
9
-169
-169
-117
-171
-285
-353
-347
-310
-300
-371
-447
-550
-641
-716
-756
-632
-388
-35
196
280
303
325
344
281
151
-5
-203
-313
-366
-309
-266
-204
-162
-114
-92
-87
-46
34
188
305
427
459
502
524
573
602
637
690
733
749
701
629
463
333
235
230
178
85
-49
-213
-349
-437
-392
-311
-194
-138
-43
19
94
21
-119
-276
-282
-162
-57
-19
-55
-16
97
235
251
140
-14
-52
-20
37
34
-38
-143
-322
-367
-347
-206
-220
-354
-571
-745
-842
-905
-892
-800
-661
-584
-558
-591
-543
-491
-313
-144
29
111
152
210
280
331
309
200
-5
-169
-286
-199
-132
-36
-58
-74
-33
27
103
79
63
7
-54
-108
-95
-37
-53
-215
-415
-545
-460
-231
62
280
359
431
499
581
571
513
519
558
597
535
424
377
352
375
327
324
310
308
335
390
485
474
455
379
310
182
148
292
522
649
526
290
94
18
33
18
-23
-120
-227
-346
-508
-708
-916
-1041
-1004
-871
-713
-628
-602
-586
-590
-516
-363
-78
173
329
308
178
-7
-140
-188
-167
-134
-150
-136
-121
-66
-8
162
402
613
640
534
322
141
-9
-29
23
100
153
93
75
167
558
987
1238
1171
928
713
609
643
649
569
392
302
240
197
123
158
249
356
437
552
634
622
482
305
147
-4
-176
-397
-608
-764
-808
-716
-590
-539
-675
-930
-1129
-1129
-905
-608
-409
-440
-694
-952
-956
-682
-356
-281
-407
-597
-671
-677
-620
-584
-541
-530
-512
-532
-649
-829
-1080
-1208
-1250
-1096
-975
-803
-659
-340
29
394
611
660
655
649
703
708
668
634
685
750
779
746
728
675
627
602
773
1025
1348
1475
1494
1380
1283
1201
1089
961
791
702
660
650
535
328
191
288
567
740
629
327
-2
-251
-475
-685
-899
-1134
-1348
-1505
-1508
-1391
-1231
-1125
-1093
-1063
-1012
-899
-770
-651
-596
-558
-495
-387
-361
-434
-633
-846
-1018
-1096
-1049
-936
-765
-600
-409
-204
7
179
305
314
297
285
439
685
946
1099
1099
1063
1024
1051
1045
1001
955
920
874
731
521
404
445
635
702
672
560
566
682
854
986
941
822
727
786
881
900
835
728
585
399
164
32
-75
-137
-333
-528
-735
-837
-853
-782
-644
-559
-561
-756
-1036
-1299
-1339
-1236
-1080
-1038
-1018
-1001
-935
-857
-714
-534
-348
-262
-255
-310
-402
-464
-484
-413
-431
-490
-584
-525
-404
-240
-87
116
325
510
647
784
884
920
821
628
461
392
444
486
568
719
1009
1274
1409
1298
1062
764
596
574
655
702
614
444
238
115
82
123
159
134
40
-92
-177
-244
-307
-484
-674
-842
-866
-752
-642
-638
-868
-1106
-1246
-1186
-1072
-959
-861
-757
-684
-681
-740
-810
-897
-977
-1037
-974
-818
-654
-635
-688
-706
-606
-464
-347
-286
-324
-421
-499
-420
-249
-2
161
356
430
517
453
392
268
185
223
424
778
997
1022
841
736
691
734
702
702
675
681
655
689
820
952
1005
916
812
753
787
901
1007
984
834
594
419
288
319
425
494
428
303
309
424
498
448
251
64
-142
-267
-354
-363
-374
-375
-388
-338
-261
-158
-109
-173
-290
-430
-418
-312
-135
-56
-131
-278
-411
-442
-429
-375
-262
-106
10
0
-167
-351
-444
-319
-13
305
458
357
219
209
319
380
297
167
67
52
148
341
517
530
369
219
208
274
278
122
-96
-285
-324
-237
-109
-96
-198
-334
-332
-226
-39
100
108
-37
-272
-428
-464
-379
-260
-200
-267
-448
-637
-734
-783
-866
-1054
-1218
-1237
-1063
-819
-613
-518
-502
-548
-565
-509
-416
-373
-453
-552
-625
-598
-502
-358
-223
-154
-175
-254
-325
-324
-219
-19
205
348
345
267
265
366
468
446
337
221
113
48
59
215
419
593
648
629
604
643
677
660
583
544
507
472
448
490
581
604
558
428
333
259
257
261
291
294
288
244
262
336
462
486
367
127
-104
-143
20
300
446
457
326
216
87
11
-80
-152
-202
-197
-111
-33
31
14
-69
-242
-415
-465
-346
-90
109
216
174
97
0
-75
-108
-140
-191
-279
-358
-404
-422
-388
-310
-209
-97
8
127
178
124
-54
-214
-248
-142
-48
-88
-298
-516
-604
-490
-300
-149
-78
-63
-71
-61
-17
101
274
434
476
308
54
-182
-314
-425
-497
-438
-200
80
195
76
-168
-289
-187
60
204
151
6
-50
55
214
299
282
220
242
337
478
518
426
191
-92
-322
-439
-415
-342
-267
-235
-168
9
229
359
275
110
41
182
438
594
541
296
13
-240
-437
-550
-569
-488
-395
-289
-144
13
148
147
79
-44
-89
-73
-10
45
82
133
138
146
117
134
141
194
248
284
258
201
180
150
147
110
165
141
59
-199
-407
-513
-424
-270
-137
-43
-20
18
-22
-19
-47
4
63
144
189
153
48
-99
-166
-150
-73
-88
-153
-275
-313
-336
-307
-282
-294
-341
-479
-565
-652
-671
-747
-823
-870
-813
-678
-494
-281
-10
274
471
499
339
154
17
26
75
137
182
260
414
591
713
682
590
553
666
772
805
733
728
800
955
1142
1255
1225
1003
836
790
840
742
498
252
159
255
370
406
267
75
-89
-115
-38
59
36
-112
-284
-325
-202
-9
146
139
11
-122
-150
-41
26
30
-95
-264
-493
-727
-854
-879
-840
-885
-985
-1101
-1126
-1045
-873
-671
-508
-465
-498
-589
-653
-735
-752
-671
-460
-223
-109
-127
-292
-411
-489
-403
-294
-169
-84
-13
-5
-108
-304
-467
-449
-221
122
318
370
259
215
123
64
-44
-58
4
123
230
262
271
198
137
41
46
58
183
303
470
494
430
262
179
221
405
578
568
395
153
58
58
147
202
278
383
516
562
491
342
238
159
118
62
-3
-131
-305
-511
-685
-822
-827
-731
-571
-479
-415
-357
-267
-216
-210
-217
-195
-134
-69
-20
-14
-2
57
218
440
604
583
368
128
36
122
336
492
572
481
388
362
458
576
575
506
409
397
426
498
572
656
752
888
998
1025
912
733
548
387
234
44
-149
-289
-323
-261
-166
-70
-17
-61
-175
-280
-284
-239
-256
-347
-506
-624
-699
-651
-520
-365
-307
-374
-468
-514
-441
-335
-242
-274
-356
-427
-426
-448
-570
-730
-805
-730
-582
-445
-364
-337
-364
-377
-303
-108
133
265
256
107
-5
-50
-30
1
-6
17
36
132
215
248
148
33
38
172
310
340
335
310
230
46
-118
-120
35
191
253
214
164
106
97
87
88
68
81
169
224
175
-25
-151
-162
-70
-68
-85
-140
-158
-251
-327
-404
-447
-470
-389
-186
38
155
115
60
18
66
26
-51
-219
-270
-223
-76
30
60
34
14
60
123
150
74
-15
-72
-24
80
213
338
401
422
335
280
243
317
420
466
418
220
76
-28
16
38
64
27
1
-16
21
36
58
15
-8
11
136
360
451
373
82
-76
-5
291
525
512
291
25
-129
-180
-169
-91
1
74
51
23
22
79
139
176
201
195
166
93
0
-111
-153
-81
136
317
354
225
156
220
337
345
225
69
-114
-308
-508
-610
-613
-480
-263
-9
132
104
-36
-141
-114
-7
54
-21
-190
-313
-304
-183
-55
-64
-191
-421
-575
-665
-640
-554
-447
-365
-439
-569
-678
-632
-577
-620
-760
-830
-730
-501
-281
-166
-148
-145
-67
55
154
143
137
155
214
200
164
189
260
342
365
403
416
450
495
635
728
736
567
391
209
133
138
178
184
97
74
59
110
99
123
102
76
13
-45
-120
-137
-49
95
156
116
50
1
-57
-136
-176
-190
-179
-133
-16
113
164
97
-21
-140
-169
-150
-54
-59
-181
-378
-477
-408
-315
-305
-395
-469
-450
-388
-339
-307
-261
-156
-63
42
129
222
257
224
189
183
264
338
402
380
311
221
141
85
12
-31
-51
-3
54
125
158
213
276
398
483
536
525
525
501
467
392
344
317
326
335
238
74
-161
-194
-100
158
278
241
16
-176
-272
-259
-260
-264
-250
-172
-73
-67
-103
-211
-185
-103
122
318
504
583
578
474
306
147
35
41
40
49
-32
-24
16
112
189
266
336
287
165
6
-25
-8
57
75
91
56
-33
-140
-190
-109
8
73
-5
-127
-225
-223
-194
-169
-167
-177
-190
-268
-389
-498
-505
-420
-339
-320
-354
-404
-444
-478
-529
-590
-682
-697
-703
-673
-741
-802
-805
-664
-446
-274
-182
-185
-213
-251
-207
-121
-26
-14
-64
-121
-128
-58
39
113
100
80
96
193
271
273
217
98
-27
-163
-182
-120
-47
-26
-29
22
73
173
278
408
479
510
549
619
688
709
697
692
749
835
933
930
836
674
519
461
437
478
418
291
51
-182
-330
-377
-277
-103
147
277
242
-3
-228
-339
-284
-212
-185
-191
-247
-269
-305
-254
-240
-240
-280
-300
-298
-345
-409
-475
-448
-375
-235
-114
10
32
17
-6
40
108
92
-5
-145
-167
-72
145
336
479
504
502
463
418
300
144
11
-5
105
232
272
196
128
102
145
174
258
365
494
548
550
569
670
854
958
894
615
330
203
282
398
319
52
-295
-494
-565
-572
-658
-793
-913
-916
-821
-719
-654
-654
-655
-711
-780
-803
-688
-523
-435
-522
-663
-749
-686
-603
-626
-786
-930
-881
-664
-424
-360
-454
-628
-719
-676
-495
-254
-86
-19
-69
-74
-91
-39
-45
11
19
41
44
84
152
137
120
134
326
523
644
597
528
467
506
580
725
844
929
883
718
504
358
372
500
662
702
565
341
185
206
277
281
155
-24
-140
-176
-141
-86
-58
-55
-110
-152
-150
-80
62
153
116
-66
-248
-284
-207
-86
24
139
228
225
129
30
4
27
72
28
-2
-103
-106
-124
-45
44
259
467
607
581
477
378
253
203
174
330
389
416
222
132
127
342
532
665
626
492
312
181
172
201
278
289
299
188
56
-76
-65
-33
28
-64
-166
-370
-440
-460
-370
-291
-231
-186
-214
-299
-449
-530
-548
-472
-526
-641
-816
-777
-668
-566
-608
-656
-604
-483
-303
-240
-225
-352
-420
-424
-302
-209
-195
-238
-233
-95
50
147
83
21
14
122
195
200
127
37
-61
-167
-193
-111
77
243
250
117
-72
-102
0
144
182
152
126
120
85
-28
-195
-353
-331
-105
265
509
526
347
114
-7
-13
74
124
126
58
-10
-113
-192
-211
-174
-97
-107
-136
-151
-9
246
522
606
522
316
147
-24
-183
-251
-148
75
275
308
176
17
2
234
481
653
598
507
327
139
-26
-3
246
521
593
362
-16
-327
-411
-280
-66
101
121
102
58
53
-61
-211
-343
-394
-452
-562
-626
-646
-620
-563
-341
-69
129
123
35
-132
-264
-330
-310
-374
-483
-620
-582
-526
-369
-256
-161
-130
-212
-259
-318
-197
-88
73
87
95
31
-11
-97
-169
-193
-110
75
227
353
395
589
738
824
676
499
457
504
633
607
504
262
161
262
516
657
535
385
308
466
633
813
862
794
642
461
374
346
449
497
531
324
134
-104
-71
71
232
269
145
42
-111
-144
-198
-215
-417
-558
-594
-391
-174
-44
-40
-175
-268
-304
-233
-304
-502
-718
-774
-709
-626
-605
-665
-830
-1008
-1071
-978
-730
-435
-80
99
159
-2
-135
-278
-247
-130
3
43
-4
-108
-319
-504
-557
-212
163
498
294
-78
-597
-778
-737
-485
-308
-251
-221
-181
-84
-207
-181
-77
319
422
360
118
65
116
246
276
202
6
-162
-281
-327
-357
-417
-392
-346
-123
-24
183
268
441
387
235
34
3
150
283
365
264
182
18
54
74
224
278
395
444
458
389
226
127
98
297
423
525
388
308
206
306
465
680
772
752
705
689
721
608
454
178
120
142
331
293
98
-144
-157
-42
65
103
130
142
53
-5
-79
-34
-16
80
78
27
-116
-157
-73
95
171
94
83
153
229
40
-194
-251
-62
153
177
-16
-356
-640
-762
-625
-463
-364
-495
-682
-811
-745
-390
86
523
613
458
188
44
41
111
179
195
166
47
-44
-14
134
241
145
-89
-398
-643
-825
-957
-1034
-978
-763
-498
-230
-8
207
301
392
525
720
872
885
771
582
389
297
286
298
173
-75
-322
-465
-541
-657
-781
-863
-844
-825
-813
-762
-696
-683
-818
-852
-650
-219
149
239
10
-343
-553
-450
-151
72
24
-266
-539
-657
-612
-465
-261
-79
-30
-193
-512
-891
-1137
-1103
-670
74
893
1362
1398
1095
890
992
1466
2008
2244
2041
1547
1067
724
575
566
649
632
392
-188
-917
-1542
-1768
-1548
-1035
-501
-163
-122
-230
-222
76
643
1228
1682
1791
1559
1145
803
696
814
1063
1216
1008
385
-367
-922
-1081
-1013
-872
-788
-799
-942
-1267
-1600
-1714
-1414
-799
-205
68
-7
-165
-161
16
125
-42
-349
-370
181
1072
1706
1591
748
-169
-368
326
1330
1706
1166
73
-763
-881
-373
309
691
638
215
-292
-630
-611
-275
165
470
523
400
230
137
213
401
585
596
454
278
189
162
57
-145
-370
-452
-414
-379
-556
-888
-1210
-1342
-1300
-1160
-973
-801
-711
-749
-882
-976
-862
-518
-55
274
387
255
11
-264
-511
-671
-702
-542
-371
-272
-410
-645
-869
-952
-874
-688
-399
-188
-147
-252
-261
10
471
839
818
452
58
-37
153
436
677
915
1123
1217
1161
1101
1208
1421
1552
1428
1120
743
444
250
156
24
-210
-553
-844
-981
-962
-886
-797
-659
-432
-177
33
196
386
682
983
1120
933
567
285
372
787
1245
1368
1024
436
-98
-365
-456
-439
-484
-567
-711
-794
-828
-837
-807
-688
-418
-141
98
209
248
200
145
174
295
387
272
-41
-396
-606
-583
-374
-116
2
-102
-319
-483
-470
-320
-81
121
234
197
113
61
141
305
473
551
484
338
192
152
194
331
467
583
527
298
-55
-279
-255
-119
-97
-284
-465
-485
-312
-131
-105
-270
-479
-585
-541
-449
-349
-233
-38
162
266
238
166
187
336
528
563
378
47
-280
-483
-453
-150
301
680
838
725
425
102
-44
70
328
606
796
883
797
540
233
65
161
423
672
687
382
-194
-768
-1041
-901
-565
-358
-429
-669
-857
-858
-729
-626
-657
-723
-658
-449
-294
-371
-629
-867
-928
-822
-626
-498
-517
-681
-813
-827
-724
-643
-619
-602
-514
-365
-288
-307
-365
-337
-268
-237
-257
-181
83
413
549
365
42
-124
32
389
746
946
975
848
624
407
320
444
715
961
1030
919
766
708
783
865
846
681
457
208
-37
-193
-99
308
828
1133
1025
644
310
222
323
495
640
711
607
353
105
28
127
241
259
156
-18
-234
-438
-533
-470
-290
-145
-139
-322
-606
-813
-794
-509
-110
192
190
-133
-639
-1049
-1133
-840
-349
7
-9
-393
-864
-1117
-1037
-766
-484
-260
-90
-85
-366
-847
-1138
-943
-304
354
658
533
203
-38
-49
193
653
1206
1627
1703
1429
1020
754
783
1068
1426
1684
1730
1548
1192
794
524
472
569
592
408
65
-282
-532
-669
-669
-553
-430
-437
-637
-954
-1283
-1518
-1604
-1538
-1379
-1224
-1149
-1184
-1297
-1434
-1519
-1523
-1455
-1355
-1263
-1191
-1121
-1035
-947
-909
-901
-846
-635
-290
53
215
163
21
-45
20
140
204
169
157
299
625
938
1105
1175
1381
1833
2378
2732
2697
2383
2014
1794
1688
1648
1678
1831
2044
2133
2006
1663
1258
928
711
466
51
-554
-1280
-2040
-2637
-2775
-2366
-1724
-1361
-1560
-2170
-2761
-2961
-2681
-2093
-1436
-910
-640
-658
-843
-935
-729
-229
309
599
508
115
-396
-892
-1267
-1442
-1397
-1299
-1388
-1708
-2002
-1919
-1341
-454
445
1173
1767
2276
2702
3048
3443
3986
4552
4805
4521
3835
3185
2943
3103
3359
3402
3195
2819
2328
1695
987
387
-20
-453
-1229
-2357
-3415
-3866
-3552
-2792
-2089
-1675
-1488
-1439
-1517
-1670
-1709
-1502
-1121
-841
-864
-1096
-1217
-1060
-728
-436
-294
-330
-579
-1092
-1834
-2594
-3073
-3196
-3183
-3290
-3500
-3585
-3374
-2879
-2272
-1668
-1131
-644
-183
346
990
1657
2108
2243
2249
2453
3024
3800
4505
4957
5185
5207
4982
4482
3852
3350
3164
3246
3328
3136
2486
1323
-292
-2044
-3527
-4416
-4673
-4520
-4316
-4260
-4242
-4035
-3517
-2678
-1533
-204
1005
1683
1678
1222
852
883
1280
1750
2074
2070
1604
657
-629
-1951
-3032
-3712
-4074
-4257
-4369
-4416
-4386
-4253
-3988
-3500
-2700
-1631
-546
304
861
1261
1629
1986
2303
2615
2979
3353
3571
3515
3333
3276
3509
3974
4503
4890
4913
4433
3559
2693
2310
2509
2824
2475
990
-1385
-3811
-5403
-5772
-5153
-4184
-3483
-3367
-3711
-4068
-3884
-2834
-1126
635
1831
2280
2209
2035
2124
2653
3540
4393
4720
4094
2513
384
-1644
-3085
-3822
-4087
-4285
-4654
-5168
-5579
-5650
-5164
-4027
-2378
-660
643
1341
1622
1807
2026
2297
2617
3023
3377
3433
3003
2209
1488
1338
1900
2795
3470
3638
3387
2884
2228
1573
1241
1465
1950
1858
561
-1678
-3812
-4894
-4821
-4224
-3777
-3671
-3820
-4151
-4587
-4695
-3912
-2109
88
1738
2399
2432
2560
3152
4055
4896
5379
5266
4379
2641
343
-1873
-3341
-3917
-3965
-3941
-4043
-4226
-4386
-4406
-4154
-3396
-1978
-87
1668
2726
2973
2774
2559
2506
2550
2595
2640
2658
2516
2149
1682
1405
1531
2071
2816
3505
3919
3900
3426
2717
2253
2294
2510
2008
238
-2352
-4613
-5763
-5947
-5839
-5863
-5946
-5824
-5500
-5131
-4587
-3417
-1479
660
2158
2773
3013
3516
4335
5011
5207
5006
4590
3768
2195
-108
-2545
-4444
-5563
-6141
-6406
-6367
-5981
-5403
-4843
-4270
-3364
-1882
19
1837
3146
3882
4181
4163
3870
3408
2964
2711
2645
2579
2311
1816
1292
972
1032
1497
2259
3052
3555
3538
3086
2626
2537
2598
2031
401
-1800
-3494
-4139
-4093
-4144
-4604
-5143
-5346
-5249
-5070
-4628
-3455
-1503
553
1955
2589
3065
3940
5135
6119
6524
6405
5845
4650
2592
-67
-2540
-4149
-4901
-5312
-5769
-6198
-6342
-6068
-5439
-4541
-3358
-1829
-62
1595
2812
3526
3959
4265
4420
4275
3855
3351
2956
2654
2310
1840
1335
993
939
1173
1565
1974
2296
2517
2696
2972
3326
3383
2487
440
-2080
-3964
-4698
-4683
-4742
-5329
-6224
-6849
-6840
-6220
-5060
-3376
-1361
473
1749
2586
3440
4591
5898
6949
7397
7094
6039
4293
2049
-306
-2311
-3728
-4680
-5411
-6016
-6452
-6704
-6743
-6424
-5564
-4144
-2373
-577
988
2242
3202
3879
4254
4354
4189
3786
3204
2609
2134
1750
1325
833
483
531
1032
1754
2377
2705
2763
2752
2898
3135
2958
1768
-418
-2801
-4436
-5033
-5070
-5247
-5817
-6448
-6727
-6560
-6026
-5021
-3361
-1200
945
2564
3581
4347
5271
6416
7440
7891
7531
6346
4468
2132
-286
-2353
-3809
-4670
-5186
-5607
-6061
-6434
-6521
-6169
-5355
-4063
-2288
-196
1818
3326
4147
4412
4431
4435
4470
4451
4308
4026
3568
2869
1926
985
458
650
1467
2467
3160
3308
3073
2916
3136
3411
2976
1448
-679
-2483
-3478
-3899
-4340
-5143
-6101
-6697
-6657
-6127
-5307
-4122
-2462
-503
1309
2676
3703
4743
5972
7126
7718
7473
6551
5227
3513
1239
-1410
-3788
-5281
-5896
-6156
-6512
-6974
-7203
-6996
-6430
-5591
-4288
-2353
-81
1830
2879
3177
3216
3368
3603
3757
3781
3749
3658
3372
2789
1989
1291
1049
1394
2122
2820
3138
2994
2664
2498
2504
2200
1119
-622
-2381
-3578
-4187
-4615
-5289
-6194
-6893
-6956
-6440
-5661
-4738
-3488
-1850
-88
1445
2664
3826
5187
6622
7589
7640
6812
5542
4058
2241
-16
-2328
-4067
-5007
-5538
-6147
-6851
-7263
-7065
-6349
-5380
-4226
-2707
-801
1133
2632
3586
4194
4598
4730
4594
4422
4431
4550
4449
3862
2828
1749
1092
1079
1612
2436
3235
3659
3517
3069
2782
2818
2673
1732
-55
-2014
-3399
-4037
-4428
-5126
-6070
-6699
-6667
-6279
-5900
-5385
-4258
-2476
-545
1018
2290
3750
5572
7252
8068
7852
7049
6076
4781
2803
254
-2149
-3793
-4749
-5525
-6384
-7075
-7271
-6976
-6495
-5918
-4963
-3330
-1217
807
2361
3496
4389
4984
5157
5035
4965
5101
5199
4844
3945
2834
2008
1654
1676
1935
2370
2788
2828
2336
1716
1583
1966
2043
996
-965
-2760
-3596
-3806
-4307
-5523
-6841
-7403
-7155
-6795
-6638
-6096
-4552
-2288
-249
1071
2106
3593
5537
7118
7639
7296
6719
5962
4475
1999
-789
-2901
-4021
-4742
-5684
-6773
-7450
-7445
-7024
-6515
-5855
-4700
-2954
-967
775
2140
3294
4311
4982
5248
5365
5655
6045
6153
5667
4672
3523
2515
1744
1292
1379
2015
2774
2989
2501
1903
1997
2794
3306
2530
604
-1400
-2669
-3412
-4306
-5542
-6601
-6978
-6900
-6974
-7253
-6976
-5519
-3230
-1071
481
1851
3629
5658
7130
7549
7299
6986
6550
5326
3022
285
-1938
-3341
-4421
-5656
-6912
-7668
-7746
-7457
-7130
-6697
-5870
-4524
-2831
-1035
750
2463
3885
4710
4937
5005
5378
6025
6448
6196
5269
4017
2769
1661
874
725
1374
2433
3184
3205
2810
2768
3445
4265
4129
2578
246
-1837
-3273
-4383
-5518
-6540
-7064
-7079
-7050
-7295
-7354
-6408
-4299
-1834
109
1521
3010
4844
6482
7273
7272
7124
7077
6522
4770
2075
-471
-2102
-3109
-4307
-5898
-7263
-7840
-7831
-7795
-7845
-7553
-6524
-4835
-2862
-893
1030
2846
4284
5092
5419
5728
6275
6817
6891
6304
5261
4089
2936
1910
1252
1292
1959
2720
3011
2849
2786
3303
4269
4905
4362
2408
-313
-2868
-4708
-5848
-6504
-6885
-7151
-7427
-7716
-7787
-7197
-5667
-3473
-1248
598
2126
3506
4700
5537
6014
6334
6592
6495
5607
3864
1741
-182
-1726
-3169
-4797
-6459
-7657
-8151
-8224
-8340
-8553
-8477
-7681
-6103
-4031
-1818
356
2410
4161
5312
5749
5772
5881
6282
6603
6286
5174
3736
2557
1885
1629
1715
2186
2984
3787
4214
4195
4088
4296
4670
4440
2844
-14
-3162
-5536
-6816
-7367
-7696
-7953
-7990
-7678
-7105
-6347
-5236
-3574
-1499
468
1898
2798
3573
4530
5560
6285
6517
6388
6041
5380
4196
2490
509
-1467
-3302
-4928
-6196
-7026
-7568
-8123
-8749
-9095
-8656
-7242
-5115
-2702
-257
2101
4109
5400
5878
5985
6339
7066
7568
7170
5940
4618
3785
3358
3023
2802
3042
3820
4674
4992
4678
4201
3997
3993
3702
2686
817
-1598
-3993
-5833
-6884
-7211
-7045
-6651
-6191
-5687
-5097
-4421
-3631
-2676
-1572
-477
443
1256
2193
3331
4378
4975
5126
5143
5172
4921
3988
2281
151
-1922
-3661
-5110
-6409
-7539
-8355
-8778
-8868
-8633
-7950
-6723
-5064
-3176
-1215
691
2333
3511
4242
4729
5164
5529
5665
5499
5162
4853
4632
4400
4146
4005
4133
4468
4786
4835
4455
3589
2335
992
-34
-513
-706
-1298
-2773
-4798
-6408
-6864
-6259
-5226
-4308
-3642
-3198
-3052
-3307
-3729
-3700
-2758
-1145
404
1366
1882
2418
3191
3969
4504
4869
5279
5550
5122
3645
1428
-845
-2690
-4050
-5045
-5705
-6038
-6195
-6401
-6641
-6588
-5946
-4812
-3554
-2375
-1147
256
1640
2676
3328
3895
4662
5552
6292
6749
7061
7337
7417
7050
6306
5531
4909
4252
3326
2190
1100
180
-669
-1534
-2196
-2327
-1988
-1834
-2474
-3666
-4507
-4352
-3544
-2847
-2699
-2853
-2900
-2813
-2872
-3101
-3043
-2396
-1459
-783
-444
-24
777
1762
2506
2954
3441
4095
4437
3881
2514
1071
130
-488
-1274
-2320
-3164
-3495
-3640
-4157
-5080
-5805
-5811
-5191
-4409
-3621
-2579
-1120
442
1616
2336
3051
4221
5774
7184
8011
8247
8049
7378
6083
4356
2762
1794
1386
1095
612
-16
-621
-1144
-1545
-1661
-1276
-454
317
364
-494
-1755
-2684
-3003
-2881
-2600
-2334
-2209
-2363
-2910
-3747
-4460
-4611
-4166
-3483
-2852
-2276
-1646
-1007
-502
-111
483
1576
3015
4207
4612
4144
3097
1846
630
-466
-1408
-2214
-2994
-3945
-5116
-6327
-7240
-7594
-7313
-6491
-5232
-3583
-1667
235
1853
3132
4180
5072
5799
6271
6375
6032
5271
4210
3044
1999
1296
1032
1145
1486
1887
2203
2305
2138
1803
1584
1779
2479
3389
3962
3691
2538
986
-324
-1079
-1383
-1540
-1799
-2256
-2922
-3823
-4900
-5868
-6345
-6231
-5808
-5346
-4760
-3758
-2251
-505
1150
2644
4091
5479
6542
7006
6839
6207
5239
3915
2261
512
-970
-2043
-2870
-3670
-4453
-5096
-5527
-5764
-5780
-5488
-4850
-3950
-2984
-2150
-1549
-1161
-911
-687
-317
368
1385
2547
3569
4228
4483
4482
4458
4585
4893
5301
5718
6007
6015
5600
4794
3884
3245
3080
3262
3388
2996
1848
137
-1670
-3137
-4073
-4566
-4890
-5345
-5986
-6633
-7063
-7160
-6895
-6266
-5350
-4260
-3097
-1908
-693
550
1823
3070
4214
5157
5821
6144
6114
5804
5369
4882
4280
3442
2387
1224
12
-1323
-2852
-4525
-6108
-7324
-8053
-8381
-8465
-8369
-8096
-7663
-7114
-6408
-5394
-3956
-2198
-408
1169
2517
3790
5078
6326
7401
8212
8696
8828
8675
8438
8314
8273
8031
7268
5953
4373
2947
1877
1100
446
-233
-1044
-2085
-3317
-4558
-5495
-5901
-5831
-5638
-5702
-6062
-6520
-6849
-6931
-6673
-5975
-4872
-3567
-2340
-1271
-179
1131
2595
3929
4974
5831
6655
7346
7577
7134
6114
4838
3521
2152
664
-846
-2149
-3213
-4274
-5574
-7017
-8205
-8826
-8898
-8688
-8375
-7941
-7299
-6438
-5392
-4119
-2539
-659
1358
3254
4914
6381
7723
8830
9492
9637
9425
9093
8744
8299
7656
6883
6159
5561
4936
4096
3070
2088
1313
657
-79
-1025
-2173
-3482
-4868
-6203
-7247
-7813
-7894
-7689
-7406
-7053
-6532
-5822
-5083
-4437
-3806
-3000
-1946
-775
363
1439
2498
3478
4218
4665
4973
5356
5797
6031
5766
4974
3860
2621
1306
-83
-1445
-2638
-3625
-4509
-5423
-6373
-7227
-7844
-8192
-8276
-7990
-7169
-5832
-4305
-2979
-1985
-1111
-27
1388
2977
4495
5813
6934
7810
8345
8504
8454
8436
8591
8807
8794
8321
7393
6210
4948
3657
2348
1097
20
-842
-1572
-2278
-3030
-3842
-4715
-5541
-6131
-6320
-6139
-5820
-5655
-5760
-5974
-6027
-5804
-5406
-4947
-4449
-3856
-3188
-2483
-1753
-883
210
1428
2542
3422
4173
4929
5606
5939
5765
5191
4441
3603
2615
1438
177
-1047
-2246
-3535
-4893
-6081
-6846
-7164
-7289
-7439
-7580
-7484
-6971
-6091
-4957
-3610
-2005
-230
1478
2899
4035
5048
6045
6994
7778
8312
8552
8512
8271
7961
7701
7513
7293
6889
6218
5334
4314
3221
2130
1158
400
-189
-752
-1426
-2247
-3207
-4308
-5488
-6504
-7033
-6957
-6508
-6068
-5818
-5674
-5461
-5130
-4685
-4064
-3138
-1910
-630
369
984
1441
2051
2893
3778
4505
5039
5421
5570
5324
4622
3597
2460
1370
396
-470
-1320
-2266
-3387
-4658
-5918
-6915
-7480
-7626
-7484
-7147
-6633
-5988
-5341
-4781
-4196
-3351
-2126
-633
926
2416
3784
4971
5898
6551
7046
7530
8012
8338
8383
8184
7881
7544
7083
6329
5240
3987
2839
1892
1046
205
-557
-1097
-1423
-1648
-1848
-1992
-2102
-2342
-2872
-3638
-4320
-4621
-4516
-4251
-4051
-3960
-3937
-3967
-4019
-3948
-3560
-2823
-1914
-1106
-500
6
566
1233
1991
2860
3805
4610
4923
4561
3735
2813
1965
1044
-111
-1412
-2617
-3605
-4481
-5375
-6226
-6866
-7177
-7235
-7115
-6766
-6056
-5031
-3997
-3182
-2494
-1595
-356
1028
2241
3152
3858
4458
4925
5171
5233
5296
5479
5735
5961
6199
6585
7114
7574
7661
7240
6419
5438
4465
3512
2545
1561
568
-460
-1534
-2511
-3155
-3366
-3354
-3471
-3870
-4418
-4835
-4972
-4878
-4701
-4518
-4274
-3959
-3688
-3579
-3564
-3421
-3021
-2452
-1891
-1360
-719
91
907
1505
1839
2050
2219
2268
2060
1637
1228
978
766
354
-244
-769
-1022
-1154
-1488
-2153
-2946
-3543
-3858
-4049
-4248
-4338
-4180
-3885
-3722
-3724
-3550
-2831
-1554
-51
1347
2603
3872
5159
6210
6815
7092
7341
7657
7853
7763
7481
7229
7030
6671
5981
5087
4285
3677
3076
2264
1282
395
-206
-599
-1016
-1527
-1959
-2146
-2229
-2554
-3256
-4077
-4613
-4725
-4624
-4586
-4696
-4852
-5030
-5339
-5834
-6285
-6300
-5737
-4847
-3997
-3238
-2355
-1237
-97
794
1439
2106
2944
3759
4216
4227
4019
3795
3504
2980
2258
1576
1086
625
-100
-1140
-2197
-2978
-3515
-4064
-4713
-5253
-5439
-5298
-5028
-4713
-4202
-3312
-2111
-864
248
1342
2606
3956
5038
5633
5921
6242
6679
6983
6955
6713
6541
6494
6327
5832
5143
4615
4425
4372
4103
3451
2560
1639
728
-290
-1447
-2578
-3491
-4205
-4941
-5844
-6792
-7518
-7912
-8031
-7955
-7646
-7081
-6387
-5803
-5487
-5322
-5033
-4414
-3511
-2476
-1370
-186
1011
2064
2903
3663
4506
5385
6008
6126
5788
5237
4685
4151
3596
3024
2502
2010
1367
410
-781
-1882
-2621
-3038
-3363
-3764
-4183
-4478
-4606
-4643
-4643
-4508
-4105
-3404
-2541
-1637
-711
301
1433
2644
3855
5004
6069
7028
7791
8272
8486
8541
8547
8497
8315
7902
7226
6304
5196
3981
2743
1550
384
-856
-2238
-3679
-4938
-5805
-6260
-6478
-6659
-6914
-7260
-7635
-7895
-7851
-7379
-6517
-5474
-4495
-3697
-3048
-2524
-2169
-1969
-1731
-1247
-491
356
1126
1813
2509
3227
3836
4234
4480
4747
5076
5299
5188
4662
3850
2953
2093
1252
377
-555
-1541
-2599
-3726
-4841
-5796
-6468
-6819
-6852
-6596
-6125
-5551
-4927
-4159
-3109
-1776
-347
977
2178
3366
4615
5841
6882
7629
8108
8371
8420
8268
7993
7701
7358
6804
5896
4667
3316
2055
985
87
-701
-1438
-2180
-2970
-3815
-4629
-5276
-5650
-5764
-5754
-5780
-5933
-6174
-6385
-6448
-6282
-5880
-5258
-4528
-3800
-3119
-2402
-1570
-714
16
538
943
1334
1716
2066
2388
2747
3129
3421
3500
3321
3000
2647
2273
1779
1132
470
-35
-344
-590
-942
-1455
-2046
-2563
-2886
-2975
-2838
-2532
-2145
-1809
-1559
-1311
-946
-457
30
427
757
1170
1755
2455
3149
3763
4320
4845
5308
5675
5956
6220
6475
6644
6594
6262
5709
5014
4206
3264
2194
1075
2
-974
-1866
-2689
-3428
-4046
-4537
-4913
-5171
-5274
-5208
-5022
-4791
-4553
-4318
-4088
-3865
-3646
-3421
-3187
-2959
-2770
-2616
-2432
-2161
-1836
-1539
-1271
-943
-499
15
520
1003
1502
2012
2468
2792
2997
3145
3305
3441
3451
3221
2745
2118
1478
912
422
-19
-437
-846
-1267
-1692
-2092
-2420
-2628
-2675
-2554
-2309
-1997
-1668
-1355
-1068
-785
-443
-3
513
1069
1664
2350
3088
3725
4094
4190
4176
4229
4401
4625
4784
4781
4558
4107
3456
2666
1823
980
138
-743
-1684
-2672
-3633
-4483
-5151
-5623
-5910
-6021
-5981
-5845
-5677
-5447
-5067
-4500
-3813
-3079
-2277
-1359
-379
494
1134
1560
1902
2241
2527
2686
2710
2660
2531
2280
1944
1678
1657
1901
2271
2581
2733
2726
2552
2166
1582
928
395
68
-119
-317
-641
-1080
-1562
-2020
-2429
-2754
-2937
-2952
-2823
-2612
-2365
-2095
-1802
-1485
-1137
-719
-211
370
930
1354
1597
1718
1847
2053
2314
2555
2743
2900
3006
2972
2698
2200
1628
1146
808
567
360
157
-83
-421
-896
-1446
-1935
-2234
-2328
-2303
-2257
-2209
-2136
-2026
-1899
-1713
-1402
-961
-500
-133
136
374
657
995
1376
1740
2022
2149
2054
1725
1241
768
418
202
75
33
109
275
444
523
513
502
587
780
983
1100
1108
1035
866
548
58
-516
-1058
-1507
-1896
-2307
-2767
-3231
-3588
-3784
-3849
-3824
-3679
-3339
-2804
-2156
-1490
-853
-230
383
979
1549
2102
2626
3073
3399
3594
3681
3676
3577
3381
3097
2762
2415
2066
1678
1198
644
88
-375
-706
-928
-1096
-1246
-1377
-1479
-1567
-1676
-1799
-1869
-1788
-1521
-1138
-783
-586
-593
-753
-924
-997
-915
-678
-316
92
419
570
550
453
386
393
460
546
618
649
613
519
401
278
104
-180
-545
-877
-1084
-1200
-1295
-1378
-1404
-1363
-1307
-1292
-1299
-1260
-1136
-961
-833
-775
-713
-538
-266
-40
30
-5
8
127
254
287
256
285
452
680
896
1114
1436
1870
2304
2617
2797
2937
3108
3286
3392
3413
3381
3299
3068
2595
1886
1059
246
-467
-1052
-1504
-1821
-2018
-2123
-2182
-2221
-2213
-2097
-1840
-1496
-1141
-828
-595
-482
-512
-633
-727
-698
-550
-402
-372
-460
-583
-665
-719
-777
-818
-779
-629
-419
-212
-18
218
536
918
1295
1604
1810
1913
1909
1781
1534
1191
748
182
-480
-1144
-1695
-2071
-2296
-2446
-2557
-2579
-2455
-2222
-1994
-1829
-1688
-1495
-1217
-872
-500
-124
253
583
835
990
1122
1341
1709
2165
2548
2736
2716
2584
2446
2367
2352
2366
2331
2139
1700
1040
319
-289
-737
-1100
-1447
-1742
-1920
-1994
-2063
-2193
-2332
-2372
-2256
-2016
-1686
-1271
-773
-267
158
478
759
1062
1392
1710
1957
2113
2165
2101
1906
1596
1250
936
684
455
236
56
-49
-94
-105
-79
-21
33
38
-11
-92
-185
-313
-524
-842
-1201
-1489
-1645
-1722
-1827
-2007
-2212
-2360
-2431
-2454
-2431
-2320
-2102
-1821
-1536
-1273
-1020
-774
-545
-346
-161
50
333
694
1083
1423
1681
1877
2049
2192
2275
2291
2278
2267
2239
2152
1981
1719
1378
974
536
113
-243
-491
-644
-757
-888
-1038
-1140
-1126
-932
-563
-82
403
813
1140
1370
1483
1483
1459
1531
1733
1989
2178
2218
2078
1769
1347
875
398
-53
-449
-774
-1021
-1170
-1192
-1106
-991
-943
-1006
-1131
-1228
-1226
-1166
-1139
-1203
-1322
-1420
-1480
-1549
-1672
-1808
-1870
-1850
-1835
-1918
-2093
-2269
-2354
-2319
-2160
-1865
-1461
-1050
-779
-668
-601
-442
-147
243
674
1088
1449
1745
1976
2123
2166
2137
2124
2198
2334
2427
2377
2197
1973
1807
1696
1565
1369
1124
881
653
439
258
153
140
180
215
239
304
466
684
880
996
1040
1024
930
749
519
331
238
204
145
5
-193
-419
-663
-955
-1288
-1596
-1813
-1925
-1953
-1925
-1861
-1773
-1668
-1571
-1514
-1480
-1407
-1265
-1113
-1025
-1020
-1068
-1162
-1338
-1626
-1985
-2306
-2506
-2610
-2714
-2838
-2898
-2808
-2587
-2319
-2026
-1649
-1137
-543
29
511
924
1311
1676
1998
2300
2646
3051
3435
3682
3769
3757
3718
3654
3541
3366
3147
2905
2658
2381
2039
1625
1196
847
646
588
608
641
634
592
539
512
528
604
756
967
1176
1307
1326
1238
1057
801
500
179
-124
-396
-617
-796
-972
-1183
-1420
-1642
-1854
-2085
-2333
-2529
-2623
-2622
-2567
-2492
-2395
-2261
-2073
-1877
-1739
-1670
-1631
-1589
-1582
-1652
-1776
-1883
-1937
-1972
-1999
-1971
-1829
-1583
-1307
-1047
-793
-506
-199
92
334
519
662
772
868
979
1162
1459
1843
2219
2505
2695
2841
2993
3133
3225
3248
3217
3161
3055
2860
2578
2283
2061
1919
1785
1573
1266
910
564
242
-57
-296
-403
-365
-265
-233
-308
-451
-591
-721
-850
-949
-1000
-1031
-1134
-1334
-1570
-1753
-1827
-1786
-1678
-1574
-1540
-1593
-1719
-1872
-1986
-2001
-1902
-1740
-1574
-1446
-1366
-1340
-1340
-1307
-1192
-982
-749
-599
-620
-805
-1070
-1310
-1433
-1384
-1171
-886
-666
-591
-604
-590
-489
-330
-135
135
518
952
1319
1550
1687
1825
1998
2184
2339
2471
2577
2637
2630
2586
2563
2582
2615
2612
2567
2501
2435
2355
2223
2028
1812
1616
1416
1138
743
262
-219
-629
-957
-1222
-1427
-1550
-1588
-1574
-1541
-1476
-1352
-1183
-1022
-891
-753
-588
-447
-413
-483
-563
-557
-487
-469
-576
-759
-907
-968
-999
-1070
-1177
-1243
-1219
-1122
-1012
-900
-748
-533
-302
-132
-40
18
92
173
189
97
-70
-230
-322
-342
-330
-338
-394
-491
-598
-700
-765
-751
-621
-393
-149
33
155
281
436
574
660
723
832
1003
1200
1383
1529
1629
1668
1648
1602
1562
1543
1526
1488
1424
1346
1241
1068
802
474
153
-91
-240
-329
-412
-521
-668
-852
-1040
-1166
-1183
-1085
-907
-683
-452
-261
-136
-71
-21
42
128
216
296
350
364
323
213
47
-149
-323
-436
-487
-525
-587
-677
-769
-834
-857
-848
-826
-806
-784
-791
-866
-1002
-1136
-1215
-1291
-1445
-1670
-1849
-1872
-1748
-1592
-1525
-1545
-1545
-1394
-1079
-666
-222
210
575
809
923
987
1055
1111
1107
1045
991
1022
1151
1324
1469
1540
1545
1506
1437
1347
1252
1192
1185
1237
1321
1409
1473
1488
1447
1349
1225
1107
1007
897
762
607
459
333
241
179
143
127
137
176
237
322
446
601
735
803
818
830
855
833
691
421
119
-109
-234
-319
-435
-607
-814
-1052
-1328
-1617
-1835
-1914
-1893
-1880
-1953
-2058
-2095
-2022
-1904
-1823
-1775
-1686
-1523
-1336
-1187
-1082
-989
-892
-802
-729
-646
-522
-365
-244
-202
-189
-114
50
235
400
556
718
844
895
879
831
790
781
797
800
757
679
612
578
538
452
333
249
236
244
205
110
30
22
74
141
210
293
370
392
352
301
312
426
613
819
1004
1168
1303
1363
1313
1193
1101
1110
1179
1194
1052
768
429
117
-139
-350
-520
-658
-779
-906
-1066
-1268
-1474
-1619
-1663
-1634
-1575
-1492
-1393
-1290
-1195
-1069
-883
-656
-453
-300
-175
-47
93
209
273
283
267
227
146
39
-64
-152
-271
-455
-672
-859
-981
-1048
-1065
-1007
-868
-663
-448
-279
-188
-132
-17
202
456
659
798
925
1054
1158
1220
1267
1325
1392
1431
1414
1338
1226
1120
1052
1052
1114
1198
1249
1242
1185
1110
1043
995
963
924
867
803
764
773
809
838
826
761
643
487
316
166
61
-20
-111
-224
-343
-464
-590
-689
-735
-779
-910
-1169
-1493
-1787
-1978
-2061
-2066
-2038
-2001
-1963
-1925
-1891
-1862
-1809
-1712
-1599
-1522
-1489
-1470
-1414
-1317
-1183
-1034
-887
-777
-725
-719
-711
-652
-550
-443
-349
-240
-105
33
122
150
134
123
168
310
541
807
1034
1190
1294
1392
1502
1600
1652
1651
1616
1580
1555
1526
1475
1393
1331
1361
1499
1670
1767
1764
1728
1742
1818
1890
1903
1851
1758
1633
1463
1253
1040
863
725
602
468
306
125
-48
-204
-366
-565
-784
-991
-1182
-1385
-1622
-1876
-2114
-2306
-2430
-2478
-2451
-2378
-2294
-2217
-2145
-2084
-2037
-2008
-1985
-1940
-1837
-1648
-1389
-1106
-854
-669
-564
-519
-504
-496
-486
-448
-351
-210
-86
-38
-61
-119
-174
-205
-171
-50
141
341
505
628
741
881
1054
1238
1390
1495
1559
1590
1597
1594
1607
1655
1725
1784
1805
1799
1784
1742
1654
1546
1483
1497
1549
1572
1531
1446
1349
1251
1147
1052
994
985
984
944
827
612
309
-29
-321
-524
-663
-777
-879
-984
-1124
-1322
-1553
-1764
-1898
-1927
-1878
-1839
-1877
-1983
-2076
-2112
-2122
-2130
-2111
-2019
-1875
-1751
-1702
-1715
-1727
-1668
-1522
-1325
-1163
-1100
-1124
-1133
-1030
-813
-570
-367
-201
-25
185
412
610
733
772
785
852
988
1132
1205
1202
1164
1135
1141
1201
1315
1441
1520
1514
1438
1344
1296
1311
1363
1406
1432
1454
1491
1552
1599
1583
1522
1492
1553
1674
1785
1828
1787
1680
1532
1350
1134
908
703
503
245
-99
-487
-815
-1024
-1130
-1203
-1290
-1385
-1477
-1572
-1676
-1788
-1894
-1982
-2041
-2066
-2058
-2016
-1940
-1831
-1693
-1539
-1399
-1307
-1270
-1270
-1269
-1241
-1194
-1160
-1153
-1167
-1177
-1169
-1128
-1051
-956
-867
-778
-644
-443
-213
-10
142
251
328
378
414
442
466
491
533
604
687
771
861
973
1092
1186
1244
1277
1305
1348
1422
1535
1686
1854
1999
2088
2112
2089
2030
1940
1831
1722
1625
1531
1435
1331
1219
1082
910
713
548
443
374
281
145
-6
-133
-233
-338
-478
-643
-801
-939
-1075
-1214
-1334
-1395
-1389
-1355
-1358
-1419
-1484
-1498
-1483
-1509
-1604
-1706
-1747
-1717
-1666
-1638
-1640
-1645
-1613
-1528
-1406
-1287
-1172
-1039
-882
-738
-631
-530
-410
-284
-168
-50
90
237
349
396
397
413
502
652
808
917
973
987
978
956
934
923
950
1031
1130
1194
1219
1253
1320
1394
1433
1420
1365
1300
1268
1270
1285
1297
1314
1333
1318
1253
1151
1030
883
704
515
366
267
194
99
-32
-194
-373
-544
-683
-789
-885
-986
-1071
-1133
-1198
-1289
-1394
-1469
-1490
-1470
-1440
-1421
-1403
-1370
-1310
-1231
-1148
-1061
-958
-844
-747
-682
-617
-520
-417
-361
-361
-382
-401
-440
-507
-563
-566
-512
-420
-297
-143
16
141
201
195
157
136
167
247
334
404
464
534
600
640
639
630
649
703
771
829
875
913
927
894
819
743
692
636
526
336
109
-90
-228
-300
-308
-250
-150
-53
7
39
76
134
186
194
175
192
266
355
406
422
417
403
373
316
233
140
92
117
175
206
201
210
249
287
290
275
275
288
299
297
292
291
291
273
232
212
255
332
348
260
122
18
-32
-60
-109
-179
-251
-299
-324
-363
-468
-644
-816
-880
-794
-638
-533
-532
-592
-642
-649
-620
-571
-517
-488
-502
-545
-587
-604
-610
-620
-628
-634
-631
-599
-511
-372
-230
-134
-105
-103
-79
-13
51
65
22
-23
-19
32
97
155
240
367
502
580
580
545
513
484
444
414
425
497
619
751
872
966
1034
1079
1107
1096
1024
910
809
747
682
573
423
257
75
-122
-319
-499
-644
-723
-716
-637
-546
-503
-537
-634
-746
-835
-895
-945
-995
-1048
-1106
-1173
-1223
-1237
-1209
-1137
-1028
-898
-790
-737
-742
-775
-796
-773
-695
-576
-466
-426
-471
-548
-586
-558
-485
-403
-323
-264
-245
-258
-280
-292
-296
-289
-258
-182
-63
99
295
511
714
883
1038
1228
1486
1793
2103
2351
2501
2566
2592
2604
2591
2540
2451
2345
2244
2154
2063
1946
1786
1592
1377
1162
970
815
685
545
386
220
69
-60
-167
-259
-348
-438
-508
-537
-528
-506
-506
-508
-494
-449
-387
-336
-320
-349
-415
-516
-651
-788
-875
-892
-897
-970
-1152
-1404
-1639
-1787
-1844
-1866
-1931
-2063
-2230
-2366
-2429
-2429
-2405
-2388
-2361
-2296
-2185
-2038
-1852
-1619
-1351
-1058
-742
-409
-94
175
392
562
708
869
1069
1286
1481
1620
1694
1698
1651
1587
1537
1508
1487
1455
1404
1325
1209
1062
895
737
611
532
491
477
458
415
336
245
181
186
274
396
485
485
420
356
345
363
358
299
195
64
-63
-151
-193
-207
-217
-245
-302
-384
-468
-551
-652
-775
-906
-1020
-1090
-1085
-997
-889
-823
-821
-841
-841
-826
-819
-836
-856
-870
-863
-850
-826
-791
-731
-636
-520
-398
-291
-205
-131
-53
48
167
289
412
527
613
659
700
789
927
1080
1211
1304
1344
1336
1323
1346
1412
1482
1514
1471
1353
1218
1132
1119
1139
1144
1130
1111
1094
1068
1022
960
901
860
823
755
640
482
317
189
121
101
87
41
-33
-123
-217
-310
-385
-427
-430
-412
-383
-355
-336
-323
-316
-330
-398
-514
-642
-756
-884
-1058
-1266
-1471
-1639
-1772
-1875
-1959
-2024
-2060
-2057
-2024
-1996
-1990
-2004
-1997
-1924
-1769
-1559
-1364
-1225
-1131
-1020
-846
-625
-427
-291
-193
-92
24
145
282
446
627
779
877
921
929
939
978
1061
1190
1347
1493
1571
1563
1484
1386
1305
1270
1283
1319
1332
1291
1212
1139
1101
1098
1111
1122
1133
1137
1121
1066
968
831
687
590
560
546
480
341
176
10
-174
-396
-627
-798
-873
-876
-866
-885
-947
-1048
-1166
-1255
-1279
-1230
-1155
-1092
-1069
-1075
-1076
-1062
-1055
-1082
-1141
-1209
-1269
-1321
-1353
-1351
-1314
-1265
-1227
-1202
-1182
-1158
-1116
-1042
-924
-767
-587
-404
-231
-63
100
259
410
564
717
851
950
1016
1072
1134
1210
1292
1353
1378
1397
1452
1550
1661
1740
1763
1728
1665
1600
1541
1475
1414
1374
1350
1313
1250
1199
1191
1213
1224
1216
1214
1220
1209
1151
1043
891
723
569
454
366
287
210
130
35
-84
-207
-320
-431
-565
-720
-869
-1007
-1148
-1308
-1465
-1589
-1657
-1673
-1667
-1681
-1719
-1741
-1723
-1711
-1772
-1914
-2053
-2113
-2090
-2032
-1971
-1913
-1844
-1736
-1566
-1345
-1128
-943
-772
-569
-330
-76
169
365
479
503
488
494
538
580
578
531
486
484
554
684
833
957
1030
1061
1066
1069
1078
1103
1133
1144
1126
1090
1060
1044
1004
896
723
552
452
423
410
355
245
93
-80
-254
-399
-481
-471
-390
-299
-251
-262
-291
-294
-253
-187
-132
-117
-125
-139
-151
-177
-215
-240
-236
-217
-222
-271
-329
-344
-302
-242
-226
-263
-314
-321
-269
-202
-194
-259
-342
-371
-326
-246
-173
-126
-88
-43
3
35
58
93
149
210
242
235
217
224
277
367
483
603
702
763
798
818
818
782
707
630
586
566
529
452
353
238
92
-75
-207
-254
-221
-166
-134
-152
-215
-296
-375
-424
-406
-308
-175
-95
-103
-151
-167
-120
-34
56
141
232
334
415
443
413
353
309
309
328
311
233
140
92
90
73
16
-52
-104
-150
-215
-284
-318
-307
-280
-254
-232
-216
-219
-254
-312
-377
-447
-508
-541
-542
-536
-540
-558
-591
-640
-677
-674
-633
-590
-570
-579
-608
-631
-614
-534
-420
-325
-288
-297
-316
-341
-386
-430
-417
-325
-217
-164
-172
-190
-183
-143
-63
53
174
262
312
322
299
250
216
238
308
388
448
484
496
491
495
540
619
688
725
766
851
969
1058
1074
1028
975
956
972
990
992
977
967
968
976
955
871
725
553
397
264
138
7
-119
-224
-281
-296
-299
-320
-362
-399
-427
-469
-544
-627
-667
-638
-573
-527
-526
-564
-619
-665
-667
-615
-536
-466
-418
-388
-375
-365
-343
-313
-309
-347
-411
-477
-529
-553
-528
-481
-459
-479
-496
-460
-360
-239
-154
-141
-191
-250
-274
-268
-261
-256
-235
-187
-128
-70
-19
13
25
24
42
112
257
460
643
756
827
920
1039
1129
1148
1114
1056
999
961
960
979
964
880
752
641
562
466
297
70
-133
-260
-328
-383
-436
-469
-474
-478
-504
-560
-614
-635
-607
-551
-507
-503
-539
-596
-659
-705
-713
-671
-593
-491
-378
-266
-168
-92
-37
-12
-24
-53
-69
-61
-53
-57
-54
-51
-63
-116
-186
-227
-197
-99
5
57
43
7
-21
-40
-62
-93
-120
-132
-122
-92
-36
64
198
323
384
387
389
438
534
636
709
720
673
600
547
519
488
420
337
305
366
486
563
541
439
340
311
352
415
443
393
265
99
-41
-108
-114
-115
-148
-210
-259
-271
-249
-244
-296
-409
-540
-640
-683
-674
-627
-557
-494
-462
-483
-542
-594
-587
-516
-425
-363
-345
-348
-351
-337
-300
-246
-196
-167
-173
-213
-259
-281
-258
-207
-140
-74
-38
-65
-145
-236
-297
-318
-305
-282
-269
-276
-293
-290
-230
-102
48
156
207
258
375
563
742
829
793
698
633
632
676
729
781
834
900
992
1100
1186
1220
1195
1136
1074
1026
988
936
842
704
551
432
374
357
332
259
153
57
7
-12
-32
-68
-126
-212
-326
-460
-593
-726
-836
-913
-959
-974
-943
-855
-735
-644
-627
-679
-758
-820
-870
-928
-984
-1000
-951
-873
-813
-809
-851
-901
-923
-903
-858
-792
-707
-616
-543
-490
-425
-316
-173
-35
41
35
-23
-67
-78
-89
-110
-105
-42
51
127
182
235
314
421
548
681
810
931
1042
1145
1217
1230
1181
1106
1056
1043
1036
989
890
767
651
556
467
385
335
353
426
489
489
405
280
144
7
-147
-312
-438
-485
-485
-518
-613
-719
-766
-743
-713
-731
-801
-874
-914
-921
-919
-912
-870
-757
-588
-429
-329
-279
-200
-28
205
392
438
377
314
324
380
414
392
338
286
246
201
150
121
144
202
244
235
187
148
161
237
352
463
542
586
611
614
577
498
422
400
433
480
504
506
514
547
597
618
564
439
312
243
236
258
271
266
252
226
171
58
-92
-212
-257
-265
-313
-426
-555
-645
-694
-731
-772
-819
-878
-957
-1048
-1123
-1161
-1152
-1107
-1040
-951
-842
-713
-574
-430
-313
-241
-206
-180
-139
-90
-45
-17
9
68
179
311
407
433
388
292
186
110
77
70
65
58
47
30
13
3
1
9
32
55
50
-2
-78
-142
-150
-97
-30
-14
-52
-82
-39
74
204
277
256
168
97
116
212
317
396
476
590
707
752
678
527
397
345
351
363
345
282
178
73
16
17
26
3
-60
-163
-311
-479
-594
-609
-543
-456
-379
-312
-244
-176
-110
-40
23
60
56
32
14
-11
-80
-199
-311
-351
-291
-168
-42
50
111
168
224
244
191
85
2
-10
28
38
-20
-113
-190
-243
-299
-351
-368
-333
-295
-304
-339
-336
-262
-154
-75
-42
-11
41
93
114
109
110
151
242
396
591
784
902
883
751
617
601
711
844
876
781
640
579
619
672
638
531
432
385
371
375
393
422
431
394
307
183
47
-90
-218
-302
-300
-213
-115
-84
-144
-257
-356
-398
-393
-389
-415
-455
-482
-504
-526
-528
-484
-412
-363
-358
-388
-432
-491
-559
-594
-538
-388
-236
-193
-290
-444
-544
-558
-552
-603
-707
-800
-840
-837
-808
-738
-627
-527
-498
-540
-582
-562
-497
-444
-413
-336
-144
130
358
437
389
315
301
332
359
372
434
567
697
719
631
537
532
604
665
657
609
595
645
705
730
729
734
742
729
684
600
495
391
309
238
157
65
-11
-44
-49
-69
-140
-242
-325
-353
-323
-269
-268
-367
-521
-628
-632
-582
-544
-533
-513
-444
-335
-246
-237
-301
-356
-337
-266
-210
-208
-231
-235
-193
-141
-127
-153
-152
-77
46
129
126
57
-22
-60
-34
44
126
166
143
78
16
3
47
125
190
236
310
452
623
714
681
574
477
417
389
381
379
357
322
297
308
358
443
525
557
516
458
460
526
584
549
428
312
283
307
299
205
54
-92
-197
-237
-223
-190
-213
-321
-484
-620
-686
-691
-673
-654
-621
-573
-543
-541
-509
-373
-160
-16
-43
-180
-240
-106
140
286
219
27
-116
-139
-104
-91
-104
-72
24
142
207
201
145
76
24
1
-15
-72
-193
-346
-476
-539
-531
-497
-489
-536
-606
-658
-671
-631
-544
-442
-374
-371
-417
-482
-526
-524
-479
-408
-315
-197
-68
40
87
65
4
-29
21
142
260
304
266
198
176
220
294
319
267
174
107
105
150
188
178
165
219
361
505
576
596
642
734
799
769
669
584
567
588
596
573
554
567
605
618
574
489
407
342
279
198
98
-6
-82
-96
-58
-27
-65
-173
-290
-359
-380
-413
-514
-674
-802
-802
-683
-552
-517
-562
-567
-473
-349
-300
-343
-389
-364
-278
-216
-248
-365
-486
-524
-452
-304
-139
15
160
299
426
533
626
707
737
694
590
482
414
379
338
252
143
71
79
163
282
401
489
535
533
505
472
436
367
230
65
-27
29
160
217
127
-29
-107
-43
116
250
258
119
-92
-277
-370
-390
-395
-411
-411
-369
-305
-256
-211
-137
-52
-11
-46
-113
-150
-144
-152
-251
-456
-699
-872
-902
-804
-679
-616
-619
-622
-561
-448
-342
-297
-293
-278
-238
-233
-313
-438
-516
-483
-373
-240
-87
111
321
452
458
410
430
531
615
602
539
531
611
719
785
806
820
843
865
862
834
788
698
545
335
122
-60
-229
-406
-591
-733
-801
-784
-709
-616
-515
-393
-248
-118
-50
-60
-124
-192
-237
-256
-253
-239
-223
-219
-228
-248
-284
-330
-336
-239
-25
225
374
350
207
81
50
67
25
-110
-257
-316
-275
-196
-137
-101
-55
32
169
309
393
403
380
361
344
295
198
80
-1
-13
51
152
251
331
406
500
599
671
710
752
814
853
802
649
451
287
189
146
128
125
133
121
54
-85
-263
-429
-539
-588
-608
-627
-630
-604
-572
-578
-625
-671
-687
-659
-563
-400
-226
-124
-107
-102
-43
36
48
-30
-129
-157
-118
-106
-167
-220
-136
59
203
178
58
20
154
380
531
545
505
541
647
678
523
236
-3
-76
-20
35
27
-11
-5
46
84
73
30
2
-14
-49
-118
-188
-201
-155
-110
-136
-228
-315
-346
-328
-300
-300
-348
-441
