-1053
-960
-858
-795
-811
-897
-993
-1038
-1035
-1020
-1012
-987
-913
-787
-658
-562
-497
-435
-371
-337
-372
-481
-607
-653
-578
-423
-271
-191
-191
-211
-161
-3
199
361
447
476
476
450
405
358
345
379
417
393
289
145
24
-17
40
180
347
484
555
533
451
352
308
340
468
656
835
915
877
791
718
650
558
481
483
553
595
524
364
208
119
107
137
187
240
266
242
169
87
25
-5
0
60
213
433
610
634
487
278
141
110
98
8
-162
-337
-438
-432
-336
-199
-90
-25
11
37
47
36
4
-51
-132
-213
-247
-221
-171
-174
-258
-375
-451
-456
-410
-313
-159
-4
57
-22
-181
-318
-356
-259
-83
57
48
-71
-155
-82
120
319
430
452
452
467
490
487
439
352
254
170
108
51
-25
-116
-178
-166
-83
7
40
23
28
116
245
334
320
223
93
-39
-162
-282
-387
-455
-445
-330
-141
20
47
-67
-224
-310
-281
-183
-112
-163
-354
-608
-778
-760
-589
-405
-340
-429
-602
-762
-833
-813
-730
-624
-538
-501
-519
-547
-527
-445
-348
-308
-368
-501
-621
-617
-465
-258
-130
-118
-137
-99
24
180
328
427
466
481
540
683
861
986
1007
962
900
839
754
640
527
444
388
344
332
373
450
510
498
408
283
201
191
227
242
219
165
69
-107
-342
-526
-560
-456
-322
-275
-341
-447
-498
-452
-383
-396
-523
-655
-658
-529
-391
-360
-425
-494
-488
-397
-262
-140
-69
-68
-110
-154
-166
-150
-104
-39
12
-10
-107
-182
-107
151
487
751
864
841
772
742
773
802
755
626
489
408
386
398
423
459
505
562
604
585
494
384
301
220
102
-34
-107
-63
85
258
338
289
187
160
235
314
310
205
57
-79
-184
-262
-328
-378
-421
-465
-515
-543
-541
-524
-525
-560
-590
-569
-487
-402
-356
-325
-248
-114
33
140
203
231
231
203
147
72
-12
-63
-45
31
97
102
49
-18
-60
-52
8
96
144
94
-32
-158
-225
-236
-235
-250
-290
-346
-381
-363
-284
-191
-127
-103
-89
-62
-22
24
81
148
200
195
100
-69
-244
-358
-404
-421
-442
-455
-435
-387
-339
-323
-346
-372
-370
-342
-327
-339
-350
-307
-201
-84
-10
21
46
89
146
200
249
277
284
291
305
298
235
130
22
-51
-43
62
225
378
495
578
637
679
713
738
750
780
836
887
866
761
625
542
545
578
568
486
381
296
253
260
324
436
545
600
577
485
362
264
222
222
218
176
81
-45
-155
-206
-210
-219
-291
-426
-577
-665
-655
-585
-534
-522
-514
-473
-390
-289
-212
-213
-308
-454
-590
-677
-690
-604
-434
-265
-193
-245
-367
-466
-476
-391
-279
-235
-308
-432
-493
-459
-367
-270
-174
-59
60
153
173
116
33
3
52
125
173
196
237
280
282
226
159
138
190
298
414
467
402
231
32
-94
-101
-20
55
63
16
-49
-105
-143
-156
-144
-138
-159
-186
-198
-217
-305
-461
-626
-711
-676
-535
-342
-183
-145
-269
-504
-705
-745
-577
-298
-64
21
-45
-174
-277
-301
-273
-239
-216
-171
-86
16
94
158
236
329
387
390
371
369
365
323
245
184
184
253
362
463
525
550
562
565
551
508
455
441
471
488
385
151
-99
-205
-117
79
264
390
490
596
668
625
457
252
113
71
84
93
55
-39
-170
-295
-388
-429
-419
-365
-303
-286
-330
-391
-407
-378
-344
-329
-327
-338
-361
-372
-354
-322
-305
-303
-318
-343
-333
-232
-45
145
250
253
203
160
144
157
178
189
189
186
192
193
173
143
114
104
132
215
341
441
492
503
499
483
466
478
532
606
647
632
561
465
360
269
221
225
247
218
111
-56
-207
-284
-264
-182
-96
-47
-36
-33
-9
24
51
87
162
255
310
286
180
16
-177
-339
-402
-367
-304
-293
-356
-464
-563
-583
-493
-332
-164
-40
0
-55
-166
-240
-230
-157
-82
-53
-89
-161
-190
-125
5
116
154
157
177
217
223
162
40
-124
-314
-485
-566
-516
-390
-300
-316
-400
-444
-396
-301
-237
-222
-225
-233
-279
-387
-534
-655
-702
-672
-619
-594
-604
-609
-575
-510
-424
-311
-170
-40
37
55
51
45
17
-48
-116
-125
-69
17
74
83
52
39
103
258
449
575
567
432
243
106
94
225
457
703
884
967
973
932
859
779
747
819
981
1131
1158
1022
773
505
288
155
104
138
242
360
404
322
175
81
117
245
375
430
391
245
5
-258
-445
-488
-412
-288
-192
-162
-195
-252
-279
-255
-203
-150
-111
-80
-67
-94
-182
-316
-461
-590
-663
-625
-456
-243
-121
-136
-205
-225
-166
-73
0
21
-31
-151
-302
-403
-379
-231
-37
110
144
65
-66
-175
-226
-248
-265
-266
-215
-123
-41
-18
-60
-126
-193
-255
-317
-356
-360
-346
-346
-363
-354
-298
-205
-127
-114
-182
-317
-480
-599
-612
-499
-310
-147
-111
-239
-441
-558
-497
-315
-141
-35
23
58
63
47
31
28
25
23
42
85
130
139
93
-5
-108
-144
-70
67
166
176
120
42
-28
-66
-38
72
242
418
527
512
393
294
334
517
712
792
723
572
448
419
482
574
638
661
647
603
545
486
446
442
501
599
655
580
354
50
-234
-422
-476
-388
-200
-6
84
33
-104
-228
-269
-213
-80
72
170
163
78
-8
-40
-25
5
52
169
358
533
573
451
262
126
115
219
384
520
551
456
277
102
12
41
160
294
380
375
286
148
24
-23
24
139
238
236
111
-51
-138
-111
-29
1
-45
-114
-139
-142
-205
-368
-578
-733
-787
-773
-775
-862
-1036
-1224
-1310
-1231
-1026
-804
-664
-619
-617
-605
-571
-519
-437
-329
-239
-218
-276
-386
-495
-541
-505
-438
-416
-435
-430
-362
-264
-188
-152
-150
-159
-137
-26
174
362
409
287
115
35
91
223
364
502
644
746
741
637
512
454
471
528
568
534
419
269
128
5
-84
-87
39
253
449
535
493
372
240
139
92
127
236
356
384
283
100
-87
-223
-277
-243
-153
-52
40
117
149
115
33
-42
-96
-140
-176
-180
-149
-128
-143
-166
-143
-73
-14
-37
-142
-276
-367
-383
-328
-230
-123
-10
97
169
179
163
180
258
366
461
505
476
397
323
296
306
310
272
186
81
-1
-47
-59
-19
89
240
343
339
238
104
-8
-69
-81
-76
-88
-121
-152
-153
-120
-82
-73
-115
-194
-283
-361
-413
-431
-398
-309
-183
-88
-109
-257
-461
-619
-702
-728
-735
-703
-618
-479
-338
-263
-291
-387
-463
-441
-311
-126
35
110
94
37
1
17
72
122
157
184
210
225
234
277
367
473
559
607
624
618
611
631
666
698
726
783
876
943
903
742
511
277
70
-85
-162
-164
-137
-120
-112
-104
-80
-29
47
109
79
-55
-219
-321
-318
-226
-76
76
183
224
199
106
-45
-194
-276
-281
-264
-260
-263
-258
-256
-286
-377
-514
-637
-665
-577
-449
-383
-416
-484
-496
-407
-246
-73
46
67
-9
-110
-143
-74
66
211
304
310
250
188
183
220
231
181
97
33
16
45
112
167
141
-5
-201
-303
-240
-90
-2
-34
-118
-168
-160
-130
-114
-137
-187
-229
-232
-194
-148
-123
-128
-142
-135
-112
-96
-112
-145
-171
-168
-110
6
143
237
273
278
270
237
178
137
160
231
287
267
169
51
-20
-3
103
260
407
492
501
456
410
407
452
485
456
391
356
391
471
531
536
483
398
315
270
285
339
381
363
319
302
341
403
435
399
307
195
103
38
-3
-18
-19
-43
-117
-222
-296
-296
-260
-279
-409
-597
-734
-770
-738
-702
-680
-660
-627
-558
-434
-281
-168
-160
-260
-396
-462
-412
-318
-283
-336
-426
-490
-486
-405
-271
-141
-40
42
96
95
66
80
172
288
336
269
117
-28
-88
-46
39
105
107
62
8
-13
1
22
31
16
-16
-52
-86
-129
-172
-215
-250
-293
-332
-336
-304
-272
-294
-365
-447
-495
-497
-483
-503
-590
-722
-815
-790
-631
-427
-280
-237
-262
-290
-284
-215
-84
72
165
147
50
-41
-68
-27
54
134
185
211
243
301
384
465
513
506
457
416
433
515
608
665
688
710
763
851
948
987
924
802
704
674
701
752
800
799
725
609
502
432
397
391
388
355
288
241
266
351
436
463
429
366
308
271
228
147
20
-136
-294
-421
-488
-498
-501
-550
-655
-762
-805
-743
-604
-462
-400
-446
-556
-646
-647
-539
-352
-164
-52
-44
-73
-63
-8
24
12
-1
39
118
184
181
83
-84
-238
-289
-217
-82
30
73
38
-52
-152
-197
-137
5
160
238
216
131
39
-25
-61
-72
-78
-98
-122
-120
-105
-144
-274
-434
-518
-486
-366
-234
-164
-221
-388
-540
-558
-424
-255
-167
-177
-215
-215
-174
-150
-190
-267
-319
-318
-301
-313
-355
-397
-395
-312
-169
-21
74
114
123
123
113
104
116
180
292
399
430
360
231
102
28
41
130
241
313
324
273
171
53
-14
15
106
175
167
107
57
58
93
132
157
160
160
173
197
220
228
241
276
312
294
188
22
-118
-165
-111
28
230
441
568
549
435
320
255
216
176
150
170
251
364
461
500
468
406
368
379
398
384
319
215
92
-7
-44
-26
12
24
-1
-56
-108
-115
-37
120
308
443
450
343
217
142
96
31
-32
-51
-31
2
49
123
191
224
211
160
86
27
11
13
-15
-89
-177
-253
-309
-355
-409
-468
-514
-537
-559
-626
-729
-805
-802
-754
-738
-795
-910
-1040
-1141
-1178
-1132
-1004
-828
-674
-623
-686
-785
-813
-731
-573
-431
-386
-436
-478
-395
-165
109
297
362
370
402
454
470
443
421
437
464
481
500
538
591
628
631
606
570
543
529
544
586
614
577
465
326
192
80
-13
-82
-121
-112
-55
13
39
-13
-144
-320
-473
-543
-537
-532
-573
-638
-664
-611
-480
-332
-249
-266
-339
-394
-384
-318
-230
-154
-106
-69
-19
44
102
117
57
-63
-157
-109
96
357
549
643
665
656
662
732
856
949
951
878
794
726
688
702
789
892
894
732
485
320
343
512
696
778
733
625
535
498
478
414
287
151
77
59
52
43
77
135
135
37
-75
-84
44
257
434
459
274
-31
-286
-390
-394
-416
-504
-623
-705
-722
-682
-636
-629
-664
-700
-690
-611
-484
-379
-372
-470
-592
-633
-566
-457
-405
-457
-577
-700
-786
-826
-807
-734
-634
-538
-472
-446
-464
-505
-538
-564
-587
-604
-575
-473
-293
-69
123
224
214
153
124
159
205
195
125
52
61
172
313
358
262
94
-14
13
147
300
409
459
444
357
215
81
24
59
131
171
169
190
305
483
581
493
271
85
56
161
272
290
197
77
29
94
228
350
395
325
156
-42
-161
-136
18
217
373
439
405
301
192
178
283
429
486
408
268
163
124
116
99
55
-7
-77
-118
-106
-66
-60
-104
-135
-90
31
176
285
298
207
45
-130
-261
-275
-165
-28
-11
-136
-298
-413
-482
-536
-547
-483
-349
-196
-85
-61
-124
-204
-210
-105
50
152
133
0
-188
-335
-353
-249
-130
-78
-78
-90
-111
-148
-158
-92
41
173
217
144
13
-78
-83
-29
32
93
183
331
530
696
735
614
445
375
460
621
730
719
591
389
190
82
99
176
211
138
-31
-229
-341
-266
-32
203
273
141
-101
-337
-482
-525
-511
-542
-675
-838
-904
-813
-653
-530
-508
-552
-606
-608
-529
-398
-307
-347
-507
-692
-808
-827
-745
-564
-362
-245
-252
-285
-201
39
340
539
548
428
314
288
317
319
273
210
191
236
334
448
553
620
621
558
494
484
515
516
447
331
214
149
145
185
221
246
285
366
461
499
446
313
159
29
-57
-105
-126
-118
-79
-12
31
19
-41
-73
-32
41
34
-114
-326
-458
-413
-241
-97
-125
-310
-514
-588
-542
-482
-490
-562
-621
-625
-561
-479
-439
-462
-520
-550
-505
-383
-230
-109
-63
-67
-77
-50
23
143
290
432
531
567
549
523
550
635
723
757
721
639
563
538
586
673
736
727
647
541
460
412
356
270
173
94
36
-40
-150
-277
-379
-460
-538
-619
-670
-678
-642
-583
-523
-492
-496
-515
-530
-533
-522
-480
-402
-310
-246
-222
-214
-177
-89
49
225
378
446
402
303
220
195
221
282
367
443
502
547
600
681
783
855
821
682
535
491
565
689
766
737
642
587
631
716
752
704
599
463
335
285
316
346
286
146
4
-97
-189
-326
-522
-770
-1056
-1366
-1674
-1965
-2206
-2325
-2262
-2087
-1948
-1929
-1967
-1935
-1753
-1433
-1071
-816
-734
-750
-752
-679
-536
-347
-171
-74
-61
-68
-53
-15
29
75
127
212
334
470
598
730
886
1054
1237
1460
1735
2014
2231
2330
2295
2184
2099
2070
2042
1939
1766
1571
1398
1264
1160
1056
941
840
816
903
923
365
-1216
-3380
-4716
-4117
-2077
-331
-247
-1729
-3340
-3367
-1302
1431
2697
1789
-42
-1166
-1011
-40
940
1308
924
106
-813
-1645
-2075
-1767
-926
-377
-773
-1935
-2963
-2995
-1921
-529
202
23
-487
-607
-73
911
1928
2572
2644
2231
1640
1217
1149
1278
1176
579
-250
-682
-351
531
1382
1743
1599
1316
1346
1843
2537
2968
2887
2433
1907
1492
1223
1095
1101
1112
938
491
-91
-509
-528
-185
184
237
-58
-434
-603
-484
-173
145
299
240
58
-133
-329
-678
-1401
-2544
-3750
-4405
-4218
-3560
-3118
-3240
-3656
-3720
-2942
-1475
-94
461
176
-353
-544
-237
371
941
1192
1067
671
106
-518
-944
-957
-730
-759
-1343
-2263
-2975
-3047
-2462
-1663
-1193
-1256
-1496
-1333
-484
790
1886
2344
2179
1825
1742
2067
2550
2795
2617
2175
1800
1729
1989
2449
2901
3118
2971
2537
2126
2114
2623
3330
3683
3390
2682
2056
1838
1978
2159
2010
1156
-702
-3373
-5782
-6494
-5107
-2952
-2031
-3218
-5484
-6630
-5059
-1329
1990
2620
797
-1178
-1343
366
2573
3775
3392
1999
621
-203
-521
-457
-155
-124
-983
-2695
-4350
-4860
-3901
-2254
-1185
-1316
-2056
-2211
-1130
771
2466
3180
2879
2127
1533
1364
1498
1558
1099
-13
-1282
-1872
-1380
-245
669
843
450
177
687
2049
3661
4772
5105
4924
4619
4391
4257
4197
4178
4046
3532
2505
1274
456
410
829
1007
485
-547
-1421
-1578
-1041
-421
-583
-2090
-4541
-6459
-6357
-4303
-2140
-1827
-3645
-5964
-6520
-4266
-531
1863
1263
-1143
-2663
-1810
706
3108
4099
3558
2349
1458
1245
1501
1917
2163
1735
290
-1831
-3654
-4300
-3741
-2898
-2867
-3850
-4921
-4950
-3700
-1964
-798
-679
-1253
-1733
-1512
-496
921
2026
2151
1230
48
-286
688
2321
3376
3057
1695
491
519
1851
3614
4779
4956
4529
4186
4326
4818
5245
5291
4895
4129
3113
2072
1300
929
680
-110
-1990
-4654
-6806
-7152
-5789
-4254
-4049
-5257
-6548
-6328
-4065
-930
1043
878
-364
-766
489
2637
4309
4640
3757
2576
1990
2114
2423
2435
1991
1019
-468
-2135
-3359
-3710
-3386
-3083
-3396
-4233
-4840
-4491
-3138
-1429
-116
484
599
659
873
1133
1246
1158
898
459
-103
-568
-690
-415
83
548
774
762
807
1333
2541
4136
5485
6103
6055
5879
6043
6508
6812
6548
5712
4631
3661
2931
2318
1622
704
-530
-2226
-4407
-6647
-8072
-8062
-7036
-6238
-6577
-7661
-8068
-6618
-3572
-649
345
-750
-2192
-2027
43
2592
3994
3799
2811
2192
2501
3374
3962
3691
2580
1104
-223
-1149
-1745
-2291
-3017
-3945
-4791
-5145
-4790
-3965
-3195
-2813
-2677
-2335
-1484
-276
822
1421
1491
1286
1079
986
1003
1057
1083
1051
974
863
730
681
910
1541
2461
3389
4130
4722
5329
6004
6608
6928
6854
6458
5905
5282
4527
3597
2602
1653
564
-1058
-3250
-5343
-6409
-6227
-5618
-5712
-6860
-8234
-8469
-6901
-4368
-2641
-2720
-3813
-4140
-2730
-250
1687
1989
1026
293
970
2795
4402
4677
3699
2437
1762
1714
1635
909
-474
-1999
-3111
-3637
-3846
-4149
-4666
-5116
-5143
-4648
-3819
-2951
-2192
-1395
-291
1087
2259
2786
2756
2665
2873
3327
3701
3750
3518
3268
3201
3331
3622
4091
4672
5136
5271
5178
5192
5541
6032
6204
5771
4885
4007
3527
3443
3345
2687
1227
-694
-2322
-3095
-3225
-3517
-4593
-6263
-7712
-8199
-7679
-6879
-6681
-7235
-7741
-7242
-5587
-3526
-2004
-1377
-1154
-486
955
2612
3630
3757
3536
3671
4244
4592
4027
2589
1007
-75
-648
-1185
-2055
-3168
-4099
-4557
-4672
-4718
-4736
-4560
-4073
-3303
-2327
-1313
-456
188
783
1544
2539
3599
4385
4667
4608
4656
5052
5598
5908
5823
5499
5272
5357
5669
5928
5920
5650
5200
4659
4083
3579
3219
2996
2700
2009
748
-857
-2272
-3046
-3181
-3129
-3432
-4269
-5267
-5842
-5748
-5355
-5305
-5910
-6826
-7378
-7140
-6296
-5432
-4984
-4824
-4389
-3246
-1583
-69
732
893
981
1453
2166
2535
2141
1220
451
289
453
238
-716
-2014
-2913
-3049
-2697
-2424
-2546
-2894
-3029
-2680
-1995
-1362
-987
-733
-302
444
1369
2167
2641
2911
3292
3939
4664
5159
5338
5428
5766
6464
7239
7602
7335
6702
6163
5912
5744
5304
4440
3377
2504
2001
1665
1139
257
-826
-1754
-2260
-2403
-2533
-2962
-3649
-4295
-4659
-4740
-4712
-4768
-4977
-5222
-5327
-5227
-4994
-4723
-4458
-4158
-3711
-3051
-2310
-1737
-1423
-1167
-742
-181
244
323
111
-135
-228
-201
-218
-378
-627
-866
-1044
-1177
-1243
-1176
-978
-791
-755
-817
-757
-466
-98
78
-24
-193
-118
337
1003
1548
1752
1705
1738
2126
2817
3506
3941
4129
4242
4387
4485
4432
4246
4055
3891
3667
3329
2949
2659
2497
2376
2173
1892
1680
1637
1663
1536
1130
538
-46
-490
-838
-1216
-1704
-2255
-2768
-3188
-3525
-3824
-4096
-4306
-4421
-4395
-4178
-3776
-3305
-2917
-2672
-2508
-2332
-2115
-1870
-1632
-1434
-1337
-1396
-1605
-1823
-1874
-1661
-1280
-912
-707
-702
-809
-892
-846
-703
-550
-421
-288
-147
-64
-53
-19
167
482
729
733
553
466
653
1024
1333
1468
1511
1627
1889
2219
2472
2576
2607
2686
2824
2930
2948
2890
2743
2460
2081
1762
1638
1698
1814
1890
1911
1920
1929
1914
1827
1629
1307
873
348
-245
-873
-1497
-2052
-2509
-2885
-3221
-3529
-3755
-3828
-3709
-3452
-3165
-2915
-2660
-2279
-1709
-1034
-457
-179
-198
-270
-91
411
971
1230
1062
684
405
364
493
663
822
972
1079
1075
914
654
463
478
620
622
327
-158
-549
-638
-388
25
307
250
-36
-224
-99
202
332
154
-103
-99
227
611
777
691
526
470
607
907
1243
1482
1575
1570
1547
1520
1450
1282
979
576
152
-216
-550
-898
-1267
-1579
-1760
-1822
-1881
-2062
-2355
-2620
-2720
-2666
-2549
-2427
-2265
-2010
-1672
-1352
-1185
-1194
-1176
-870
-240
433
831
922
954
1145
1462
1721
1785
1687
1550
1506
1557
1609
1563
1423
1255
1084
891
670
466
340
311
325
272
73
-200
-340
-167
259
674
817
669
453
424
658
993
1163
1011
601
189
1
56
169
138
-55
-269
-359
-296
-147
-13
41
18
-29
-40
-2
19
-62
-292
-645
-1044
-1423
-1737
-1991
-2186
-2282
-2248
-2141
-2102
-2211
-2362
-2345
-2058
-1659
-1436
-1468
-1512
-1258
-652
72
637
943
1101
1264
1450
1541
1473
1325
1221
1179
1110
921
614
308
138
147
248
329
357
394
492
638
757
823
916
1119
1381
1531
1450
1195
937
815
832
865
800
653
564
648
886
1151
1298
1285
1185
1112
1112
1155
1180
1129
960
678
334
-11
-348
-666
-945
-1172
-1367
-1540
-1643
-1663
-1667
-1754
-1906
-1987
-1884
-1649
-1497
-1594
-1879
-2134
-2224
-2172
-2061
-1912
-1716
-1473
-1185
-842
-469
-132
121
308
497
707
893
956
848
633
435
333
279
182
23
-102
-57
185
504
729
817
868
959
1063
1121
1160
1237
1371
1514
1605
1611
1552
1484
1441
1407
1360
1312
1278
1231
1130
993
890
846
824
743
584
410
327
359
392
288
20
-263
-394
-325
-153
-54
-151
-492
-985
-1453
-1730
-1756
-1638
-1561
-1690
-2035
-2420
-2568
-2322
-1791
-1284
-1063
-1134
-1311
-1425
-1432
-1378
-1290
-1198
-1146
-1154
-1143
-996
-686
-322
-57
77
141
191
170
-3
-323
-635
-792
-783
-695
-596
-469
-294
-100
66
207
378
632
946
1213
1338
1327
1286
1317
1428
1545
1605
1616
1619
1641
1686
1772
1919
2105
2242
2242
2113
1956
1853
1791
1703
1561
1390
1252
1204
1224
1189
973
582
172
-95
-188
-201
-241
-341
-498
-718
-1017
-1350
-1635
-1793
-1840
-1875
-1996
-2188
-2304
-2203
-1889
-1505
-1224
-1118
-1146
-1200
-1179
-1038
-814
-596
-457
-394
-345
-260
-161
-113
-146
-181
-120
27
144
155
106
70
47
-1
-59
-50
103
405
725
913
955
997
1133
1276
1294
1198
1117
1115
1122
1028
841
707
773
1029
1309
1455
1468
1455
1471
1464
1383
1274
1208
1166
1051
778
371
-64
-419
-653
-795
-881
-927
-942
-962
-1035
-1177
-1341
-1437
-1398
-1270
-1202
-1346
-1688
-2024
-2141
-2010
-1826
-1771
-1850
-1914
-1843
-1647
-1474
-1488
-1702
-1932
-1951
-1690
-1267
-888
-718
-775
-895
-852
-565
-184
63
78
-52
-170
-180
-68
123
324
448
450
373
317
343
436
541
631
737
895
1110
1310
1435
1504
1598
1776
2028
2291
2512
2653
2689
2599
2380
2086
1820
1696
1721
1778
1712
1496
1235
1043
948
904
863
780
644
457
233
9
-148
-161
-33
111
89
-184
-613
-982
-1148
-1145
-1152
-1317
-1619
-1885
-1955
-1853
-1723
-1663
-1628
-1508
-1242
-886
-577
-430
-438
-477
-440
-321
-206
-179
-249
-363
-470
-557
-605
-564
-382
-99
166
291
278
244
293
410
501
524
512
503
467
357
189
46
-19
-46
-101
-172
-167
-38
146
259
250
193
230
449
781
1058
1164
1111
1001
921
918
925
837
568
154
-283
-635
-848
-961
-1001
-995
-965
-968
-1045
-1107
-998
-685
-350
-211
-295
-418
-391
-193
32
101
-34
-239
-322
-236
-141
-224
-516
-849
-1036
-1014
-872
-726
-632
-590
-586
-610
-647
-640
-524
-296
-49
100
122
100
136
254
373
375
243
76
-3
16
48
34
-6
-15
30
130
285
479
653
755
807
893
1093
1413
1760
1985
1959
1692
1338
1086
1012
1022
967
775
503
244
73
14
14
-31
-163
-317
-385
-332
-191
-11
145
219
170
34
-97
-140
-117
-141
-326
-655
-966
-1075
-923
-641
-457
-500
-671
-731
-537
-152
233
457
483
374
242
164
140
111
28
-102
-235
-320
-341
-292
-164
20
164
165
34
-69
10
248
477
546
447
265
109
72
177
349
446
380
176
-32
-108
-6
168
262
211
96
37
78
178
276
342
363
331
239
113
18
-13
-47
-197
-487
-790
-936
-883
-771
-793
-996
-1240
-1325
-1181
-913
-681
-590
-613
-651
-606
-434
-172
74
155
21
-186
-256
-119
78
143
28
-129
-166
-48
109
136
-45
-349
-602
-680
-579
-393
-209
-93
-58
-87
-128
-98
67
330
530
517
314
111
66
182
322
337
168
-103
-283
-232
41
387
665
820
903
1006
1188
1424
1607
1635
1478
1214
967
822
782
784
732
575
342
139
55
105
205
231
132
-23
-108
-67
47
123
74
-129
-399
-585
-586
-449
-344
-408
-654
-954
-1151
-1170
-1056
-937
-931
-1037
-1139
-1099
-894
-641
-492
-509
-624
-723
-751
-732
-703
-651
-551
-416
-275
-152
-56
6
40
57
62
61
83
182
369
600
797
911
934
878
767
639
555
549
596
640
652
645
661
738
873
991
980
821
631
558
642
793
891
878
755
559
348
214
215
297
320
195
-26
-207
-267
-231
-181
-169
-203
-288
-434
-632
-813
-909
-921
-931
-1006
-1147
-1285
-1348
-1312
-1200
-1062
-946
-871
-826
-771
-682
-590
-553
-607
-700
-745
-694
-564
-385
-186
-13
84
128
191
316
457
543
541
496
500
596
725
762
649
462
346
387
558
739
824
783
679
619
696
905
1147
1285
1268
1142
1035
1074
1277
1528
1633
1492
1166
820
570
428
299
97
-183
-430
-525
-454
-320
-256
-305
-434
-561
-637
-664
-707
-818
-997
-1195
-1347
-1383
-1276
-1102
-1008
-1095
-1309
-1489
-1501
-1364
-1227
-1215
-1327
-1460
-1521
-1471
-1343
-1189
-1064
-963
-844
-679
-464
-250
-107
-93
-164
-204
-114
97
320
438
422
343
329
454
708
1018
1308
1520
1622
1634
1634
1701
1830
1926
1883
1665
1359
1123
1064
1148
1262
1299
1239
1132
1057
1043
1045
985
810
542
267
75
-10
-28
-50
-119
-247
-385
-450
-392
-272
-218
-306
-511
-737
-886
-935
-941
-1006
-1192
-1460
-1704
-1811
-1749
-1568
-1371
-1266
-1283
-1356
-1361
-1239
-1057
-933
-927
-961
-899
-687
-413
-203
-103
-54
26
177
392
630
830
924
897
815
780
845
975
1087
1129
1102
1069
1084
1157
1220
1194
1078
928
815
761
760
771
766
774
842
972
1091
1138
1093
989
866
758
661
547
411
270
132
-25
-222
-453
-649
-732
-693
-633
-656
-783
-961
-1141
-1275
-1358
-1400
-1466
-1563
-1721
-1960
-2311
-2676
-2789
-2444
-1689
-930
-538
-662
-1016
-1270
-1260
-1210
-1401
-1834
-2150
-1878
-895
480
1593
1974
1587
844
211
-141
-339
-606
-946
-1102
-748
228
1540
2702
3240
3014
2190
1226
505
285
445
712
725
430
100
121
675
1538
2337
2683
2471
1854
1207
800
681
734
822
877
861
776
645
470
325
253
335
461
494
265
-197
-743
-1157
-1313
-1249
-1086
-964
-862
-706
-392
31
432
671
703
561
281
-64
-384
-546
-513
-310
-57
115
104
-103
-411
-689
-814
-749
-517
-258
-104
-149
-352
-627
-845
-902
-776
-537
-313
-182
-143
-114
-25
142
331
465
486
423
320
227
129
36
-57
-159
-334
-577
-769
-770
-531
-175
127
214
67
-224
-439
-433
-179
169
426
447
221
-147
-486
-627
-507
-178
160
309
166
-166
-518
-760
-895
-920
-812
-535
-157
193
393
398
263
50
-147
-259
-159
188
702
1087
1091
665
60
-391
-479
-264
45
265
331
265
97
-106
-266
-360
-404
-451
-483
-448
-315
-53
218
448
538
580
613
722
853
869
722
482
391
487
691
810
782
640
493
428
437
419
289
83
-62
-110
-42
89
330
596
701
441
-246
-1056
-1629
-1580
-1051
-353
44
29
-305
-718
-967
-920
-531
21
591
957
1074
802
344
-94
-255
-223
-143
-48
41
193
268
335
294
216
89
-81
-396
-850
-1183
-1137
-696
-312
-318
-755
-1171
-1093
-538
168
507
522
393
349
318
131
-77
-218
-14
374
907
1292
1407
1255
901
615
394
432
517
657
495
88
-545
-997
-1059
-783
-460
-416
-534
-695
-697
-720
-663
-505
-147
162
229
74
-155
-137
86
437
554
494
437
560
742
661
292
-220
-488
-404
-136
-133
-525
-1001
-1137
-837
-428
-82
-41
-166
-391
-425
-252
-14
162
164
89
-118
-161
-31
233
127
-446
-1188
-1428
-991
-272
111
-104
-499
-627
-140
536
968
803
397
161
219
378
385
424
548
816
904
708
255
-173
-300
-130
363
818
1131
987
518
-115
-581
-573
-83
684
1139
1052
437
-137
-328
-9
458
797
882
762
520
259
118
152
326
591
788
793
520
201
-131
-394
-708
-836
-808
-626
-367
-79
186
93
-207
-634
-835
-898
-835
-880
-982
-1137
-1134
-1038
-840
-669
-707
-1006
-1484
-1693
-1488
-777
-65
422
374
86
-333
-738
-1008
-938
-420
183
595
571
328
-50
-223
-92
280
709
953
1134
1111
958
517
97
-68
178
693
1116
1462
1482
1404
1068
823
649
712
937
1344
1743
2062
2124
1969
1593
1071
626
274
328
640
1251
1554
1416
637
-230
-906
-963
-562
41
353
274
-76
-449
-808
-1117
-1244
-1088
-730
-442
-343
-488
-710
-1028
-1321
-1592
-1662
-1576
-1364
-1282
-1320
-1512
-1675
-1706
-1588
-1396
-1323
-1325
-1366
-1287
-1105
-843
-551
-269
-29
94
-2
-171
-295
-160
78
389
666
853
828
543
242
116
279
500
741
790
644
140
-313
-408
127
831
1465
1690
1610
1123
479
7
-94
128
373
590
613
630
530
477
191
-191
-509
-505
-250
-32
-43
-340
-830
-1315
-1604
-1572
-1343
-1023
-805
-663
-632
-520
-351
-194
-213
-400
-428
-207
138
282
133
-60
-203
-273
-390
-488
-399
-1
475
690
452
-32
-258
-134
284
599
741
723
670
645
695
737
870
975
1113
1138
1186
1238
1297
1186
1045
940
944
958
967
1096
1197
1220
1101
1056
1072
1085
962
806
693
706
764
899
1109
1434
1634
1515
934
260
-127
37
408
534
251
-296
-721
-1000
-1004
-970
-856
-885
-926
-1074
-1174
-1286
-1383
-1516
-1645
-1682
-1591
-1376
-1222
-1295
-1666
-2016
-2043
-1740
-1516
-1618
-2002
-2320
-2466
-2259
-1814
-1194
-782
-649
-785
-897
-891
-673
-319
-17
147
95
150
287
605
676
640
425
413
564
849
1146
1211
1157
862
670
495
465
324
202
163
378
679
917
932
779
568
491
677
992
1257
1268
1092
901
780
735
653
536
382
264
229
255
236
64
-172
-386
-446
-416
-312
-235
-221
-275
-386
-434
-407
-253
-203
-300
-503
-500
-298
-49
-21
-112
-218
-245
-256
-319
-350
-327
-237
-191
-313
-540
-802
-909
-768
-431
56
444
667
588
378
232
277
417
531
551
566
614
785
1013
1084
961
680
566
575
698
797
869
811
576
242
4
-52
3
10
-24
25
261
610
834
859
607
299
3
-53
-37
39
38
38
-11
-130
-232
-360
-424
-592
-738
-849
-832
-704
-612
-550
-608
-633
-639
-507
-343
-188
-290
-563
-887
-910
-765
-620
-672
-778
-808
-799
-754
-796
-813
-868
-868
-762
-552
-234
49
283
428
371
244
91
278
635
1126
1373
1407
1133
755
471
380
467
417
327
87
-58
-201
-151
-63
47
46
8
-75
-196
-255
-219
-82
-112
-250
-422
-379
-189
74
248
344
309
258
162
127
162
278
368
303
73
-199
-364
-336
-299
-273
-333
-172
66
291
318
125
-80
-330
-300
-170
26
54
22
-6
-73
-251
-486
-567
-395
-47
252
323
145
-97
-223
-77
167
373
275
36
-148
-96
109
261
332
296
294
381
477
438
78
-243
-428
-201
35
369
417
285
-103
-367
-328
-167
18
-49
-51
-139
-4
117
344
466
500
489
411
415
363
302
193
132
241
354
486
399
242
-114
-347
-431
-281
-193
-203
-241
-201
-116
-121
-103
-128
-60
-113
-67
-95
-66
-145
-160
-95
33
103
41
-58
-259
-463
-708
-753
-817
-815
-862
-708
-571
-500
-516
-539
-476
-524
-447
-346
4
257
407
357
308
383
487
559
483
433
529
792
1039
1021
711
306
-3
-41
21
253
365
460
368
277
211
198
396
512
668
545
561
600
758
904
864
817
521
527
553
859
864
694
363
130
82
50
81
16
-20
-97
-133
-221
-316
-454
-532
-625
-632
-753
-910
-1238
-1463
-1578
-1387
-1149
-966
-1019
-1181
-1253
-1216
-1006
-897
-842
-1063
-1284
-1438
-1264
-980
-634
-389
-190
-131
-180
-251
-209
-43
72
70
-120
-200
-164
193
460
603
419
369
472
755
905
904
766
437
15
-358
-294
54
544
712
644
347
243
400
761
1010
988
866
729
727
672
646
496
301
115
84
266
445
549
458
328
83
-77
-145
84
305
290
-150
-710
-959
-808
-353
-84
-43
-339
-571
-622
-420
-199
-171
-278
-469
-503
-492
-374
-294
-203
-125
-66
22
64
176
236
376
385
393
289
318
444
648
757
735
752
803
946
966
1013
980
956
843
761
757
812
864
809
719
480
248
-33
-120
-105
39
172
237
282
243
246
139
1
-209
-320
-224
-62
81
-95
-356
-705
-787
-741
-627
-564
-603
-564
-646
-729
-991
-1146
-1250
-1182
-1091
-1069
-1097
-1254
-1246
-1231
-1016
-884
-686
-630
-690
-793
-792
-475
-250
-99
-268
-318
-386
-292
-185
-53
-34
-215
-365
-450
-272
-9
370
624
606
375
140
211
413
587
458
202
44
201
596
956
1094
872
502
144
192
422
733
745
637
430
239
147
137
330
420
569
528
574
511
503
466
388
361
322
364
195
-21
-251
-212
-105
-137
-360
-664
-741
-693
-510
-496
-547
-669
-669
-636
-606
-619
-571
-392
-68
268
495
430
187
-125
-187
-23
258
365
219
-39
-210
-142
3
153
128
142
143
278
304
275
188
147
198
310
578
885
1160
1239
1098
843
545
437
450
647
792
897
838
770
692
647
458
173
-149
-336
-384
-355
-260
-196
-100
-78
-75
-161
-232
-194
-115
-24
-136
-218
-275
-155
-73
-121
-224
-392
-431
-611
-682
-893
-892
-918
-744
-627
-569
-598
-598
-382
-212
-107
-302
-453
-633
-629
-599
-467
-355
-269
-227
-274
-328
-437
-446
-447
-332
-191
-51
-51
-212
-465
-666
-729
-587
-348
-102
18
44
5
-47
-25
63
235
300
250
100
55
127
265
288
200
66
51
169
316
383
282
170
58
138
228
372
340
277
189
233
338
358
325
225
318
431
653
756
820
756
622
483
311
233
158
171
98
20
-72
-85
-49
-31
8
88
308
536
621
478
303
287
419
446
259
-118
-456
-568
-390
-27
209
247
62
-159
-351
-478
-483
-459
-374
-392
-505
-698
-759
-611
-324
-136
-27
4
86
163
205
221
130
154
157
255
155
79
60
261
495
572
432
150
-50
-140
-77
-11
60
95
73
-2
-147
-111
93
458
643
661
493
304
96
-53
-90
-76
-28
-125
-182
-276
-126
-35
47
-153
-361
-481
-341
-42
196
261
114
-62
-219
-258
-288
-298
-415
-557
-693
-726
-688
-642
-673
-735
-766
-659
-520
-373
-339
-279
-279
-224
-228
-195
-184
-147
-122
-145
-149
-155
-46
26
172
262
430
494
512
375
259
165
150
177
209
321
346
391
325
356
361
468
528
566
521
482
543
639
793
906
1066
1102
1062
891
798
681
586
446
312
201
81
-8
-83
-121
-111
-109
-105
-110
-46
35
6
-104
-293
-344
-387
-343
-418
-550
-778
-911
-898
-840
-829
-953
-1057
-1124
-1053
-989
-972
-1086
-1152
-1130
-1017
-930
-919
-959
-996
-950
-829
-720
-657
-596
-486
-327
-155
32
203
287
279
229
234
303
408
468
500
535
664
807
904
911
948
1069
1204
1252
1195
1111
1022
932
817
740
652
584
518
594
738
940
1012
1014
874
703
460
243
85
53
170
266
281
67
-171
-389
-476
-480
-457
-343
-244
-126
-183
-339
-483
-497
-358
-288
-256
-410
-551
-767
-803
-718
-447
-203
-159
-306
-579
-632
-497
-157
81
130
-28
-260
-316
-143
260
577
764
772
753
694
612
515
357
193
76
149
305
423
350
188
48
29
65
77
33
3
16
38
86
93
167
199
277
220
74
-160
-328
-364
-349
-267
-261
-266
-386
-492
-659
-837
-1018
-1076
-1017
-976
-1011
-1098
-1137
-1123
-1106
-1042
-927
-717
-507
-372
-314
-334
-349
-427
-403
-338
-109
17
75
-75
-228
-266
-88
199
354
381
287
293
238
305
333
534
625
714
687
679
696
769
927
1014
1030
887
797
687
672
633
669
692
650
481
261
193
336
558
622
454
188
2
-3
81
121
-7
-199
-295
-213
-18
102
71
-145
-353
-411
-228
35
141
-5
-325
-493
-476
-269
-132
-42
-28
3
6
-5
-35
-60
-47
-22
36
97
148
139
26
-112
-188
-150
-23
126
216
195
131
144
249
340
389
396
364
264
182
176
223
257
288
318
337
333
392
532
695
813
793
661
390
122
-95
-192
-240
-313
-430
-566
-621
-623
-544
-427
-231
-104
-118
-345
-612
-776
-764
-612
-472
-413
-490
-601
-669
-650
-535
-397
-295
-283
-301
-306
-314
-371
-464
-535
-541
-517
-503
-592
-735
-863
-882
-866
-824
-746
-593
-484
-459
-478
-415
-270
-127
-38
1
60
135
160
91
-34
-69
17
151
197
135
82
160
351
527
577
514
452
490
610
681
582
376
239
286
444
538
487
354
215
169
165
218
285
345
364
279
243
295
466
539
473
311
193
170
186
209
232
261
314
331
342
260
128
-40
-130
-137
-66
49
200
324
372
342
306
302
291
288
297
399
455
416
235
121
121
199
193
122
66
58
38
-6
-20
81
231
361
342
193
-59
-304
-476
-538
-531
-481
-389
-264
-175
-144
-114
23
213
338
272
99
-66
-91
42
249
393
331
140
-31
-14
79
120
8
-130
-244
-320
-369
-422
-473
-580
-634
-625
-568
-529
-500
-420
-335
-215
-100
92
272
412
388
194
-65
-258
-274
-221
-147
-159
-189
-206
-171
-154
-210
-306
-369
-360
-374
-425
-538
-582
-559
-435
-271
-126
-48
-78
-133
-183
-153
-90
26
77
34
-122
-232
-210
-100
-39
-149
-388
-684
-844
-768
-455
-142
-33
-67
-122
-51
11
45
-41
-150
-208
-92
113
292
384
442
541
625
659
599
502
383
284
214
185
201
236
284
361
490
697
856
890
751
655
710
959
1179
1301
1231
1007
683
404
315
372
417
341
167
72
126
273
305
141
-105
-256
-240
-181
-176
-312
-494
-613
-580
-478
-399
-439
-546
-707
-800
-806
-679
-600
-644
-867
-1077
-1121
-1040
-896
-896
-888
-949
-865
-742
-506
-330
-230
-217
-227
-208
-146
2
177
312
339
333
375
499
641
727
707
570
333
126
55
205
482
725
824
729
563
424
438
528
624
640
656
713
805
894
924
975
950
955
932
987
958
785
423
66
-151
-182
-162
-207
-329
-407
-370
-296
-335
-532
-734
-798
-689
-525
-399
-377
-444
-600
-727
-795
-681
-454
-212
-137
-287
-520
-695
-698
-600
-445
-382
-431
-592
-689
-611
-388
-177
-135
-202
-303
-300
-233
-109
-41
-26
-51
-25
68
160
196
156
121
81
86
88
118
92
-26
-197
-296
-229
-59
113
227
305
331
335
364
480
611
650
562
412
226
-3
-224
-337
-320
-270
-220
-167
-102
-97
-141
-165
-158
-178
-276
-365
-379
-357
-363
-445
-472
-420
-263
-111
-8
13
9
27
91
123
81
-20
-121
-182
-227
-205
-142
-26
21
72
148
365
634
843
845
613
358
266
434
605
635
509
469
611
890
1100
1104
942
741
652
636
615
494
297
124
16
0
-37
-66
-133
-189
-239
-229
-158
-99
-23
30
80
6
-92
-139
-54
69
149
161
103
95
58
77
25
38
22
-11
-117
-294
-465
-571
-457
-215
48
120
74
-74
-142
-174
-115
-95
-119
-157
-142
4
145
234
148
78
63
207
301
288
89
-143
-302
-336
-320
-359
-444
-545
-613
-668
-624
-463
-200
-46
-16
-83
-52
11
77
43
-70
-272
-500
-613
-600
-499
-508
-547
-564
-433
-264
-166
-203
-321
-464
-572
-599
-462
-225
-18
14
-110
-278
-380
-360
-239
-74
40
91
79
60
-7
-56
-150
-273
-458
-595
-583
-425
-221
-117
-75
20
281
618
853
863
663
354
106
14
62
88
-26
-175
-191
-8
237
397
432
368
293
221
247
285
373
417
440
419
355
333
299
317
335
491
721
999
1107
1072
875
693
511
438
424
470
490
447
422
385
373
257
112
-45
-55
68
202
154
-121
-432
-565
-464
-208
27
197
238
204
95
3
15
164
377
512
478
303
72
-86
-179
-265
-408
-567
-626
-520
-233
51
147
-44
-277
-404
-342
-266
-175
-190
-291
-483
-520
-424
-226
-136
-107
-149
-236
-343
-420
-391
-388
-415
-596
-754
-965
-1039
-1037
-837
-623
-431
-319
-248
-216
-242
-155
-5
204
226
151
-46
-223
-431
-487
-445
-181
78
347
402
344
227
206
268
213
105
-104
-195
-309
-282
-191
4
90
126
144
271
372
346
180
33
44
155
241
155
-33
-250
-346
-242
-6
269
414
501
539
570
538
440
339
253
174
14
-177
-365
-378
-270
-26
136
204
163
195
331
456
512
428
315
116
-62
-181
-220
-261
-278
-244
1
379
822
1013
913
658
528
516
502
385
245
96
6
-38
-15
-2
40
171
357
497
498
417
227
13
-197
-254
-255
-177
-168
-140
-167
-90
33
260
444
593
596
460
186
-45
-148
-141
-128
-237
-387
-554
-535
-387
-188
-91
-92
-141
-199
-280
-289
-222
-127
-186
-358
-571
-637
-641
-549
-469
-422
-427
-416
-298
-235
-251
-392
-410
-457
-519
-726
-836
-899
-781
-662
-419
-314
-169
-53
121
202
171
202
243
341
319
336
250
168
88
259
549
836
910
816
660
548
580
737
822
753
471
188
3
-66
30
105
142
39
38
237
532
676
496
148
-154
-213
-101
-55
-200
-472
-619
-565
-376
-170
-111
-173
-355
-441
-459
-409
-332
-236
-129
-133
-221
-384
-480
-533
-448
-426
-369
-435
-417
-385
-246
-203
-242
-333
-275
-166
-141
-272
-432
-508
-480
-274
29
364
456
387
230
276
521
857
1005
916
697
499
377
316
312
344
420
548
567
423
156
-76
-262
-314
-198
100
280
269
125
45
43
119
244
351
335
193
92
15
50
137
248
242
36
-173
-241
-114
105
213
170
-36
-124
-107
9
1
-63
-235
-400
-491
-390
-185
-63
-9
-32
17
-19
36
-61
-225
-468
-458
-286
-74
-38
-17
-16
116
249
290
155
-45
-16
158
397
400
347
224
277
291
310
157
2
-104
-163
-148
-196
-135
-139
-28
35
180
195
125
-93
-274
-309
-150
89
276
315
260
153
136
171
169
41
-107
-213
-269
-345
-402
-346
-302
-259
-357
-421
-586
-817
-1113
-1174
-960
-482
-111
109
24
-163
-297
-139
322
758
830
468
39
-160
-19
281
605
772
670
362
43
-161
-219
-180
3
211
250
18
-295
-480
-417
-145
252
629
790
713
481
245
132
175
305
374
353
216
49
-208
-356
-291
-43
154
152
72
-31
-217
-581
-920
-1074
-924
-638
-506
-761
-1310
-1560
-1221
-503
91
420
552
598
655
911
1204
1231
908
456
167
-41
-96
-98
-34
-50
-74
-69
-38
-74
-240
-395
-519
-484
-431
-294
-154
-10
93
162
256
444
686
946
1071
1053
907
700
492
296
168
64
-3
-124
-234
-391
-404
-274
29
256
284
77
-224
-422
-429
-265
-136
-34
2
90
127
149
97
48
-66
-174
-344
-554
-932
-1399
-1699
-1461
-543
740
1734
1818
971
-77
-254
717
2163
2757
1888
23
-1482
-1445
60
1792
2154
813
-1243
-2308
-1671
-6
1069
562
-1034
-2260
-1956
-424
1119
1426
518
-668
-930
2
1341
1949
1329
103
-633
-241
844
1638
1351
246
-883
-1204
-766
-110
48
-401
-1133
-1551
-1376
-787
-197
-13
-217
-623
-882
-916
-725
-506
-334
-365
-532
-661
-557
-224
122
373
546
716
851
719
202
-550
-999
-841
-302
63
65
32
264
617
783
750
818
1115
1399
1234
438
-579
-1038
-564
233
358
-467
-1494
-1889
-1532
-1006
-823
-1108
-1505
-1680
-1574
-1423
-1422
-1386
-1049
-355
356
754
782
686
713
953
1321
1683
1867
1767
1412
1010
770
736
850
961
982
854
682
532
452
412
517
785
1105
1217
1079
915
963
1285
1678
1944
1899
1603
1158
691
179
-335
-743
-890
-807
-704
-873
-1455
-2241
-2882
-3078
-2835
-2377
-1984
-1836
-1892
-1979
-1923
-1636
-1162
-590
-73
294
502
683
934
1191
1304
1205
1005
843
708
474
25
-541
-1021
-1267
-1290
-1232
-1263
-1418
-1577
-1503
-1090
-369
481
1290
1940
2440
2832
3182
3503
3836
4197
4589
4959
5182
5153
4731
3828
2490
1072
72
-260
-222
-461
-1418
-2972
-4534
-5564
-5892
-5731
-5420
-5181
-5039
-4941
-4891
-4787
-4317
-3112
-1285
534
1720
2147
2170
2159
2409
2971
3612
3905
3600
2775
1634
343
-885
-1866
-2512
-2918
-3211
-3528
-4002
-4591
-5029
-4896
-4050
-2717
-1339
-238
510
1066
1688
2605
3906
5412
6814
7738
8085
7912
7469
6969
6614
6521
6538
6182
4877
2526
-269
-2566
-3781
-4081
-4265
-4992
-6335
-7720
-8605
-8822
-8497
-7760
-6671
-5450
-4398
-3694
-3100
-2170
-607
1471
3567
5208
6171
6540
6494
6207
5848
5527
5184
4517
3204
1221
-1046
-3133
-4734
-5813
-6384
-6572
-6536
-6476
-6454
-6326
-5839
-4790
-3187
-1236
731
2371
3567
4425
5232
6230
7491
8864
9941
10318
9844
8805
7695
6932
6529
6000
4591
1992
-1276
-4170
-5963
-6659
-6886
-7350
-8328
-9433
-10035
-9841
-9012
-7831
-6369
-4752
-3245
-2146
-1360
-481
882
2746
4751
6414
7385
7587
7137
6292
5324
4452
3659
2703
1254
-770
-3121
-5347
-7050
-8038
-8306
-8054
-7562
-7092
-6681
-6149
-5231
-3768
-1743
681
3134
5124
6366
7004
7494
8284
9469
10741
11493
11216
9843
7897
6112
4959
4245
3286
1396
-1507
-4770
-7478
-9008
-9409
-9264
-9226
-9538
-9874
-9764
-8953
-7536
-5739
-3788
-1918
-357
751
1556
2434
3743
5400
6931
7817
7881
7277
6265
5070
3804
2553
1288
-122
-1841
-3875
-5968
-7740
-8886
-9330
-9178
-8585
-7711
-6706
-5708
-4647
-3301
-1521
607
2774
4728
6275
7368
8062
8562
9102
9823
10586
10960
10415
8849
6746
4955
3940
3336
2157
-284
-3628
-6725
-8611
-9116
-8789
-8354
-8327
-8679
-8884
-8406
-7099
-5288
-3339
-1571
-162
752
1282
1801
2806
4503
6498
8018
8443
7756
6397
4946
3749
2834
1986
937
-538
-2492
-4746
-6866
-8375
-9003
-8811
-8119
-7268
-6461
-5743
-5025
-4128
-2804
-930
1355
3677
5575
6781
7355
7657
8081
8784
9613
10204
10212
9397
7819
5882
4258
3373
2890
1800
-647
-4139
-7442
-9402
-9697
-8953
-8184
-8010
-8257
-8237
-7495
-6081
-4328
-2501
-790
635
1638
2285
2855
3709
4945
6269
7157
7234
6495
5218
3783
2497
1502
732
-52
-1175
-2825
-4868
-6830
-8203
-8735
-8543
-7882
-6974
-5975
-5011
-4092
-3023
-1534
475
2771
4935
6567
7515
7884
8000
8229
8741
9376
9717
9379
8249
6578
4819
3475
2716
2083
660
-2017
-5341
-8086
-9424
-9402
-8753
-8304
-8421
-8691
-8312
-6893
-4769
-2566
-622
975
2113
2616
2594
2535
3002
4060
5204
5714
5296
4212
3011
2061
1418
936
369
-590
-2197
-4334
-6481
-8011
-8626
-8431
-7754
-6917
-6075
-5256
-4359
-3222
-1616
535
3011
5315
6970
7788
7945
7831
7804
8072
8610
9201
9441
8903
7438
5405
3558
2558
2345
2032
489
-2575
-6249
-9063
-10059
-9350
-7916
-6881
-6736
-7040
-6888
-5743
-3713
-1294
1043
2866
3798
3732
3043
2527
2847
4041
5431
6151
5735
4364
2626
1129
230
-102
-209
-649
-1854
-3824
-6064
-7879
-8780
-8605
-7550
-6050
-4610
-3542
-2760
-1886
-511
1462
3758
5862
7295
7879
7764
7336
6987
7060
7689
8606
9118
8508
6646
4214
2251
1439
1480
1220
-538
-3882
-7585
-10054
-10549
-9517
-8050
-7102
-6926
-6988
-6488
-5087
-3059
-858
1249
3005
3982
3852
2890
2010
2127
3359
4897
5685
5243
3846
2102
512
-644
-1258
-1472
-1767
-2734
-4554
-6731
-8408
-8970
-8352
-6897
-5079
-3384
-2184
-1538
-987
116
2054
4454
6582
7875
8163
7681
6898
6347
6393
7078
7987
8386
7587
5536
2995
1052
355
543
499
-935
-3938
-7468
-9961
-10489
-9290
-7446
-6064
-5556
-5460
-4989
-3765
-1973
9
1959
3604
4551
4489
3642
2792
2725
3567
4642
5087
4530
3152
1386
-310
-1524
-2002
-1886
-1729
-2227
-3655
-5595
-7215
-7839
-7290
-5826
-3960
-2282
-1252
-897
-715
25
1686
4012
6308
7933
8540
8228
7422
6722
6602
7202
8118
8519
7642
5491
2931
1071
469
672
551
-957
-3888
-7164
-9363
-9754
-8640
-7020
-5867
-5490
-5407
-4869
-3566
-1678
443
2512
4134
4816
4339
3148
2215
2315
3360
4467
4706
3813
2176
398
-1087
-2059
-2454
-2448
-2514
-3198
-4671
-6518
-8024
-8577
-7966
-6392
-4425
-2760
-1861
-1627
-1394
-394
1631
4225
6537
7872
8025
7313
6376
5864
6133
7053
7997
8120
6917
4645
2262
743
553
1253
1720
656
-2292
-6144
-9112
-9969
-8774
-6711
-5173
-4785
-5122
-5162
-4256
-2381
51
2536
4398
4994
4161
2552
1254
1087
2056
3452
4376
4239
2955
929
-1015
-2067
-1972
-1349
-1200
-2158
-4017
-6018
-7407
-7803
-7155
-5643
-3684
-1916
-906
-677
-593
178
1951
4334
6526
7812
7843
6777
5282
4222
4225
5292
6747
7566
6994
5116
2800
1122
733
1503
2482
2234
-162
-4187
-8028
-9883
-9278
-7191
-5229
-4447
-4771
-5235
-4866
-3404
-1253
1017
2908
3912
3645
2275
637
-186
381
2001
3652
4349
3742
2217
540
-633
-1081
-1061
-1054
-1525
-2735
-4591
-6594
-7964
-8040
-6693
-4476
-2334
-1008
-630
-724
-578
374
2253
4615
6639
7509
6960
5473
4088
3742
4648
6160
7280
7337
6281
4535
2678
1302
893
1592
2724
2849
774
-3158
-7074
-8978
-8279
-5940
-3636
-2542
-2781
-3528
-3786
-3074
-1484
509
2277
3093
2611
1158
-339
-997
-437
1095
2914
4201
4362
3357
1758
379
-302
-368
-329
-746
-2010
-4021
-6210
-7714
-7927
-6811
-4994
-3296
-2245
-1854
-1784
-1571
-740
935
3189
5209
6116
5587
4170
2918
2691
3615
5163
6515
6979
6262
4552
2519
1037
772
1730
3055
3363
1582
-2087
-6098
-8539
-8472
-6421
-3837
-2115
-1827
-2548
-3318
-3407
-2667
-1363
120
1279
1587
822
-593
-1727
-1658
-88
2397
4684
5845
5625
4377
2696
1160
158
-257
-503
-1238
-2821
-4962
-6870
-7847
-7668
-6575
-5043
-3546
-2437
-1829
-1527
-1102
-91
1601
3542
4983
5463
5101
4459
4115
4381
5227
6252
6851
6489
5107
3200
1588
908
1335
2532
3720
3797
1868
-1842
-5759
-7869
-7277
-4760
-2110
-854
-1378
-2954
-4424
-5043
-4643
-3398
-1634
46
897
523
-704
-1744
-1514
435
3542
6526
8139
7855
6065
3696
1658
416
-53
-173
-596
-1850
-3927
-6239
-8004
-8635
-7954
-6238
-4116
-2293
-1223
-919
-962
-712
309
2120
4218
5822
6354
5816
4804
4058
3997
4563
5312
5696
5272
4034
2423
1142
755
1453
2959
4455
4784
3062
-378
-3951
-5839
-5406
-3488
-1735
-1464
-2969
-5418
-7480
-8189
-7329
-5341
-3002
-1199
-526
-933
-1684
-1769
-468
2227
5506
8175
9242
8417
6228
3697
1774
855
683
573
-249
-2211
-5066
-7927
-9737
-9867
-8462
-6316
-4379
-3260
-3007
-3176
-3057
-2023
89
2768
5075
6175
5864
4690
3546
3131
3628
4744
5830
6138
5216
3303
1256
63
286
1822
3988
5752
6050
4266
830
-2747
-4757
-4610
-3192
-2084
-2415
-4205
-6528
-8176
-8459
-7458
-5708
-3754
-2005
-807
-285
-163
255
1652
4139
7013
9147
9796
8987
7307
5322
3387
1722
460
-538
-1713
-3452
-5651
-7703
-9002
-9373
-9051
-8352
-7422
-6289
-4987
-3577
-2081
-457
1257
2829
3978
4631
4978
5228
5439
5576
5602
5495
5195
4661
3960
3315
2924
2836
2966
3324
3998
5050
6305
7220
6919
4747
1072
-2722
-5216
-6050
-5902
-5786
-6321
-7466
-8634
-9134
-8687
-7415
-5480
-3022
-444
1582
2634
2960
3320
4392
6226
8174
9379
9322
7997
5726
3012
482
-1312
-2204
-2615
-3292
-4770
-6987
-9373
-11199
-11841
-10989
-8828
-6087
-3698
-2238
-1601
-1170
-311
1249
3310
5403
7012
7729
7353
6055
4464
3393
3309
3949
4547
4479
3733
2803
2233
2294
2984
4162
5516
6593
6874
5922
3516
-16
-3672
-6244
-7159
-6813
-6182
-6175
-7076
-8382
-9134
-8699
-7109
-4876
-2478
-295
1378
2378
2817
3159
3943
5382
7087
8368
8735
8095
6559
4334
1805
-529
-2364
-3805
-5187
-6720
-8297
-9640
-10512
-10761
-10272
-8965
-6951
-4579
-2319
-471
1039
2500
4066
5527
6590
7152
7327
7174
6653
5843
5019
4490
4243
4030
3623
3091
2639
2410
2445
2757
3345
4069
4709
5111
5309
5184
4205
1757
-1899
-5421
-7352
-7447
-6693
-6290
-6695
-7608
-8395
-8504
-7621
-5760
-3303
-940
603
1070
875
775
1306
2561
4305
6071
7221
7117
5555
3036
537
-1183
-2082
-2612
-3264
-4285
-5736
-7506
-9257
-10438
-10520
-9336
-7174
-4616
-2209
-297
1050
2024
2985
4209
5602
6763
7347
7402
7201
6917
6510
5986
5469
5034
4526
3745
2744
1873
1492
1661
2099
2418
2417
2216
2083
2256
2745
3241
3086
1740
-647
-3157
-4789
-5166
-4645
-4038
-4015
-4705
-5634
-6253
-6319
-5866
-4954
-3658
-2221
-1027
-322
24
434
1310
2695
4243
5421
5828
5378
4230
2674
1029
-379
-1392
-2159
-3056
-4355
-5978
-7588
-8734
-8984
-8109
-6298
-4097
-2119
-731
46
557
1346
2808
4848
6902
8304
8756
8363
7425
6207
4958
3876
2974
2038
797
-811
-2491
-3690
-3904
-2995
-1308
493
1833
2582
3044
3605
4376
5094
5216
4272
2311
-72
-2160
-3641
-4622
-5433
-6360
-7434
-8323
-8643
-8388
-7921
-7497
-6993
-6192
-5063
-3753
-2264
-430
1828
4218
6214
7512
8225
8572
8487
7690
6130
4161
2242
497
-1207
-2947
-4587
-6012
-7217
-8081
-8191
-7159
-5061
-2482
-51
1962
3601
4926
5827
6185
6077
5692
5128
4304
3170
1837
557
-471
-1204
-1671
-1851
-1668
-1211
-688
-187
453
1371
2420
3319
3987
4609
5376
6209
6835
6960
6355
4819
2413
-322
-2615
-4099
-5073
-6101
-7483
-9060
-10405
-11116
-11046
-10230
-8722
-6615
-4205
-1960
-176
1243
2631
4202
5870
7378
8546
9332
9663
9366
8346
6792
5126
3719
2649
1666
445
-1114
-2837
-4470
-5825
-6777
-7245
-7253
-6945
-6529
-6114
-5662
-4991
-3990
-2740
-1494
-477
293
951
1661
2469
3316
4048
4463
4371
3765
2898
2174
1875
2053
2588
3299
3922
4154
3858
3257
2858
3060
3829
4769
5433
5467
4556
2524
-283
-3025
-4865
-5609
-5740
-5970
-6716
-7856
-8918
-9417
-9081
-7870
-5990
-3881
-2036
-665
388
1416
2665
4298
6351
8544
10292
11083
10832
9852
8505
6970
5268
3419
1439
-725
-3140
-5728
-8145
-9953
-10942
-11309
-11419
-11410
-11100
-10282
-9006
-7442
-5647
-3598
-1466
332
1483
2098
2641
3507
4733
6063
7162
7772
7740
7048
5887
4700
3963
3833
4052
4228
4194
3981
3628
3145
2697
2630
3140
3994
4593
4455
3393
1458
-1143
-3820
-5713
-6255
-5676
-4809
-4392
-4661
-5343
-5941
-5989
-5268
-3870
-2068
-308
914
1282
975
533
510
1215
2642
4493
6215
7238
7232
6302
4880
3426
2171
1100
79
-1072
-2522
-4340
-6412
-8436
-10042
-10963
-11149
-10684
-9724
-8507
-7342
-6436
-5708
-4806
-3363
-1275
1213
3726
6009
7952
9446
10346
10637
10514
10231
9912
9490
8796
7716
6275
4633
3019
1663
736
214
-131
-558
-1086
-1451
-1343
-678
324
1351
2193
2687
2561
1601
33
-1479
-2326
-2423
-2213
-2286
-2961
-4128
-5438
-6558
-7317
-7608
-7343
-6535
-5395
-4267
-3345
-2521
-1502
-129
1494
3109
4477
5399
5699
5290
4295
2960
1543
217
-911
-1851
-2712
-3660
-4864
-6368
-7989
-9318
-9907
-9488
-8123
-6203
-4244
-2612
-1382
-408
556
1697
3066
4570
6040
7251
7951
8005
7554
6950
6496
6261
6107
5874
5479
4916
4234
3596
3207
3159
3285
3273
2916
2284
1666
1290
1149
1107
1071
1050
969
590
-340
-1844
-3618
-5242
-6383
-6952
-7013
-6787
-6519
-6366
-6294
-6135
-5777
-5198
-4433
-3485
-2373
-1197
-118
741
1476
2303
3323
4329
5051
5415
5541
5453
4975
3958
2528
1036
-222
-1194
-2013
-2849
-3835
-5017
-6276
-7370
-8071
-8236
-7778
-6713
-5238
-3708
-2435
-1527
-863
-184
751
2067
3699
5456
7045
8158
8540
8174
7319
6384
5667
5246
5065
5021
4976
4727
4139
3261
2297
1442
754
193
-225
-394
-251
33
140
-126
-646
-1102
-1317
-1408
-1590
-1854
-2006
-1936
-1766
-1688
-1775
-1984
-2188
-2277
-2210
-2090
-2085
-2276
-2614
-2959
-3180
-3146
-2727
-1861
-671
527
1380
1728
1671
1443
1236
1157
1274
1561
1795
1601
719
-745
-2344
-3597
-4288
-4491
-4388
-4174
-4021
-4093
-4431
-4864
-5069
-4800
-4138
-3377
-2752
-2266
-1834
-1411
-942
-276
797
2348
4185
5934
7261
8080
8527
8777
8902
8857
8605
8145
7470
6524
5299
3938
2684
1695
972
455
105
-94
-204
-260
-232
-15
411
845
911
359
-655
-1649
-2211
-2322
-2289
-2482
-3103
-4117
-5312
-6430
-7253
-7611
-7465
-6999
-6478
-6004
-5479
-4749
-3715
-2300
-499
1500
3334
4649
5312
5455
5319
5060
4672
4085
3261
2178
791
-935
-2888
-4765
-6213
-7056
-7357
-7284
-6983
-6556
-6060
-5482
-4712
-3641
-2291
-836
540
1771
2904
3973
4939
5743
6352
6791
7137
7437
7691
7858
7932
7928
7836
7602
7155
6491
5677
4853
4176
3730
3470
3242
2907
2407
1781
1113
447
-225
-917
-1585
-2217
-2952
-4022
-5500
-7106
-8344
-8858
-8663
-8040
-7282
-6518
-5788
-5098
-4485
-3938
-3413
-2903
-2450
-2110
-1855
-1655
-1492
-1341
-1092
-609
141
1104
2168
3236
4157
4781
4990
4783
4248
3549
2843
2182
1445
483
-687
-1903
-3023
-3991
-4750
-5199
-5295
-5140
-4878
-4589
-4241
-3785
-3162
-2328
-1292
-130
1086
2320
3527
4641
5609
6444
7169
7801
8321
8700
8921
8990
8906
8612
8032
7142
5957
4526
2957
1405
12
-1154
-2082
-2853
-3609
-4449
-5289
-5898
-6080
-5770
-5085
-4317
-3872
-4069
-4856
-5791
-6311
-6099
-5214
-3981
-2792
-1952
-1599
-1707
-2116
-2551
-2686
-2291
-1367
-160
940
1610
1773
1631
1529
1780
2525
3673
4901
5760
5866
5121
3827
2506
1557
993
523
-179
-1265
-2680
-4225
-5609
-6536
-6826
-6517
-5829
-5035
-4345
-3838
-3420
-2881
-2022
-810
645
2181
3632
4828
5599
5871
5752
5512
5447
5723
6282
6894
7308
7366
7018
6283
5270
4222
3433
3026
2831
2515
1853
867
-234
-1202
-1883
-2265
-2461
-2625
-2909
-3414
-4155
-5043
-5948
-6757
-7310
-7437
-7010
-6127
-5060
-4115
-3406
-2803
-2083
-1109
27
1139
2082
2805
3301
3529
3467
3149
2738
2410
2220
2097
1958
1783
1566
1238
741
108
-502
-952
-1242
-1482
-1751
-2033
-2307
-2612
-3004
-3431
-3725
-3743
-3517
-3228
-3007
-2810
-2519
-2081
-1507
-776
133
1127
2001
2567
2806
2883
3070
3594
4491
5567
6489
6966
6941
6589
6163
5810
5501
5109
4484
3567
2398
1106
-176
-1298
-2125
-2591
-2779
-2862
-3013
-3320
-3761
-4233
-4617
-4788
-4672
-4311
-3907
-3682
-3656
-3648
-3458
-3099
-2700
-2355
-2040
-1729
-1442
-1240
-1163
-1181
-1194
-1107
-922
-727
-596
-459
-159
402
1159
1917
2494
2821
2947
2959
2943
2967
3048
3117
3019
2617
1893
956
-33
-955
-1758
-2403
-2856
-3108
-3220
-3265
-3287
-3268
-3159
-2926
-2573
-2128
-1583
-896
-54
905
1920
2956
3986
4942
5752
6376
6826
7134
7324
7363
7192
6776
6153
5358
4424
3440
2534
1759
1013
161
-850
-1956
-3061
-4070
-4900
-5495
-5880
-6149
-6398
-6604
-6658
-6487
-6112
-5612
-4977
-4161
-3139
-2049
-1067
-278
415
1118
1750
2107
2076
1771
1376
990
654
443
451
672
992
1340
1727
2168
2547
2708
2635
2484
2444
2534
2583
2389
1904
1216
390
-573
-1596
-2453
-2938
-3071
-3115
-3283
-3567
-3786
-3798
-3556
-3023
-2186
-1184
-276
374
828
1254
1721
2213
2707
3225
3748
4201
4453
4406
4079
3631
3236
2926
2601
2161
1634
1085
522
-109
-789
-1409
-1864
-2117
-2226
-2272
-2354
-2536
-2822
-3140
-3376
-3463
-3428
-3364
-3360
-3436
-3529
-3517
-3282
-2788
-2100
-1375
-755
-283
121
569
1054
1458
1628
1568
1411
1293
1238
1207
1207
1260
1361
1435
1458
1475
1564
1753
2013
2245
2351
2340
2306
2304
2235
1976
1501
882
169
-620
-1435
-2160
-2713
-3129
-3496
-3848
-4101
-4109
-3799
-3200
-2436
-1636
-863
-123
602
1314
2033
2745
3361
3770
3917
3866
3719
3558
3435
3394
3434
3462
3342
3000
2495
1930
1369
828
331
-87
-451
-868
-1430
-2105
-2720
-3089
-3151
-3017
-2878
-2880
-3047
-3349
-3735
-4130
-4370
-4272
-3762
-2939
-2012
-1163
-493
20
488
1036
1676
2322
2876
3298
3566
3631
3438
3002
2457
1955
1570
1240
891
500
114
-211
-427
-515
-499
-421
-339
-290
-306
-406
-603
-864
-1116
-1300
-1441
-1605
-1833
-2117
-2455
-2822
-3161
-3351
-3257
-2826
-2171
-1521
-1024
-642
-232
316
1040
1944
2962
3951
4721
5143
5222
5067
4827
4588
4331
3969
3447
2758
1924
973
-8
-876
-1529
-1963
-2279
-2550
-2764
-2854
-2816
-2689
-2466
-2077
-1512
-887
-370
-98
-127
-396
-708
-870
-810
-600
-379
-276
-380
-636
-890
-959
-791
-482
-178
11
106
180
328
591
965
1385
1757
2012
2165
2279
2390
2472
2422
2109
1469
589
-345
-1196
-1965
-2685
-3321
-3781
-4052
-4174
-4185
-4032
-3685
-3219
-2805
-2545
-2354
-2039
-1526
-931
-417
8
453
949
1374
1613
1739
1923
2225
2517
2653
2637
2635
2768
3031
3330
3618
3894
4130
4233
4087
3630
2897
2021
1182
503
-23
-535
-1204
-2105
-3116
-3990
-4491
-4533
-4176
-3595
-3005
-2568
-2310
-2087
-1676
-887
245
1499
2559
3263
3583
3580
3340
2985
2672
2421
2136
1654
953
142
-620
-1253
-1713
-1934
-1841
-1465
-971
-556
-331
-280
-279
-182
64
381
596
537
111
-620
-1460
-2193
-2714
-3062
-3346
-3642
-3922
-4081
-4034
-3784
-3364
-2774
-2000
-1110
-279
337
746
1094
1512
2006
2470
2804
2981
3064
3111
3084
2927
2696
2550
2529
2477
2230
1821
1414
1084
763
414
110
-47
-82
-110
-193
-255
-190
-8
177
265
249
190
115
8
-134
-245
-260
-224
-224
-275
-269
-124
134
422
729
1081
1427
1587
1421
987
492
109
-149
-338
-495
-603
-656
-707
-818
-971
-1051
-973
-774
-594
-542
-638
-841
-1107
-1388
-1620
-1754
-1817
-1904
-2067
-2264
-2435
-2580
-2743
-2896
-2946
-2832
-2623
-2450
-2379
-2327
-2155
-1803
-1305
-724
-75
613
1236
1667
1892
2078
2405
2881
3326
3569
3551
3339
3020
2665
2348
2116
1980
1882
1735
1495
1189
886
618
378
189
104
135
206
211
117
11
38
271
660
1083
1435
1668
1738
1613
1320
999
833
875
989
990
808
492
117
-288
-657
-931
-1075
-1151
-1217
-1280
-1290
-1180
-937
-618
-327
-118
19
111
156
138
64
-87
-383
-877
-1527
-2217
-2848
-3409
-3913
-4347
-4633
-4703
-4557
-4240
-3795
-3229
-2593
-1990
-1495
-1075
-624
-77
522
1077
1559
1996
2375
2622
2673
2562
2393
2254
2162
2095
2012
1907
1797
1679
1552
1449
1458
1618
1885
2166
2400
2571
2641
2556
2292
1919
1562
1329
1222
1176
1112
1013
913
824
734
607
468
356
299
275
245
211
186
168
115
8
-125
-244
-330
-421
-572
-836
-1225
-1694
-2180
-2614
-2942
-3109
-3102
-2963
-2785
-2677
-2699
-2843
-3022
-3159
-3213
-3200
-3158
-3129
-3133
-3134
-3064
-2872
-2565
-2207
-1879
-1628
-1443
-1276
-1098
-928
-814
-752
-697
-586
-390
-92
300
759
1255
1766
2274
2730
3094
3337
3474
3555
3626
3696
3759
3842
3965
4110
4211
4228
4152
3995
3774
3497
3167
2808
2488
2269
2137
1995
1741
1355
916
511
171
-110
-310
-419
-483
-577
-714
-875
-1052
-1240
-1382
-1417
-1356
-1266
-1212
-1213
-1273
-1347
-1389
-1381
-1372
-1439
-1598
-1801
-1968
-2038
-1996
-1874
-1745
-1690
-1752
-1911
-2094
-2243
-2311
-2284
-2178
-2047
-1963
-1971
-2060
-2144
-2126
-1952
-1663
-1320
-926
-489
-69
222
362
468
695
1085
1516
1832
1974
1979
1894
1749
1619
1608
1767
2022
2232
2266
2114
1891
1754
1783
1938
2151
2351
2457
2371
2063
1617
1181
865
698
642
613
496
210
-224
-679
-995
-1083
-954
-695
-442
-312
-357
-523
-681
-714
-578
-343
-147
-123
-309
-618
-935
-1167
-1287
-1286
-1195
-1090
-1065
-1156
-1304
-1412
-1405
-1278
-1074
-892
-812
-870
-1004
-1104
-1066
-862
-547
-228
-9
77
53
-61
-273
-547
-756
-807
-750
-707
-703
-655
-516
-332
-185
-78
47
228
444
638
769
822
802
751
702
625
454
205
7
15
255
618
926
1071
1056
985
955
983
1046
1128
1224
1280
1225
1041
812
662
632
651
622
525
434
387
352
247
54
-151
-262
-207
12
356
737
1061
1268
1373
1451
1583
1779
1966
2025
1887
1580
1186
807
509
315
169
-7
-261
-581
-937
-1308
-1663
-1951
-2119
-2167
-2113
-1975
-1777
-1592
-1508
-1552
-1665
-1769
-1814
-1774
-1657
-1503
-1368
-1268
-1148
-961
-698
-428
-233
-159
-210
-350
-532
-700
-823
-904
-957
-1004
-1052
-1106
-1128
-1062
-876
-631
-424
-297
-220
-115
77
375
737
1086
1367
1545
1604
1541
1401
1272
1225
1268
1355
1426
1454
1475
1511
1579
1664
1774
1886
1945
1915
1797
1625
1423
1243
1160
1231
1435
1686
1896
2003
1958
1724
1314
813
322
-96
-415
-640
-820
-1020
-1249
-1471
-1638
-1748
-1815
-1865
-1926
-2011
-2134
-2287
-2444
-2559
-2636
-2699
-2738
-2709
-2604
-2455
-2273
-2041
-1760
-1468
-1188
-936
-716
-545
-403
-257
-112
-33
-67
-155
-192
-154
-113
-128
-178
-225
-268
-330
-407
-456
-439
-336
-136
140
445
735
998
1227
1401
1527
1674
1887
2109
2227
2219
2150
2072
2005
1972
2005
2077
2108
2039
1912
1796
1711
1645
1612
1634
1687
1701
1616
1437
1243
1144
1197
1340
1437
1398
1234
996
683
284
-159
-525
-749
-901
-1092
-1304
-1430
-1470
-1568
-1815
-2108
-2264
-2218
-2074
-1982
-1997
-2049
-2047
-1947
-1796
-1631
-1427
-1153
-876
-754
-826
-965
-1016
-978
-960
-986
-970
-860
-731
-694
-737
-747
-659
-511
-389
-340
-366
-430
-500
-536
-526
-466
-379
-289
-218
-156
-87
-23
-1
-30
-40
50
249
470
647
791
966
1184
1390
1535
1635
1740
1851
1919
1885
1760
1627
1589
1677
1814
1914
1961
1984
1980
1903
1740
1528
1301
1069
872
771
762
758
698
605
533
470
377
262
155
41
-144
-398
-654
-861
-1040
-1233
-1440
-1640
-1815
-1957
-2053
-2107
-2163
-2274
-2395
-2423
-2290
-2024
-1675
-1299
-976
-787
-737
-739
-703
-603
-492
-429
-459
-555
-681
-840
-1082
-1386
-1602
-1595
-1375
-1086
-833
-659
-566
-551
-555
-506
-362
-171
-19
10
-114
-323
-470
-418
-167
172
494
788
1067
1332
1552
1753
2001
2344
2745
3100
3320
3385
3358
3331
3349
3376
3349
3249
3093
2875
2580
2217
1838
1482
1195
988
827
639
392
129
-98
-276
-407
-465
-468
-490
-589
-741
-873
-942
-966
-971
-992
-1069
-1245
-1531
-1872
-2188
-2423
-2564
-2609
-2592
-2565
-2595
-2669
-2695
-2582
-2320
-1984
-1623
-1272
-963
-740
-631
-627
-716
-853
-963
-981
-931
-901
-932
-984
-1021
-1060
-1111
-1088
-910
-599
-290
-80
47
168
341
546
756
937
1081
1179
1253
1329
1406
1466
1494
1509
1554
1653
1797
1954
2108
2255
2385
2480
2529
2552
2582
2630
2663
2632
2507
2299
2034
1729
1402
1083
795
530
260
1
-193
-296
-340
-385
-464
-596
-783
-1007
-1231
-1424
-1574
-1664
-1705
-1739
-1814
-1930
-2039
-2105
-2141
-2182
-2248
-2331
-2429
-2536
-2618
-2622
-2525
-2351
-2144
-1912
-1664
-1411
-1177
-942
-673
-367
-74
131
212
186
117
49
27
75
174
245
232
158
85
24
-41
-100
-119
-59
94
337
614
852
1014
1148
1332
1614
1973
2342
2652
2851
2946
2968
2966
2951
2908
2819
2698
2600
2563
2558
2498
2348
2125
1869
1568
1230
940
785
753
712
547
243
-122
-446
-671
-784
-814
-814
-860
-1009
-1267
-1571
-1830
-1967
-1984
-1948
-1927
-1952
-2021
-2149
-2339
-2563
-2735
-2761
-2614
-2372
-2151
-2011
-1912
-1794
-1642
-1475
-1280
-1018
-708
-432
-280
-240
-264
-290
-274
-189
-66
14
-13
-116
-225
-297
-330
-311
-224
-88
55
178
312
510
798
1119
1369
1462
1401
1281
1195
1155
1105
1032
978
963
951
906
855
861
952
1086
1194
1241
1263
1321
1421
1501
1497
1437
1397
1414
1440
1411
1314
1163
977
781
614
501
414
301
148
-15
-166
-326
-499
-619
-629
-579
-579
-655
-715
-693
-640
-653
-775
-940
-1046
-1037
-956
-915
-987
-1151
-1335
-1504
-1655
-1755
-1730
-1568
-1367
-1236
-1187
-1156
-1127
-1145
-1206
-1224
-1108
-878
-644
-494
-437
-398
-339
-280
-278
-329
-370
-365
-344
-375
-462
-558
-588
-535
-439
-367
-363
-422
-517
-595
-615
-551
-406
-189
81
368
622
831
1027
1249
1496
1746
1987
2223
2440
2618
2756
2860
2923
2916
2838
2704
2522
2287
2035
1810
1618
1414
1166
912
731
653
639
617
550
446
332
224
132
69
40
30
-10
-100
-231
-352
-440
-502
-562
-644
-765
-920
-1088
-1250
-1413
-1568
-1685
-1753
-1796
-1836
-1852
-1824
-1734
-1575
-1354
-1116
-918
-779
-683
-634
-642
-681
-714
-751
-843
-1001
-1171
-1291
-1347
-1360
-1369
-1393
-1412
-1382
-1301
-1220
-1182
-1172
-1153
-1102
-998
-826
-597
-349
-132
54
261
529
863
1233
1601
1931
2187
2349
2416
2411
2381
2372
2417
2508
2599
2637
2574
2403
2148
1877
1656
1492
1340
1148
911
645
383
162
13
-77
-161
-269
-379
-482
-609
-782
-958
-1076
-1119
-1116
-1078
-1027
-1004
-1028
-1040
-971
-838
-719
-659
-634
-615
-604
-605
-603
-591
-585
-599
-602
-578
-566
-629
-772
-935
-1066
-1167
-1258
-1356
-1474
-1615
-1762
-1870
-1910
-1878
-1752
-1504
-1165
-825
-562
-389
-278
-195
-111
-14
87
177
265
355
437
488
515
577
731
1003
1335
1642
1860
1989
2079
2189
2341
2505
2617
2654
2660
2700
2782
2845
2822
2705
2545
2395
2270
2138
1965
1735
1467
1195
952
749
574
412
256
105
-22
-122
-202
-264
-293
-288
-291
-343
-432
-498
-521
-540
-614
-748
-868
-919
-918
-954
-1052
-1153
-1186
-1168
-1165
-1217
-1312
-1438
-1598
-1771
-1914
-1989
-2011
-2020
-2052
-2120
-2224
-2337
-2440
-2532
-2634
-2728
-2767
-2744
-2726
-2775
-2867
-2911
-2825
-2606
-2309
-1999
-1692
-1372
-1024
-649
-251
160
562
949
1308
1617
1852
2030
2205
2394
2560
2650
2671
2685
2754
2851
2882
2796
2635
2470
2323
2175
2030
1908
1808
1701
1571
1446
1368
1345
1339
1295
1173
978
772
618
559
591
675
755
802
818
807
764
700
648
631
635
626
568
442
253
34
-188
-426
-695
-965
-1186
-1368
-1578
-1867
-2197
-2481
-2678
-2810
-2931
-3050
-3144
-3187
-3193
-3198
-3210
-3212
-3157
-3023
-2813
-2566
-2302
-2005
-1663
-1293
-929
-581
-216
170
533
811
1000
1173
1374
1597
1807
2011
2225
2442
2616
2705
2689
2603
2516
2493
2533
2576
2577
2544
2496
2417
2291
2124
1970
1865
1798
1711
1555
1325
1058
819
655
586
589
627
673
685
628
492
315
134
-39
-208
-374
-546
-729
-906
-1060
-1186
-1309
-1420
-1503
-1560
-1626
-1711
-1796
-1872
-1970
-2130
-2350
-2582
-2753
-2829
-2837
-2841
-2851
-2832
-2756
-2651
-2561
-2479
-2357
-2171
-1956
-1780
-1661
-1550
-1382
-1145
-897
-687
-510
-293
15
384
722
955
1102
1253
1445
1632
1743
1800
1870
1974
2086
2192
2318
2476
2631
2740
2802
2834
2840
2825
2785
2686
2490
2218
1969
1800
1670
1485
1208
886
599
383
224
93
-23
-128
-229
-302
-302
-228
-150
-140
-185
-213
-181
-100
-1
98
170
190
157
103
31
-92
-288
-523
-749
-954
-1162
-1389
-1619
-1826
-1992
-2131
-2245
-2330
-2377
-2388
-2378
-2357
-2334
-2291
-2199
-2043
-1844
-1642
-1451
-1262
-1109
-1021
-969
-861
-644
-356
-65
199
440
648
813
958
1115
1266
1369
1411
1416
1402
1367
1334
1336
1369
1386
1363
1321
1277
1214
1116
993
866
742
629
571
589
639
662
653
664
717
777
814
838
866
874
853
842
885
953
972
906
790
648
477
262
37
-149
-274
-334
-334
-296
-276
-307
-362
-394
-397
-392
-376
-336
-294
-304
-405
-572
-742
-861
-911
-928
-971
-1082
-1237
-1361
-1409
-1393
-1377
-1389
-1399
-1352
-1227
-1064
-910
-783
-669
-570
-493
-423
-331
-217
-121
-71
-47
-9
58
153
273
395
462
435
358
322
357
398
377
294
208
162
167
200
237
268
286
293
286
265
238
220
245
334
458
565
648
722
789
828
827
788
704
580
441
347
330
367
414
450
493
543
563
523
442
370
340
327
287
193
62
-71
-192
-307
-428
-565
-713
-845
-958
-1081
-1241
-1400
-1475
-1431
-1308
-1176
-1070
-976
-872
-750
-620
-491
-371
-273
-228
-228
-243
-230
-163
-41
105
197
182
71
-59
-169
-262
-338
-370
-342
-266
-158
-35
90
213
333
423
464
479
531
625
700
710
685
690
731
787
846
917
961
934
834
733
685
682
706
781
923
1081
1174
1195
1203
1227
1253
1266
1276
1283
1266
1201
1082
924
739
556
410
297
151
-71
-319
-489
-562
-629
-760
-929
-1073
-1169
-1205
-1157
-1032
-880
-781
-759
-791
-834
-871
-900
-921
-933
-939
-935
-903
-855
-830
-853
-916
-988
-1040
-1045
-990
-904
-829
-773
-695
-568
-414
-269
-137
-22
58
85
83
93
123
149
170
213
279
315
276
177
50
-90
-246
-382
-466
-507
-533
-553
-531
-444
-303
-138
15
127
183
212
263
349
443
513
574
650
732
789
825
864
898
883
808
735
709
687
611
504
453
506
616
722
782
789
747
676
613
566
493
375
253
177
136
95
55
22
-36
-136
-226
-244
-184
-111
-71
-61
-44
17
112
197
224
190
99
-43
-186
-264
-270
-264
-281
-272
-199
-82
-2
-3
-77
-194
-324
-453
-566
-678
-804
-966
-1134
-1254
-1289
-1261
-1223
-1202
-1179
-1116
-998
-846
-702
-590
-495
-381
-249
-146
-89
-20
127
313
425
402
308
246
253
291
344
433
572
728
840
888
899
928
1003
1102
1191
1246
1253
1205
1130
1090
1122
1202
1246
1191
1056
903
760
620
474
325
155
-34
-186
-231
-178
-132
-165
-248
-317
-361
-403
-449
-500
-572
-665
-730
-734
-712
-721
-746
-758
-755
-772
-808
-817
-792
-795
-868
-949
-940
-845
-776
-818
-935
-1032
-1033
-933
-788
-696
-723
-825
-908
-912
-870
-826
-761
-633
-461
-351
-367
-459
-524
-504
-395
-214
19
266
496
689
839
955
1101
1331
1618
1851
1928
1852
1716
1608
1554
1526
1507
1483
1447
1403
1380
1383
1379
1334
1245
1141
1048
981
931
855
698
458
201
-10
-176
-329
-478
-604
-708
-777
-807
-804
-826
-899
-969
-960
-893
-872
-954
-1076
-1148
-1150
-1123
-1103
-1087
-1081
-1110
-1189
-1263
-1249
-1126
-960
-849
-829
-861
-854
-768
-658
-606
-614
-599
-502
-369
-260
-185
-106
-17
50
89
123
170
197
171
115
93
155
298
461
575
612
618
642
692
753
826
927
1060
1199
1315
1391
1443
1482
1513
1541
1553
1531
1468
1393
1327
1248
1115
929
746
625
570
560
573
605
629
602
507
337
115
-95
-223
-261
-284
-342
-417
-481
-555
-666
-807
-930
-1039
-1164
-1298
-1391
-1407
-1383
-1374
-1387
-1374
-1292
-1149
-976
-800
-636
-503
-412
-348
-277
-174
-55
28
24
-57
-157
-211
-211
-212
-249
-313
-374
-431
-497
-560
-574
-512
-396
-266
-154
-69
-31
-49
-93
-93
-7
117
219
292
364
437
471
455
418
396
388
371
367
411
528
681
791
794
704
601
554
555
563
582
643
733
782
747
658
559
454
319
171
40
-76
-222
-420
-624
-763
-796
-750
-689
-669
-689
-698
-637
-515
-397
-349
-368
-407
-437
-453
-464
-480
-502
-515
-494
-421
-310
-190
-86
0
53
57
42
78
191
281
242
98
-20
-37
-7
-22
-112
-211
-234
-164
-66
1
39
69
82
64
38
49
118
214
272
252
203
220
332
476
585
671
772
876
932
925
912
959
1057
1141
1155
1120
1081
1060
1040
1005
952
892
846
829
824
789
694
557
433
356
312
246
123
-29
-161
-273
-414
-607
-794
-896
-889
-841
-846
-936
-1061
-1125
-1086
-983
-890
-843
-815
-797
-794
-790
-741
-637
-555
-567
-637
-654
-559
-421
-351
-399
-513
-619
-676
-697
-708
-723
-749
-802
-868
-902
-870
-795
-741
-759
-846
-958
-1039
-1059
-1036
-1014
-998
-945
-818
-632
-452
-316
-205
-57
171
460
729
912
1008
1070
1135
1203
1260
1293
1304
1284
1241
1183
1121
1082
1098
1159
1206
1213
1223
1282
1348
1349
1256
1115
982
871
778
697
626
539
420
296
209
175
162
149
135
92
-18
-207
-420
-606
-740
-815
-813
-731
-638
-604
-654
-736
-789
-774
-679
-535
-391
-302
-268
-236
-165
-89
-53
-61
-96
-167
-283
-404
-461
-434
-379
-340
-308
-237
-119
16
128
188
199
179
164
156
128
70
3
-34
-24
39
147
275
383
454
494
520
548
577
616
668
732
779
794
780
757
733
694
624
502
338
161
10
-98
-194
-290
-371
-428
-465
-495
-493
-469
-487
-590
-714
-753
-674
-546
-427
-308
-168
-53
-6
1
18
56
67
41
-4
-49
-89
-125
-169
-247
-352
-436
-447
-391
-322
-272
-225
-165
-135
-160
-187
-141
-47
11
22
52
109
130
80
1
-74
-155
-248
-331
-376
-394
-410
-446
-506
-596
-706
-800
-843
-838
-817
-788
-728
-615
-469
-321
-183
-50
72
171
239
262
232
149
60
5
-2
18
56
125
213
282
295
265
224
206
247
376
596
836
996
1002
875
721
644
661
697
686
621
565
556
580
597
587
572
557
532
479
417
374
352
331
301
289
334
428
517
546
521
490
496
529
572
598
578
491
331
136
-62
-232
-362
-450
-492
-494
-484
-496
-534
-560
-558
-555
-568
-575
-541
-486
-470
-516
-599
-671
-709
-729
-769
-837
-903
-922
-893
-857
-851
-864
-846
-762
-631
-489
-357
-244
-176
-152
-107
38
277
504
632
681
732
811
866
851
774
674
588
536
516
495
443
374
310
249
157
25
-121
-246
-326
-335
-252
-107
40
144
215
275
324
361
394
441
476
423
236
-27
-244
-344
-366
-375
-383
-387
-411
-475
-544
-558
-506
-424
-355
-306
-257
-203
-154
-132
-152
-208
-271
-303
-299
-282
-275
-282
-319
-411
-536
-624
-622
-588
-601
-649
-640
-534
-361
-172
15
192
342
451
503
510
516
565
638
689
686
650
602
556
523
496
470
430
388
377
447
592
739
785
721
624
557
519
495
495
507
488
416
334
302
319
313
225
60
-119
-261
-365
-467
-595
-726
-815
-834
-818
-805
-792
-742
-668
-606
-559
-476
-337
-192
-94
-28
57
163
242
267
256
225
175
111
58
29
-1
-62
-159
-272
-365
-402
-356
-235
-93
19
86
116
116
98
95
117
125
79
-3
-55
-38
13
40
44
67
131
202
230
219
198
190
188
183
185
212
251
289
337
415
481
477
417
377
411
485
534
502
405
297
221
171
111
30
-28
-28
-6
-23
-98
-184
-234
-258
-281
-301
-261
-141
12
104
105
64
35
30
21
-2
-35
-86
-155
-229
-280
-302
-333
-399
-486
-550
-561
-533
-480
-408
-337
-285
-251
-212
-151
-70
20
90
119
103
44
-59
-203
-351
-442
-441
-384
-341
-343
-348
-300
-229
-221
-307
-411
-446
-393
-302
-208
-125
-51
11
46
37
-6
-31
18
112
179
189
184
205
249
298
337
330
256
167
141
198
282
351
404
443
459
454
450
453
463
471
472
463
444
416
370
299
208
113
51
47
79
89
41
-37
-101
-142
-169
-186
-191
-208
-261
-326
-343
-278
-173
-94
-73
-83
-95
-109
-134
-172
-215
-251
-272
-261
-243
-270
-370
-509
-617
-670
-677
-664
-636
-584
-516
-441
-361
-262
-126
47
229
379
465
502
524
529
498
455
448
475
482
448
408
405
448
504
545
564
572
588
619
655
681
695
706
711
686
622
532
450
387
338
291
246
204
148
59
-37
-92
-101
-118
-189
-292
-384
-450
-506
-551
-556
-502
-421
-358
-323
-292
-266
-283
-360
-466
-559
-618
-645
-657
-664
-663
-662
-678
-706
-703
-627
-506
-422
-421
-452
-436
-350
-232
-123
-39
13
37
51
64
76
85
84
61
11
-56
-122
-164
-163
-107
-14
95
194
252
254
237
244
266
250
184
122
106
130
161
192
236
295
358
411
455
494
541
592
624
607
533
423
326
266
250
248
228
149
-2
-186
-346
-447
-494
-492
-440
-359
-294
-273
-279
-278
-266
-275
-324
-354
-276
-85
122
233
214
124
55
61
131
198
192
99
-53
-207
-306
-300
-190
-38
80
155
235
352
476
575
649
716
760
743
647
503
370
307
325
399
480
525
508
427
304
170
56
-17
-47
-51
-55
-71
-108
-155
-191
-204
-206
-216
-221
-201
-169
-155
-163
-158
-118
-63
-46
-88
-158
-216
-253
-292
-346
-414
-482
-534
-554
-520
-436
-332
-238
-153
-47
66
118
60
-59
-125
-81
14
73
64
39
35
47
44
20
-22
-84
-154
-202
-191
-131
-61
-20
-2
25
75
143
212
270
312
327
313
271
232
229
249
230
111
-78
-262
-399
-495
-567
-603
-604
-588
-588
-616
-649
-643
-582
