-266
-266
-274
-262
-224
-179
-151
-147
-161
-170
-159
-141
-129
-122
-111
-100
-90
-75
-62
-52
-36
3
53
87
96
79
58
47
60
93
139
186
221
222
183
124
70
39
37
64
103
125
122
110
111
119
133
171
241
317
374
412
421
372
269
169
137
178
249
306
331
326
298
249
188
132
100
92
104
139
207
288
363
431
496
546
579
591
578
525
438
342
261
202
155
109
57
4
-28
-29
-21
-22
-28
-24
-21
-35
-67
-93
-88
-53
-9
11
-10
-69
-137
-187
-228
-284
-353
-410
-439
-425
-371
-302
-262
-257
-251
-195
-92
11
74
93
98
94
72
25
-38
-106
-175
-216
-218
-190
-149
-99
-63
-78
-145
-216
-250
-254
-266
-292
-303
-270
-208
-161
-152
-157
-147
-127
-113
-122
-126
-108
-72
-48
-45
-47
-36
-12
1
-6
-27
-39
-39
-35
-32
-7
48
105
123
104
92
113
150
164
145
102
51
1
-52
-91
-96
-57
5
79
163
227
225
142
40
-22
-35
-12
29
64
70
52
49
69
90
78
33
-32
-97
-128
-115
-80
-66
-83
-126
-191
-270
-336
-365
-373
-361
-318
-242
-168
-114
-57
20
91
114
90
65
77
118
151
149
118
90
90
122
162
197
210
189
122
36
-28
-47
-45
-72
-124
-144
-103
-52
-52
-82
-72
5
113
194
218
200
170
146
139
146
155
157
166
211
287
330
292
187
96
81
119
154
146
128
155
228
306
348
371
410
462
492
458
357
214
88
33
61
141
230
287
280
189
38
-109
-173
-139
-50
35
72
43
-41
-118
-147
-149
-180
-233
-259
-228
-180
-173
-220
-283
-307
-291
-276
-296
-334
-366
-379
-364
-312
-235
-170
-121
-54
30
75
42
-24
-48
-36
-46
-114
-202
-255
-258
-236
-209
-193
-185
-164
-110
-31
28
37
2
-34
-26
45
133
170
135
77
49
60
98
159
225
261
242
183
116
54
3
-30
-41
-51
-88
-136
-134
-54
50
102
74
2
-71
-107
-90
-36
0
-23
-78
-108
-91
-69
-89
-144
-187
-182
-126
-46
36
105
144
125
47
-44
-88
-58
-9
-10
-84
-169
-179
-113
-38
-25
-66
-103
-115
-123
-143
-145
-85
38
168
217
151
18
-73
-85
-69
-98
-178
-253
-265
-199
-85
38
135
182
179
155
131
119
98
41
-65
-167
-200
-147
-41
80
194
269
257
146
-10
-91
-13
184
353
375
287
214
237
311
344
294
195
125
122
151
145
95
49
34
29
23
46
96
146
177
204
231
259
307
367
391
342
253
169
103
52
25
18
15
18
31
64
114
173
199
150
27
-117
-220
-258
-261
-278
-333
-395
-403
-359
-292
-236
-205
-212
-266
-329
-346
-297
-229
-198
-201
-192
-145
-73
-1
58
119
178
183
102
-31
-117
-102
-31
4
-39
-114
-145
-85
19
79
56
-9
-68
-129
-220
-338
-421
-428
-367
-302
-286
-327
-380
-385
-325
-220
-98
13
73
49
-41
-144
-216
-229
-191
-127
-80
-51
-21
35
96
106
39
-57
-84
-6
122
210
223
173
97
31
6
30
58
55
36
33
50
66
106
182
258
291
282
272
260
234
208
203
224
244
241
225
225
256
272
214
78
-61
-109
-40
93
199
241
243
239
234
209
187
222
339
465
509
459
370
281
198
131
81
48
16
-15
-29
-22
-2
0
-24
-58
-91
-127
-154
-135
-79
-45
-80
-177
-290
-362
-333
-185
-4
86
36
-75
-142
-130
-62
23
97
120
95
64
78
137
211
267
263
163
-28
-208
-278
-231
-159
-131
-135
-132
-126
-125
-103
-31
67
128
113
29
-66
-106
-69
-11
9
5
26
70
89
61
6
-62
-155
-267
-356
-374
-326
-289
-324
-406
-458
-430
-361
-304
-277
-239
-177
-106
-47
17
116
245
349
358
240
66
-49
-55
-17
0
0
28
95
155
160
84
-33
-138
-206
-238
-243
-217
-158
-97
-57
-44
-25
23
75
72
4
-54
-43
16
41
18
1
50
146
213
206
140
65
18
17
56
93
97
69
35
-11
-71
-94
-53
-3
-39
-168
-282
-303
-217
-92
12
53
29
-46
-161
-276
-343
-343
-324
-327
-334
-288
-167
-9
137
243
290
291
279
282
285
263
232
221
223
199
153
124
140
174
200
220
234
222
175
134
144
200
264
294
272
207
136
109
127
146
112
43
-7
5
62
118
159
172
145
62
-47
-133
-174
-184
-191
-215
-243
-249
-220
-193
-216
-289
-335
-305
-230
-184
-200
-248
-287
-275
-192
-66
39
84
71
39
33
92
197
299
357
380
385
365
321
290
327
449
602
704
721
681
638
618
616
608
579
539
518
513
488
418
315
213
131
64
-5
-86
-165
-203
-174
-98
-30
-31
-181
-634
-1455
-2394
-2929
-2695
-1894
-1158
-1016
-1411
-1769
-1544
-716
254
888
1010
697
138
-392
-596
-357
116
410
245
-298
-802
-898
-589
-228
-152
-401
-772
-1034
-1038
-705
-60
661
1084
996
584
328
582
1215
1706
1655
1176
709
561
687
882
1061
1275
1542
1761
1870
1985
2266
2649
2830
2585
2004
1397
996
775
544
219
-92
-271
-441
-1005
-2237
-3772
-4647
-4119
-2489
-949
-550
-1282
-2101
-1915
-599
986
1904
1839
1009
-188
-1247
-1642
-1164
-192
477
232
-816
-1825
-1959
-1152
-146
238
-190
-929
-1310
-1031
-260
606
1217
1354
984
285
-332
-468
-72
420
439
-145
-888
-1217
-998
-545
-237
-161
-141
30
401
881
1353
1729
1923
1902
1774
1704
1706
1589
1217
748
503
629
932
1114
1058
921
928
1131
1355
1379
1145
770
395
84
-149
-297
-369
-430
-516
-551
-373
86
628
914
754
335
73
175
246
-422
-2016
-3681
-4175
-3107
-1427
-554
-1035
-2078
-2412
-1557
-129
974
1412
1338
930
333
-91
111
953
1751
1628
343
-1393
-2558
-2759
-2458
-2368
-2753
-3319
-3616
-3413
-2738
-1695
-421
796
1570
1732
1561
1520
1792
2099
1991
1296
308
-472
-780
-726
-513
-202
247
801
1381
1972
2616
3299
3876
4154
4061
3723
3339
2975
2543
1962
1269
564
-35
-415
-472
-212
180
425
412
321
419
742
1075
1148
657
-709
-2846
-4846
-5478
-4370
-2565
-1685
-2451
-3938
-4422
-3029
-528
1568
2389
2102
1376
840
888
1581
2513
2925
2180
362
-1605
-2664
-2542
-1972
-1932
-2756
-3884
-4425
-3911
-2595
-1116
-3
545
633
550
616
978
1455
1624
1139
104
-974
-1590
-1661
-1478
-1340
-1242
-944
-264
735
1826
2813
3586
4079
4290
4335
4384
4472
4432
4047
3276
2312
1443
859
547
368
172
-91
-376
-574
-564
-302
137
509
372
-762
-2884
-5044
-5877
-4886
-3073
-2116
-2829
-4357
-4972
-3725
-1297
844
1859
1935
1637
1395
1534
2270
3437
4340
4157
2675
640
-787
-1077
-796
-944
-1967
-3381
-4313
-4266
-3397
-2230
-1227
-597
-317
-162
203
987
1964
2534
2212
1161
97
-369
-290
-237
-663
-1446
-2045
-1962
-1049
476
2142
3413
3973
3996
4076
4730
5849
6713
6631
5584
4190
3118
2574
2303
1930
1245
275
-781
-1598
-1815
-1278
-335
200
-451
-2367
-4681
-6092
-5867
-4477
-3232
-3217
-4409
-5727
-5912
-4522
-2191
-67
1003
947
414
318
1199
2834
4360
4886
4130
2618
1234
498
193
-317
-1436
-3015
-4522
-5438
-5517
-4878
-3929
-3150
-2772
-2630
-2296
-1430
-115
1135
1720
1417
617
24
70
472
512
-222
-1395
-2206
-2098
-1150
121
1241
2080
2745
3372
4096
5032
6127
7036
7318
6849
5974
5237
4850
4482
3608
2087
364
-976
-1708
-1998
-2072
-2097
-2348
-3181
-4588
-5881
-6125
-5074
-3581
-2932
-3614
-4822
-5214
-4179
-2336
-843
-334
-499
-523
176
1517
2945
3937
4329
4267
3995
3699
3380
2788
1599
-197
-2114
-3482
-4015
-4049
-4148
-4511
-4815
-4606
-3760
-2509
-1200
-62
813
1344
1477
1330
1264
1585
2129
2254
1414
-161
-1506
-1725
-793
463
1184
1232
1162
1633
2825
4414
5846
6728
6998
6896
6760
6769
6795
6423
5284
3471
1610
339
-292
-802
-1647
-2736
-3655
-4252
-4756
-5337
-5737
-5582
-4995
-4627
-4949
-5675
-6055
-5691
-4900
-4245
-3867
-3423
-2585
-1476
-440
408
1347
2541
3686
4246
4100
3664
3339
2959
2026
430
-1269
-2415
-3000
-3572
-4414
-5106
-5089
-4410
-3674
-3241
-2752
-1627
72
1477
1801
1267
936
1524
2561
2889
1905
214
-991
-1049
-333
362
662
829
1258
2046
3075
4238
5497
6719
7665
8117
8057
7656
7088
6369
5403
4195
2943
1831
817
-275
-1446
-2441
-3052
-3454
-4062
-5038
-5972
-6268
-5812
-5161
-4971
-5369
-5861
-5871
-5303
-4579
-4089
-3768
-3225
-2228
-920
381
1484
2414
3264
4004
4512
4681
4493
3888
2739
1046
-819
-2262
-2982
-3255
-3653
-4440
-5303
-5636
-5067
-3750
-2267
-1200
-750
-613
-311
391
1302
2018
2248
2008
1542
1077
690
446
492
916
1527
2022
2315
2653
3353
4480
5802
6947
7639
7774
7433
6825
6193
5700
5313
4813
3926
2595
1130
83
-274
-224
-447
-1366
-2820
-4137
-4729
-4563
-4238
-4420
-5286
-6334
-6888
-6677
-6094
-5783
-6004
-6350
-6154
-5082
-3413
-1782
-696
-143
395
1390
2755
3868
4132
3463
2232
977
26
-592
-1083
-1715
-2688
-3991
-5239
-5832
-5437
-4361
-3332
-2886
-2942
-2958
-2435
-1371
-177
667
1017
1072
1137
1355
1632
1833
1965
2165
2497
2888
3302
3833
4576
5448
6244
6828
7207
7426
7448
7169
6582
5832
5091
4365
3487
2373
1258
602
594
806
535
-400
-1408
-1791
-1574
-1464
-2015
-3031
-3859
-4187
-4340
-4798
-5592
-6325
-6664
-6648
-6422
-5977
-5254
-4386
-3581
-2808
-1814
-498
860
1810
2155
2157
2202
2287
2022
1248
369
-102
-223
-574
-1539
-2746
-3366
-2971
-2058
-1593
-2005
-2729
-2835
-2041
-967
-435
-588
-886
-780
-288
218
533
836
1364
2071
2706
3172
3680
4459
5423
6250
6731
6981
7232
7516
7578
7121
6134
4940
3931
3230
2671
2005
1158
257
-486
-948
-1141
-1171
-1135
-1077
-1050
-1189
-1614
-2230
-2764
-3049
-3230
-3600
-4240
-4891
-5179
-5000
-4588
-4255
-4093
-3972
-3780
-3498
-3156
-2706
-2138
-1613
-1408
-1597
-1905
-1926
-1529
-1003
-808
-1154
-1752
-2053
-1735
-1016
-448
-425
-838
-1232
-1242
-937
-667
-697
-976
-1295
-1470
-1437
-1213
-878
-554
-336
-179
74
578
1275
1948
2412
2715
3046
3515
4041
4473
4765
4972
5062
4869
4283
3510
2954
2790
2803
2582
1953
1131
573
603
1129
1641
1651
1118
458
94
31
-41
-444
-1137
-1830
-2264
-2465
-2653
-2857
-2900
-2654
-2328
-2204
-2275
-2200
-1762
-1121
-655
-505
-516
-487
-387
-311
-265
-208
-125
-93
-113
-41
289
802
1185
1157
788
385
235
355
535
522
180
-339
-763
-851
-648
-383
-277
-343
-397
-261
65
409
614
655
683
842
1161
1514
1749
1806
1725
1618
1562
1564
1548
1504
1475
1485
1419
1152
786
634
905
1376
1582
1295
782
471
489
536
249
-406
-1141
-1704
-2115
-2514
-2878
-3026
-2907
-2719
-2735
-2963
-3124
-2940
-2458
-2060
-2053
-2374
-2624
-2499
-2039
-1560
-1317
-1296
-1304
-1150
-758
-132
622
1286
1659
1709
1613
1594
1710
1825
1734
1395
975
693
584
491
263
-61
-335
-460
-452
-364
-210
10
304
642
967
1219
1347
1325
1201
1072
999
932
803
624
481
456
570
739
801
683
552
676
1103
1553
1685
1415
950
567
403
398
346
43
-561
-1290
-1841
-2023
-1907
-1773
-1847
-2117
-2397
-2478
-2304
-1987
-1766
-1831
-2174
-2613
-2929
-3011
-2886
-2663
-2440
-2245
-2049
-1763
-1258
-447
573
1528
2134
2341
2352
2448
2696
2892
2813
2484
2164
2010
1912
1663
1266
922
794
840
900
914
986
1250
1686
2093
2278
2218
2079
2030
2112
2181
2051
1674
1200
854
723
728
711
576
370
237
298
554
908
1181
1181
857
414
166
214
340
197
-352
-1106
-1703
-1939
-1916
-1894
-2030
-2296
-2574
-2789
-2896
-2865
-2706
-2520
-2473
-2696
-3138
-3584
-3784
-3676
-3403
-3179
-3080
-2952
-2580
-1850
-865
163
1005
1499
1657
1666
1772
2046
2323
2359
2069
1614
1263
1158
1215
1242
1129
927
759
693
721
776
814
856
946
1092
1221
1273
1260
1275
1360
1427
1323
1015
656
443
416
446
411
335
339
498
756
975
1029
927
791
725
685
545
235
-187
-605
-914
-1079
-1163
-1246
-1373
-1533
-1707
-1878
-1996
-2017
-1948
-1865
-1826
-1815
-1789
-1763
-1808
-1928
-2004
-1923
-1706
-1503
-1433
-1466
-1426
-1130
-562
61
451
501
387
373
562
838
1009
985
820
637
514
493
575
745
918
991
915
761
679
794
1108
1477
1702
1693
1569
1570
1837
2264
2582
2594
2322
1970
1720
1612
1536
1393
1167
930
755
697
790
1016
1254
1315
1104
769
585
670
846
820
544
206
-17
-185
-438
-769
-1106
-1445
-1857
-2307
-2642
-2743
-2603
-2377
-2252
-2331
-2534
-2681
-2665
-2492
-2258
-2061
-1958
-1900
-1774
-1509
-1152
-810
-568
-480
-555
-728
-861
-868
-769
-657
-590
-564
-531
-422
-224
-16
85
86
101
206
343
435
521
693
955
1194
1322
1388
1518
1740
1906
1858
1612
1373
1318
1423
1511
1433
1203
973
903
1046
1297
1502
1515
1317
1053
953
1108
1345
1416
1223
877
530
281
132
29
-126
-365
-664
-960
-1197
-1320
-1303
-1199
-1125
-1173
-1321
-1456
-1451
-1269
-1006
-822
-795
-865
-892
-802
-647
-531
-535
-640
-784
-881
-883
-802
-690
-633
-666
-743
-760
-645
-435
-233
-124
-82
-25
112
277
361
326
253
230
234
216
230
389
699
1019
1191
1161
1039
996
1129
1346
1441
1284
914
526
327
396
607
752
728
596
520
616
862
1105
1174
1043
835
713
719
749
646
373
31
-268
-516
-737
-898
-937
-845
-723
-714
-853
-998
-951
-697
-423
-325
-411
-543
-600
-569
-502
-477
-576
-832
-1153
-1365
-1344
-1104
-789
-549
-475
-518
-517
-353
-65
191
305
276
182
92
44
31
-1
-108
-280
-436
-501
-440
-274
-52
144
257
278
270
268
256
186
75
-30
-105
-146
-135
-44
77
132
62
-28
14
229
484
625
637
662
835
1135
1378
1390
1172
876
661
554
478
346
124
-157
-432
-648
-768
-749
-555
-256
5
110
119
199
430
719
894
881
728
515
285
66
-135
-348
-598
-850
-1016
-1071
-1031
-930
-770
-571
-363
-156
38
211
361
498
585
568
437
263
104
-41
-186
-320
-412
-456
-438
-351
-190
-3
140
171
78
-71
-186
-236
-292
-397
-508
-526
-395
-148
107
276
327
322
351
471
677
902
1028
962
721
449
302
302
317
208
-57
-396
-700
-911
-1006
-978
-825
-612
-455
-428
-469
-434
-244
40
282
398
379
280
162
43
-91
-254
-440
-654
-870
-994
-927
-690
-422
-259
-201
-136
44
343
645
829
854
775
654
534
409
283
181
128
122
140
178
262
384
495
522
479
457
524
625
621
461
238
105
90
88
-13
-189
-321
-325
-219
-38
208
488
710
801
771
710
683
671
579
336
-24
-385
-638
-761
-803
-822
-852
-898
-952
-1006
-1035
-1003
-880
-686
-490
-372
-338
-343
-329
-282
-229
-220
-295
-433
-556
-589
-531
-476
-507
-595
-597
-411
-92
196
344
396
461
585
710
729
614
433
298
259
245
164
11
-93
-30
183
411
542
593
662
797
956
1054
1055
959
791
579
370
215
121
48
-41
-115
-85
124
466
792
965
976
935
948
1016
1048
963
751
463
154
-142
-401
-616
-801
-976
-1147
-1291
-1375
-1367
-1285
-1178
-1105
-1062
-1013
-919
-789
-685
-671
-755
-881
-951
-914
-810
-748
-823
-1029
-1265
-1400
-1364
-1186
-956
-753
-613
-552
-545
-523
-412
-223
-92
-149
-380
-607
-655
-495
-248
-62
38
129
319
642
1047
1410
1636
1708
1692
1680
1694
1730
1751
1710
1546
1275
1046
1012
1175
1368
1447
1403
1353
1398
1534
1662
1678
1599
1528
1522
1504
1379
1163
953
799
655
465
205
-99
-396
-640
-837
-1010
-1149
-1192
-1121
-1008
-948
-974
-1018
-1003
-899
-771
-699
-727
-848
-1035
-1242
-1420
-1515
-1502
-1438
-1412
-1456
-1458
-1292
-1001
-781
-766
-873
-937
-891
-804
-744
-703
-647
-582
-559
-572
-520
-298
89
499
775
881
928
1056
1269
1432
1406
1188
883
607
431
384
449
568
688
782
848
894
942
997
1033
1014
971
977
1054
1130
1108
962
745
514
297
105
-68
-234
-412
-597
-784
-957
-1075
-1108
-1061
-981
-917
-902
-942
-994
-1009
-968
-906
-872
-903
-1008
-1146
-1247
-1275
-1252
-1251
-1313
-1386
-1366
-1198
-959
-772
-682
-635
-578
-523
-511
-540
-581
-589
-552
-463
-338
-189
-23
153
313
443
565
694
825
941
1040
1131
1207
1257
1251
1163
1015
885
867
961
1086
1164
1188
1204
1236
1267
1269
1256
1275
1327
1384
1424
1467
1513
1529
1474
1346
1163
944
714
491
289
102
-72
-218
-321
-379
-404
-383
-292
-145
-17
25
-26
-122
-223
-311
-410
-560
-760
-952
-1076
-1131
-1145
-1111
-1018
-896
-789
-703
-625
-560
-516
-488
-462
-444
-431
-422
-425
-460
-530
-583
-559
-436
-256
-74
79
205
313
403
455
444
368
270
202
185
188
182
158
120
74
36
19
36
92
183
289
378
436
485
528
535
489
425
417
486
567
552
359
25
-323
-536
-565
-489
-444
-518
-671
-783
-774
-674
-589
-604
-707
-815
-872
-887
-913
-977
-1070
-1182
-1301
-1403
-1456
-1456
-1437
-1417
-1377
-1261
-1032
-724
-434
-256
-202
-203
-180
-109
-2
111
199
229
207
187
237
377
574
770
901
941
930
957
1079
1269
1413
1417
1306
1204
1214
1315
1402
1377
1243
1068
937
905
979
1123
1261
1309
1244
1132
1068
1086
1125
1096
963
766
553
343
147
5
-60
-90
-176
-323
-440
-445
-360
-281
-264
-291
-302
-273
-245
-293
-434
-618
-782
-930
-1096
-1264
-1374
-1371
-1288
-1170
-1026
-844
-635
-455
-348
-349
-444
-580
-669
-657
-576
-511
-523
-588
-638
-602
-454
-203
90
333
446
446
445
541
711
832
831
744
659
623
630
632
584
465
313
213
214
289
374
431
471
489
478
450
434
442
441
393
276
118
-49
-214
-385
-544
-658
-722
-752
-750
-678
-503
-269
-84
-82
-233
-376
-321
-99
90
58
-179
-504
-841
-1208
-1601
-1903
-1987
-1813
-1455
-995
-501
-45
276
372
253
21
-195
-333
-396
-392
-314
-139
104
343
489
523
498
487
464
331
3
-453
-856
-1024
-907
-539
-28
531
1027
1408
1661
1793
1817
1728
1558
1333
1100
896
789
820
971
1136
1250
1327
1422
1518
1506
1302
909
426
-78
-539
-900
-1087
-1078
-931
-714
-466
-195
50
174
101
-144
-448
-680
-795
-813
-769
-675
-537
-398
-320
-356
-487
-635
-711
-677
-534
-303
-25
238
408
449
362
219
79
-22
-111
-216
-331
-448
-547
-637
-690
-719
-711
-711
-720
-744
-715
-587
-370
-137
67
247
405
542
662
799
924
994
999
1005
1074
1187
1273
1286
1236
1136
970
733
528
433
474
520
462
258
3
-194
-322
-423
-538
-618
-627
-584
-549
-584
-669
-742
-732
-655
-579
-595
-763
-1046
-1268
-1254
-999
-692
-542
-635
-861
-1027
-989
-823
-675
-633
-606
-488
-281
-101
-65
-137
-180
-85
116
306
406
425
342
160
-132
-391
-494
-400
-228
-129
-115
-114
-1
236
557
818
896
787
609
521
534
624
738
911
1085
1205
1165
1004
778
603
524
518
583
676
783
819
785
784
838
900
799
571
274
67
-56
-84
-104
-89
-74
-113
-267
-555
-778
-848
-657
-380
-111
18
-28
-239
-567
-775
-824
-704
-674
-739
-865
-850
-635
-300
-38
14
-81
-181
-144
-22
109
97
-61
-308
-503
-517
-393
-265
-350
-580
-745
-631
-344
-104
-81
-227
-365
-349
-164
5
60
51
131
369
608
714
629
496
484
588
714
708
540
247
-36
-146
-33
236
524
723
859
883
850
678
493
319
261
309
430
572
539
352
36
-157
-154
30
275
388
337
129
-94
-208
-196
-96
-51
-109
-265
-430
-536
-546
-488
-405
-362
-383
-446
-541
-627
-718
-759
-764
-705
-628
-514
-435
-454
-583
-759
-841
-769
-528
-245
-79
-49
-156
-261
-372
-346
-148
210
535
602
378
45
-153
-95
142
364
432
310
160
113
225
382
422
273
28
-120
-28
248
586
811
905
873
840
860
902
912
844
755
687
643
554
372
137
-21
-48
58
177
220
101
-117
-325
-346
-201
-7
18
-179
-492
-712
-740
-631
-507
-493
-521
-573
-558
-535
-469
-378
-230
-103
-24
-134
-405
-732
-921
-839
-620
-342
-268
-354
-564
-680
-627
-495
-326
-267
-246
-367
-477
-579
-550
-472
-408
-342
-267
-77
158
419
547
502
311
112
31
57
191
314
445
576
741
930
1055
1160
1216
1294
1314
1330
1299
1253
1118
928
706
528
441
450
550
666
715
678
504
327
119
31
-23
-36
-62
-123
-131
-126
-117
-190
-311
-326
-268
-119
-115
-171
-296
-376
-430
-551
-652
-772
-742
-756
-760
-888
-939
-951
-895
-876
-878
-826
-695
-487
-335
-283
-366
-481
-516
-419
-235
-156
-222
-379
-425
-293
16
279
397
260
86
-61
-13
178
458
646
645
526
436
497
649
812
914
943
948
900
866
811
745
596
412
289
323
479
653
723
655
496
298
175
107
80
5
-133
-266
-378
-499
-650
-863
-1001
-1112
-1064
-966
-739
-582
-491
-564
-664
-768
-792
-766
-724
-723
-763
-816
-851
-924
-999
-1039
-939
-733
-530
-410
-372
-332
-239
-153
-80
-110
-122
-132
-15
94
253
284
305
223
231
249
338
387
460
539
658
802
965
1123
1215
1256
1264
1313
1348
1383
1273
1128
983
965
971
837
631
382
360
433
624
679
616
488
434
488
477
422
271
127
-91
-205
-193
-74
-32
-91
-185
-283
-352
-434
-471
-545
-610
-724
-779
-827
-720
-608
-483
-620
-779
-934
-852
-741
-659
-697
-797
-872
-861
-775
-629
-552
-463
-444
-386
-367
-343
-328
-300
-210
-116
-1
109
247
396
493
585
600
634
616
679
750
815
834
791
751
664
601
529
502
414
279
31
-116
-123
57
212
271
216
138
91
62
39
-8
-76
-160
-215
-211
-130
-74
-108
-268
-488
-644
-678
-598
-515
-507
-597
-713
-810
-781
-663
-463
-304
-270
-378
-561
-696
-722
-704
-670
-703
-683
-628
-481
-388
-371
-442
-503
-500
-452
-430
-417
-341
-155
67
223
281
252
248
300
492
665
766
786
797
913
973
1059
1006
975
930
932
991
979
954
805
662
493
351
269
289
436
581
627
549
478
467
490
478
407
355
293
268
186
99
8
-56
-41
-29
25
33
28
-18
-125
-183
-230
-198
-237
-289
-353
-364
-312
-243
-173
-212
-316
-408
-407
-333
-269
-246
-293
-426
-556
-616
-556
-496
-454
-521
-563
-607
-544
-495
-485
-518
-554
-438
-244
16
149
209
213
226
298
368
512
569
643
601
531
405
330
358
481
628
728
715
604
494
379
289
112
-10
-91
0
179
356
408
224
11
-209
-156
-31
170
172
101
-79
-231
-415
-524
-576
-513
-358
-209
-113
-160
-227
-292
-327
-349
-391
-407
-505
-580
-683
-674
-662
-607
-598
-622
-727
-828
-951
-982
-950
-851
-785
-763
-667
-508
-388
-384
-458
-460
-382
-243
-77
57
238
427
622
636
486
324
297
418
517
523
425
327
266
285
282
308
282
299
287
334
418
589
692
685
555
464
487
518
571
529
564
536
523
472
383
388
369
500
512
501
358
257
249
321
418
415
369
280
218
101
-54
-185
-208
-130
-101
-178
-319
-448
-468
-398
-243
-104
-67
-77
-128
-66
16
139
154
66
-87
-182
-128
10
111
103
4
-76
-94
12
159
276
293
270
215
181
93
9
-104
-143
-77
80
176
121
-38
-167
-154
-31
135
171
69
-114
-167
-47
152
276
250
173
124
184
326
436
424
222
-39
-231
-297
-290
-301
-336
-383
-404
-413
-411
-446
-434
-372
-259
-273
-389
-513
-478
-337
-243
-265
-380
-455
-486
-530
-665
-883
-1045
-1100
-1027
-953
-878
-853
-800
-768
-693
-589
-462
-371
-364
-400
-397
-283
-49
176
233
96
-106
-124
77
385
582
580
455
280
226
231
317
331
348
374
458
605
730
808
747
683
624
647
621
581
508
514
606
715
741
613
405
225
160
196
246
221
131
55
100
259
426
525
497
443
395
440
485
489
408
289
173
37
-52
-120
-94
-141
-203
-370
-430
-440
-328
-254
-237
-304
-395
-427
-444
-376
-340
-277
-327
-350
-336
-218
-81
-19
-7
-45
-26
-13
-15
-71
-127
-89
-35
44
0
-45
-151
-175
-181
-152
-122
-76
48
166
273
292
261
196
157
181
255
376
478
530
437
310
203
191
161
73
-65
-178
-194
-96
69
207
247
184
86
11
18
60
106
121
91
33
-67
-146
-178
-180
-145
-115
-70
-91
-215
-373
-481
-487
-471
-485
-512
-597
-669
-708
-594
-383
-191
-104
-154
-190
-147
-64
-88
-289
-503
-588
-472
-269
-137
-126
-231
-279
-267
-152
-80
-80
-168
-249
-192
-33
160
244
195
75
-94
-135
-109
98
295
534
672
784
791
682
479
266
197
185
183
79
-35
-113
-88
21
190
332
395
420
443
517
558
587
531
464
387
366
336
247
114
-16
-74
-127
-154
-202
-201
-208
-175
-166
-164
-200
-221
-195
-156
-70
-36
6
-39
-44
-61
-86
-193
-303
-364
-366
-358
-327
-258
-188
-153
-194
-233
-264
-215
-108
53
131
105
-31
-124
-179
-117
-8
151
255
282
237
210
264
388
508
518
430
281
211
176
165
97
61
71
160
264
354
383
360
344
358
417
446
411
331
254
215
177
115
78
80
130
93
-101
-388
-585
-575
-445
-384
-395
-442
-397
-361
-359
-427
-471
-419
-274
-87
56
78
-30
-213
-350
-402
-417
-441
-540
-636
-661
-498
-267
-128
-233
-423
-567
-539
-445
-346
-281
-215
-71
116
286
331
294
241
257
292
324
338
379
471
593
696
706
626
525
421
349
264
242
218
199
91
-45
-140
-75
137
359
454
427
389
383
374
321
282
297
312
243
55
-153
-257
-187
-31
79
12
-149
-325
-401
-412
-432
-506
-615
-626
-496
-271
-96
-78
-182
-329
-391
-358
-265
-227
-297
-454
-607
-687
-673
-608
-498
-426
-435
-579
-760
-816
-673
-345
-31
164
142
-20
-158
-161
-11
130
208
222
254
305
338
323
257
179
126
149
241
380
518
657
754
750
652
533
510
566
643
650
603
535
496
512
612
777
896
886
747
588
412
218
-14
-197
-301
-322
-306
-322
-398
-529
-595
-512
-291
-94
-62
-135
-202
-142
-23
111
111
-12
-241
-390
-418
-311
-178
-88
-116
-226
-352
-381
-305
-158
-30
12
-6
-16
48
180
273
300
229
143
69
40
39
58
87
126
125
126
138
185
202
175
133
111
121
148
153
147
146
195
247
242
181
118
109
145
205
237
223
146
64
-7
-52
-68
-86
-80
-121
-158
-238
-336
-438
-478
-422
-340
-284
-257
-215
-140
-85
-41
-69
-134
-256
-351
-420
-455
-509
-559
-582
-520
-458
-439
-510
-550
-511
-386
-305
-312
-369
-364
-290
-203
-172
-162
-120
-41
5
19
47
182
369
516
515
373
189
55
36
46
10
-105
-197
-173
-48
68
73
-9
-62
-3
137
237
255
204
160
158
257
401
509
492
409
337
317
343
367
386
328
217
81
-17
-85
-136
-112
2
156
234
189
68
-35
-43
39
104
114
78
78
106
151
191
209
196
173
162
146
124
131
217
325
400
398
361
353
404
511
583
561
429
237
87
32
90
166
194
133
33
-84
-173
-250
-275
-276
-243
-216
-179
-133
-87
-47
-14
70
204
340
341
190
-27
-128
-84
44
112
78
-20
-88
-88
-82
-113
-189
-261
-305
-299
-282
-292
-353
-413
-411
-340
-238
-197
-275
-430
-551
-505
-343
-213
-270
-457
-559
-502
-371
-362
-463
-597
-662
-666
-617
-521
-410
-351
-425
-595
-772
-842
-810
-731
-690
-698
-683
-589
-429
-304
-263
-295
-306
-238
-84
76
167
170
113
25
-48
-56
9
131
253
371
417
406
352
342
385
438
506
576
654
675
644
570
480
426
459
576
682
698
634
589
583
635
693
740
710
588
439
378
456
580
679
706
682
564
353
100
-71
-94
30
167
232
199
164
169
191
170
88
-38
-165
-244
-224
-91
80
218
237
153
16
-60
-25
85
170
225
267
293
233
100
-24
-58
-23
19
-5
-65
-114
-104
-37
50
126
158
129
53
-42
-110
-112
-46
70
141
131
46
-27
-50
-67
-149
-331
-518
-624
-621
-582
-557
-551
-553
-548
-573
-577
-547
-409
-216
-44
47
19
-82
-237
-321
-276
-96
77
117
-13
-194
-307
-298
-254
-251
-303
-324
-305
-287
-311
-306
-228
-86
25
63
13
-74
-148
-193
-236
-287
-287
-249
-198
-217
-266
-332
-363
-354
-315
-262
-229
-168
-118
-62
-52
-59
-60
-34
46
120
183
212
227
220
194
205
277
385
427
371
228
97
45
125
261
387
391
295
138
40
48
100
89
-22
-136
-155
-92
-11
35
40
20
16
38
89
129
193
278
365
396
356
305
277
274
263
213
161
133
168
228
267
269
243
206
134
15
-113
-135
-23
171
252
143
-128
-359
-387
-199
58
180
144
6
-80
-70
84
272
432
474
442
353
267
210
188
187
196
255
311
336
295
245
198
106
-1
-98
-108
-75
16
98
173
187
145
40
-86
-141
-100
-8
62
61
8
-107
-203
-257
-253
-232
-206
-172
-190
-239
-254
-155
10
118
96
-62
-251
-340
-293
-197
-182
-207
-196
-133
-107
-186
-343
-480
-545
-535
-568
-651
-769
-814
-780
-691
-581
-512
-506
-533
-525
-430
-305
-181
-102
-102
-172
-279
-273
-145
36
127
105
73
120
259
398
431
367
256
173
111
65
46
56
107
155
167
116
32
-18
-47
-81
-148
-193
-154
-40
84
138
125
116
135
175
198
225
295
389
509
576
570
455
310
225
290
430
529
466
348
283
331
396
402
373
310
226
94
-23
-42
41
167
201
114
-36
-169
-224
-230
-184
-135
-91
-55
-15
59
133
194
162
58
-70
-116
-73
-3
52
98
119
87
-14
-95
-93
-30
-4
-83
-209
-292
-305
-282
-254
-211
-178
-152
-120
-42
41
88
55
51
105
245
356
415
401
356
286
241
265
331
415
435
434
374
297
184
58
-46
-88
-46
26
81
93
95
80
67
40
-7
-95
-219
-303
-310
-257
-221
-234
-291
-336
-381
-371
-339
-291
-305
-367
-390
-368
-317
-316
-324
-330
-363
-472
-641
-763
-755
-598
-406
-282
-275
-317
-332
-305
-250
-231
-233
-251
-236
-206
-146
-63
39
114
121
100
89
135
203
285
330
352
407
533
666
646
452
202
70
96
197
284
313
314
285
229
163
137
204
295
327
234
62
-92
-149
-94
2
68
76
38
-25
-90
-105
-82
-56
-111
-245
-406
-539
-582
-521
-350
-158
-44
-71
-175
-252
-218
-69
119
259
309
261
169
66
25
42
81
98
37
-31
-98
-28
121
305
387
349
229
96
-2
-29
-21
0
-25
-60
-68
-46
8
45
78
70
27
-4
29
184
393
580
646
571
427
302
239
172
50
-77
-138
-119
-49
34
161
272
328
285
157
8
-116
-143
-97
-11
69
109
103
45
-35
-105
-148
-154
-162
-191
-239
-254
-215
-131
-59
-15
-48
-139
-291
-385
-344
-110
192
388
405
315
265
242
213
105
-9
-122
-167
-191
-234
-291
-322
-221
-83
50
64
2
-119
-208
-211
-125
-23
-6
-39
-71
-68
-151
-354
-585
-666
-520
-245
-2
76
12
-78
-40
135
313
338
187
-14
-123
-87
44
131
106
-1
-62
-25
44
115
128
144
138
165
193
171
54
-107
-207
-168
-42
80
69
-74
-281
-387
-337
-147
20
62
-37
-138
-130
-11
123
170
121
45
39
112
157
89
-80
-242
-335
-315
-211
-90
-98
-264
-526
-692
-648
-405
-134
-36
-110
-176
-63
185
376
411
304
186
125
156
209
230
208
164
103
36
1
77
204
320
327
264
189
170
241
347
398
380
330
314
319
398
533
650
612
443
244
113
73
87
93
79
78
172
306
408
411
326
226
159
141
111
19
-121
-248
-288
-225
-141
-122
-205
-288
-274
-183
-77
-49
-72
-148
-197
-166
-105
-114
-241
-386
-400
-278
-97
14
0
-74
-135
-127
-103
-146
-241
-342
-388
-386
-357
-238
-69
77
39
-149
-329
-366
-229
-80
37
72
112
129
97
-30
-192
-276
-254
-167
-113
-78
-23
73
137
117
46
20
33
26
-57
-148
-165
-110
-7
86
166
189
159
92
26
24
78
160
156
67
-79
-182
-218
-155
-45
75
115
128
104
67
-22
-125
-166
-132
-65
-71
-168
-296
-329
-229
-49
109
140
65
-93
-181
-165
-25
138
243
223
111
-45
-141
-165
-115
-56
-62
-100
-126
-62
22
24
-28
-65
20
187
381
486
424
262
165
190
264
197
37
-191
-339
-389
-295
-116
46
83
-27
-161
-205
-106
-29
-31
-150
-232
-244
-196
-123
-98
-81
-90
-69
-70
-99
-148
-153
-112
-17
82
202
319
439
540
540
449
287
206
193
192
132
47
51
132
275
363
428
401
316
136
8
7
147
281
321
279
216
169
182
295
449
517
417
214
92
69
194
284
347
295
216
174
191
269
285
227
108
73
148
259
257
81
-196
-434
-507
-471
-412
-381
-337
-277
-252
-254
-228
-199
-140
-139
-121
-118
-58
28
49
35
-28
-57
-169
-319
-445
-453
-331
-208
-123
-131
-188
-260
-351
-420
-450
-406
-345
-341
-384
-397
-324
-217
-161
-246
-389
-444
-279
-10
161
131
-35
-169
-176
-76
43
76
98
110
154
162
150
136
134
129
106
32
-7
-33
-34
-128
-273
-402
-412
-363
-348
-429
-491
-431
-264
-116
-102
-182
-277
-300
-229
-176
-178
-261
-334
-379
-399
-342
-186
56
265
366
354
318
300
256
159
30
10
72
196
277
347
405
428
361
208
80
69
187
337
444
462
451
436
455
493
520
552
597
641
624
561
591
735
915
911
748
491
342
253
223
139
80
23
19
19
34
16
1
-35
-60
-70
24
182
286
219
85
8
60
153
191
101
-59
-199
-210
-195
-108
-26
130
219
211
58
-199
-432
-521
-387
-197
-79
-88
-166
-241
-331
-351
-367
-329
-275
-232
-277
-409
-471
-359
-192
-103
-112
-96
-48
-1
-49
-148
-329
-428
-486
-453
-479
-518
-550
-494
-374
-189
41
263
306
86
-246
-467
-464
-408
-419
-489
-539
-421
-276
-146
-253
-454
-625
-581
-413
-281
-229
-215
-137
-88
-7
136
463
822
970
750
309
-59
-168
-98
-21
-41
-145
-218
-198
-77
89
194
227
162
63
-61
-128
-75
45
66
-23
-134
-48
141
350
395
325
201
125
181
319
447
439
285
119
0
-6
73
240
382
386
248
135
86
59
-56
-165
-128
61
237
204
-51
-239
-196
194
573
780
704
593
589
646
560
266
-111
-270
-191
60
266
362
323
211
182
295
443
478
337
221
122
134
109
136
165
187
223
205
167
-21
-281
-497
-526
-370
-206
-117
-124
-129
-94
-20
48
60
77
147
208
180
102
150
303
430
367
166
-52
-95
2
107
105
81
134
167
75
-171
-420
-531
-436
-241
-80
-23
-30
-115
-345
-587
-668
-454
-239
-253
-540
-778
-771
-555
-434
-459
-599
-595
-485
-343
-346
-468
-594
-591
-510
-358
-274
-204
-235
-236
-193
-95
57
186
249
136
-97
-262
-260
-113
24
-9
-148
-332
-395
-344
-244
-135
-83
-70
-38
27
183
309
378
356
316
316
350
375
335
270
170
125
94
146
229
278
230
78
-58
-128
-102
-99
-103
-151
-149
-145
-130
-70
39
241
343
362
175
47
8
134
269
320
317
288
312
362
365
253
92
-26
-70
-141
-137
-32
247
433
445
244
-61
-217
-169
191
579
797
710
459
283
327
469
571
499
293
129
62
149
266
330
325
214
91
26
39
94
72
-64
-259
-392
-301
-31
226
255
54
-230
-354
-267
-8
175
151
-66
-336
-434
-361
-69
207
373
277
55
-172
-258
-203
-124
-123
-303
-557
-761
-772
-551
-331
-196
-241
-236
-92
129
293
213
21
-107
-93
27
23
-84
-240
-299
-217
-108
-58
-2
80
232
267
256
206
299
343
317
40
-232
-435
-408
-227
-105
-105
-245
-295
-297
-240
-153
-70
-2
-71
-166
-314
-392
-394
-214
56
283
233
-21
-283
-275
-69
122
95
-156
-444
-669
-638
-481
-299
-353
-505
-548
-378
-144
-41
-32
19
148
296
343
318
276
236
196
106
64
94
173
231
209
154
83
60
133
274
404
444
337
114
-104
-197
-55
179
418
465
299
78
-57
77
233
315
185
27
3
91
190
163
122
63
33
-63
-61
-22
120
147
60
-108
-223
-157
-24
80
29
-35
-39
49
89
126
223
379
500
411
219
3
2
154
306
269
23
-197
-212
23
251
332
232
103
-20
-16
120
334
402
247
6
-95
21
173
177
-46
-306
-472
-520
-625
-778
-733
-240
588
1215
1204
602
25
61
695
1296
1215
480
-297
-481
-35
592
777
335
-424
-938
-898
-567
-355
-529
-871
-1053
-928
-650
-468
-455
-436
-296
-5
241
339
235
26
-146
-204
-118
19
107
73
-102
-263
-395
-421
-431
-344
-210
-119
-182
-362
-500
-538
-526
-543
-503
-335
-100
-34
-189
-358
-265
75
424
570
536
475
494
562
535
390
202
126
150
210
188
97
23
60
217
397
520
518
398
154
-73
-194
-125
10
99
2
-272
-627
-877
-895
-710
-477
-388
-498
-717
-863
-870
-859
-992
-1293
-1493
-1313
-721
-92
112
-152
-465
-309
220
516
186
-310
-109
851
1627
1290
165
-414
334
1781
2430
1687
391
-16
835
2069
2515
2005
1242
987
1377
2040
2556
2736
2645
2360
1897
1150
231
-608
-1088
-1254
-1304
-1490
-1885
-2474
-3117
-3646
-3881
-3637
-2949
-2088
-1512
-1432
-1641
-1669
-1169
-160
1055
2143
2847
3080
2879
2459
2056
1821
1669
1368
743
-187
-1219
-2164
-2939
-3475
-3730
-3683
-3467
-3288
-3231
-3154
-2777
-1989
-956
74
991
1875
2817
3756
4535
5001
5244
5454
5792
6190
6459
6407
5918
4855
3187
1172
-641
-1755
-2158
-2316
-2833
-3979
-5449
-6687
-7228
-7065
-6380
-5454
-4474
-3663
-3134
-2764
-2174
-1036
675
2626
4347
5429
5709
5279
4424
3582
3026
2751
2391
1637
405
-1155
-2771
-4192
-5207
-5764
-5884
-5718
-5479
-5342
-5230
-4797
-3792
-2314
-830
317
1142
1999
3089
4209
5058
5591
6155
6895
7580
7768
7343
6594
5875
5300
4806
4278
3470
1928
-523
-3337
-5434
-6124
-5720
-5233
-5479
-6402
-7389
-7894
-7741
-6882
-5319
-3344
-1551
-448
59
560
1628
3281
5077
6535
7410
7608
7067
5841
4265
2822
1850
1148
248
-1237
-3151
-4993
-6317
-7090
-7575
-7845
-7728
-7038
-5999
-4985
-4144
-3159
-1665
336
2388
4031
5160
5984
6729
7416
7965
8374
8713
8912
8711
7841
6385
4807
3682
3091
2376
630
-2311
-5557
-7825
-8484
-7974
-7329
-7296
-7748
-8126
-8018
-7370
-6051
-3953
-1372
897
2184
2586
2860
3697
5108
6605
7675
8134
7909
6886
5033
2701
600
-814
-1702
-2676
-4095
-5807
-7336
-8365
-8828
-8805
-8261
-7164
-5693
-4175
-2817
-1448
179
2117
4096
5778
6969
7702
8093
8254
8272
8224
8147
7938
7433
6517
5254
3819
2462
1381
534
-579
-2516
-5222
-7761
-9028
-8706
-7529
-6608
-6433
-6628
-6556
-6026
-5149
-3870
-2003
245
2146
3084
3220
3373
4211
5643
7054
7884
7957
7257
5784
3654
1353
-468
-1574
-2375
-3476
-4985
-6502
-7588
-8178
-8385
-8187
-7362
-5922
-4272
-2938
-1956
-878
733
2723
4513
5688
6306
6679
6938
7044
6983
6897
6875
6809
6446
5664
4557
3361
2306
1531
985
186
-1477
-4046
-6642
-8097
-7989
-6984
-6165
-6075
-6335
-6335
-5865
-5090
-3988
-2318
-215
1637
2530
2564
2610
3449
5004
6520
7332
7288
6567
5312
3573
1575
-194
-1371
-2147
-3095
-4514
-6113
-7320
-7824
-7676
-7052
-6068
-4832
-3573
-2482
-1496
-289
1374
3320
5055
6173
6631
6684
6652
6735
6938
7093
7012
6658
6131
5494
4719
3748
2714
1889
1357
668
-903
-3463
-6150
-7704
-7578
-6352
-5226
-4987
-5444
-5865
-5790
-5165
-3990
-2236
-229
1344
1973
1882
1848
2503
3803
5253
6372
6856
6437
5003
2871
817
-452
-954
-1427
-2570
-4326
-6050
-7240
-7894
-8099
-7643
-6301
-4439
-2919
-2213
-1854
-892
1069
3465
5329
6154
6163
5849
5500
5236
5221
5593
6155
6383
5875
4744
3521
2648
2112
1714
1385
1046
234
-1649
-4419
-6939
-7956
-7247
-5714
-4532
-4224
-4461
-4713
-4741
-4444
-3552
-1898
64
1422
1684
1321
1295
2089
3405
4693
5625
6072
5755
4445
2351
270
-1093
-1753
-2382
-3478
-4901
-6144
-6942
-7298
-7157
-6285
-4691
-2905
-1567
-783
-43
1154
2789
4422
5627
6227
6237
5759
5065
4559
4551
4925
5236
5109
4558
3879
3282
2706
2006
1369
1091
1024
331
-1589
-4265
-6350
-6831
-5866
-4511
-3701
-3591
-3789
-3989
-4073
-3749
-2603
-679
1212
2117
1878
1261
1179
1921
3167
4509
5627
6125
5532
3758
1456
-412
-1404
-1942
-2709
-3870
-5079
-5990
-6604
-6892
-6550
-5299
-3447
-1737
-599
194
1149
2413
3723
4771
5469
5788
5586
4808
3829
3286
3505
4103
4413
4115
3465
2873
2413
1856
1143
631
588
556
-416
-2672
-5309
-6856
-6561
-4957
-3276
-2404
-2403
-2855
-3338
-3536
-3097
-1803
19
1527
2004
1575
1039
1127
1898
3006
4112
4989
5245
4447
2587
312
-1551
-2652
-3266
-3842
-4555
-5288
-5880
-6234
-6185
-5506
-4150
-2409
-719
659
1685
2418
2932
3342
3786
4201
4327
3920
3148
2473
2236
2332
2428
2356
2242
2244
2310
2231
1918
1603
1597
1864
1747
482
-1958
-4573
-6019
-5734
-4252
-2737
-2007
-2170
-2890
-3738
-4264
-3963
-2730
-1091
109
507
464
576
1100
1959
3126
4553
5845
6237
5260
3248
1066
-645
-1851
-2813
-3572
-3991
-4146
-4408
-4933
-5310
-4978
-3827
-2268
-705
720
1902
2603
2704
2556
2677
3167
3580
3524
3115
2735
2526
2340
2149
2191
2673
3413
3940
3975
3626
3229
3025
2947
2576
1361
-791
-3263
-4996
-5262
-4196
-2776
-2111
-2596
-3756
-4786
-5122
-4625
-3461
-2008
-690
205
608
684
819
1484
2965
4933
6533
6874
5726
3587
1193
-966
-2674
-3733
-4065
-4001
-4215
-5047
-6069
-6408
-5621
-4005
-2160
-410
1176
2364
2815
2516
2092
2198
2891
3547
3620
3117
2434
1845
1405
1212
1432
2019
2590
2800
2676
2550
2638
2891
3167
3339
3095
1934
-243
-2707
-4273
-4328
-3360
-2554
-2775
-3960
-5380
-6375
-6658
-6132
-4787
-2924
-1196
-232
-92
-181
370
1985
4309
6449
7624
7545
6339
4317
1872
-412
-1927
-2434
-2419
-2710
-3712
-4988
-5770
-5727
-5115
-4210
-2962
-1356
162
975
1018
898
1250
2062
2807
3073
2944
2708
2474
2198
1979
2031
2371
2737
2869
2824
2813
2951
3069
3038
2969
3035
2947
2023
33
-2323
-3901
-4219
-3769
-3508
-3941
-4873
-5751
-6274
-6368
-5905
-4713
-2985
-1361
-360
172
871
2177
3904
5558
6765
7430
7438
6555
4700
2301
89
-1466
-2476
-3314
-4132
-4802
-5212
-5459
-5647
-5577
-4901
-3511
-1773
-213
873
1524
1894
2108
2275
2539
2947
3363
3549
3383
2960
2465
2075
1895
1955
2193
2449
2605
2649
2746
3039
3579
4256
4788
4631
3309
922
-1718
-3657
-4490
-4550
-4561
-5000
-5817
-6618
-7087
-7027
-6303
-4860
-2958
-1076
430
1571
2606
3733
4976
6234
7303
7853
7500
6065
3780
1215
-1056
-2719
-3774
-4393
-4830
-5332
-5994
-6646
-6942
-6614
-5632
-4154
-2427
-767
529
1365
1882
2313
2734
3085
3307
3438
3474
3298
2838
2248
1791
1574
1469
1312
1122
1103
1447
2182
3187
4303
5378
6099
5930
4395
1689
-1292
-3537
-4666
-4995
-5143
-5513
-6179
-6968
-7638
-7865
-7287
-5732
-3474
-1145
730
2062
3100
4069
5008
5874
6668
7285
7452
6793
5153
2778
215
-2055
-3826
-5094
-5898
-6311
-6520
-6754
-7060
-7234
-6952
-5987
-4337
-2197
47
1950
3166
3698
3864
4023
4271
4485
4525
4352
3952
3301
2424
1477
703
269
201
495
1184
2269
3570
4768
5567
5969
6089
5813
4678
2445
-436
-3059
-4726
-5435
-5702
-6075
-6656
-7172
-7376
-7189
-6502
-5070
-2853
-332
1760
2960
3465
3829
4495
5472
6528
7374
7733
7272
5789
3426
698
-1803
-3739
-5064
-5912
-6444
-6873
-7391
-7992
-8295
-7786
-6253
-4044
-1741
280
1939
3181
3887
4094
4152
4425
4877
5048
4542
3437
2189
1212
606
251
75
110
363
749
1239
2000
3177
4602
5804
6423
6416
5792
4362
1979
-982
-3675
-5374
-6024
-6133
-6220
-6384
-6416
-6220
-5872
-5373
-4490
-3126
-1522
-60
1152
2282
3465
4604
5501
6095
6437
6506
6049
4806
2830
543
-1649
-3672
-5587
-7233
-8220
-8400
-8070
-7685
-7376
-6877
-5899
-4415
-2570
-452
1834
3939
5367
5847
5565
4927
4271
3763
3455
3321
3210
2896
2192
1170
165
-404
-328
318
1286
2364
3406
4324
4977
5258
5210
5004
4592
3549
1546
-1075
-3399
-4707
-5000
-4852
-4800
-4996
-5291
-5603
-5936
-6064
-5512
-4071
-2194
-619
361
1085
1978
3028
3945
4637
5287
5885
5927
4852
2693
141
-2112
-3868
-5256
-6281
-6822
-6914
-6844
-6790
-6612
-5992
-4780
-3110
-1232
669
2472
4016
5101
5636
5693
5444
5054
4701
4522
4561
4676
4604
4112
3142
1888
700
-69
-269
2
507
1040
1486
1781
1928
2064
2470
3334
4374
4804
3902
1719
-890
-2960
-4055
-4328
-4140
-3832
-3732
-4164
-5210
-6443
-7131
-6773
-5477
-3771
-2131
-747
369
1266
2045
2882
3887
4950
5732
5813
4919
3121
838
-1359
-3039
-4085
-4670
-5075
-5501
-5969
-6343
-6412
-5960
-4864
-3229
-1372
340
1736
2908
4039
5200
6246
6950
7172
6973
6466
5663
4493
2995
1404
-50
-1299
-2391
-3272
-3739
-3638
-3030
-2079
-884
528
2022
3375
4457
5330
6104
6615
6391
5002
2617
37
-1892
-2920
-3422
-3884
-4480
-5166
-5969
-7004
-8082
-8700
-8424
-7320
-5759
-4027
-2148
-182
1656
3164
4420
5628
6797
7618
7746
7076
5715
3849
1637
-671
-2740
-4291
-5291
-5897
-6226
-6296
-6078
-5578
-4734
-3403
-1467
939
3369
5298
6390
6568
5944
4777
3492
2500
1965
1710
1406
837
-24
-1036
-1974
-2589
-2764
-2554
-2064
-1322
-334
788
1820
2675
3477
4420
5449
6309
6786
6778
6167
4766
2649
285
-1700
-3007
-3881
-4774
-5910
-7143
-8220
-9049
-9560
-9565
-8789
-7202
-5081
-2826
-653
1410
3294
4844
5964
6750
7335
7726
7815
7525
6861
5820
4364
2558
701
-841
-1911
-2650
-3269
-3866
-4428
-4939
-5360
-5565
-5389
-4785
-3928
-3059
-2261
-1448
-528
415
1221
1842
2384
2983
3590
4026
4115
3818
3199
2327
1359
507
23
1
352
845
1287
1635
1977
2411
2949
3533
4083
4541
4818
4701
3924
2387
404
-1494
-2901
-3772
-4342
-4847
-5398
-5945
-6473
-6948
-7268
-7209
-6613
-5548
-4184
-2660
-1017
703
2464
4250
6052
7769
9164
9933
9885
9057
7657
5900
3932
1875
-147
-2049
-3821
-5500
-7080
-8440
-9359
-9658
-9355
-8682
-7923
-7199
-6425
-5449
-4214
-2796
-1286
229
1679
2961
4002
4815
5520
6236
6896
7242
7025
6245
5112
3798
2374
954
-142
-599
-382
180
689
1018
1272
1572
1881
2128
2384
2760
3073
2826
1669
-88
-1696
-2631
-2946
-3032
-3125
-3248
-3380
-3695
-4316
-5028
-5346
-4979
-4141
-3212
-2312
-1249
37
1334
2448
3475
4589
5710
6485
6647
6203
5346
4198
2794
1207
-395
-1891
-3338
-4825
-6302
-7565
-8461
-8977
-9162
-8994
-8369
-7221
-5626
-3804
-1977
-260
1347
2843
4150
5226
6131
6977
7761
8359
8621
8482
7963
7132
6072
4869
3600
2337
1183
246
-375
-672
-725
-682
-644
-566
-311
241
1049
1983
2923
3751
4236
4047
3012
1381
-309
-1587
-2380
-2920
-3467
-4134
-4900
-5800
-6809
-7730
-8141
-7740
-6622
-5148
-3613
-2067
-549
824
1937
2882
3811
4705
5333
5466
5101
4375
3393
2179
816
-497
-1611
-2589
-3623
-4796
-5988
-7020
-7776
-8174
-8059
-7278
-5844
-4028
-2172
-501
972
2234
3213
3885
4427
5095
5917
6649
6979
6796
6178
5292
4295
3355
2611
2109
1751
1404
994
562
193
-39
-75
116
495
896
1117
1045
800
653
873
1446
1987
1945
954
-841
-2963
-4832
-6082
-6594
-6457
-5916
-5282
-4905
-4986
-5421
-5797
-5640
-4755
-3242
-1364
616
2415
3792
4688
5270
5796
6361
6842
6997
6680
5911
4777
3336
1628
-214
-1960
-3422
-4573
-5542
-6394
-7038
-7326
-7240
-6915
-6457
-5822
-4853
-3456
-1733
53
1618
2836
3749
4482
5168
5876
6590
7211
7589
7576
7073
6075
4730
3310
2123
1335
888
559
119
-521
-1309
-2130
-2820
-3157
-2922
-2078
-867
289
1094
1528
1778
1993
2185
2270
2182
1907
1474
931
358
-195
-754
-1435
-2296
-3266
-4235
-5105
-5824
-6283
-6370
-5969
-5023
-3589
-1860
-74
1592
3008
4045
4599
4680
4422
3981
3482
3004
2548
2004
1167
-58
-1559
-3048
-4309
-5281
-5979
-6381
-6443
-6240
-5939
-5667
-5369
-4867
-4064
-3077
-2156
-1437
-843
-192
601
1541
2661
4002
5492
6876
7886
8385
8425
8112
7498
6592
5465
4248
3035
1820
579
-614
-1602
-2272
-2599
-2593
-2268
-1656
-850
48
1001
2023
3088
4060
4658
4608
3789
2375
701
-875
-2124
-3030
-3717
-4390
-5154
-6023
-6920
-7700
-8188
-8233
-7810
-6984
-5847
-4441
-2779
-947
892
2536
3886
4937
5726
6253
6462
6302
5736
4745
3340
1603
-282
-2097
-3673
-4968
-6029
-6918
-7677
-8251
-8473
-8104
-7015
-5323
-3345
-1392
390
2001
3452
4689
5679
6504
7291
8037
8580
8761
8559
8053
7317
6364
5221
3975
2747
1622
632
-187
-773
-1081
-1150
-1076
-903
-612
-204
230
604
916
1203
1423
1474
1312
1033
760
449
-123
-1138
-2465
-3752
-4715
-5324
-5680
-5786
-5611
-5221
-4862
-4804
-5101
-5571
-5934
-6034
-5793
-5103
-3881
-2255
-583
853
2044
3160
4270
5283
6079
6619
6923
6919
6471
5541
4270
2867
1409
-146
-1788
-3373
-4707
-5711
-6419
-6903
-7116
-6945
-6348
-5425
-4311
-3010
-1506
130
1706
3082
4246
5249
6140
6922
7591
8131
8461
8464
8070
7371
6505
5516
4360
3060
1780
633
-425
-1537
-2747
-3935
-4925
-5606
-5954
-5914
-5408
-4468
-3320
-2240
-1313
-451
395
1116
1584
1755
1630
1163
313
-778
-1811
-2483
-2802
-3021
-3395
-3922
-4450
-4910
-5308
-5562
-5446
-4820
-3776
-2506
-1107
431
2044
3563
4830
5840
6690
7390
7753
7545
6735
5514
4124
2680
1193
-340
-1885
-3410
-4898
-6287
-7428
-8104
-8173
-7658
-6699
-5452
-4042
-2601
-1252
-33
1127
2344
3656
4989
6184
7091
7611
7744
7532
7060
6419
5713
5021
4335
3588
2692
1648
514
-622
-1717
-2697
-3421
-3747
-3686
-3419
-3150
-2928
-2642
-2198
-1625
-1066
-635
-381
-300
-369
-512
-621
-589
-402
-149
32
43
-76
-216
-238
-123
51
166
137
-51
-402
-867
-1386
-1862
-2192
-2307
-2207
-1974
-1681
-1352
-942
-423
163
736
1235
1674
2046
2283
2292
2040
1611
1122
656
181
-373
-1015
-1662
-2232
-2748
-3255
-3724
-4033
-4079
-3832
-3277
-2434
-1403
-366
494
1123
1602
2104
2792
3732
4884
6069
7022
7482
7347
6703
5717
4552
3337
2169
1088
53
-988
-2055
-3087
-3967
-4582
-4905
-4989
-4864
-4512
-3904
-3113
-2258
-1436
-653
119
884
1635
2374
3081
3695
4058
3988
3396
2418
1337
364
-439
-1138
-1790
-2432
-3035
-3550
-3974
-4344
-4640
-4741
-4535
-4030
-3343
-2567
-1717
-750
311
1357
2296
3142
3972
4721
5187
5175
4709
3995
3241
2495
1679
745
-246
-1222
-2205
-3239
-4259
-5081
-5525
-5547
-5206
-4620
-3895
-3131
-2402
-1727
-1047
-223
843
2104
3378
4501
5387
5996
6312
6356
6193
5856
5332
4568
3538
2306
1043
-80
-1006
-1768
-2396
-2956
-3560
-4282
-5052
-5661
-5918
-5735
-5126
-4174
-2980
-1627
-197
1212
2486
3543
4338
4879
5229
5471
5589
5451
4938
4064
2907
1505
-88
-1708
-3080
-3962
-4267
-4133
-3839
-3624
-3570
-3630
-3708
-3656
-3275
-2410
-1069
526
2066
3285
4050
4395
4402
4156
3727
3218
2702
2126
1391
465
-552
-1523
-2373
-3075
-3629
-3996
-4146
-4085
-3880
-3572
-3129
-2523
-1821
-1158
-598
-112
357
817
1262
1691
2114
2500
2800
2993
3111
3181
3144
2875
2315
1556
795
177
-238
-438
-443
-335
-284
-458
-917
-1523
-2031
-2258
-2165
-1827
-1323
-762
-233
213
618
1072
1649
2327
2990
3509
3817
3869
3633
3085
2305
1480
781
210
-402
-1181
-2034
-2717
-3073
-3171
-3184
-3203
-3206
-3133
-3012
-2845
-2563
-2010
-1125
-31
1051
1908
2433
2575
2333
1765
1027
342
-124
-347
-412
-444
-540
-805
-1329
-2126
-3047
-3834
-4269
-4295
-4012
-3551
-2991
-2401
-1878
-1513
-1268
-982
-514
165
979
1842
2671
3375
3861
4093
4119
4045
3937
3775
3518
3160
2747
2311
1833
1272
648
47
-463
-908
-1329
-1689
-1895
-1923
-1853
-1749
-1568
-1191
-567
232
1099
1962
2796
3526
4033
4258
4245
4110
3902
3565
2964
2059
960
-168
-1226
-2207
-3063
-3702
-4063
-4221
-4329
-4464
-4536
-4351
-3822
-3023
-2111
-1168
-226
649
1339
1750
1915
1971
2045
2096
1956
1497
781
-7
-741
-1401
-1966
-2360
-2558
-2651
-2735
-2771
-2617
-2186
-1550
-905
-402
-34
293
597
826
975
1125
1292
1376
1296
1116
972
936
992
1099
1227
1344
1409
1360
1210
1071
1104
1338
1658
1915
2045
2055
1950
1713
1324
826
315
-130
-509
-843
-1100
-1201
-1129
-956
-784
-641
-489
-278
14
373
799
1306
1884
2416
2689
2516
1929
1174
540
167
-2
-103
-289
-650
-1234
-2013
-2871
-3632
-4135
-4327
-4256
-3984
-3531
-2914
-2197
-1488
-873
-401
-89
52
36
-82
-210
-257
-197
-80
-17
-116
-414
-849
-1306
-1674
-1904
-1994
-1959
-1801
-1538
-1228
-904
-561
-150
336
856
1338
1717
1957
2037
1984
1832
1634
1422
1199
947
666
403
204
113
166
377
682
962
1152
1299
1506
1827
2203
2539
2767
2896
2960
2935
2783
2524
2245
2000
1736
1375
919
453
39
-297
-521
-541
-292
154
582
830
905
907
855
671
388
152
78
76
-38
-370
-894
-1504
-2119
-2701
-3228
-3667
-3981
-4187
-4323
-4359
-4205
-3798
-3187
-2461
-1703
-970
-331
120
346
421
503
678
901
1079
1182
1232
1201
1010
631
142
-338
-760
-1135
-1454
-1684
-1788
-1788
-1704
-1557
-1347
-1058
-668
-175
390
990
1607
2230
2831
3347
3686
3808
3762
3662
3565
3439
3236
2974
2709
2438
2097
1629
1084
595
253
10
-258
-603
-957
-1230
-1418
-1574
-1657
-1549
-1174
-631
-101
291
538
682
761
844
1006
1251
1465
1525
1399
1122
713
128
-620
-1460
-2261
-2969
-3615
-4211
-4712
-5032
-5156
-5131
-4983
-4705
-4303
-3853
-3403
-2881
-2161
-1199
-142
806
1542
2118
2612
2985
3125
2973
2595
2114
1606
1094
589
126
-279
-681
-1145
-1676
-2180
-2525
-2624
-2452
-2038
-1419
-669
108
784
1273
1582
1789
1980
2211
2505
2855
3210
3479
3597
3543
3346
3049
2695
2313
1912
1499
1120
822
635
535
473
402
323
285
315
399
512
650
814
965
1076
1135
1162
1176
1199
1222
1189
1039
760
394
-10
-432
-839
-1192
-1464
-1700
-1991
-2380
-2820
-3174
-3331
-3245
-2953
-2535
-2100
-1757
-1582
-1574
-1657
-1710
-1663
-1527
-1368
-1216
-1060
-912
-807
-757
-708
-613
-510
-464
-497
-537
-517
-445
-371
-306
-189
28
315
606
865
1072
1177
1124
912
622
357
190
149
238
448
693
824
714
392
32
-168
-122
139
552
1061
1591
2019
2256
2325
2333
2384
2484
2578
2600
2534
2383
2135
1784
1360
939
568
222
-160
-616
-1092
-1480
-1702
-1754
-1685
-1535
-1346
-1162
-1022
-937
-885
-808
-617
-297
70
370
560
649
614
375
-120
-788
-1448
-1931
-2168
-2198
-2117
-2020
-1955
-1932
-1956
-2006
-2050
-2056
-2024
-1955
-1822
-1574
-1176
-631
2
610
1100
1441
1644
1706
1638
1486
1327
1226
1207
1236
1214
1053
727
284
-229
-763
-1238
-1548
-1626
-1503
-1279
-1050
-851
-635
-353
-6
361
726
1096
1475
1845
2185
2482
2674
2685
2485
2165
1870
1673
1541
1393
1227
1102
1057
1040
966
796
550
252
-40
-255
-322
-231
-20
258
533
737
808
734
555
367
277
313
422
544
646
711
703
596
416
219
44
-151
-436
-823
-1220
-1504
-1638
-1671
-1670
-1669
-1702
-1794
-1945
-2118
-2233
-2241
-2125
-1916
-1669
-1442
-1291
-1222
-1194
-1143
-1033
-895
-752
-626
-542
-550
-686
-911
-1113
-1165
-1024
-775
-564
-474
-486
-545
-630
-707
-690
-539
-282
-15
216
398
563
757
990
1238
1471
1700
1949
2213
2491
2777
3038
3208
3237
3121
2891
2587
2271
2013
1854
1775
1704
1554
1274
878
440
21
-341
-610
-730
-697
-579
-442
-283
-66
180
383
492
507
452
347
192
-7
-224
-430
-628
-890
-1289
-1798
-2319
-2746
-3060
-3284
-3431
-3477
-3391
-3194
-2930
-2636
-2334
-2068
-1869
-1718
-1559
-1346
-1077
-780
-480
-203
-1
61
-52
-285
-514
-639
-665
-664
-684
-696
-615
-410
-112
220
564
911
1208
1388
1467
1554
1744
2018
2296
2561
2850
3161
3401
3493
3445
3319
3145
2944
2727
2519
2309
2057
1746
1403
1104
886
751
660
589
545
543
559
513
347
87
-168
-348
-426
-372
-155
189
530
714
673
445
128
-192
-473
-715
-909
-1042
-1121
-1189
-1298
-1462
-1658
-1839
-1987
-2099
-2179
-2204
-2171
-2104
-2045
-2004
-1975
-1987
-2063
-2189
-2284
-2285
-2191
-2067
-1982
-1940
-1879
-1742
-1544
-1357
-1204
-1026
-753
-394
-27
273
488
659
844
1046
1222
1342
1428
1493
1503
1438
1340
1284
1294
1319
1270
1111
908
789
822
978
1179
1381
1558
1684
1741
1763
1800
1849
1866
1816
1705
1557
1383
1176
921
654
437
303
220
136
47
-32
-117
-223
-322
-363
-326
-262
-225
-248
-318
-415
-524
-642
-785
-973
-1202
-1435
-1650
-1841
-2023
-2180
-2260
-2234
-2118
-1967
-1814
-1677
-1567
-1478
-1374
-1209
-967
-690
-420
-175
49
238
357
379
319
213
102
9
-64
-126
-169
-178
-157
-133
-123
-111
-68
12
99
185
294
468
697
942
1165
1353
1489
1567
1588
1547
1440
1306
1232
1273
1404
1541
1625
1651
1639
1619
1610
1633
1691
1786
1884
1925
1876
1762
1644
1515
1317
990
558
82
-373
-763
-1053
-1211
-1236
-1162
-1059
-989
-964
-955
-934
-890
-826
-722
-564
-373
-199
-81
-49
-132
-348
-656
-972
-1217
-1345
-1350
-1278
-1192
-1152
-1194
-1321
-1497
-1637
-1679
-1630
-1542
-1446
-1345
-1271
-1285
-1420
-1623
-1777
-1791
-1673
-1495
-1316
-1139
-953
-757
-575
-409
-246
-70
101
228
310
403
574
823
1112
1399
1674
1940
2171
2320
2346
2266
2153
2071
2024
1965
1871
1750
1578
1325
1003
704
511
422
373
306
236
197
191
161
65
-71
-169
-189
-171
-163
-170
-167
-181
-236
-304
-304
-200
-42
76
87
6
-131
-304
-507
-692
-781
-738
-609
-494
-467
-533
-651
-788
-957
-1150
-1317
-1416
-1443
-1426
-1375
-1285
-1156
-1012
-894
-821
-784
-749
-685
-586
-439
-230
27
271
432
496
521
558
631
721
810
887
957
1025
1090
1134
1140
1109
1043
958
878
827
807
798
784
762
745
733
716
679
632
580
515
433
368
355
395
457
527
597
636
600
472
284
112
24
37
93
115
106
113
167
213
200
111
-22
-163
-280
-366
-434
-497
-555
-604
-639
-642
-593
-494
-407
-383
-427
-497
-559
-625
-712
-821
-912
-939
-883
-787
-712
-712
-797
-959
-1148
-1292
-1315
-1211
-1038
-866
-727
-627
-551
-471
-361
-215
-36
169
380
551
634
624
558
486
444
434
440
439
409
338
248
184
184
239
304
338
336
317
304
308
331
354
345
281
164
22
-115
-251
-403
-550
-612
-538
-363
-183
-58
3
27
51
112
231
404
614
839
1052
1216
1310
1342
1324
1258
1146
1015
888
759
585
342
59
-192
-362
-465
-547
-632
-694
-698
-628
-498
-345
-205
-114
-72
-68
-72
-62
-18
54
124
171
184
186
187
193
198
184
143
77
13
-39
-85
-152
-242
-335
-425
-521
-620
-689
-684
-606
-507
-411
-323
-237
-183
-192
-248
-297
-297
-266
-243
-264
-336
-439
-548
-644
-719
-777
-820
-836
-799
-706
-577
-439
-291
-125
52
234
430
672
953
1226
1443
1573
1599
1517
1363
1194
1062
963
862
736
599
474
371
287
213
153
88
6
-103
-195
-199
-81
103
241
290
311
394
540
674
727
713
666
594
466
284
92
-74
-213
-350
-495
-639
-772
-887
-975
-1037
-1080
-1092
-1055
-973
-892
-866
-909
-1014
-1153
-1295
-1407
-1474
-1493
-1473
-1422
-1364
-1306
-1244
-1180
-1123
-1055
-925
-721
-476
-255
-89
41
160
291
424
567
736
936
1111
1215
1246
1248
1244
1216
1162
1115
1107
1126
1151
1165
1157
1110
1043
996
997
1044
1104
1147
1144
1100
1067
1082
1126
1136
1106
1075
1055
999
866
673
465
268
80
-111
-308
-514
-735
-939
-1099
-1204
-1267
-1304
-1320
-1314
-1280
-1208
-1108
-1003
-899
-784
-669
-600
-615
-678
-713
-704
-702
-750
-825
-882
-904
-919
-959
-1019
-1058
-1052
-1034
-1072
-1174
-1262
-1242
-1107
-929
-762
-613
-447
-241
13
297
572
808
995
1144
1280
1432
1605
1760
1840
1811
1698
1556
1425
1301
1171
1052
954
879
817
756
688
601
519
483
513
577
644
705
767
819
857
898
960
1025
1046
988
862
719
611
544
452
266
-25
-328
-551
-676
-762
-871
-1004
-1119
-1180
-1201
-1262
-1419
-1633
-1788
-1808
-1724
-1613
-1539
-1528
-1541
-1522
-1440
-1324
-1209
-1101
-994
-905
-838
-767
-682
-593
-526
-460
-365
-249
-152
-106
-84
-45
42
185
370
559
717
829
898
936
960
1010
1105
1216
1285
1293
1265
1238
1221
1200
1165
1113
1043
952
845
733
608
472
367
340
405
523
634
703
732
735
720
681
625
575
549
545
527
430
219
-89
-429
-746
-998
-1180
-1309
-1414
-1507
-1580
-1636
-1690
-1737
-1735
-1647
-1479
-1274
-1069
-884
-755
-694
-660
-597
-507
-447
-434
-436
-432
-442
-481
-526
-543
-526
-513
-519
-517
-485
-425
-365
-286
-166
-21
114
237
394
616
876
1091
1212
1230
1176
1083
1004
988
1057
1185
1299
1323
1211
1007
818
731
754
849
979
1121
1243
1296
1230
1048
820
642
552
502
436
336
227
135
66
41
53
75
51
-31
-128
-174
-124
-3
132
227
261
237
158
52
-41
-103
-170
-309
-545
-837
-1101
-1295
-1432
-1563
-1696
-1788
-1791
-1706
-1600
-1518
-1444
-1319
-1132
-921
-710
-490
-246
0
206
374
519
651
749
820
883
924
893
756
555
358
185
0
-210
-395
-493
-507
-508
-560
-656
-717
-678
-536
-346
-158
21
198
361
468
503
488
472
494
572
688
791
841
834
779
683
565
474
437
419
371
282
196
150
153
185
211
207
166
94
-5
-116
-207
-258
-280
-300
-342
-414
-512
-619
-708
-762
-791
-824
-874
-926
-940
-905
-832
-744
-656
-587
-550
-531
-498
-423
-301
-135
61
243
364
411
409
390
377
389
436
491
523
497
421
306
203
149
141
144
119
66
4
-23
14
124
258
347
361
308
232
200
267
438
646
833
970
1043
1058
1038
1008
960
895
825
767
701
594
438
250
58
-131
-295
-407
-431
-384
-316
-264
-221
-168
-111
-84
-96
-129
-151
-139
-101
-73
-94
-164
-265
-371
-465
-519
-510
-437
-364
-348
-412
-512
-583
-604
-569
-505
-435
-385
-372
-390
-427
-459
-473
-460
-427
-381
-324
-249
-146
-36
58
125
176
223
264
301
352
436
553
653
674
589
435
284
199
182
186
172
146
129
109
47
-69
-210
-339
-420
-441
-416
-378
-344
-309
-282
-278
-273
-234
-166
-114
-84
-36
49
126
143
105
53
-6
-104
-235
-354
-419
-435
-423
-386
-320
-259
-235
-252
-282
-303
-312
-305
-289
-262
-212
-116
29
188
330
438
502
520
505
470
420
347
254
159
94
80
125
209
293
350
375
383
390
413
460
533
600
630
628
615
601
574
518
439
348
254
151
31
-97
-199
-240
-233
-220
-226
-252
-281
-303
-306
-273
-197
-90
-4
8
-75
-225
-372
-465
-487
-467
-460
-493
-546
-567
-519
-399
-239
-87
25
96
167
265
363
419
447
499
587
666
691
674
635
591
555
533
498
413
280
140
36
-16
-10
41
99
122
105
53
-34
-144
-219
-199
-96
14
76
93
77
13
-106
-242
-336
-356
-332
-326
-376
-467
-535
-533
-455
-327
-177
-39
56
82
79
109
196
276
289
238
167
106
38
-47
-153
-260
-357
-445
-538
-637
-721
-775
-805
-829
-862
-896
-912
-898
-869
-843
-807
-734
-616
-491
-395
-336
-306
-299
-303
-281
-214
-105
18
132
225
274
274
245
249
324
460
588
631
562
432
337
342
448
594
711
768
788
804
831
858
891
928
951
934
876
800
715
620
527
455
408
359
280
171
50
-66
-174
-273
-338
-340
-271
-177
-94
-22
54
128
187
239
288
325
336
306
227
95
-58
-190
-289
-374
-476
-585
-691
-784
-857
-876
-817
-705
-601
-547
-523
-496
-453
-418
-403
-398
-375
-327
-276
-262
-312
-414
-528
-600
-610
-559
-470
-372
-289
-232
-185
-128
-36
92
245
423
627
852
1067
1216
1261
1217
1143
1093
1070
1053
1037
1023
998
927
793
618
444
308
200
110
42
27
72
132
148
103
42
23
55
91
100
101
116
137
129
80
-20
-140
-253
-332
-377
-402
-430
-484
-576
-685
-778
-835
-850
-826
-769
-713
-691
-720
-793
-894
-1005
-1079
-1083
-1023
-943
-883
-856
-858
-873
-878
-859
-815
-752
-676
-577
-440
-259
-72
81
182
259
335
431
546
671
775
817
808
777
759
743
723
693
662
648
657
691
719
721
692
670
700
798
921
1006
1020
984
923
835
723
604
490
383
298
239
189
116
39
-2
-12
-34
-103
-196
-274
-333
-408
-539
-699
-817
-838
-770
-664
-551
-448
-368
-310
-270
-245
-246
-261
-267
-259
-263
-273
-278
-263
-253
-273
-328
-404
-473
-521
-553
-581
-589
-533
-407
-253
-132
-50
21
107
214
329
424
480
498
507
530
574
628
664
652
598
545
502
433
307
169
98
151
303
468
552
529
447
358
299
304
393
540
665
687
595
450
323
256
246
255
231
136
-22
-194
-337
-443
-537
-641
-731
-772
-758
-724
-712
-715
-715
-687
-638
-585
-551
-545
-563
-587
-591
-563
-499
-420
-357
-324
-315
-315
-339
-378
-411
-414
-391
-379
-405
-469
-527
-522
-428
-265
-88
66
190
285
349
377
383
403
465
567
665
719
714
673
630
602
574
519
437
358
317
310
292
263
268
335
415
441
395
317
245
199
158
87
-15
-100
-112
-56
12
35
10
-34
