-559
-506
-415
-312
-230
-190
-178
-140
-43
81
167
175
110
11
-66
-101
-101
-93
-68
-7
85
158
171
126
52
-22
-91
-147
-180
-172
-102
13
130
198
205
172
114
47
13
47
120
183
234
282
295
243
145
67
39
67
134
236
364
486
559
566
551
562
602
650
693
719
706
654
589
548
542
555
547
503
437
377
336
308
295
305
323
332
328
328
327
307
256
198
159
134
110
81
62
56
75
127
189
237
251
241
202
140
80
44
22
-16
-86
-176
-281
-395
-502
-559
-528
-436
-346
-307
-316
-339
-363
-371
-362
-364
-417
-499
-549
-553
-548
-551
-553
-565
-609
-665
-694
-699
-678
-606
-465
-305
-201
-170
-182
-194
-179
-142
-103
-94
-119
-145
-143
-128
-127
-151
-173
-171
-151
-123
-91
-58
-45
-54
-60
-48
-23
-2
31
87
154
200
216
234
267
287
252
158
55
11
55
133
164
114
26
-38
-53
-26
17
47
71
117
194
270
314
347
394
450
474
445
386
345
333
323
293
264
252
238
178
57
-88
-189
-196
-119
-36
0
-2
11
52
92
113
125
138
138
125
112
112
123
138
158
177
188
187
173
141
105
97
136
208
262
254
160
24
-72
-78
-46
-61
-136
-196
-185
-130
-87
-72
-53
-14
37
81
109
101
52
-6
-26
0
35
47
41
37
24
-11
-60
-85
-69
-27
0
-7
-37
-51
-17
54
105
67
-51
-185
-274
-310
-315
-309
-308
-335
-394
-472
-531
-543
-507
-455
-427
-421
-395
-312
-182
-58
20
34
-22
-120
-190
-169
-70
35
105
145
164
140
87
48
56
99
144
177
187
159
86
11
-6
47
138
228
317
406
470
495
483
471
474
479
452
364
238
135
107
143
197
242
270
277
253
203
158
125
95
57
2
-68
-135
-170
-157
-124
-107
-106
-106
-116
-159
-213
-240
-220
-181
-148
-124
-111
-119
-147
-187
-230
-269
-287
-280
-261
-238
-211
-196
-210
-241
-262
-273
-288
-285
-234
-140
-40
37
85
97
79
57
61
84
86
52
3
-31
-60
-102
-157
-204
-229
-236
-225
-200
-161
-122
-93
-79
-85
-107
-130
-135
-121
-113
-138
-197
-257
-270
-220
-123
-11
103
199
244
208
122
68
93
167
198
149
51
-32
-54
-28
1
5
20
83
176
234
232
214
228
258
258
214
147
80
22
-8
-8
5
-2
-18
-24
-15
-4
26
96
162
145
26
-101
-125
-29
123
264
389
492
540
515
456
427
453
495
508
479
431
387
347
292
203
100
48
86
179
244
245
226
242
296
354
369
331
269
215
171
120
70
61
99
132
109
43
-17
-50
-88
-165
-277
-403
-516
-587
-594
-561
-538
-547
-564
-549
-480
-379
-298
-270
-278
-294
-324
-373
-421
-451
-485
-542
-596
-624
-637
-643
-623
-550
-441
-330
-245
-201
-185
-187
-209
-261
-325
-351
-315
-245
-188
-164
-152
-131
-98
-61
-4
63
113
113
73
20
-7
4
42
78
104
140
205
291
365
393
346
241
135
77
67
88
147
246
344
420
488
564
633
672
687
677
634
576
513
450
384
341
337
342
323
255
156
66
31
63
125
143
71
-82
-237
-322
-321
-285
-268
-296
-352
-406
-439
-442
-416
-376
-354
-352
-347
-313
-252
-173
-89
-24
15
62
132
198
228
219
176
118
60
42
74
145
210
231
244
310
424
501
494
438
385
360
393
462
485
403
250
110
19
-17
16
132
283
362
301
123
-48
-109
-56
4
-25
-134
-230
-243
-185
-113
-79
-103
-167
-221
-219
-159
-73
-18
-44
-158
-295
-375
-354
-257
-144
-76
-89
-155
-209
-204
-170
-161
-190
-223
-249
-276
-306
-324
-296
-222
-150
-144
-191
-206
-121
47
214
300
278
174
54
-49
-135
-208
-256
-277
-280
-277
-266
-257
-255
-252
-247
-248
-252
-228
-183
-144
-116
-64
26
99
108
71
33
20
29
58
94
110
81
11
-65
-125
-172
-214
-241
-245
-231
-198
-134
-46
26
39
2
-57
-109
-139
-132
-91
-49
-46
-92
-156
-192
-169
-83
31
106
102
34
-45
-71
-19
99
222
315
357
358
351
354
375
385
363
312
241
185
179
246
351
424
413
319
204
141
163
243
323
369
369
333
284
255
264
308
360
375
331
247
166
122
125
161
187
167
87
-29
-112
-100
-2
97
123
80
20
5
66
189
319
388
394
368
340
315
282
245
217
200
166
99
19
-32
-36
-20
-35
-113
-215
-244
-161
-44
-12
-96
-188
-176
-56
70
106
30
-83
-142
-147
-167
-262
-390
-453
-414
-347
-352
-433
-499
-494
-451
-428
-450
-514
-598
-668
-673
-609
-507
-435
-437
-492
-526
-499
-443
-424
-459
-502
-516
-480
-402
-320
-277
-283
-308
-327
-332
-300
-215
-98
-8
4
-73
-195
-266
-205
-26
150
206
135
30
-19
16
109
237
346
387
338
234
144
132
214
308
296
154
2
-14
128
306
371
280
122
42
98
223
323
365
392
410
407
407
451
521
548
497
397
302
249
253
286
332
400
497
561
538
454
398
407
452
497
515
501
452
388
313
247
210
204
184
100
-34
-149
-189
-148
-92
-102
-204
-338
-402
-384
-332
-278
-214
-160
-178
-244
-247
-121
34
46
-128
-341
-388
-222
-2
80
13
-74
-85
-56
-93
-284
-698
-1235
-1543
-1203
-240
671
773
80
-535
-270
710
1490
1483
1014
774
903
901
469
62
342
1101
1180
-165
-2007
-2490
-1077
557
460
-1163
-2181
-1291
259
341
-1081
-1786
-411
1445
1325
-604
-1620
-132
2054
2056
-272
-2077
-1196
1121
1964
475
-1347
-1448
-127
787
423
-269
-66
833
1108
141
-1110
-1271
-239
722
439
-896
-1918
-1547
-170
780
481
-403
-643
67
910
1091
747
546
661
578
-24
-656
-604
96
632
393
-342
-789
-553
26
368
261
-48
-253
-275
-180
-30
151
280
252
22
-310
-574
-650
-595
-585
-757
-1067
-1316
-1325
-1108
-855
-737
-733
-665
-449
-217
-161
-289
-419
-425
-364
-372
-459
-535
-564
-603
-645
-536
-173
307
643
749
800
973
1230
1408
1459
1502
1614
1670
1537
1330
1354
1700
2063
2066
1750
1560
1772
2134
2183
1904
1752
2030
2439
2475
2103
1784
1830
1954
1678
1039
593
571
285
-1158
-3533
-5353
-5332
-3750
-2143
-1788
-2572
-3311
-2975
-1582
85
1343
1893
1623
612
-551
-1007
-367
860
1604
1061
-584
-2237
-2859
-2425
-1774
-1680
-2262
-3108
-3670
-3507
-2517
-1060
166
550
57
-635
-664
194
1306
1816
1424
548
-121
-173
246
685
849
833
899
1204
1794
2625
3529
4241
4578
4573
4388
4192
4064
3988
3844
3482
2823
2010
1386
1138
886
-166
-2323
-4773
-6146
-5860
-4687
-3922
-4105
-4637
-4594
-3712
-2446
-1262
-255
463
532
-129
-837
-671
474
1666
1894
1067
-16
-581
-584
-502
-719
-1276
-2089
-3018
-3637
-3394
-2218
-835
-118
-233
-618
-670
-258
420
1123
1618
1616
969
4
-592
-425
134
346
-81
-699
-827
-175
992
2146
2907
3271
3542
4034
4762
5451
5799
5732
5406
4996
4537
3983
3338
2632
1684
114
-2160
-4449
-5657
-5357
-4362
-3954
-4543
-5293
-5142
-3952
-2507
-1538
-1115
-912
-746
-613
-431
2
694
1300
1410
997
458
178
174
137
-247
-1020
-1902
-2489
-2540
-2145
-1543
-909
-308
197
536
740
930
1218
1580
1842
1779
1312
638
31
-431
-865
-1305
-1579
-1531
-1231
-879
-513
13
836
1876
2948
3934
4831
5592
6052
6105
5851
5516
5186
4725
4018
3148
2169
804
-1270
-3698
-5363
-5374
-4147
-3177
-3547
-4774
-5332
-4352
-2495
-1134
-907
-1309
-1527
-1262
-750
-217
359
954
1284
1049
407
-105
-164
-113
-642
-1977
-3510
-4322
-4026
-3064
-2194
-1818
-1744
-1477
-741
248
1022
1350
1413
1497
1589
1423
871
184
-289
-537
-839
-1311
-1704
-1729
-1417
-987
-506
166
1121
2243
3354
4383
5298
5947
6156
5997
5798
5738
5636
5218
4433
3233
1393
-1097
-3486
-4650
-4278
-3394
-3428
-4736
-6200
-6363
-4938
-2997
-1821
-1744
-2182
-2358
-1863
-783
462
1402
1803
1737
1427
1151
1141
1363
1374
598
-1024
-2790
-3748
-3541
-2690
-2068
-2091
-2401
-2273
-1374
-90
874
1189
1173
1375
1947
2436
2336
1660
904
372
-109
-760
-1408
-1642
-1371
-964
-792
-717
-176
1152
2872
4192
4748
4931
5355
6162
6965
7309
7102
6533
5741
4583
2831
648
-1286
-2347
-2645
-2951
-3904
-5318
-6339
-6256
-5199
-4010
-3441
-3525
-3713
-3479
-2695
-1565
-389
625
1425
2039
2464
2668
2608
2287
1627
567
-805
-2111
-2913
-3147
-3078
-3079
-3183
-3265
-3079
-2517
-1647
-723
3
548
1024
1559
1980
2070
1686
959
146
-555
-1063
-1467
-1839
-2199
-2411
-2351
-1961
-1231
-176
1075
2220
2963
3321
3657
4355
5380
6313
6728
6591
6160
5535
4514
2950
1267
155
-211
-539
-1728
-3791
-5683
-6284
-5603
-4750
-4730
-5472
-6056
-5759
-4586
-3073
-1700
-595
362
1281
2145
2917
3585
4031
3949
3099
1700
380
-379
-653
-948
-1610
-2527
-3232
-3344
-2882
-2232
-1762
-1497
-1167
-563
227
937
1320
1322
1032
649
352
208
75
-265
-822
-1308
-1409
-1076
-474
231
968
1640
2111
2370
2656
3297
4328
5362
5923
5943
5785
5676
5340
4394
3005
1845
1289
895
-95
-1827
-3568
-4460
-4443
-4294
-4740
-5756
-6664
-6841
-6188
-5084
-3992
-3093
-2254
-1219
121
1621
2944
3767
3955
3641
3158
2844
2770
2626
1987
791
-509
-1351
-1570
-1512
-1624
-2045
-2536
-2739
-2488
-1884
-1175
-568
-177
-31
-44
13
339
811
1041
777
204
-212
-134
396
1075
1629
1970
2119
2085
1972
2080
2709
3735
4534
4500
3713
2908
2684
2865
2770
2054
1078
350
-171
-966
-2169
-3238
-3604
-3447
-3567
-4478
-5807
-6642
-6417
-5440
-4516
-4126
-3971
-3380
-2036
-312
1126
1905
2204
2433
2797
3180
3357
3205
2769
2180
1576
1056
647
302
-87
-588
-1095
-1373
-1287
-998
-834
-965
-1235
-1343
-1143
-703
-240
-1
-138
-565
-910
-780
-79
843
1536
1808
1859
1989
2312
2751
3206
3684
4164
4445
4251
3644
3089
2973
3066
2777
1895
862
230
-4
-380
-1286
-2426
-3137
-3236
-3270
-3866
-4937
-5731
-5654
-4916
-4304
-4291
-4511
-4174
-2965
-1379
-196
286
455
894
1781
2749
3324
3371
3129
2854
2633
2459
2363
2321
2155
1654
895
251
21
95
74
-286
-872
-1384
-1644
-1690
-1678
-1745
-1913
-2041
-1915
-1475
-887
-378
14
387
799
1216
1668
2269
3022
3707
4046
3997
3789
3728
3940
4284
4425
4075
3217
2176
1363
893
533
-25
-856
-1801
-2663
-3358
-3904
-4352
-4700
-4933
-5040
-5023
-4903
-4706
-4449
-4100
-3622
-2993
-2251
-1486
-743
35
910
1764
2342
2519
2470
2496
2735
3054
3209
3067
2696
2279
1991
1894
1876
1702
1208
462
-283
-812
-1112
-1378
-1842
-2562
-3340
-3848
-3893
-3552
-3121
-2843
-2697
-2460
-1936
-1149
-250
596
1287
1782
2102
2355
2678
3170
3753
4178
4191
3809
3346
3097
3076
3025
2733
2173
1502
889
422
60
-325
-811
-1352
-1795
-2050
-2185
-2360
-2614
-2821
-2850
-2753
-2625
-2459
-2132
-1624
-1134
-904
-941
-934
-600
-2
494
627
473
306
338
604
1028
1489
1852
1990
1878
1636
1462
1457
1475
1228
517
-561
-1661
-2406
-2663
-2651
-2750
-3171
-3708
-3946
-3656
-3015
-2417
-2081
-1900
-1622
-1162
-619
-34
707
1631
2452
2806
2706
2624
2984
3648
4051
3832
3212
2686
2461
2335
2038
1583
1172
933
804
701
615
574
550
456
284
141
167
366
576
615
399
-44
-581
-1003
-1181
-1207
-1310
-1583
-1878
-1991
-1845
-1498
-1026
-476
71
509
799
1067
1465
1925
2143
1913
1360
799
396
77
-288
-722
-1179
-1652
-2169
-2681
-3014
-3033
-2825
-2658
-2705
-2845
-2782
-2367
-1743
-1155
-697
-310
63
402
698
992
1287
1493
1485
1246
918
718
709
711
520
201
72
326
800
1162
1251
1133
953
849
930
1179
1480
1702
1807
1768
1515
1087
642
339
180
36
-263
-789
-1404
-1808
-1759
-1298
-754
-501
-626
-832
-732
-238
367
714
702
536
469
526
500
262
-58
-255
-342
-581
-1111
-1698
-1948
-1800
-1643
-1841
-2273
-2438
-2046
-1296
-593
-108
263
641
977
1151
1163
1138
1164
1153
947
517
38
-284
-412
-487
-656
-862
-896
-652
-292
-90
-117
-182
-34
393
936
1368
1600
1735
1888
2037
2091
2053
1991
1887
1617
1103
471
-56
-318
-351
-293
-251
-230
-200
-149
-59
109
383
708
956
992
829
658
689
900
1008
762
217
-359
-800
-1158
-1532
-1897
-2160
-2324
-2474
-2619
-2613
-2301
-1716
-1064
-544
-186
102
403
712
970
1100
1037
760
307
-187
-551
-692
-672
-629
-620
-603
-550
-511
-547
-648
-738
-700
-433
59
609
1018
1247
1423
1672
1961
2164
2171
1975
1651
1267
831
357
-57
-287
-305
-217
-154
-201
-340
-470
-442
-176
281
749
1052
1144
1146
1218
1400
1560
1514
1168
594
-40
-573
-968
-1312
-1702
-2152
-2568
-2866
-2976
-2866
-2565
-2215
-1954
-1761
-1490
-1083
-681
-450
-403
-412
-398
-397
-464
-545
-536
-424
-330
-327
-367
-345
-252
-196
-280
-480
-586
-378
179
869
1423
1727
1857
1986
2237
2599
2887
2879
2505
1916
1350
930
635
414
241
86
-145
-499
-884
-1106
-1040
-758
-420
-138
100
332
594
925
1349
1774
2007
1903
1531
1147
942
858
644
128
-592
-1245
-1665
-1875
-1984
-2025
-2006
-1982
-1994
-1969
-1760
-1376
-1014
-867
-937
-1065
-1090
-961
-747
-579
-547
-616
-663
-595
-450
-320
-232
-146
-46
32
113
307
698
1208
1631
1831
1886
2014
2311
2606
2632
2326
1885
1523
1266
1019
763
581
488
343
17
-408
-700
-735
-631
-592
-668
-733
-646
-368
43
482
834
1040
1117
1138
1155
1175
1144
984
668
271
-76
-305
-446
-578
-761
-1014
-1285
-1451
-1395
-1135
-872
-858
-1148
-1523
-1687
-1552
-1297
-1161
-1244
-1462
-1650
-1677
-1525
-1294
-1115
-1043
-1012
-912
-693
-433
-235
-79
163
533
872
1014
1027
1140
1426
1656
1582
1236
916
843
924
919
737
520
395
295
72
-252
-478
-504
-472
-580
-779
-802
-472
95
617
916
1044
1172
1383
1594
1659
1541
1327
1126
965
796
537
188
-132
-279
-253
-222
-319
-491
-552
-455
-353
-424
-639
-820
-908
-993
-1148
-1293
-1325
-1243
-1149
-1106
-1090
-1040
-942
-875
-910
-1002
-1005
-830
-550
-323
-277
-373
-426
-238
178
561
626
352
16
-87
99
378
537
528
450
381
317
253
202
169
74
-153
-477
-728
-745
-513
-161
137
316
466
741
1183
1668
1995
2058
1931
1785
1753
1798
1782
1609
1350
1153
1084
1070
1014
893
726
534
343
209
180
228
243
116
-159
-471
-662
-638
-444
-259
-276
-525
-845
-1035
-1033
-934
-847
-824
-854
-916
-967
-959
-869
-730
-644
-702
-876
-1004
-962
-791
-657
-631
-626
-509
-266
-38
37
-38
-137
-165
-163
-238
-425
-639
-776
-797
-727
-593
-392
-135
133
360
538
683
780
814
831
901
1017
1081
1033
922
858
879
911
857
691
473
255
69
-57
-103
-118
-202
-386
-591
-702
-691
-594
-455
-286
-120
-21
-13
-48
-18
107
244
248
102
-74
-140
-133
-201
-426
-703
-873
-906
-874
-835
-746
-588
-421
-287
-100
243
650
860
736
440
255
274
312
144
-254
-681
-890
-812
-575
-370
-249
-139
17
180
303
422
620
898
1128
1182
1089
1023
1105
1267
1355
1302
1158
976
738
428
113
-92
-162
-211
-370
-609
-771
-744
-592
-483
-515
-632
-682
-587
-400
-234
-117
-10
92
116
33
-89
-152
-166
-241
-440
-690
-872
-975
-1075
-1181
-1171
-942
-573
-267
-111
7
231
538
755
776
701
683
720
642
331
-83
-336
-287
-54
140
175
106
46
44
85
150
259
431
633
769
782
720
742
936
1222
1406
1363
1125
816
524
263
35
-154
-314
-476
-660
-826
-890
-823
-699
-646
-688
-709
-572
-266
81
332
420
393
352
392
508
582
495
230
-91
-346
-534
-735
-982
-1200
-1306
-1296
-1211
-1067
-852
-590
-347
-172
-79
-29
44
174
299
337
260
116
-31
-118
-140
-164
-281
-493
-688
-746
-646
-470
-316
-224
-176
-124
-38
104
325
617
895
1020
958
821
744
737
668
438
77
-267
-453
-454
-345
-257
-284
-432
-607
-667
-546
-287
-9
215
371
508
684
917
1155
1299
1263
1040
731
479
364
341
289
122
-145
-416
-578
-582
-458
-308
-193
-120
-53
17
80
126
139
110
50
19
58
152
226
216
103
-82
-284
-467
-616
-724
-774
-762
-703
-633
-578
-520
-411
-217
22
225
321
342
381
496
615
598
425
225
134
133
103
-8
-148
-240
-270
-278
-285
-277
-246
-204
-165
-81
106
424
803
1125
1282
1239
1056
856
749
762
812
782
596
264
-115
-423
-585
-622
-591
-544
-506
-510
-558
-604
-578
-477
-349
-249
-187
-116
-4
139
227
185
13
-182
-280
-257
-238
-352
-558
-683
-630
-516
-492
-541
-511
-325
-80
71
74
32
67
182
263
224
134
118
195
263
228
101
-63
-242
-437
-603
-633
-473
-223
-76
-124
-240
-212
50
431
728
814
736
663
723
887
986
910
695
476
284
0
-471
-980
-1175
-901
-401
-170
-441
-968
-1255
-1053
-585
-251
-251
-424
-493
-294
99
503
751
767
573
293
114
148
317
405
257
-60
-295
-252
30
301
340
116
-180
-333
-235
30
262
294
136
-31
-17
169
350
373
251
111
28
7
-2
-25
-72
-130
-183
-202
-131
42
246
353
344
333
437
625
730
637
412
245
276
455
598
554
331
71
-96
-155
-190
-289
-498
-789
-1052
-1141
-981
-634
-279
-73
-45
-75
-13
208
500
705
735
644
538
458
404
358
312
240
164
159
276
454
575
560
456
378
371
379
331
255
215
206
170
100
47
31
20
-12
-48
-84
-158
-292
-427
-466
-395
-296
-267
-323
-412
-488
-551
-641
-749
-807
-759
-642
-563
-570
-597
-576
-534
-573
-718
-901
-1018
-1059
-1095
-1183
-1294
-1314
-1186
-977
-788
-639
-484
-329
-240
-226
-217
-94
151
395
490
413
300
269
332
434
537
635
724
815
914
994
1013
958
880
837
848
895
920
869
722
513
335
283
370
501
543
446
264
103
46
104
210
262
206
100
54
109
188
175
29
-185
-333
-317
-161
6
42
-55
-201
-304
-331
-303
-270
-298
-418
-606
-796
-924
-959
-903
-814
-737
-671
-599
-504
-403
-294
-146
74
336
540
610
585
575
636
721
748
701
641
645
736
866
959
965
888
770
656
584
591
673
769
814
768
660
546
484
484
490
439
300
127
-7
-45
-38
-40
-103
-202
-384
-612
-786
-735
-409
65
507
725
691
405
-27
-579
-1125
-1529
-1627
-1391
-941
-433
-3
307
441
373
74
-396
-948
-1484
-1965
-2376
-2658
-2721
-2472
-1939
-1229
-519
35
322
340
161
-114
-413
-687
-853
-824
-538
-41
555
1084
1452
1630
1641
1505
1241
915
592
322
108
-51
-118
-42
157
369
497
541
579
668
751
746
615
459
391
427
460
417
326
273
286
325
370
428
521
593
562
390
159
-11
-85
-128
-223
-363
-513
-650
-800
-946
-1055
-1069
-1037
-1027
-1135
-1329
-1504
-1560
-1435
-1212
-951
-757
-570
-360
-100
99
162
109
-10
-132
-260
-330
-321
-200
20
292
567
773
918
980
969
872
776
788
969
1216
1393
1417
1330
1217
1120
1082
1037
987
861
738
610
515
456
422
408
378
399
400
320
96
-146
-297
-269
-64
231
469
514
442
314
258
244
266
214
76
-139
-324
-467
-562
-669
-852
-1100
-1398
-1561
-1586
-1431
-1308
-1303
-1438
-1515
-1395
-1188
-1070
-1143
-1244
-1235
-1018
-669
-313
-62
37
63
84
216
463
715
819
697
501
362
384
497
657
787
863
852
807
774
784
805
840
923
1043
1171
1222
1173
982
712
438
234
96
-68
-286
-532
-651
-568
-298
31
290
422
394
259
63
-85
-161
-196
-259
-433
-591
-677
-600
-562
-662
-911
-1140
-1139
-940
-615
-483
-538
-766
-887
-968
-1021
-1237
-1492
-1647
-1486
-976
-449
-133
-176
-293
-349
-309
-216
-24
313
694
895
805
615
611
997
1515
1889
1866
1536
1092
739
587
572
561
472
336
290
398
572
712
645
431
135
-78
-141
-174
-221
-370
-442
-364
-122
45
30
-124
-138
-9
253
394
441
382
332
299
226
147
20
-91
-257
-469
-697
-814
-800
-683
-657
-705
-818
-809
-688
-461
-187
26
141
68
-45
-135
-54
154
461
648
670
536
430
351
268
182
128
182
238
256
107
-74
-229
-221
-158
-55
49
246
501
695
749
682
631
629
641
590
502
443
543
648
628
295
-138
-386
-346
-92
51
94
-46
-137
-219
-176
-166
-150
-185
-259
-456
-723
-807
-631
-181
152
314
168
-86
-313
-488
-586
-823
-1006
-1148
-1072
-962
-863
-894
-1036
-1167
-1128
-773
-282
108
219
22
-165
-241
-42
178
283
253
130
93
121
195
251
183
138
135
297
493
609
529
274
-15
-181
-206
-137
-65
32
139
294
493
591
456
140
-115
-139
-109
-36
-38
-39
-100
-116
-3
175
375
501
534
387
169
-24
-70
-23
118
191
110
-135
-328
-287
-66
124
65
-187
-476
-608
-546
-342
-93
60
96
65
91
143
129
37
-90
-146
-122
49
244
355
298
234
255
292
248
112
92
99
208
193
278
368
521
535
349
143
41
149
220
171
-48
-163
-140
71
214
259
204
97
23
-67
52
250
583
708
664
407
199
147
205
293
237
152
-56
-260
-523
-620
-505
-192
112
257
265
149
88
-1
-38
-249
-410
-543
-551
-586
-589
-423
-188
86
162
220
210
233
205
112
54
67
190
233
73
-202
-380
-320
-93
79
163
135
156
180
133
18
-165
-232
-247
-131
-51
6
-40
-102
-224
-348
-393
-387
-273
-255
-193
-253
-335
-386
-327
-123
-96
-211
-423
-443
-246
-37
84
-93
-353
-664
-761
-720
-531
-327
-143
-129
-210
-328
-294
-179
-40
-9
-59
-101
-115
-129
-188
-165
-7
207
381
463
495
471
392
305
193
146
205
299
353
203
70
-20
110
238
299
204
123
184
354
428
254
-22
-178
2
284
551
510
314
34
-90
-32
103
262
255
139
-135
-285
-278
-53
154
277
255
158
92
5
-33
-77
8
126
144
-22
-300
-414
-301
19
213
226
-10
-265
-469
-520
-363
-132
125
122
36
-209
-249
-265
-93
82
338
585
711
713
579
529
512
574
532
573
572
588
448
221
-1
-93
99
374
565
479
321
159
138
133
159
35
-80
-91
79
275
310
320
232
190
26
-158
-309
-413
-299
-201
-104
-232
-406
-493
-469
-339
-326
-429
-642
-793
-759
-661
-543
-567
-595
-651
-603
-503
-372
-306
-361
-453
-588
-679
-746
-713
-586
-446
-333
-257
-128
68
280
394
393
258
151
24
-32
-112
-112
-25
103
223
251
301
351
421
404
302
133
-87
-289
-490
-546
-521
-364
-240
-143
-84
-6
154
300
408
433
421
417
392
433
451
484
433
360
196
19
-112
-101
-16
50
5
-95
-210
-243
-286
-380
-483
-460
-230
56
301
338
279
111
36
-62
-108
-173
-188
-125
-100
-77
-145
-101
-36
73
46
-2
-40
-10
-48
-147
-259
-196
0
246
388
455
519
614
650
569
397
276
267
339
378
415
404
516
578
659
568
510
479
525
569
590
617
612
617
628
659
715
808
972
1060
1002
728
437
156
-44
-206
-294
-281
-275
-278
-425
-551
-649
-593
-588
-666
-856
-931
-857
-674
-544
-541
-623
-706
-722
-652
-504
-309
-155
-154
-311
-529
-673
-669
-572
-453
-507
-714
-989
-1023
-860
-564
-315
-117
14
12
-84
-251
-350
-325
-153
44
121
36
-150
-226
-196
-5
167
347
442
449
401
314
352
455
629
698
673
577
500
482
504
494
361
144
-25
-86
-37
81
123
57
-193
-314
-327
-170
-109
-139
-260
-329
-311
-279
-345
-488
-472
-217
142
216
-17
-393
-523
-361
-47
146
146
21
-143
-344
-530
-614
-552
-394
-280
-205
-206
-178
-175
-129
-88
-69
-92
-145
-94
38
281
454
564
529
458
365
317
312
337
380
447
536
666
801
888
913
854
831
803
810
763
694
597
470
359
270
250
214
159
75
44
111
269
439
443
283
-70
-343
-547
-507
-393
-178
-77
-110
-232
-297
-237
-134
-14
39
18
-120
-307
-443
-476
-416
-422
-556
-772
-929
-964
-944
-862
-776
-652
-596
-462
-307
-60
115
285
406
483
473
420
333
204
58
-22
51
158
252
195
126
54
137
289
436
469
390
317
236
149
8
-111
-133
-43
163
377
545
595
589
474
329
119
12
-136
-263
-454
-560
-577
-547
-437
-291
-11
221
273
30
-341
-552
-476
-241
-56
-89
-296
-619
-858
-904
-727
-425
-198
-45
-98
-233
-486
-602
-564
-327
-104
14
-30
-113
-161
-131
-63
-2
47
120
246
361
328
174
-27
-99
-98
-77
-92
-79
-8
84
146
218
250
255
197
211
318
479
586
497
250
-19
-64
101
306
346
255
163
209
392
552
591
487
393
333
311
334
360
367
199
-41
-263
-245
-47
214
362
444
494
539
445
241
9
-51
44
194
203
116
22
45
126
186
157
106
115
211
336
421
447
398
313
164
20
-144
-272
-425
-541
-629
-595
-527
-430
-468
-520
-563
-481
-366
-320
-333
-448
-511
-536
-485
-409
-291
-103
54
100
-24
-200
-389
-430
-339
-70
124
178
45
-40
-29
115
195
208
165
202
279
320
245
101
-78
-213
-236
-170
-118
-186
-267
-299
-228
-124
-30
35
-18
-78
-184
-217
-234
-108
148
412
497
343
182
154
329
496
528
347
74
-88
-103
-23
-56
-172
-374
-514
-633
-651
-606
-406
-196
-30
-130
-378
-660
-725
-532
-274
-87
-122
-180
-224
-163
-81
-19
5
-22
-47
-106
-161
-245
-244
-161
13
145
220
296
444
627
676
525
223
-19
-72
106
311
405
273
76
-87
-105
-75
-66
-104
-69
76
264
373
420
475
574
707
813
907
922
895
735
516
296
306
465
709
742
597
319
73
-36
-146
-174
-192
-82
-10
-99
-320
-580
-632
-486
-199
19
69
-41
-251
-430
-506
-460
-389
-380
-418
-467
-479
-498
-454
-339
-131
71
113
23
-223
-305
-285
-106
-43
-30
-19
94
224
239
165
78
93
102
96
18
4
55
200
340
419
450
482
524
517
422
328
257
305
330
326
181
36
36
190
426
471
359
84
-165
-366
-420
-378
-299
-265
-295
-325
-363
-350
-301
-205
-87
-49
-125
-306
-449
-471
-361
-170
-38
-35
-178
-348
-463
-503
-427
-318
-200
-155
-61
41
155
142
62
-75
-128
-103
-52
-57
-118
-192
-268
-323
-320
-264
-155
-23
112
183
166
82
-35
-111
-65
112
327
410
325
122
-42
-35
101
224
133
-100
-244
-232
-82
-53
-66
-113
-85
-50
-102
-195
-259
-185
-64
-20
-124
-285
-383
-364
-320
-291
-282
-259
-215
-214
-170
-141
-25
39
121
131
153
119
1
-130
-168
23
286
486
482
352
220
271
434
621
624
532
411
356
409
488
635
719
718
553
277
102
84
271
405
465
430
445
464
447
373
286
287
301
375
303
195
-9
-133
-238
-295
-274
-235
-161
-253
-357
-511
-469
-325
-110
16
15
35
88
242
300
267
183
117
85
-67
-242
-362
-350
-227
-53
144
269
265
186
41
-92
-199
-193
-156
-128
-206
-259
-238
-46
204
365
341
142
-50
-189
-247
-320
-373
-405
-354
-296
-227
-207
-246
-325
-439
-504
-577
-619
-632
-572
-477
-457
-533
-660
-691
-598
-438
-319
-338
-454
-609
-633
-535
-361
-240
-227
-298
-371
-320
-186
-41
-4
-60
-39
52
299
388
397
199
103
82
209
291
301
287
299
357
345
305
225
195
297
557
881
1036
992
820
718
688
736
803
857
854
695
455
165
-1
-41
12
46
-5
-25
-3
97
129
141
80
20
-88
-128
-180
-193
-234
-209
-131
-89
-71
-198
-312
-525
-627
-706
-659
-614
-549
-469
-403
-288
-215
-132
-131
-112
-67
18
89
146
139
61
-71
-107
-24
169
339
486
511
432
276
146
124
134
191
190
164
19
-87
-101
39
170
224
219
192
243
378
564
670
573
393
173
72
44
130
204
189
72
-71
-144
-182
-159
-135
-136
-249
-443
-568
-564
-394
-270
-234
-330
-363
-272
-79
69
64
-90
-296
-412
-349
-200
-64
-94
-209
-385
-397
-272
1
152
174
46
-77
-93
1
195
313
397
395
350
225
73
23
23
130
186
288
289
263
218
211
240
205
177
154
201
242
267
258
259
234
148
37
-53
-26
-19
-10
-102
-164
-206
-209
-213
-288
-320
-347
-269
-281
-344
-502
-605
-585
-474
-300
-195
-143
-195
-304
-414
-467
-434
-403
-438
-578
-687
-635
-420
-214
-173
-231
-294
-301
-321
-357
-334
-260
-138
-19
95
183
191
210
298
488
695
765
665
450
245
164
163
247
273
224
110
92
241
473
598
548
335
147
72
180
338
445
417
323
214
198
274
442
569
582
477
318
247
260
382
430
413
272
122
3
-34
59
139
160
1
-194
-330
-301
-134
51
180
208
145
63
15
102
235
305
217
-36
-266
-386
-261
-79
66
30
-89
-222
-275
-266
-271
-294
-300
-167
21
218
227
145
0
5
144
267
240
-5
-179
-241
-124
-102
-198
-412
-569
-573
-432
-246
-161
-240
-436
-595
-574
-404
-217
-166
-234
-357
-409
-371
-262
-163
-160
-287
-508
-705
-753
-667
-537
-540
-662
-779
-708
-460
-234
-190
-296
-334
-212
-3
90
25
-109
-181
-128
-3
152
241
277
237
150
26
-21
104
304
457
404
324
275
382
504
561
512
408
356
327
340
373
490
626
657
508
256
66
102
301
596
751
756
559
258
-57
-269
-250
-81
143
224
172
10
-108
-79
117
387
531
489
294
141
142
253
336
246
39
-215
-343
-309
-130
74
184
202
169
154
162
191
222
215
181
167
244
360
456
451
408
322
212
50
-130
-251
-315
-296
-261
-140
-30
69
29
-51
-109
-103
-73
-164
-305
-450
-439
-336
-229
-174
-184
-145
-98
-44
-75
-207
-310
-372
-237
-103
53
39
-2
-113
-203
-319
-387
-376
-361
-340
-346
-270
-209
-170
-221
-291
-357
-351
-240
-69
91
134
130
20
-62
-196
-188
-148
1
92
152
137
127
154
156
91
-81
-213
-307
-236
-112
150
355
477
349
42
-299
-458
-322
5
308
379
155
-172
-442
-480
-340
-80
108
143
23
-77
-125
-85
-79
-93
-186
-244
-229
-85
39
70
-18
-139
-137
-82
86
95
63
-86
-82
32
181
252
191
113
13
-9
14
109
199
269
250
180
92
19
4
9
181
366
519
456
313
225
265
418
564
638
570
376
148
-34
-162
-207
-227
-136
-111
-66
-141
-170
-222
-211
-141
-41
98
144
159
83
29
12
79
187
243
209
98
29
14
70
75
34
-118
-283
-414
-435
-374
-274
-126
15
105
31
-188
-408
-493
-375
-233
-179
-278
-355
-374
-314
-279
-233
-165
-63
41
78
91
67
112
119
138
121
218
350
507
586
611
640
635
602
429
251
94
75
106
152
117
36
-51
-70
-41
-29
-28
-25
46
110
185
194
177
18
-151
-268
-180
8
140
103
-45
-166
-139
-35
77
87
36
-51
-132
-177
-147
-67
34
21
-48
-232
-295
-275
-140
-145
-345
-557
-617
-380
-157
-70
-269
-497
-574
-435
-182
-23
59
0
-78
-174
-181
-78
80
148
-1
-315
-544
-524
-303
-99
-46
-130
-283
-399
-409
-329
-209
-74
101
274
364
387
341
241
86
-78
-140
-113
8
112
163
184
198
225
170
87
3
33
104
180
152
116
113
211
359
463
534
539
524
436
296
225
279
435
508
460
340
289
355
447
400
191
-116
-264
-277
-127
-20
66
93
59
-11
-105
-38
119
336
440
398
263
65
-17
-48
11
21
-4
-132
-280
-357
-207
77
339
403
305
157
9
-76
-47
151
396
544
509
354
172
43
9
4
2
-56
-96
-120
-90
-112
-258
-514
-700
-665
-470
-224
-86
-61
-171
-317
-384
-281
-45
186
293
247
113
-96
-284
-409
-381
-329
-309
-398
-487
-549
-553
-487
-388
-287
-297
-357
-427
-419
-381
-317
-282
-237
-196
-161
-176
-308
-451
-570
-503
-326
-120
-14
-76
-183
-315
-360
-342
-187
6
136
124
40
41
134
313
350
308
130
35
-65
-56
8
171
344
423
365
147
-55
-144
15
219
364
336
290
283
350
401
410
354
285
273
328
489
568
558
360
196
94
144
247
321
288
89
-147
-289
-171
86
304
302
184
88
134
235
305
255
110
-43
-100
-11
139
215
107
-142
-356
-425
-299
-147
-29
-67
-158
-199
-94
161
375
469
348
218
184
252
276
146
-40
-173
-176
-93
-46
-43
-90
-123
-157
-185
-147
-41
87
198
218
192
68
-19
-51
22
105
157
169
101
17
-56
5
61
69
-74
-220
-319
-310
-227
-165
-124
-171
-214
-257
-212
-84
60
176
211
228
161
85
-9
-2
22
-12
-174
-383
-457
-365
-203
-140
-240
-421
-522
-476
-251
-54
85
74
36
-21
-52
-28
94
323
522
550
378
136
-13
-57
-28
-13
-26
-80
-177
-255
-354
-367
-393
-303
-208
-32
89
160
183
169
185
163
150
63
-15
-146
-254
-379
-431
-402
-330
-247
-261
-306
-423
-442
-386
-238
-207
-273
-321
-178
95
264
221
-11
-176
-190
-25
129
194
187
190
261
358
456
478
380
187
-13
-122
-137
-52
84
226
328
411
468
445
340
208
182
239
386
460
454
266
70
-85
-126
-135
-167
-174
-207
-197
-261
-323
-374
-300
-162
-103
-208
-379
-440
-322
-87
153
301
300
255
181
185
157
185
214
288
338
319
220
84
-27
-111
-125
-97
30
126
227
254
299
329
338
352
372
475
522
503
383
253
202
216
305
412
491
489
312
86
-51
-6
146
175
103
-38
-48
77
209
255
101
-73
-170
-113
15
12
-147
-350
-448
-330
-234
-224
-409
-586
-658
-620
-575
-610
-679
-607
-420
-235
-244
-324
-340
-243
-189
-221
-376
-471
-454
-307
-204
-166
-91
62
176
196
158
147
136
67
-12
-132
-141
-88
55
100
50
-13
-8
70
82
56
-6
57
169
336
373
331
332
418
534
448
282
85
-52
-208
-369
-496
-439
-287
-108
-216
-484
-698
-641
-310
-3
111
-67
-343
-490
-444
-265
-66
0
-37
-239
-398
-513
-465
-243
-26
122
-8
-191
-346
-288
-129
-116
-316
-590
-580
-359
-67
-16
-73
-138
8
294
580
688
644
529
425
282
185
120
179
218
335
442
568
589
563
489
435
422
471
567
565
513
391
347
325
375
441
509
547
518
412
224
98
118
263
412
454
373
182
-49
-235
-359
-371
-265
-24
204
317
259
137
-8
-27
5
171
271
370
357
353
335
362
487
757
1131
1257
723
-693
-2445
-3629
-3515
-2319
-910
-128
-224
-645
-813
-326
527
1387
1872
1839
1374
691
300
421
1094
1818
2226
2124
1648
951
191
-514
-1048
-1398
-1609
-1774
-1989
-2172
-2108
-1657
-1009
-502
-315
-316
-412
-466
-529
-410
-176
134
293
252
110
-5
35
94
35
-92
-114
125
319
309
-65
-546
-891
-966
-841
-753
-689
-637
-590
-593
-655
-706
-792
-822
-811
-669
-562
-601
-927
-1358
-1528
-1214
-496
238
709
794
675
707
1029
1554
1948
2097
1969
1635
1288
1140
1321
1610
1714
1456
917
306
-117
-233
-157
-202
-446
-760
-914
-949
-932
-869
-634
-226
150
350
326
401
675
1077
1190
871
399
223
473
850
1000
753
396
132
198
301
413
400
388
364
257
125
-129
-257
-292
-201
-224
-341
-345
-221
-71
-175
-340
-422
-388
-570
-1128
-1710
-1847
-1319
-511
130
398
511
830
1398
2020
2445
2675
2652
2277
1612
930
620
676
858
701
143
-560
-1032
-1228
-1389
-1583
-1783
-1839
-1845
-1853
-1873
-1840
-1600
-1185
-650
-233
56
286
450
450
211
-45
-223
-285
-453
-720
-1032
-1114
-956
-710
-599
-611
-604
-565
-555
-700
-887
-1018
-930
-762
-663
-652
-586
-367
-157
-27
-2
71
229
438
575
590
575
612
720
834
906
882
851
906
1128
1369
1469
1361
1147
878
599
345
365
738
1308
1711
1606
1061
371
92
366
918
1200
890
109
-712
-1119
-946
-540
-403
-848
-1597
-2127
-2085
-1648
-1328
-1424
-1817
-2046
-1889
-1441
-1096
-1014
-1075
-963
-573
-57
374
605
683
652
623
658
808
956
877
531
40
-215
-105
255
477
321
-31
-163
129
548
635
305
63
430
1413
2343
2551
2039
1385
1349
2045
3073
3665
3387
2431
1474
1160
1382
1449
824
-343
-1307
-1599
-1364
-1239
-1726
-2637
-3428
-3589
-3247
-2788
-2548
-2471
-2349
-2055
-1629
-1202
-874
-608
-305
110
535
745
627
210
-253
-585
-698
-708
-747
-908
-1162
-1435
-1599
-1617
-1480
-1273
-1023
-779
-560
-405
-293
-90
252
772
1401
2250
3257
4171
4662
4705
4597
4538
4569
4611
4660
4685
4576
4187
3388
2218
905
-267
-1146
-1694
-1979
-2271
-2899
-3853
-4693
-5035
-4988
-4880
-4757
-4428
-3872
-3392
-3213
-3116
-2627
-1534
-118
1175
2117
2762
3130
3135
2695
2071
1615
1485
1359
880
-21
-1107
-2098
-2907
-3490
-3823
-3917
-3867
-3866
-3910
-3919
-3702
-3188
-2343
-1168
215
1609
2750
3568
4202
4958
5978
7089
7858
7920
7279
6317
5540
5191
5148
4986
4296
2831
697
-1697
-3762
-5032
-5455
-5404
-5444
-5881
-6631
-7358
-7768
-7655
-6865
-5419
-3667
-2165
-1278
-891
-477
397
1825
3506
5093
6203
6580
6141
5115
3950
3018
2359
1672
647
-752
-2336
-3887
-5302
-6476
-7223
-7394
-7041
-6507
-6052
-5603
-4787
-3350
-1447
512
2187
3556
4759
5891
6894
7728
8471
9216
9843
10038
9539
8414
7015
5737
4822
4152
3258
1522
-1270
-4574
-7374
-8864
-9075
-8695
-8501
-8705
-9022
-9097
-8829
-8171
-6928
-4929
-2436
-125
1443
2320
3090
4235
5775
7284
8376
8859
8646
7653
5896
3772
1828
430
-630
-1827
-3414
-5216
-6838
-8096
-8922
-9231
-8844
-7799
-6423
-5094
-3878
-2521
-823
1162
3098
4767
6105
7262
8298
9159
9771
10163
10405
10357
9768
8521
6830
5093
3591
2355
1092
-610
-3017
-5890
-8474
-9990
-10163
-9493
-8760
-8476
-8506
-8444
-7971
-6939
-5243
-2875
-209
2141
3653
4331
4673
5217
6114
7081
7845
8204
7922
6715
4571
1989
-311
-1866
-2864
-3841
-5210
-6896
-8563
-9820
-10407
-10185
-9144
-7454
-5464
-3593
-2035
-617
1004
3020
5225
7204
8602
9392
9737
9860
9930
10055
10150
9886
8915
7173
5038
3065
1651
721
-268
-1970
-4579
-7527
-9829
-10772
-10368
-9290
-8289
-7708
-7341
-6891
-6174
-5082
-3434
-1183
1288
3305
4387
4717
4963
5664
6761
7777
8234
7970
6948
5226
2943
536
-1496
-2946
-4110
-5435
-7007
-8479
-9412
-9696
-9459
-8797
-7567
-5763
-3697
-1846
-328
1170
3001
5134
7125
8517
9214
9450
9497
9468
9399
9355
9273
8908
7878
6171
4194
2579
1614
1045
179
-1625
-4348
-7236
-9269
-9940
-9402
-8273
-7154
-6389
-6006
-5908
-5801
-5137
-3375
-613
2257
4195
4820
4641
4499
4904
5746
6648
7207
7127
6083
3994
1225
-1380
-3075
-3797
-4225
-5071
-6413
-7802
-8732
-9074
-8845
-8034
-6536
-4530
-2496
-841
510
1969
3746
5599
7061
7875
8169
8174
8008
7739
7566
7668
7880
7721
6738
5018
3160
1850
1280
975
132
-1844
-4726
-7601
-9465
-9930
-9252
-8032
-6904
-6211
-5993
-5944
-5598
-4414
-2234
467
2794
4075
4308
4068
4031
4522
5389
6210
6523
5990
4517
2338
-27
-1959
-3105
-3657
-4255
-5386
-6935
-8341
-9084
-9026
-8236
-6856
-5010
-2984
-1155
289
1518
2920
4648
6454
7829
8433
8334
7902
7446
7095
6870
6771
6679
6304
5324
3739
1987
722
230
102
-585
-2493
-5281
-7763
-8886
-8576
-7501
-6363
-5439
-4694
-4128
-3768
-3397
-2416
-504
1872
3721
4443
4285
3988
4099
4603
5157
5499
5497
4935
3557
1437
-859
-2610
-3516
-3947
-4530
-5547
-6686
-7502
-7769
-7511
-6727
-5363
-3524
-1573
43
1249
2386
3835
5533
6994
7803
7913
7594
7050
6398
5787
5459
5508
5685
5529
4690
3234
1658
575
236
247
-239
-1902
-4527
-7022
-8312
-8143
-7131
-6077
-5457
-5180
-4949
-4571
-3881
-2516
-263
2334
4242
4806
4333
3730
3703
4268
4931
5236
4959
3990
2278
45
-2128
-3608
-4155
-4233
-4549
-5475
-6684
-7628
-7932
-7557
-6557
-5021
-3131
-1227
332
1517
2623
3954
5444
6740
7493
7605
7189
6419
5492
4665
4184
4105
4163
3988
3280
2044
595
-588
-1115
-1045
-976
-1790
-3755
-6178
-7872
-8195
-7334
-5979
-4758
-3890
-3356
-3082
-2942
-2450
-1100
971
2887
3787
3590
2941
2595
2784
3223
3610
3795
3657
2864
1292
-738
-2509
-3513
-3848
-4075
-4660
-5519
-6278
-6594
-6384
-5637
-4371
-2677
-822
880
2327
3645
4949
6141
7014
7466
7515
7200
6519
5601
4701
4104
3883
3937
4015
3815
3078
1915
792
271
437
742
237
-1579
-4124
-6174
-6901
-6483
-5525
-4476
-3404
-2432
-1893
-1956
-2128
-1467
299
2371
3616
3700
3189
2769
2607
2492
2422
2604
2946
2826
1719
-211
-2191
-3560
-4275
-4747
-5237
-5624
-5750
-5767
-5840
-5754
-5089
-3705
-1953
-272
1164
2483
3743
4788
5454
5795
5948
5873
5415
4599
3729
3125
2888
2877
2940
2921
2617
1870
826
17
-38
636
1153
400
-1895
-4755
-6809
-7377
-6695
-5411
-4071
-2998
-2408
-2476
-2959
-3105
-2213
-458
1237
2114
2218
2115
2194
2373
2491
2690
3159
3680
3611
2600
912
-809
-2212
-3408
-4571
-5531
-5945
-5804
-5501
-5328
-5144
-4579
-3511
-2133
-646
939
2649
4236
5321
5680
5466
4978
4466
4039
3751
3622
3572
3503
3408
3422
3561
3562
3092
2204
1444
1396
1983
2331
1401
-978
-3925
-6169
-6978
-6447
-5181
-3894
-3046
-2816
-3055
-3358
-3239
-2448
-1162
249
1443
2274
2677
2706
2535
2506
2864
3560
4221
4397
3781
2332
281
-1967
-3936
-5237
-5693
-5520
-5107
-4794
-4624
-4556
-4471
-4146
-3200
-1387
994
3236
4666
5156
4966
4477
3947
3586
3525
3746
3974
3890
3443
2954
2845
3187
3626
3644
3057
2193
1682
1847
2236
1829
-65
-2951
-5532
-6681
-6310
-5107
-3934
-3277
-3202
-3621
-4307
-4861
-4663
-3419
-1397
665
2155
2872
3005
2920
2946
3363
4249
5370
6068
5619
3705
770
-2279
-4566
-5730
-5906
-5532
-5023
-4701
-4779
-5228
-5644
-5351
-3930
-1598
848
2645
3506
3619
3344
2983
2843
3070
3568
3945
3908
3467
2884
2426
2260
2489
3029
3578
3683
3191
2402
1992
2292
2807
2401
447
-2405
-4738
-5575
-5098
-4154
-3544
-3539
-4121
-5147
-6314
-6913
-6206
-4125
-1515
512
1508
1837
2169
2818
3755
4855
6031
7004
7158
5952
3455
474
-2069
-3715
-4591
-5027
-5242
-5356
-5492
-5735
-5877
-5539
-4498
-2956
-1358
-58
899
1641
2252
2709
3035
3363
3758
4117
4295
4291
4216
4126
3972
3750
3635
3788
4090
4123
3640
2898
2516
2820
3295
2847
870
-1938
-4125
-4800
-4332
-3738
-3776
-4493
-5548
-6550
-7194
-7071
-5805
-3508
-1006
753
1555
2012
2795
3985
5203
6189
6919
7347
7114
5829
3529
831
-1520
-3215
-4408
-5323
-5949
-6236
-6316
-6477
-6732
-6725
-6045
-4720
-3169
-1765
-551
600
1653
2446
2901
3216
3633
4205
4676
4796
4529
4069
3576
3158
2924
3036
3483
3956
4007
3540
2964
2879
3443
4109
3966
2504
100
-2367
-4243
-5461
-6221
-6663
-6822
-6780
-6720
-6751
-6675
-6056
-4660
-2703
-605
1393
3221
4775
5897
6591
7057
7444
7576
7073
5714
3623
1150
-1381
-3717
-5628
-6876
-7370
-7342
-7178
-7138
-7128
-6913
-6328
-5401
-4224
-2806
-1169
526
1968
2975
3587
3976
4276
4545
4731
4749
4563
4212
3747
3235
2811
2656
2847
3247
3588
3715
3780
4105
4891
5827
6115
4910
2152
-1242
-4011
-5512
-5971
-6023
-6127
-6389
-6759
-7163
-7399
-7018
-5620
-3313
-751
1398
2983
4236
5341
6174
6639
6827
6923
6790
6048
4450
2215
-131
-2251
-4148
-5908
-7348
-8186
-8403
-8375
-8447
-8578
-8347
-7397
-5791
-3889
-1978
-84
1765
3340
4341
4780
4988
5297
5680
5809
5429
4645
3792
3085
2505
1989
1648
1756
2483
3640
4677
5128
4967
4648
4654
4940
4773
3317
569
-2540
-4913
-6193
-6732
-7007
-7104
-6882
-6480
-6304
-6433
-6210
-4871
-2444
202
2205
3460
4366
5151
5616
5665
5606
5799
6069
5752
4344
1972
-760
-3333
-5530
-7247
-8329
-8725
-8681
-8575
-8557
-8375
-7641
-6219
-4287
-2139
40
2053
3695
4835
5608
6258
6836
7106
6850
6154
5311
4499
3691
2894
2279
2035
2112
2291
2477
2858
3580
4446
4997
4996
4712
4543
4364
3428
1232
-1770
-4407
-5869
-6300
-6396
-6593
-6730
-6528
-6091
-5781
-5631
-5181
-4026
-2346
-722
525
1593
2815
4091
5002
5287
5114
4755
4231
3324
1900
60
-1973
-4059
-6059
-7668
-8540
-8629
-8272
-7831
-7370
-6686
-5613
-4193
-2600
-912
906
2858
4726
6173
6946
7038
6652
6070
5562
5278
5155
4926
4340
3400
2380
1663
1431
1601
1945
2384
2929
3481
3761
3604
3190
2896
2902
2860
2145
448
-1768
-3695
-4835
-5341
-5630
-5966
-6335
-6602
-6735
-6726
-6492
-5859
-4830
-3589
-2355
-1196
-85
976
1958
2860
3743
4515
4942
4808
4112
2919
1287
-676
-2695
-4418
-5629
-6308
-6594
-6600
-6401
-6065
-5644
-5080
-4210
-2912
-1201
760
2736
4478
5754
6411
6507
6372
6427
6870
7482
7793
7415
6283
4653
2904
1387
338
-168
-204
49
390
659
794
830
905
1203
1945
3114
4215
4396
3130
801
-1556
-3033
-3498
-3463
-3551
-4036
-4851
-5896
-7084
-8147
-8590
-8061
-6693
-4993
-3396
-1994
-657
717
2114
3492
4795
5888
6524
6471
5717
4497
3121
1674
91
-1637
-3291
-4609
-5460
-5870
-5920
-5684
-5263
-4738
-4087
-3117
-1602
488
2886
5131
6814
7741
7931
7531
6746
5827
4939
4043
2974
1656
210
-1134
-2177
-2810
-2967
-2589
-1665
-373
944
1913
2414
2668
2997
3602
4369
4968
4927
3862
1815
-691
-2915
-4415
-5232
-5766
-6373
-7114
-7881
-8605
-9253
-9589
-9246
-8067
-6279
-4267
-2213
-95
2070
4054
5629
6772
7636
8293
8590
8266
7230
5650
3750
1668
-452
-2286
-3542
-4219
-4612
-4948
-5195
-5158
-4766
-4113
-3309
-2323
-1160
-2
844
1255
1363
1452
1682
2035
2411
2768
3089
3288
3265
2989
2529
2034
1635
1365
1174
1039
1053
1333
1888
2504
2868
2829
2597
2581
3037
3766
4235
3928
2699
787
-1389
-3401
-4913
-5816
-6247
-6465
-6628
-6827
-7066
-7233
-7082
-6340
-4902
-2926
-801
1110
2638
3838
4863
5842
6829
7768
8541
8977
8914
8266
7092
5538
3711
1702
-390
-2384
-4112
-5464
-6498
-7385
-8229
-8970
-9425
-9424
-8847
-7661
-5967
-4011
-2128
-586
530
1341
2050
2859
3837
4854
5603
5802
5415
4650
3844
3217
2839
2648
2584
2580
2580
2506
2331
2094
1869
1704
1621
1700
2046
2580
2899
2507
1253
-498
-2155
-3332
-3998
-4376
-4684
-5020
-5373
-5711
-5991
-6133
-6022
-5549
-4678
-3377
-1643
468
2728
4758
6212
6957
7145
7080
7002
6926
6658
5948
4636
2764
579
-1574
-3403
-4772
-5704
-6359
-6939
-7569
-8287
-9045
-9686
-9939
-9575
-8550
-7043
-5339
-3654
-2055
-484
1081
2623
4135
5674
7246
8682
9656
9893
9377
8357
7192
6162
5423
5017
4855
4732
4364
3584
2464
1284
330
-292
-606
-704
-625
-449
-401
-773
-1634
-2600
-3101
-2880
-2236
-1710
-1575
-1739
-2025
-2445
-3033
-3605
-3826
-3547
-3007
-2590
-2408
-2171
-1533
-483
668
1669
2548
3416
4135
4365
3907
2931
1771
610
-603
-1906
-3178
-4265
-5182
-6080
-7003
-7752
-8083
-7919
-7376
-6561
-5554
-4453
-3412
-2469
-1456
-130
1568
3403
5049
6316
7222
7829
8138
8157
8014
7871
7750
7427
6684
5579
4447
3583
2983
2497
2089
1855
1773
1591
1095
389
-129
-181
180
638
908
839
326
-675
-2080
-3535
-4655
-5280
-5549
-5683
-5781
-5879
-6045
-6356
-6734
-6900
-6586
-5718
-4425
-2876
-1220
372
1676
2548
3067
3506
4074
4759
5351
5667
5568
4933
3685
1962
155
-1325
-2329
-3091
-3942
-4997
-6065
-6882
-7345
-7438
-7061
-6106
-4662
-3090
-1729
-686
192
1077
1997
2887
3726
4621
5605
6529
7129
7275
7086
6758
6395
5958
5455
4968
4598
4332
4035
3571
2866
1930
804
-393
-1422
-2058
-2237
-2108
-1879
-1765
-1977
-2698
-3923
-5326
-6380
-6688
-6251
-5419
-4583
-3927
-3445
-3110
-2896
-2683
-2216
-1329
-124
1085
2082
2895
3645
4276
4554
4373
3971
3750
3831
3952
3787
3279
2572
1691
492
-1071
-2713
-3981
-4640
-4845
-4935
-5116
-5387
-5655
-5864
-5876
-5467
-4494
-3113
-1734
-681
-6
482
980
1593
2369
3337
4421
5372
5886
5860
5453
4927
4406
3939
3614
3563
3773
4005
4011
3735
3286
2727
2045
1307
676
321
223
214
129
-48
-230
-451
-864
-1552
-2278
-2666
-2544
-2142
-1845
-1847
-2057
-2316
-2603
-2960
-3266
-3231
-2686
-1829
-1087
-721
-617
-450
-59
489
1043
1528
1886
2008
1796
1302
764
398
158
-214
-882
-1711
-2457
-3001
-3416
-3778
-4089
-4323
-4519
-4760
-5015
-5128
-4948
-4553
-4161
-3928
-3779
-3558
-3205
-2761
-2180
-1281
107
1923
3895
5726
7254
8411
9146
9423
9310
8993
8621
8180
7487
6431
5094
3705
2430
1298
288
-543
-1113
-1410
-1534
-1553
-1436
-1100
-569
-37
249
153
-246
-750
-1215
-1637
-2070
-2481
-2798
-3059
-3415
-3958
-4566
-5024
-5206
-5154
-4929
-4505
-3803
-2862
-1840
-904
-101
598
1231
1765
2143
2365
2487
2494
2207
1426
162
-1322
-2700
-3779
-4522
-4953
-5117
-5076
-4914
-4669
-4319
-3766
-2961
-1973
-967
-15
934
1909
2807
3506
4046
4589
5249
5974
6587
6967
7113
7111
6986
6705
6325
5988
5793
5618
5271
4691
3998
3310
2651
2025
1511
1220
1157
1158
984
534
-81
-683
-1247
-1917
-2817
-3928
-5096
-6152
-6960
-7488
-7757
-7769
-7497
-6936
-6177
-5346
-4597
-4028
-3664
-3439
-3241
-2939
-2387
-1539
-551
341
979
1421
1812
2258
2747
3205
3558
3740
3676
3287
2596
1747
957
319
-222
-778
-1381
-1949
-2405
-2737
-2993
-3155
-3147
-2950
-2640
-2311
-1938
-1444
-807
-81
686
1516
2424
3350
4162
4813
5360
5889
6401
6856
7238
7539
7715
7690
7414
6887
6155
5262
4231
3044
1695
228
-1245
-2591
-3696
-4548
-5216
-5801
-6268
-6504
-6444
-6189
-5936
-5774
-5620
-5332
-4877
-4361
-3861
-3330
-2689
-1970
-1356
-1004
-907
-939
-1028
-1219
-1510
-1759
-1745
-1357
-646
253
1200
2102
2867
3420
3727
3845
3912
3991
4013
3828
3349
2585
1573
347
-1006
-2286
-3287
-3966
-4469
-4973
-5483
-5839
-5885
-5576
-4929
-3906
-2507
-858
766
2143
3236
4174
5078
5951
6744
7421
7950
8213
8082
7556
6824
6128
5556
5013
4364
3613
2825
1986
996
-169
-1347
-2296
-2916
-3301
-3578
-3737
-3683
-3452
-3204
-3083
-3084
-3181
-3416
-3869
-4477
-5013
-5236
-5087
-4699
-4215
-3677
-3090
-2518
-2032
-1579
-998
-154
910
2002
2914
3535
3870
3977
3962
3929
3911
3823
3542
3006
2256
1377
449
-485
-1387
-2191
-2834
-3314
-3713
-4081
-4379
-4524
-4504
-4382
-4188
-3843
-3223
-2286
-1155
-24
941
1698
2280
2768
3255
3840
4584
5412
6118
6454
6325
5831
5201
4646
4302
4195
4241
4275
4119
3660
2871
1848
763
-235
-1096
-1866
-2606
-3326
-3983
-4500
-4799
-4850
-4703
-4439
-4104
-3701
-3235
-2790
-2498
-2448
-2541
-2572
-2409
-2098
-1726
-1299
-823
-417
-274
-468
-856
-1172
-1230
-1064
-837
-630
-371
47
567
1037
1354
1559
1724
1886
2018
2086
2061
1905
1575
1056
423
-191
-672
-1038
-1351
-1672
-1982
-2239
-2366
-2324
-2165
-1975
-1784
-1520
-1099
-507
209
977
1718
2365
2862
3208
3423
3589
3786
4051
4314
4465
4464
4355
4199
3976
3623
3114
2505
1907
1380
900
398
-198
-909
-1709
-2483
-3080
-3429
-3586
-3689
-3790
-3891
-3970
-4054
-4137
-4147
-3996
-3672
-3303
-3014
-2802
-2513
-2014
-1323
-563
214
1008
1782
2356
2588
2526
2383
2304
2238
2049
1718
1380
1131
913
601
222
-32
-1
238
464
515
435
316
163
-88
-419
-685
-767
-702
-654
-753
-980
-1243
-1481
-1658
-1739
-1645
-1339
-860
-306
231
722
1182
1634
2090
2577
3117
3679
4163
4445
4476
4271
3876
3327
2693
2117
1736
1570
1469
1185
550
-412
-1490
-2437
-3112
-3471
-3546
-3428
-3285
-3290
-3494
-3764
-3824
-3476
-2752
-1882
-1106
-529
-165
-15
-71
-212
-244
-45
309
637
843
970
1108
1224
1212
1027
774
575
429
261
62
-88
-136
-141
-187
-275
-314
-236
-108
-58
-149
-296
-347
-208
55
299
435
449
340
41
-454
-1053
-1576
-1908
-2055
-2108
-2128
-2132
-2113
-2068
-1951
-1661
-1120
-334
572
1429
2115
2566
2782
2780
2640
2514
2542
2729
2887
2803
2388
1746
1057
441
-73
-504
-839
-1069
-1230
-1387
-1579
-1750
-1814
-1708
-1430
-1033
-563
-74
376
703
848
843
769
704
672
671
700
720
651
420
45
-329
-551
-520
-247
198
716
1183
1505
1613
1522
1329
1178
1184
1349
1567
1666
1528
1134
541
-152
-853
-1451
-1873
-2122
-2266
-2377
-2473
-2541
-2544
-2441
-2214
-1868
-1446
-990
-529
-93
276
534
676
719
676
568
426
302
219
199
250
381
551
703
787
829
915
1139
1490
1861
2112
2177
2082
1878
1620
1336
1037
683
234
-326
-954
-1565
-2093
-2529
-2893
-3172
-3298
-3205
-2879
-2358
-1719
-1040
-389
214
754
1224
1623
1933
2135
2202
2145
1972
1679
1273
801
319
-153
-644
-1156
-1664
-2092
-2415
-2630
-2747
-2717
-2431
-1864
-1103
-354
236
637
928
1190
1432
1623
1756
1843
1854
1682
1236
565
-176
-835
-1382
-1839
-2211
-2460
-2565
-2547
-2433
-2229
-1911
-1456
-908
-375
59
415
815
1302
1815
2232
2506
2642
2644
2515
2272
1966
1643
1333
1033
751
517
358
248
152
69
29
20
-6
-77
-185
-307
-429
-525
-565
-536
-461
-397
-435
-622
-872
-983
-797
-327
246
731
1013
1090
1028
937
952
1145
1501
1907
2236
2405
2370
2118
1676
1135
603
168
-128
-312
-435
-539
-621
-655
-657
-643
-625
-612
-646
-780
-991
-1202
-1343
-1398
-1391
-1335
-1288
-1329
-1508
-1788
-2043
-2175
-2156
-2051
-1935
-1826
-1726
-1627
-1525
-1359
-1072
-676
-261
106
419
705
986
1249
1448
1514
1408
1182
953
824
828
933
1051
1055
869
524
128
-230
-508
-666
-672
-553
-394
-250
-104
114
418
748
1000
1165
1349
1660
2082
2497
2808
2965
2942
2706
2267
1747
1331
1171
1208
1232
1032
595
44
-494
-953
-1321
-1590
-1765
-1876
-1951
-2000
-1992
-1882
-1689
-1475
-1306
-1187
-1110
-1072
-1108
-1218
-1355
-1444
-1448
-1377
-1288
-1257
-1326
-1485
-1682
-1854
-1932
-1869
-1679
-1440
-1234
-1092
-998
-900
-767
-594
-420
-266
-90
182
573
1005
1397
1708
1955
2134
2219
2221
2185
2159
2139
2069
1915
1707
1525
1414
1338
1239
1077
883
687
499
334
249
328
572
872
1071
1118
1104
1160
1321
1508
1631
1677
1697
1680
1548
1266
941
729
679
663
518
187
-244
-663
-1027
-1382
-1777
-2184
-2502
-2669
-2721
-2699
-2578
-2303
-1902
-1468
-1098
-803
-566
-387
-284
-273
-303
-321
-295
-272
-336
-552
-897
-1265
-1564
-1788
-1998
-2218
-2375
-2391
-2278
-2113
-1942
-1721
-1408
-1019
-632
-297
16
373
827
1329
1796
2141
2336
2380
2299
2122
1894
1680
1537
1456
1355
1178
962
820
805
862
878
796
640
490
418
461
590
736
858
940
991
1013
1038
1105
1236
1421
1614
1744
1742
1595
1341
1009
629
262
-4
-133
-186
-239
-325
-437
-571
-748
-966
-1188
-1334
-1387
-1427
-1558
-1785
-1985
-2066
-2046
-2049
-2134
-2252
-2333
-2371
-2416
-2478
-2497
-2416
-2240
-2040
-1860
-1660
-1368
-991
-642
-441
-399
-404
-333
-146
95
300
433
495
496
439
367
364
493
737
996
1178
1251
1269
1302
1376
1482
1642
1878
2166
2421
2578
2644
2681
2726
2750
2683
2508
2294
2121
2013
1923
1811
1673
1535
1400
1263
1093
873
583
221
-173
-522
-751
-857
-886
-900
-927
-952
-964
-980
-1037
-1135
-1223
-1247
-1214
-1189
-1229
-1357
-1548
-1761
-1960
-2121
-2264
-2406
-2536
-2589
-2510
-2337
-2189
-2156
-2213
-2233
-2133
-1919
-1651
-1359
-1022
-620
-214
77
183
174
189
301
487
711
993
1340
1675
1856
1818
1647
1528
1589
1787
1979
2049
1985
1815
1568
1303
1159
1263
1599
2004
2296
2400
2338
2170
1941
1695
1502
1396
1335
1207
944
573
165
-228
-589
-923
-1204
-1408
-1517
-1555
-1550
-1510
-1429
-1319
-1222
-1145
-1060
-940
-787
-597
-358
-117
14
-60
-327
-689
-1008
-1211
-1314
-1389
-1487
-1577
-1624
-1632
-1640
-1648
-1614
-1518
-1387
-1249
-1073
-828
-511
-170
145
422
656
836
931
930
847
726
613
539
508
487
463
451
474
517
554
584
621
667
696
681
634
617
684
798
846
750
527
275
91
37
120
292
472
579
572
455
291
154
85
51
4
-81
-182
-279
-359
-410
-426
-416
-406
-404
-403
-394
-375
-348
-319
-288
-249
-183
-104
-34
9
59
182
404
663
867
952
936
857
755
667
608
562
482
348
187
39
-70
-139
-189
-239
-297
-364
-439
-516
-578
-603
-561
-446
-302
-202
-177
-190
-175
-119
-66
-79
-149
-206
-174
-28
172
349
436
397
211
-99
-464
-801
-1044
-1165
-1171
-1134
-1112
-1116
-1117
-1102
-1075
-1020
-888
-655
-341
-11
281
520
726
899
1013
1058
1067
1073
1067
1018
925
832
763
685
552
350
121
-65
-145
-87
80
287
481
656
806
914
968
1005
1078
1213
1379
1506
1520
1384
1131
842
572
302
-21
-418
-826
-1155
-1356
-1449
-1477
-1454
-1360
-1219
-1097
-1032
-978
-878
-728
-566
-431
-335
-271
-227
-218
-290
-445
-628
-755
-820
-863
-919
-984
-1053
-1117
-1132
-1062
-908
-738
-615
-560
-542
-493
-381
-239
-142
-121
-146
-176
-177
-127
-11
137
265
353
429
509
593
689
817
981
1157
1303
1393
1417
1388
1334
1260
1152
1009
866
775
744
731
679
579
474
398
350
332
372
483
622
728
787
831
857
827
717
564
445
407
410
357
192
-30
-213
-327
-429
-578
-773
-964
-1129
-1270
-1382
-1443
-1442
-1397
-1310
-1173
-984
-761
-517
-264
-49
88
130
121
116
121
94
-15
-203
-422
-635
-832
-1018
-1168
-1220
-1127
-900
-614
-344
-117
43
105
56
-36
-58
82
353
635
804
830
767
692
668
717
832
965
1065
1100
1063
967
847
745
693
684
672
628
560
510
490
482
460
438
453
522
635
725
733
647
514
359
190
4
-158
-270
-362
-448
-508
-508
-487
-476
-481
-473
-451
-435
-440
-476
-560
-671
-751
-730
-599
-421
-283
-256
-342
-488
-631
-758
-898
-1052
-1181
-1253
-1278
-1299
-1363
-1484
-1625
-1737
-1785
-1755
-1635
-1417
-1125
-812
-546
-366
-267
-199
-110
7
132
265
419
604
808
1026
1253
1464
1603
1635
1567
1448
1323
1205
1085
957
819
669
507
346
204
98
54
94
213
364
530
739
1016
1311
1528
1629
1652
1656
1645
1595
1501
1373
1224
1047
844
638
457
293
99
-169
-488
-776
-944
-979
-944
-937
-1005
-1118
-1225
-1289
-1282
-1175
-985
-776
-623
-555
-570
-627
-689
-730
-743
-712
-621
-509
-434
-431
-479
-565
-687
-815
-899
-904
-828
-673
-443
-175
61
205
247
220
185
214
321
460
567
638
704
758
768
736
718
747
804
834
800
698
549
375
198
39
-71
-111
-94
-66
-77
-146
-273
-411
-498
-477
-349
-157
24
117
100
22
-29
-13
53
137
220
293
327
292
187
41
-99
-196
-244
-262
-271
-290
-319
-345
-348
-313
-240
-149
-79
-58
-81
-130
-178
-210
-215
-201
-206
-253
-336
-411
-443
-431
-410
-397
-374
-297
-174
-86
-119
-263
-410
-451
-369
-229
-109
-26
37
85
103
108
160
284
423
497
516
551
640
742
774
706
561
395
241
115
37
28
76
117
107
77
92
161
236
280
317
384
475
554
596
625
680
756
810
801
745
693
662
611
520
444
441
474
448
314
116
-88
-274
-441
-559
-592
-528
-408
-308
-287
-343
-432
-516
-585
-645
-673
-659
-620
-596
-607
-640
-698
-798
-945
-1079
-1115
-1022
-857
-697
-573
-459
-318
-133
71
258
406
517
591
627
645
664
679
642
527
360
197
87
26
-17
-86
-187
-290
-381
-477
-572
-612
-541
-372
-173
9
169
317
437
519
582
649
716
760
765
728
660
584
508
414
285
145
41
-6
-9
-4
-25
-100
-224
-366
-481
-544
-555
-533
-525
-550
-591
-593
-544
-469
-400
-345
-295
-253
-227
-235
-278
-339
-371
-348
-289
-230
-186
-147
-101
-65
-43
-24
46
183
346
463
493
463
431
444
504
589
660
674
612
518
470
511
609
690
701
640
554
493
470
450
399
320
242
177
105
24
-53
-113
-175
-262
-375
-485
-552
-570
-563
-563
-592
-626
-657
-698
-761
-802
-743
-588
-428
-354
-346
-303
-174
-10
86
66
-44
-174
-280
-344
-364
-346
-304
-281
-313
-408
-522
-609
-644
-625
-558
-455
-349
-266
-206
-123
14
200
394
570
708
815
892
938
958
974
1013
1076
1150
1215
1257
1284
1300
1294
1239
1132
999
866
747
640
542
441
335
236
156
94
34
-41
-135
-222
-273
-286
-288
-293
-295
-269
-211
-147
-126
-175
-260
-324
-338
-325
-344
-417
-518
-580
-582
-556
-549
-565
-560
-518
-468
-474
-554
-691
-849
-995
-1085
-1114
-1129
-1171
-1234
-1266
-1226
-1107
-929
-724
-508
-292
-110
-19
-30
-70
-65
-9
36
42
46
87
165
236
276
308
379
505
654
786
874
926
966
1009
1049
1047
987
893
807
759
757
779
796
797
803
824
831
786
681
553
425
298
179
84
28
-25
-93
-163
-200
-203
-207
-253
-351
-491
-632
-725
-736
-693
-667
-732
-893
-1098
-1280
-1396
-1417
-1336
-1193
-1047
-929
-812
-669
-528
-446
-413
-365
-263
-145
-54
-10
7
20
41
83
143
223
301
348
336
281
229
222
270
341
408
462
507
554
606
684
804
961
1121
1258
1371
1458
1487
1420
1279
1129
1038
1024
1046
1044
983
876
749
612
467
318
190
84
6
-51
-83
-105
-128
-157
-186
-193
-170
-122
-77
-84
-168
-298
-413
-482
-508
-524
-543
-577
-630
-693
-730
-716
-663
-605
-573
-562
-571
-598
-635
-657
-665
-692
-764
-838
-862
-851
-881
-982
-1087
-1112
-1042
-930
-826
-739
-653
-554
-460
-385
-322
-245
-157
-65
52
218
405
541
597
616
663
747
843
917
942
901
799
685
608
595
624
643
603
500
383
309
272
240
201
168
137
81
-12
-124
-220
-270
-259
-180
-56
66
140
160
146
126
125
147
173
184
180
194
237
298
336
317
231
79
-122
-343
-532
-652
-707
-764
-878
-1028
-1151
-1205
-1213
-1188
-1132
-1038
-926
-812
-715
-624
-523
-404
-284
-175
-70
34
119
175
235
323
408
445
427
388
373
383
410
449
511
596
679
725
720
689
666
661
649
624
607
625
656
660
623
548
468
419
439
514
589
626
630
653
732
854
951
988
981
975
979
985
982
968
941
890
792
626
390
115
-158
-411
-635
-833
-1012
-1178
-1327
-1425
-1448
-1393
-1307
-1245
-1228
-1223
-1181
-1087
-973
-879
-817
-760
-690
-624
-589
-565
-502
-400
-297
-243
-236
-237
-217
-163
-101
-56
-40
-35
-24
-5
6
8
15
34
61
89
106
108
128
197
296
387
436
457
461
469
481
480
444
384
333
296
244
167
94
59
68
107
154
191
218
238
247
224
158
62
-35
-110
-163
-211
-277
-350
-388
-363
-293
-222
-177
-141
-92
-27
38
88
121
130
114
89
61
16
-87
-251
-438
-588
-685
-758
-833
-896
-921
-909
-887
-861
-806
-695
-518
-295
-53
172
346
474
582
692
792
863
902
917
918
897
842
730
563
377
227
139
94
59
22
8
43
127
223
298
349
392
427
454
469
476
472
459
441
422
391
351
312
288
295
332
389
433
432
371
269
184
164
206
265
306
317
281
199
89
-22
-127
-228
-321
-403
-469
-506
-502
-462
-411
-378
-379
-413
-454
-481
-494
-482
-458
-440
-456
-500
-534
-531
-504
-478
-447
-393
-328
-279
-261
-264
-279
-296
-275
-199
-88
2
43
49
46
43
44
54
84
111
117
97
70
59
76
120
171
200
192
156
113
79
62
57
47
18
-26
-66
-87
-92
-87
-68
-32
-4
-2
-11
-10
-26
-90
-167
-197
-173
-138
-105
-58
-1
35
61
106
161
196
198
187
169
127
53
-36
-106
-131
-125
-142
-217
-306
-342
-317
-274
-246
-230
-216
-196
-168
-151
-174
-241
-307
-328
-295
-249
-217
-201
-187
-179
-180
-190
-197
-180
-128
-45
42
116
173
230
295
370
463
574
689
777
815
792
730
669
626
592
549
489
418
347
289
232
154
52
-37
-61
-25
43
115
193
278
343
360
321
262
214
169
91
-5
-56
-53
-54
-105
-171
-196
-194
-220
-304
-393
-426
-377
-282
-207
-194
-243
-308
-336
-308
-234
-161
-125
-145
-193
-221
-211
-180
-173
-188
-190
-140
-53
-3
-41
-131
-179
-138
-49
21
49
57
70
89
111
120
103
58
1
-32
-14
62
158
228
244
210
170
162
201
248
268
271
296
355
426
471
478
454
433
435
462
499
537
573
604
613
571
459
289
109
-52
-195
-338
-479
-587
-648
-662
-654
-641
-629
-596
-509
-382
-257
-191
-213
-305
-409
-448
-403
-315
-243
-214
-228
-278
-340
-395
-416
-409
-385
-343
-281
-207
-160
-156
-191
-245
-300
-348
-364
-342
-284
-209
-131
-72
-42
-17
50
167
280
324
286
204
132
112
146
197
245
308
399
501
570
595
588
570
546
524
520
537
558
556
541
521
499
459
398
303
153
-42
-237
-371
-439
-471
-518
-607
-713
-784
-787
-738
-661
-553
-420
-307
-264
-300
-367
-422
-432
-396
-328
-274
-256
-262
-267
-264
-265
-276
-275
-252
-214
-155
-58
76
198
288
374
490
614
727
844
971
1062
1052
932
770
639
572
557
567
568
544
485
408
344
309
298
279
246
206
185
194
230
280
324
346
337
304
261
230
216
221
232
223
168
72
-29
-97
-124
-127
-150
-221
-339
-450
-515
-533
-539
-565
-631
-738
-872
-991
-1061
-1063
-1001
-902
-804
-746
-727
-731
-751
-783
-805
-785
-728
-661
-615
-587
-565
-539
-485
-379
-228
-67
85
235
377
472
498
486
489
542
629
713
758
762
754
752
749
731
685
593
460
312
199
159
180
223
249
249
221
170
115
93
106
126
127
111
91
67
43
13
-50
-163
-283
-349
-359
-371
-427
-513
-592
-627
-616
-580
-541
-492
-416
-320
-220
-115
3
106
153
125
54
-30
-107
-171
-220
-257
-287
-315
-314
-268
-194
-145
-154
-172
-138
-54
36
110
194
316
445
549
617
669
719
750
745
697
634
588
572
571
565
535
498
463
428
386
351
367
434
510
543
532
508
477
433
394
382
401
432
454
457
416
316
167
15
-94
-136
-132
-115
-107
-115
-150
-211
-268
-282
-243
-172
-112
-101
-161
-270
-380
-441
-439
-403
-371
-367
-370
-366
-371
-408
-472
-522
-527
-488
-438
-431
-475
-544
-598
-624
-635
-642
-648
-644
