87
-35
-139
-211
-232
-167
-43
79
162
246
352
436
424
303
149
43
-15
-87
-213
-343
-400
-387
-373
-423
-525
-617
-630
-562
-470
-413
-387
-349
-273
-181
-114
-78
-63
-65
-108
-183
-242
-238
-178
-122
-134
-229
-349
-401
-360
-284
-257
-312
-423
-559
-653
-653
-529
-332
-140
-21
4
-39
-100
-159
-244
-379
-543
-653
-656
-577
-495
-452
-405
-292
-107
95
251
346
388
414
462
550
665
745
742
643
501
388
345
341
308
222
119
49
17
1
-25
-82
-167
-248
-280
-251
-172
-84
-41
-85
-184
-237
-189
-87
-32
-51
-73
-22
101
236
339
412
462
479
447
378
299
236
196
182
200
238
273
297
315
323
318
326
386
450
436
316
170
66
-27
-154
-311
-419
-434
-399
-385
-427
-470
-448
-329
-146
29
150
221
286
382
507
627
703
726
708
650
544
396
224
41
-128
-220
-174
5
222
347
307
160
6
-95
-177
-268
-359
-413
-427
-433
-459
-494
-496
-462
-420
-384
-316
-200
-66
31
83
135
218
307
355
340
293
255
248
275
302
301
275
265
308
371
401
345
197
-26
-281
-503
-623
-602
-494
-404
-419
-506
-551
-466
-279
-84
41
66
0
-121
-244
-328
-390
-467
-567
-628
-592
-460
-300
-185
-111
-33
100
262
398
465
469
427
322
133
-119
-342
-464
-482
-456
-424
-383
-316
-217
-96
17
80
98
109
126
108
14
-135
-290
-404
-451
-404
-275
-119
1
74
144
247
350
378
296
141
-15
-112
-144
-108
-21
115
273
375
354
226
126
152
282
400
418
365
306
265
193
53
-127
-248
-235
-118
-1
46
49
66
114
172
219
239
224
161
69
-20
-52
3
119
215
248
246
258
281
296
317
373
446
468
408
286
157
67
34
54
110
171
199
187
161
154
180
244
325
374
336
215
64
-71
-178
-265
-296
-253
-162
-93
-101
-164
-221
-220
-154
-57
15
16
-63
-171
-258
-297
-305
-279
-224
-165
-154
-208
-274
-320
-361
-426
-488
-499
-452
-402
-379
-335
-210
-3
212
359
424
444
455
466
470
446
373
225
26
-164
-297
-360
-363
-329
-301
-299
-304
-293
-283
-296
-325
-327
-286
-223
-190
-214
-282
-353
-386
-364
-293
-192
-96
-36
-25
-39
-39
-8
44
93
111
107
89
60
-12
-131
-242
-267
-188
-77
-17
-53
-141
-204
-185
-90
28
114
132
69
-32
-99
-99
-44
49
170
269
316
342
397
465
496
487
482
498
507
467
357
199
64
43
142
288
399
455
453
394
308
234
142
-22
-240
-409
-458
-415
-350
-315
-317
-342
-377
-417
-440
-418
-322
-167
2
128
188
202
220
263
294
258
153
29
-64
-136
-202
-238
-185
-24
190
359
394
293
127
7
-21
16
60
52
-2
-28
37
169
299
404
521
661
788
832
722
456
129
-70
-49
126
291
337
287
237
249
298
327
298
230
157
84
-5
-116
-204
-221
-163
-92
-82
-159
-259
-287
-220
-119
-65
-81
-153
-241
-296
-278
-208
-152
-164
-222
-233
-127
52
156
98
-67
-215
-270
-248
-201
-164
-143
-104
-35
36
78
91
90
43
-77
-252
-414
-508
-536
-525
-515
-529
-557
-562
-515
-419
-300
-195
-145
-172
-233
-242
-172
-83
-59
-86
-90
-19
75
105
18
-152
-312
-410
-432
-391
-263
-50
184
333
344
266
196
179
166
116
50
-2
-29
-50
-71
-101
-139
-144
-95
-1
69
79
28
-42
-100
-142
-177
-209
-229
-240
-248
-246
-186
-57
102
214
217
104
-60
-172
-174
-81
46
137
173
172
200
286
421
556
643
659
612
527
411
274
140
61
55
90
112
106
103
147
235
340
442
539
632
711
754
737
687
644
625
578
469
336
239
187
133
63
20
63
186
319
397
397
348
275
196
116
49
1
-38
-78
-134
-195
-230
-210
-157
-155
-235
-338
-373
-338
-312
-333
-376
-397
-399
-408
-453
-516
-547
-521
-474
-465
-499
-550
-580
-569
-512
-416
-306
-212
-169
-185
-231
-277
-337
-437
-545
-575
-488
-340
-237
-230
-277
-311
-280
-181
-36
121
241
264
174
26
-77
-76
7
96
150
179
194
208
225
259
304
354
403
427
402
328
247
201
215
303
451
581
601
469
248
50
-49
-48
-37
-103
-238
-335
-310
-203
-110
-90
-135
-189
-185
-117
-50
-58
-129
-203
-237
-211
-118
12
116
125
34
-114
-241
-301
-287
-226
-148
-86
-76
-137
-251
-365
-438
-468
-461
-404
-268
-48
199
384
443
394
286
180
117
129
204
302
358
331
227
114
70
119
195
216
164
100
98
163
242
280
282
294
345
391
385
329
259
215
201
215
246
294
346
384
391
392
414
440
415
320
213
172
226
314
321
168
-84
-274
-294
-150
56
237
313
237
52
-157
-316
-397
-387
-288
-163
-90
-90
-132
-180
-209
-192
-150
-120
-120
-125
-126
-162
-230
-305
-373
-453
-524
-541
-492
-426
-379
-330
-280
-256
-281
-319
-309
-251
-193
-182
-207
-214
-153
-26
110
203
256
293
331
362
377
372
351
316
272
228
173
86
-30
-147
-216
-229
-210
-216
-285
-405
-514
-548
-504
-421
-338
-263
-187
-100
-27
22
50
86
135
185
202
175
109
14
-80
-140
-127
-41
50
68
4
-78
-116
-108
-114
-169
-232
-227
-146
-70
-76
-142
-172
-114
-3
76
49
-70
-179
-177
-58
98
223
282
270
209
167
191
274
360
397
359
287
250
278
330
360
383
438
515
541
466
300
88
-114
-270
-338
-321
-266
-250
-280
-296
-231
-99
9
28
-20
-35
31
144
205
149
7
-117
-131
-50
39
66
60
93
215
380
486
467
351
230
163
160
176
167
130
104
140
233
310
315
240
146
81
61
80
99
65
-39
-165
-256
-296
-295
-263
-208
-147
-67
51
209
386
538
608
558
419
283
228
255
282
221
40
-197
-409
-561
-655
-684
-627
-496
-353
-273
-308
-447
-633
-780
-832
-814
-799
-836
-886
-862
-721
-502
-280
-111
7
122
265
399
431
317
117
-70
-211
-328
-407
-393
-276
-115
28
126
185
237
336
481
589
585
505
441
430
444
447
407
306
165
43
-30
-80
-134
-173
-151
-47
94
203
252
286
354
435
434
295
75
-115
-190
-178
-161
-197
-286
-389
-482
-530
-492
-371
-239
-195
-268
-425
-579
-637
-579
-477
-432
-439
-422
-331
-195
-69
26
75
64
16
-11
46
181
311
341
262
202
301
571
865
999
930
750
615
603
681
757
781
776
806
905
1036
1129
1129
1049
923
778
614
429
239
75
-40
-123
-241
-458
-781
-1134
-1400
-1511
-1470
-1335
-1173
-1036
-953
-892
-779
-544
-213
89
244
241
180
146
136
104
27
-79
-193
-292
-364
-393
-395
-388
-374
-329
-225
-59
172
439
670
796
840
895
1011
1149
1247
1289
1292
1274
1238
1174
1108
1069
1073
1090
1094
1062
1000
906
641
-105
-1435
-2806
-3309
-2623
-1471
-927
-1330
-2058
-2242
-1609
-607
170
500
516
349
52
-222
-193
230
728
823
301
-555
-1245
-1474
-1416
-1492
-1926
-2517
-2829
-2612
-1971
-1206
-538
-20
360
589
694
819
1114
1509
1705
1473
945
460
229
137
-23
-279
-470
-430
-169
202
604
1040
1449
1661
1583
1423
1510
1892
2190
1979
1267
479
57
45
140
79
-123
-326
-509
-729
-869
-705
-193
375
624
451
87
-128
-73
111
172
-2
-317
-611
-779
-793
-646
-354
-14
243
361
426
570
827
1089
1188
1070
824
600
452
332
206
115
103
113
45
-138
-340
-454
-463
-430
-411
-406
-384
-347
-336
-392
-513
-654
-800
-969
-1179
-1366
-1411
-1278
-1061
-913
-901
-993
-1081
-1042
-800
-408
-35
161
161
66
12
56
135
134
7
-159
-240
-208
-161
-184
-247
-253
-139
71
289
436
512
591
751
1015
1342
1609
1674
1481
1146
890
887
1116
1394
1525
1480
1402
1455
1643
1830
1918
1935
1942
1857
1362
101
-1803
-3514
-4070
-3364
-2348
-2109
-2812
-3617
-3554
-2452
-1003
-41
185
18
-120
-24
356
995
1683
2068
1899
1228
367
-312
-650
-836
-1242
-2000
-2797
-3128
-2789
-2029
-1255
-670
-166
404
1041
1629
2081
2334
2291
1877
1199
527
79
-155
-354
-631
-936
-1113
-1012
-561
174
966
1532
1752
1767
1865
2232
2776
3184
3182
2791
2313
2048
2032
2087
2026
1837
1568
1214
754
328
217
543
1070
1248
519
-1235
-3279
-4384
-3941
-2701
-2109
-2854
-4271
-5087
-4632
-3217
-1674
-597
-124
-63
-80
201
1019
2205
3222
3545
3096
2256
1525
1124
837
209
-1018
-2593
-3906
-4450
-4191
-3509
-2856
-2438
-2150
-1750
-1105
-298
472
995
1145
906
421
-96
-494
-820
-1225
-1744
-2179
-2231
-1786
-1029
-288
276
754
1347
2126
2981
3737
4280
4583
4659
4562
4372
4169
3964
3694
3279
2715
2087
1510
1056
759
600
494
360
235
225
206
-295
-1580
-3136
-3904
-3467
-2688
-2800
-3979
-5136
-5125
-3927
-2510
-1720
-1506
-1241
-531
528
1687
2810
3782
4393
4444
3974
3305
2799
2500
2026
924
-806
-2599
-3812
-4229
-4168
-4094
-4165
-4152
-3753
-2979
-2120
-1462
-1097
-950
-835
-550
-78
329
336
-117
-696
-895
-491
230
755
858
842
1169
1991
2986
3696
3988
4121
4364
4656
4745
4595
4407
4285
4040
3494
2816
2422
2484
2694
2590
2049
1361
870
583
79
-1108
-2882
-4405
-4886
-4546
-4480
-5395
-6748
-7316
-6490
-4866
-3552
-3052
-2915
-2392
-1210
328
1773
2860
3562
3966
4177
4233
4148
3916
3410
2406
854
-890
-2288
-3065
-3454
-3928
-4736
-5555
-5749
-5022
-3804
-2822
-2374
-2154
-1677
-818
105
618
512
-15
-532
-686
-382
160
552
537
284
286
904
2012
3117
3787
3996
4066
4351
4924
5559
5955
5988
5791
5569
5417
5275
5027
4584
3945
3212
2588
2176
1688
525
-1515
-3696
-4867
-4732
-4304
-4841
-6445
-7910
-7998
-6681
-5050
-4107
-3862
-3594
-2738
-1307
366
1973
3337
4362
5042
5442
5652
5709
5510
4835
3533
1778
33
-1323
-2278
-3065
-3879
-4680
-5252
-5387
-5073
-4504
-3923
-3436
-2960
-2293
-1294
-86
908
1269
996
571
545
1014
1525
1542
1000
419
412
1091
1989
2567
2756
2935
3425
4135
4753
5180
5557
5892
5915
5470
4875
4631
4788
4847
4360
3395
2263
1040
-394
-1924
-3158
-3890
-4449
-5380
-6773
-8049
-8543
-8239
-7746
-7524
-7380
-6791
-5556
-4004
-2599
-1462
-299
1190
2895
4372
5283
5651
5665
5405
4820
3908
2792
1619
393
-1026
-2629
-4033
-4764
-4812
-4706
-4906
-5322
-5489
-5101
-4250
-3238
-2286
-1414
-568
196
727
975
1114
1354
1694
1940
1965
1860
1832
1987
2268
2563
2854
3240
3814
4533
5248
5798
6086
6127
6028
5918
5827
5662
5316
4756
4055
3396
2895
2395
1539
281
-902
-1492
-1622
-2003
-3154
-4805
-6153
-6701
-6753
-6992
-7609
-8065
-7703
-6475
-4928
-3609
-2577
-1473
67
1969
3767
4977
5487
5508
5260
4831
4226
3475
2585
1499
152
-1380
-2794
-3781
-4326
-4744
-5299
-5887
-6143
-5840
-5114
-4315
-3657
-3032
-2189
-1067
106
1035
1635
2037
2421
2858
3341
3840
4296
4622
4766
4799
4900
5229
5745
6191
6271
5928
5402
4998
4817
4661
4212
3367
2397
1701
1390
1243
997
573
24
-562
-1098
-1556
-2003
-2522
-3112
-3704
-4248
-4759
-5304
-5933
-6579
-7055
-7176
-6946
-6501
-5936
-5201
-4246
-3132
-1980
-837
329
1486
2464
3027
3085
2832
2578
2422
2166
1573
667
-349
-1300
-2166
-2956
-3608
-4060
-4346
-4615
-4870
-4914
-4537
-3816
-3053
-2469
-2012
-1471
-718
192
1038
1659
2152
2773
3629
4541
5265
5749
6137
6582
7079
7452
7513
7229
6720
6120
5479
4796
4019
3073
1975
906
92
-419
-781
-1158
-1563
-1886
-2027
-2012
-1932
-1831
-1672
-1492
-1456
-1685
-2040
-2255
-2320
-2512
-3015
-3588
-3799
-3501
-3035
-2875
-3098
-3239
-2754
-1663
-602
-201
-427
-664
-384
300
785
645
94
-331
-414
-450
-708
-1053
-1183
-1086
-1077
-1366
-1811
-2019
-1768
-1255
-925
-1001
-1244
-1238
-810
-211
168
168
22
143
680
1380
1908
2232
2583
3136
3853
4560
5092
5344
5318
5137
4936
4731
4391
3787
2953
2096
1415
921
447
-157
-823
-1309
-1434
-1251
-958
-722
-578
-506
-508
-572
-642
-674
-730
-951
-1373
-1858
-2206
-2349
-2383
-2464
-2635
-2760
-2652
-2304
-1925
-1715
-1666
-1613
-1466
-1278
-1162
-1132
-1083
-906
-650
-499
-553
-681
-657
-455
-296
-410
-767
-1112
-1218
-1132
-1098
-1221
-1317
-1183
-931
-845
-996
-1134
-1009
-659
-327
-154
-20
248
633
965
1192
1434
1788
2169
2412
2439
2324
2170
2013
1820
1602
1441
1392
1407
1402
1361
1325
1312
1298
1280
1266
1274
1318
1355
1288
1026
607
183
-144
-396
-670
-1020
-1456
-1943
-2386
-2648
-2656
-2487
-2320
-2308
-2440
-2546
-2441
-2114
-1742
-1515
-1443
-1350
-1020
-396
366
995
1349
1483
1530
1568
1656
1834
2025
2024
1713
1250
942
954
1126
1110
706
101
-279
-199
117
238
3
-350
-482
-333
-121
-61
-116
-49
288
759
1064
1075
923
809
813
940
1169
1393
1427
1177
793
599
831
1361
1773
1761
1481
1353
1528
1731
1602
1093
474
9
-283
-595
-1045
-1540
-1911
-2144
-2359
-2590
-2785
-2918
-3052
-3213
-3348
-3397
-3356
-3274
-3197
-3111
-2950
-2710
-2483
-2315
-2049
-1470
-588
347
1073
1545
1915
2345
2806
3086
3012
2676
2323
2088
1887
1578
1139
695
410
324
298
164
-51
-173
-122
-44
-121
-335
-492
-435
-211
-7
58
46
87
207
340
468
641
861
1038
1113
1126
1142
1186
1223
1192
1025
776
590
522
438
156
-252
-571
-673
-686
-816
-1119
-1455
-1647
-1640
-1476
-1282
-1229
-1426
-1770
-2020
-2092
-2149
-2351
-2614
-2732
-2647
-2507
-2416
-2314
-2024
-1449
-700
13
579
1108
1726
2398
2938
3229
3315
3340
3399
3454
3386
3124
2693
2172
1626
1107
691
431
341
378
459
473
354
185
134
303
589
787
747
516
323
368
637
889
939
838
773
800
813
740
649
633
671
626
411
95
-144
-206
-202
-330
-670
-1109
-1443
-1566
-1514
-1403
-1328
-1331
-1397
-1468
-1445
-1284
-1061
-951
-1070
-1375
-1712
-1928
-1968
-1905
-1894
-2037
-2264
-2355
-2116
-1554
-904
-467
-343
-344
-190
201
662
967
1015
883
759
775
916
1014
920
653
375
237
228
232
166
65
6
28
117
265
492
769
984
1041
1018
1075
1252
1388
1343
1146
963
909
975
1059
1073
1051
1059
1099
1084
972
816
691
629
598
513
283
-72
-405
-561
-545
-504
-597
-867
-1201
-1422
-1431
-1325
-1274
-1372
-1567
-1738
-1785
-1698
-1559
-1467
-1460
-1526
-1636
-1741
-1772
-1649
-1369
-1019
-734
-565
-429
-209
89
349
480
513
543
613
689
691
597
471
425
468
508
442
302
190
166
180
154
122
198
484
904
1305
1580
1776
1944
2073
2132
2118
2043
1876
1631
1337
1084
956
1003
1147
1216
1107
903
795
867
1017
1032
801
390
0
-208
-206
-127
-158
-377
-698
-939
-997
-903
-815
-871
-1080
-1299
-1394
-1384
-1407
-1561
-1783
-1936
-1929
-1802
-1666
-1594
-1576
-1551
-1484
-1336
-1079
-745
-471
-407
-556
-715
-625
-207
340
685
669
442
314
436
672
773
616
303
8
-182
-285
-323
-293
-196
-80
42
214
495
879
1278
1532
1530
1350
1205
1240
1331
1253
923
533
351
438
602
623
514
460
571
738
794
693
524
401
377
418
419
276
-9
-292
-440
-456
-504
-712
-1045
-1293
-1259
-954
-595
-417
-466
-617
-713
-689
-551
-359
-217
-231
-400
-590
-658
-573
-457
-440
-546
-661
-652
-494
-260
-54
64
104
135
205
287
310
253
166
117
107
69
-65
-240
-294
-114
183
349
285
134
86
144
193
161
112
116
133
25
-256
-542
-633
-525
-411
-415
-461
-390
-162
89
212
218
270
462
697
815
790
722
715
788
865
840
699
544
454
395
318
259
245
203
51
-128
-162
-13
179
244
153
5
-47
53
209
257
138
-53
-162
-129
-29
-2
-122
-318
-456
-459
-358
-246
-216
-283
-379
-374
-226
-34
26
-117
-365
-559
-597
-499
-330
-140
49
211
307
321
314
366
499
633
649
485
193
-107
-324
-466
-592
-731
-858
-953
-1018
-1037
-957
-729
-373
52
463
810
1078
1302
1519
1722
1852
1852
1698
1412
1056
698
377
86
-185
-449
-696
-879
-908
-771
-581
-487
-489
-458
-287
-10
226
315
258
165
119
110
59
-82
-301
-539
-719
-804
-842
-900
-988
-1066
-1107
-1118
-1120
-1114
-1075
-962
-766
-531
-335
-226
-189
-160
-50
192
494
706
763
748
785
876
931
872
696
436
165
-78
-281
-426
-507
-581
-714
-861
-895
-770
-569
-371
-173
76
407
788
1115
1274
1253
1160
1104
1078
980
732
357
-49
-412
-709
-931
-1045
-1068
-1048
-1037
-1022
-940
-742
-458
-194
-46
-26
-25
70
277
488
593
575
500
431
376
319
245
143
24
-80
-129
-116
-43
44
92
95
126
217
292
280
213
197
274
411
543
629
681
762
882
971
964
907
870
827
696
470
240
98
72
98
62
-104
-328
-468
-454
-321
-139
66
259
412
486
493
506
611
807
969
939
697
376
115
-56
-191
-345
-549
-787
-1012
-1165
-1215
-1154
-1022
-892
-800
-697
-509
-256
-40
64
68
42
20
-20
-117
-257
-366
-416
-471
-580
-676
-655
-544
-465
-479
-533
-550
-538
-564
-684
-849
-939
-882
-750
-671
-653
-595
-431
-199
6
126
172
205
279
373
434
454
450
438
404
343
253
150
94
137
233
317
402
566
804
1018
1139
1187
1215
1248
1287
1305
1249
1091
870
654
477
340
223
93
-60
-204
-314
-407
-489
-534
-534
-543
-601
-651
-630
-561
-528
-559
-594
-542
-393
-248
-220
-312
-420
-472
-473
-439
-373
-301
-292
-373
-495
-578
-579
-523
-477
-487
-511
-482
-422
-410
-467
-503
-445
-298
-123
36
158
265
402
564
697
777
840
899
896
819
732
714
747
786
799
784
780
819
894
936
897
817
773
825
965
1125
1208
1183
1117
1077
1051
986
865
708
528
339
165
-9
-234
-517
-799
-1029
-1181
-1237
-1200
-1133
-1106
-1119
-1120
-1053
-918
-766
-689
-744
-872
-962
-961
-900
-826
-789
-810
-862
-856
-752
-611
-514
-507
-566
-658
-736
-767
-753
-705
-641
-581
-519
-394
-174
59
175
172
170
274
484
704
831
794
641
490
424
423
417
352
242
151
151
234
292
250
170
169
287
466
631
730
767
781
797
766
677
599
641
726
736
575
288
24
-110
-49
-6
-103
-317
-402
-292
-108
-80
-259
-525
-699
-686
-585
-491
-462
-457
-481
-537
-590
-584
-547
-546
-613
-693
-730
-680
-549
-435
-469
-659
-814
-772
-583
-436
-434
-515
-509
-288
128
550
801
871
875
918
1031
1182
1279
1236
1055
851
736
752
854
939
914
794
691
686
755
805
775
646
500
438
484
555
566
545
548
599
688
791
845
792
619
384
135
-106
-297
-413
-450
-440
-427
-456
-525
-567
-514
-419
-403
-507
-645
-706
-686
-662
-723
-865
-999
-1044
-1029
-1038
-1093
-1136
-1115
-1072
-1067
-1094
-1095
-1033
-917
-801
-729
-703
-669
-616
-566
-505
-365
-107
198
437
567
631
743
964
1222
1356
1295
1159
1105
1166
1247
1249
1124
906
695
583
569
578
562
531
514
512
525
523
481
389
292
227
184
140
69
-15
-67
-48
-9
-50
-189
-332
-402
-414
-444
-501
-551
-555
-493
-418
-385
-415
-457
-488
-561
-720
-928
-1079
-1144
-1147
-1130
-1094
-1020
-908
-805
-775
-810
-827
-778
-735
-794
-918
-960
-823
-570
-379
-357
-443
-444
-259
47
338
525
622
684
803
1005
1219
1329
1296
1199
1133
1141
1171
1151
1070
995
975
974
926
830
748
716
710
690
659
650
676
709
684
570
426
350
379
428
402
271
99
-40
-93
-87
-111
-243
-442
-558
-505
-353
-262
-306
-433
-534
-552
-533
-547
-618
-703
-748
-733
-703
-737
-854
-956
-931
-804
-679
-592
-494
-378
-306
-301
-312
-293
-233
-147
-55
8
34
60
130
240
350
409
388
324
304
387
525
632
657
609
520
438
381
320
234
147
101
68
15
-61
-106
-105
-63
3
83
186
308
447
543
558
515
479
465
433
366
268
165
62
-37
-157
-302
-425
-456
-381
-258
-166
-155
-232
-351
-449
-500
-519
-525
-544
-624
-784
-967
-1064
-1034
-930
-829
-755
-675
-553
-391
-262
-206
-200
-171
-101
-40
-17
-26
-24
7
67
111
128
144
207
292
352
392
456
536
576
548
506
496
517
522
445
280
79
-61
-92
-45
42
135
213
250
255
275
358
507
648
694
640
578
575
603
585
500
366
219
97
40
30
18
-8
-28
-24
-15
-14
-8
-10
-67
-215
-421
-609
-710
-731
-715
-711
-738
-797
-875
-951
-990
-966
-862
-688
-491
-332
-248
-201
-123
15
190
350
463
513
500
445
380
349
382
458
513
507
471
467
504
529
497
412
347
357
436
518
545
512
446
381
312
215
48
-137
-251
-173
67
392
707
986
1190
1256
1157
901
572
244
23
-77
-66
7
150
324
442
412
224
-83
-455
-829
-1104
-1224
-1202
-1105
-937
-657
-257
162
433
478
308
23
-335
-712
-1081
-1329
-1353
-1087
-620
-105
317
581
673
511
56
-702
-1556
-2256
-2564
-2442
-1965
-1270
-516
165
657
933
962
775
430
77
-158
-197
-65
192
538
902
1204
1294
1109
653
65
-522
-999
-1283
-1334
-1138
-786
-363
40
363
558
612
564
455
339
282
350
526
722
848
871
803
658
454
216
8
-103
-76
40
191
321
396
400
309
144
-85
-337
-572
-717
-703
-518
-235
14
148
176
149
94
-5
-170
-375
-536
-539
-344
-36
252
407
427
331
111
-187
-548
-853
-1066
-1107
-980
-710
-339
-5
248
333
366
303
234
159
217
414
638
819
864
865
760
643
440
234
-20
-240
-418
-548
-581
-549
-390
-233
-45
73
231
390
573
676
686
651
634
710
842
985
1052
1080
1044
951
731
487
286
179
91
-6
-135
-238
-335
-392
-428
-407
-352
-330
-380
-525
-614
-636
-568
-596
-715
-849
-824
-541
-113
315
517
471
270
54
-73
-200
-342
-464
-470
-372
-324
-387
-556
-635
-562
-299
-27
76
-39
-271
-388
-379
-253
-183
-170
-235
-223
-148
-77
-196
-451
-650
-642
-396
-147
82
108
152
137
241
311
417
503
606
740
821
897
847
822
743
694
589
503
464
427
415
409
434
445
384
319
163
49
1
23
-17
-346
-763
-1209
-1293
-1111
-737
-505
-584
-728
-860
-692
-560
-317
-170
21
23
-69
-195
-249
-183
-155
-56
-116
-125
-312
-460
-647
-689
-619
-504
-335
-219
-104
-112
-82
-48
16
-56
-136
-131
48
188
174
43
-33
55
234
462
575
603
552
629
824
1036
1093
971
832
772
877
966
978
852
720
709
817
1027
1167
1224
1119
1043
917
869
740
710
668
562
366
101
16
-79
6
10
60
-102
-401
-651
-824
-828
-935
-1040
-1086
-952
-694
-598
-676
-925
-1075
-1155
-1124
-1026
-904
-758
-767
-760
-890
-895
-905
-725
-566
-418
-362
-337
-249
-171
8
51
47
-139
-223
-141
142
392
485
397
303
226
253
276
302
247
159
113
111
251
398
660
819
906
782
561
365
304
374
324
175
-1
182
588
995
998
628
231
60
232
297
202
-156
-335
-399
-295
-247
-202
-194
-288
-502
-795
-941
-934
-751
-696
-674
-809
-775
-756
-652
-700
-826
-1042
-1167
-1053
-849
-618
-644
-615
-661
-478
-410
-278
-316
-307
-347
-364
-268
-184
125
289
636
669
748
511
399
280
424
682
828
841
562
539
622
1051
1274
1390
1219
1088
1034
1086
1092
890
647
439
420
467
545
558
470
297
152
52
12
-95
-115
-64
166
393
529
526
363
197
-84
-354
-682
-860
-868
-707
-433
-214
-65
-69
-85
-119
-68
-48
5
-68
-123
-249
-277
-323
-347
-429
-492
-504
-515
-508
-583
-602
-668
-672
-753
-762
-721
-503
-334
-165
-78
63
209
285
351
301
340
332
465
553
662
684
638
606
511
553
537
627
575
534
374
255
164
200
326
395
400
200
66
-91
-19
12
88
20
-12
9
65
103
-25
-211
-506
-654
-645
-471
-353
-353
-434
-459
-474
-416
-503
-593
-831
-943
-961
-875
-679
-560
-290
-200
-31
-130
-167
-315
-330
-421
-556
-675
-695
-508
-426
-338
-497
-528
-655
-587
-547
-414
-348
-365
-412
-460
-387
-254
41
418
869
1079
1073
791
676
687
907
1083
1134
1184
1161
1330
1354
1374
1108
911
742
726
681
576
491
415
507
599
810
808
779
518
407
233
172
46
41
167
300
354
132
-17
-183
-89
-161
-201
-395
-435
-415
-355
-325
-431
-483
-645
-620
-725
-634
-713
-680
-770
-723
-639
-537
-500
-640
-732
-852
-724
-630
-350
-220
-43
-127
-238
-450
-506
-376
-124
206
282
331
177
245
218
306
297
353
416
486
640
745
799
639
472
303
284
224
186
160
205
251
203
129
126
186
265
300
341
374
356
258
144
74
157
227
326
149
9
-246
-251
-240
-160
-76
-150
-143
-402
-454
-720
-706
-822
-695
-651
-555
-495
-532
-492
-710
-760
-1055
-1023
-1133
-946
-866
-725
-677
-747
-674
-696
-416
-407
-288
-511
-519
-560
-382
-232
-29
200
409
663
748
832
647
544
385
465
542
664
658
613
508
391
275
249
332
422
391
261
194
252
489
653
782
603
426
238
369
579
796
796
693
619
574
573
421
266
45
-27
-74
-5
-5
74
151
304
369
303
119
-113
-266
-359
-347
-353
-325
-342
-356
-427
-553
-659
-678
-569
-441
-435
-539
-741
-795
-789
-592
-444
-251
-126
-32
60
76
106
18
-16
-65
64
218
428
508
552
594
602
619
560
661
681
628
284
-60
-299
-318
-202
-143
-66
-59
59
95
122
29
-25
-94
-85
-68
22
113
182
185
95
54
-16
40
40
145
228
292
222
21
-45
11
261
355
400
265
188
129
157
197
167
168
158
280
341
445
398
379
256
229
146
92
-40
-200
-376
-601
-669
-697
-482
-350
-172
-200
-261
-365
-397
-359
-350
-336
-429
-480
-531
-441
-376
-373
-500
-603
-643
-605
-597
-629
-645
-604
-444
-388
-336
-380
-276
-186
-91
-81
-124
-118
-132
-66
-61
95
294
585
714
708
629
577
586
499
380
214
155
129
149
136
53
-43
-91
43
170
174
13
-141
-115
-28
63
25
-3
-20
6
77
201
354
346
209
31
-27
-50
-104
-145
-93
-6
88
118
134
63
-44
-128
-181
-225
-322
-373
-360
-243
-123
13
99
140
121
107
151
219
236
110
-72
-248
-313
-321
-290
-195
-79
71
155
281
408
492
423
248
164
238
509
722
815
687
571
503
550
560
551
524
537
568
475
307
88
46
101
214
213
180
156
182
118
-49
-213
-210
-78
3
-84
-277
-367
-343
-173
-66
17
-55
-142
-244
-285
-312
-398
-453
-530
-459
-417
-310
-275
-224
-248
-370
-572
-780
-843
-798
-633
-532
-451
-439
-372
-318
-247
-245
-255
-317
-315
-246
-152
-120
-188
-210
-166
7
170
306
381
469
565
627
582
476
348
299
273
249
112
-62
-177
-164
-99
-121
-220
-332
-390
-420
-429
-415
-346
-271
-140
-10
76
27
-89
-69
100
313
377
309
256
252
263
189
117
95
134
171
209
283
362
365
249
69
-65
-114
-89
-54
-66
-97
-136
-187
-270
-339
-339
-266
-222
-203
-219
-139
-23
85
120
73
39
-25
-65
-173
-243
-251
-78
138
285
282
232
284
470
697
821
877
907
978
892
621
216
-80
-178
-133
-58
-14
6
21
40
67
88
144
245
366
455
439
398
323
318
326
353
382
412
473
471
414
262
177
160
218
227
178
123
82
71
-31
-164
-349
-436
-464
-381
-284
-233
-309
-436
-530
-571
-669
-821
-952
-942
-890
-910
-960
-943
-729
-558
-429
-434
-392
-352
-299
-275
-260
-267
-202
-108
45
109
133
110
97
114
181
326
420
417
326
283
301
321
240
121
13
46
80
48
-148
-345
-495
-468
-395
-251
-233
-171
-97
133
313
415
425
458
561
579
564
486
576
684
786
712
565
366
242
116
-33
-236
-390
-369
-190
4
32
-117
-327
-473
-540
-530
-536
-585
-725
-872
-913
-829
-699
-639
-591
-532
-389
-295
-246
-249
-243
-195
-155
-37
109
283
327
319
253
257
233
254
265
269
251
232
311
384
483
474
498
417
368
268
239
194
187
205
219
200
89
55
64
204
269
286
119
-41
-144
-45
160
384
531
575
586
593
634
633
584
458
312
167
82
26
21
16
76
98
103
-1
-100
-219
-264
-265
-212
-136
-128
-155
-323
-448
-532
-424
-313
-213
-236
-250
-241
-146
4
142
208
160
38
-60
-41
102
266
268
179
77
145
230
296
280
280
242
151
39
-46
-71
-47
11
37
-68
-282
-557
-781
-924
-933
-855
-677
-474
-313
-258
-298
-281
-267
-226
-255
-212
-129
29
131
180
183
213
274
343
423
485
520
427
317
164
86
22
43
101
98
-61
-349
-627
-750
-720
-591
-483
-395
-328
-310
-345
-483
-526
-484
-271
-103
31
83
90
49
-33
-61
-22
101
262
411
486
432
284
141
50
55
54
58
-63
-231
-394
-405
-297
-221
-231
-335
-361
-313
-194
-146
-174
-229
-227
-126
-10
131
192
280
300
377
450
606
766
846
837
767
843
993
1136
1068
849
619
475
455
459
460
393
285
175
76
-5
-50
-51
-27
-76
-149
-188
-116
-45
-79
-221
-409
-479
-443
-252
-102
13
-3
-10
47
220
451
583
607
473
391
373
495
561
494
331
184
157
98
33
-171
-321
-472
-451
-327
-138
5
-87
-271
-589
-717
-798
-671
-571
-497
-535
-637
-671
-702
-619
-518
-323
-169
-86
-114
-209
-252
-164
69
346
529
556
376
147
-35
-33
41
172
235
218
96
-87
-266
-483
-655
-719
-562
-307
-101
-123
-334
-623
-811
-831
-757
-650
-570
-500
-440
-369
-241
-103
31
114
240
335
419
435
477
547
576
589
494
411
240
181
142
206
190
146
70
41
74
89
44
-98
-238
-351
-353
-301
-171
-124
-119
-240
-332
-452
-479
-485
-440
-381
-284
-111
121
394
608
665
566
463
516
689
794
743
621
599
647
715
660
584
460
380
275
205
178
257
414
550
575
440
231
9
-78
-62
65
103
97
14
-37
-94
-133
-155
-135
-47
74
240
321
349
275
263
235
224
109
78
177
367
465
303
80
-131
-160
-209
-268
-422
-508
-493
-372
-264
-330
-501
-674
-697
-609
-549
-591
-740
-870
-928
-891
-830
-776
-699
-570
-370
-222
-144
-153
-176
-165
-74
151
413
564
504
308
145
79
106
101
85
94
238
407
454
321
103
6
8
135
167
202
178
257
252
120
-151
-368
-356
-207
-3
78
72
3
-60
-7
104
260
293
246
135
74
90
105
85
-77
-227
-376
-335
-285
-217
-312
-357
-361
-218
-126
-78
-98
-108
-138
-215
-299
-366
-329
-278
-190
-231
-251
-280
-162
-94
-44
-52
25
136
230
239
218
228
273
312
313
334
438
568
689
729
765
724
609
480
399
433
388
290
67
-70
-92
43
168
180
111
38
16
-12
-49
-100
-147
-139
-93
19
89
194
227
258
177
121
73
106
194
272
264
82
-75
-110
71
225
315
219
46
-224
-464
-644
-750
-771
-741
-674
-663
-690
-701
-650
-531
-441
-354
-301
-222
-180
-192
-248
-284
-258
-228
-212
-146
-6
181
254
283
262
306
334
351
358
313
350
356
463
467
513
482
463
430
391
437
399
402
260
180
127
202
330
343
278
97
15
-41
-48
-61
-142
-148
-218
-86
25
232
245
164
38
-60
-14
-17
73
-21
-28
-175
-172
-280
-337
-479
-547
-523
-447
-342
-338
-272
-242
-156
-243
-328
-467
-434
-409
-283
-148
53
211
160
-7
-332
-416
-445
-251
-214
-137
-129
-65
21
47
95
-8
62
129
390
405
356
138
100
169
288
370
284
237
15
-91
-254
-158
-67
0
-81
-247
-291
-327
-265
-334
-372
-403
-364
-290
-297
-286
-306
-200
-131
-96
-142
-160
-14
181
382
381
349
268
280
279
273
263
258
306
282
244
94
-16
-107
-62
42
121
109
-35
-145
-189
-60
84
179
111
-79
-244
-277
-155
-42
0
-53
-64
-3
110
151
101
12
-21
27
105
193
249
329
391
493
548
575
600
631
720
761
807
752
622
455
292
186
98
39
-22
-98
-140
-157
-112
-79
-22
22
-7
-62
-166
-133
-92
20
68
108
52
-37
-81
-45
47
23
46
51
195
221
209
81
-3
19
22
14
-199
-286
-409
-344
-370
-355
-446
-566
-617
-610
-453
-446
-477
-711
-807
-838
-629
-433
-281
-324
-467
-615
-667
-625
-573
-472
-367
-158
-55
45
-6
-4
-14
117
237
371
380
347
316
294
320
210
117
-105
-158
-185
-14
96
75
-44
-237
-240
-265
-144
-92
36
120
220
321
373
394
380
442
538
601
564
454
348
301
294
356
425
514
521
460
332
232
189
255
316
356
245
78
-163
-325
-470
-539
-585
-519
-341
-216
-193
-370
-437
-463
-315
-244
-184
-255
-322
-353
-317
-271
-282
-270
-187
54
362
591
664
572
524
539
712
850
935
837
669
555
510
544
399
221
-110
-278
-429
-352
-325
-280
-403
-535
-622
-520
-255
-24
84
26
18
1
140
270
570
739
866
721
567
414
429
483
479
398
155
-39
-254
-208
-191
-136
-321
-462
-635
-623
-645
-604
-614
-601
-571
-579
-517
-564
-509
-608
-567
-665
-594
-558
-344
-120
41
51
-119
-164
-93
205
423
633
652
563
353
210
229
297
312
215
139
127
183
187
105
-94
-313
-493
-574
-569
-507
-472
-480
-545
-588
-639
-654
-639
-512
-367
-293
-362
-482
-452
-234
99
300
350
295
294
383
506
600
596
527
439
401
398
319
130
-129
-279
-286
-149
36
166
166
17
-183
-286
-286
-210
-220
-252
-304
-271
-201
-140
-60
-59
-29
-66
16
180
396
534
484
390
342
469
696
884
1013
931
842
661
643
615
668
704
671
665
530
501
271
124
-133
-206
-278
-312
-356
-419
-352
-325
-233
-238
-161
-95
-24
-29
-48
-25
23
32
24
8
58
23
-17
-143
-198
-220
-169
-116
-162
-221
-347
-313
-346
-272
-342
-286
-308
-226
-225
-217
-211
-264
-293
-492
-602
-703
-509
-291
-21
21
11
-47
-2
92
145
219
238
393
454
614
611
696
589
472
250
77
-23
-87
2
97
280
274
209
-58
-190
-230
-58
36
3
-157
-332
-400
-438
-361
-308
-233
-273
-335
-346
-237
-77
-23
-36
-52
84
270
426
433
372
280
237
139
-8
-249
-428
-565
-588
-590
-535
-422
-307
-156
-135
-78
-172
-214
-393
-422
-389
-211
-86
-95
-113
-141
44
191
379
359
333
295
402
549
591
487
251
143
207
514
798
917
751
452
167
6
-17
17
64
53
-10
-136
-279
-317
-220
-40
55
30
-47
-121
-176
-308
-420
-480
-371
-132
124
274
222
50
-108
-137
0
164
265
215
89
-8
-42
42
69
78
-60
-165
-279
-345
-392
-407
-397
-444
-476
-434
-293
-197
-210
-284
-273
-107
75
107
-102
-302
-323
-79
222
448
508
461
468
573
761
829
783
678
636
643
658
654
668
626
495
219
-31
-161
-143
-96
-76
-2
95
197
175
108
23
-53
-132
-262
-287
-261
-117
-45
38
31
13
-39
-38
6
22
49
83
182
236
252
255
313
349
238
-86
-462
-707
-720
-683
-704
-786
-786
-718
-625
-563
-520
-531
-610
-731
-814
-808
-746
-683
-643
-575
-473
-362
-251
-150
-25
64
179
262
327
348
359
415
423
428
332
262
159
131
125
112
95
-5
-65
-239
-336
-491
-491
-480
-367
-245
-57
165
252
182
-45
-128
-94
74
167
243
270
332
377
393
388
392
427
433
436
445
491
472
367
233
162
133
89
16
-41
-55
-48
1
27
61
49
33
-4
-68
-134
-213
-265
-312
-273
-158
42
183
261
228
222
240
342
434
478
439
327
246
196
356
567
824
795
668
515
604
774
872
762
491
263
52
-70
-271
-345
-428
-389
-381
-251
-129
-26
-107
-327
-605
-735
-617
-320
-50
57
-4
-96
-121
-47
91
175
212
178
203
218
251
154
4
-228
-357
-410
-349
-321
-324
-415
-598
-818
-981
-955
-893
-837
-863
-781
-597
-429
-416
-555
-617
-556
-341
-99
125
255
295
291
322
380
455
474
461
413
456
616
801
872
789
742
691
602
344
144
30
23
-51
-120
-150
-112
-77
-130
-223
-306
-236
-88
44
-29
-253
-536
-669
-619
-374
-115
61
58
-53
-118
-76
142
342
515
507
383
134
-45
-78
32
71
-22
-208
-339
-441
-536
-588
-500
-299
-207
-333
-635
-818
-803
-558
-327
-172
-236
-359
-468
-389
-192
26
179
179
116
-46
-116
-74
143
358
475
497
518
562
583
576
578
594
604
573
531
496
470
443
391
360
359
437
510
449
206
-95
-182
-114
27
4
-57
-147
-142
-134
-150
-162
-147
31
163
229
62
-52
-37
202
432
498
374
132
-37
-130
-42
11
-18
-239
-412
-398
-225
-39
-72
-161
-283
-209
-144
-143
-302
-466
-486
-398
-264
-251
-270
-321
-320
-294
-259
-142
0
195
368
529
668
690
692
647
695
666
606
457
323
240
158
143
46
14
-88
-24
83
231
213
99
7
-4
54
58
96
64
113
57
23
-234
-491
-708
-541
-196
132
156
-45
-201
-207
40
173
138
-230
-473
-493
-166
57
92
-136
-359
-515
-567
-482
-402
-306
-372
-399
-445
-403
-371
-351
-312
-336
-361
-500
-566
-537
-321
-57
43
-4
-193
-258
-250
-75
28
108
47
59
77
97
27
-130
-174
-159
-27
-79
-141
-258
-180
-59
59
48
-99
-264
-424
-352
-127
325
612
753
606
398
210
68
67
63
253
423
676
677
523
218
79
215
422
542
393
254
119
125
132
134
61
-49
-58
21
145
142
36
-41
3
205
326
293
50
-221
-348
-291
-71
26
-45
-280
-454
-457
-355
-166
4
173
284
364
509
693
869
838
662
402
267
285
455
658
717
629
358
143
54
203
326
249
-107
-438
-483
-245
130
367
480
407
316
214
224
210
238
187
200
239
278
285
152
92
63
213
300
316
163
-50
-273
-530
-668
-721
-546
-407
-312
-466
-719
-938
-966
-686
-354
-45
-135
-391
-737
-825
-789
-597
-423
-260
-272
-410
-585
-682
-659
-574
-423
-298
-233
-317
-418
-483
-371
-162
97
186
174
-78
-314
-706
-769
-665
-272
-91
-26
-144
-211
-202
-177
-103
-168
-103
-162
-43
-101
74
107
312
266
282
247
373
513
491
281
-95
-248
-169
239
567
787
709
582
407
380
304
175
-21
-109
-5
156
208
100
-63
-117
-84
4
111
238
307
318
281
360
355
328
173
240
354
515
415
226
21
-18
151
276
360
151
114
126
466
681
917
906
792
439
87
-40
128
447
490
279
-168
-453
-590
-421
-165
156
266
158
-61
-168
15
250
424
316
147
-20
22
159
332
391
412
412
371
256
54
-110
-276
-363
-432
-428
-423
-407
-376
-368
-428
-626
-803
-777
-487
-108
-27
-222
-533
-624
-532
-317
-108
66
54
-110
-370
-502
-403
-163
32
-93
-354
-627
-627
-519
-291
-52
154
239
154
22
-108
-117
-52
106
170
188
125
69
-79
-365
-649
-822
-718
-520
-294
-212
-234
-291
-291
-179
-32
134
231
305
310
378
410
445
321
182
123
179
284
147
17
-138
33
192
356
290
100
-100
-274
-250
-225
-34
46
125
-51
-341
-628
-694
-484
-209
49
112
174
191
350
419
476
438
444
377
194
-32
-196
-92
57
287
317
365
241
168
-36
-154
-292
-299
-206
-50
188
321
496
451
479
473
698
887
891
641
218
-40
-114
113
397
644
713
630
411
149
-81
-104
-73
-41
-238
-450
-657
-763
-837
-802
-443
104
745
970
842
394
137
244
701
1142
1246
939
396
-48
-124
141
488
505
171
-339
-715
-884
-942
-965
-987
-981
-1044
-1290
-1747
-2134
-2149
-1622
-821
-124
237
278
218
265
540
939
1212
1271
1244
1249
1191
968
699
562
546
414
67
-401
-742
-821
-720
-627
-723
-913
-996
-851
-647
-578
-670
-691
-531
-177
172
485
715
898
1014
1025
1001
978
991
878
531
43
-373
-558
-578
-545
-536
-635
-797
-1032
-1142
-1092
-813
-475
-239
-204
-309
-273
28
551
924
934
653
371
259
202
119
-28
-153
-324
-575
-862
-1039
-1024
-963
-905
-859
-627
-260
145
418
527
551
568
672
858
1077
1235
1215
1049
849
774
784
686
371
-89
-452
-609
-540
-408
-280
-280
-359
-446
-376
-166
26
90
65
73
99
79
13
-37
-9
75
88
37
-65
-95
-102
-90
-31
123
359
506
500
413
471
675
796
653
308
-10
-214
-306
-312
-273
-223
-251
-328
-414
-448
-423
-366
-280
-206
-146
-124
-79
5
141
239
296
306
302
288
277
328
401
471
457
382
250
69
-123
-233
-196
-86
-53
-179
-428
-676
-811
-719
-403
17
328
427
365
309
313
323
293
241
206
130
-16
-240
-446
-508
-301
66
316
214
-169
-494
-530
-277
25
255
379
441
417
309
170
62
18
-3
-41
-119
-261
-454
-693
-892
-980
-956
-913
-945
-1022
-1052
-995
-834
-586
-261
36
223
225
108
-3
61
331
682
965
1102
1119
1023
888
794
848
1025
1237
1340
1243
970
639
430
409
516
595
519
267
-72
-310
-276
48
459
684
604
326
42
-145
-290
-447
-673
-972
-1371
-1854
-2273
-2494
-2410
-2169
-1967
-2000
-2254
-2537
-2612
-2325
-1745
-1065
-569
-394
-454
-401
19
769
1522
1992
2145
2105
2030
1941
1867
1793
1689
1510
1223
904
628
508
570
736
885
952
997
1080
1236
1484
1814
2232
2671
3073
3356
3404
3049
2180
936
-261
-1052
-1409
-1658
-2122
-2868
-3691
-4315
-4588
-4546
-4298
-3932
-3506
-3104
-2775
-2423
-1829
-818
556
2015
3204
3917
4186
4164
3980
3638
3158
2572
1946
1185
98
-1401
-3030
-4346
-5130
-5516
-5719
-5779
-5642
-5269
-4707
-3915
-2835
-1462
-13
1214
2088
2761
3542
4629
5991
7402
8560
9177
9083
8349
7272
6218
5406
4783
4160
3347
2144
302
-2273
-5015
-6924
-7308
-6624
-6045
-6453
-7583
-8516
-8570
-7779
-6460
-4805
-2961
-1314
-335
-28
234
1177
2954
5031
6668
7398
7197
6335
5131
3879
2813
2041
1337
290
-1359
-3359
-5176
-6398
-7039
-7366
-7540
-7545
-7289
-6808
-6112
-5120
-3701
-1907
-31
1585
2808
3741
4575
5402
6180
6852
7352
7679
7790
7679
7318
6674
5760
4654
3497
2414
1554
1040
807
436
-657
-2625
-4871
-6360
-6516
-5649
-4704
-4428
-4846
-5450
-5687
-5339
-4334
-2783
-1011
372
936
806
662
1143
2362
3921
5246
5930
5709
4666
3137
1712
717
135
-436
-1263
-2435
-3745
-5014
-6016
-6547
-6421
-5658
-4629
-3730
-3149
-2580
-1677
-304
1322
2882
4115
4853
5074
4896
4658
4685
5107
5612
5797
5395
4541
3591
2906
2597
2471
2281
1939
1587
1412
1474
1399
612
-1167
-3322
-4821
-5072
-4495
-4009
-4201
-4885
-5533
-5786
-5564
-4807
-3460
-1753
-242
588
822
1045
1794
3126
4651
5839
6314
5972
5001
3697
2394
1274
332
-645
-1841
-3288
-4790
-6035
-6749
-6885
-6630
-6179
-5614
-4865
-3887
-2746
-1560
-325
1076
2610
3964
4774
4946
4770
4621
4665
4803
4855
4703
4247
3459
2506
1777
1589
1827
1992
1768
1330
1191
1586
2156
2069
760
-1433
-3390
-4178
-3798
-3051
-2818
-3382
-4386
-5290
-5720
-5470
-4418
-2792
-1248
-407
-305
-354
59
1123
2585
4070
5194
5569
5017
3738
2300
1182
457
-187
-1087
-2317
-3795
-5258
-6425
-6976
-6857
-6225
-5391
-4559
-3784
-2963
-1993
-811
622
2237
3797
4877
5173
4766
4183
3973
4284
4769
4901
4368
3265
2067
1273
1177
1685
2381
2692
2349
1626
1186
1513
2353
2764
1819
-375
-2729
-4016
-3991
-3347
-3023
-3297
-3854
-4294
-4514
-4396
-3666
-2233
-550
660
1068
1001
1136
1856
3104
4483
5599
6098
5776
4645
3015
1394
146
-743
-1607
-2733
-4160
-5617
-6709
-7138
-6895
-6184
-5196
-4045
-2827
-1684
-682
338
1682
3428
5118
6015
5782
4788
3822
3420
3606
3991
4103
3616
2558
1327
513
509
1260
2166
2503
1955
915
130
193
965
1519
793
-1335
-3777
-5208
-5163
-4322
-3692
-3780
-4376
-5092
-5655
-5780
-5051
-3319
-1101
661
1384
1338
1356
1992
3222
4632
5842
6496
6259
4992
2982
950
-508
-1340
-2003
-2939
-4258
-5720
-6959
-7688
-7763
-7195
-6115
-4797
-3469
-2239
-1082
114
1470
3033
4561
5583
5739
5197
4611
4534
4940
5292
5093
4222
2925
1563
480
-15
243
1027
1675
1577
737
-112
-88
1006
2259
2303
598
-1989
-3972
-4614
-4299
-3850
-3686
-3735
-3929
-4324
-4764
-4657
-3503
-1481
557
1828
2183
2095
2145
2648
3634
4876
5917
6150
5229
3360
1243
-477
-1675
-2648
-3630
-4585
-5396
-6070
-6622
-6914
-6668
-5737
-4280
-2678
-1222
51
1246
2492
3776
4954
5744
5971
5727
5337
5073
4878
4475
3669
2555
1394
415
-279
-604
-470
100
809
1210
1083
744
863
1915
3535
4605
4064
1926
-642
-2294
-2592
-2176
-1906
-2172
-2804
-3663
-4626
-5388
-5322
-4158
-2431
-1148
-821
-1065
-1137
-650
307
1591
3040
4313
4765
4034
2409
689
-572
-1376
-2043
-2766
-3547
-4388
-5321
-6225
-6679
-6250
-4897
-3068
-1354
-80
779
1461
2242
3244
4364
5276
5680
5533
5064
4494
3811
2922
1902
1057
557
287
8
-259
-272
98
724
1370
1866
2214
2518
2982
3633
4147
3819
2189
-284
-2409
-3280
-3156
-2943
-3331
-4211
-5164
-5862
-6198
-5991
-5067
-3638
-2314
-1654
-1586
-1543
-935
337
1971
3509
4588
4924
4430
3219
1639
52
-1256
-2167
-2742
-3189
-3808
-4711
-5692
-6209
-5837
-4516
-2625
-641
1032
2196
2845
3205
3619
4290
5098
5683
5710
5051
3796
2226
722
-322
-652
-364
92
201
-120
-519
-465
309
1699
3183
4124
4200
3691
3354
3767
4706
5094
3962
1420
-1393
-3359
-4215
-4382
-4402
-4537
-4930
-5639
-6498
-6917
-6278
-4512
-2330
-620
257
624
1046
1818
2946
4269
5560
6376
6190
4704
2278
-233
-2006
-2881
-3319
-3929
-4879
-5832
-6310
-6075
-5155
-3654
-1776
100
1510
2275
2592
2855
3297
3908
4507
4822
4536
3437
1734
60
-873
-877
-383
-89
-340
-928
-1322
-1064
-40
1585
3413
4940
5720
5628
5068
4763
5321
6537
7289
6188
2889
-1427
-4917
-6525
-6567
-6073
-5906
-6289
-7130
-8116
-8783
-8416
-6650
-3871
-1141
638
1344
1569
2022
3037
4561
6189
7337
7364
6048
3678
1006
-1302
-2914
-3942
-4633
-5175
-5652
-6054
-6289
-6121
-5331
-3888
-2088
-308
1182
2319
3095
3549
3758
3797
3665
3240
2431
1343
266
-557
-1107
-1500
-1770
-1837
-1615
-1121
-451
338
1257
2299
3413
4531
5587
6455
6970
7084
6898
6608
6246
5492
3781
870
-2629
-5593
-7244
-7761
-7885
-8197
-8658
-8914
-8732
-8147
-7152
-5588
-3413
-972
1192
2822
4091
5305
6500
7509
8201
8542
8336
7238
5095
2314
-344
-2314
-3587
-4483
-5205
-5736
-6035
-6145
-6033
-5491
-4303
-2540
-611
999
2062
2655
2851
2668
2182
1704
1447
1329
1008
257
-803
-1774
-2251
-2090
-1338
-223
934
1788
2192
2303
2493
3103
4220
5607
6836
7462
7260
6363
5252
4456
4163
3983
3092
808
-2695
-6315
-8806
-9667
-9292
-8440
-7721
-7374
-7376
-7417
-6963
-5412
-2609
884
4068
6161
7040
7130
6980
6926
7076
7363
7513
7000
5370
2621
-670
-3671
-5719
-6575
-6485
-6034
-5856
-6217
-6825
-7042
-6392
-4855
-2786
-681
983
1878
2013
1742
1500
1514
1670
1718
1459
879
95
-675
-1165
-1171
-725
-106
376
644
913
1469
2410
3552
4619
5421
5927
6187
6230
6016
5507
4766
3965
3222
2529
1661
305
-1784
-4406
-6927
-8606
-9121
-8757
-8018
-7298
-6606
-5856
-4903
-3675
-2070
-145
1825
3491
4712
5624
6352
6907
7172
7181
7022
6730
6135
4991
3171
731
-1990
-4529
-6354
-7223
-7249
-6909
-6696
-6787
-6921
-6604
-5560
-3909
-2110
-575
499
1156
1525
1787
2084
2452
2714
2653
2193
1522
931
613
627
877
1226
1500
1684
1872
2184
2586
2975
3400
3983
4684
5110
4955
4430
4159
4470
4974
4930
4075
2837
1856
1229
432
-1096
-3301
-5472
-6908
-7456
-7506
-7373
-7131
-6681
-6132
-5581
-4932
-3824
-2056
99
2130
3713
4929
5871
6519
6756
6711
6583
6435
5920
4568
2245
-654
-3415
-5514
-6781
-7379
-7552
-7568
-7603
-7670
-7553
-6963
-5748
-4032
-2184
-626
414
1053
1613
2373
3337
4241
4713
4563
3867
2903
2005
1443
1314
1509
1758
1769
1373
682
112
147
1027
2501
3975
4852
4912
4371
3697
3316
3389
3770
4059
3869
3013
1677
264
-817
-1382
-1635
-2077
-3174
-4821
-6403
-7214
-7121
-6441
-5627
-4869
-4173
-3548
-2967
-2268
-1077
722
2841
4641
5735
6132
6133
5963
5725
5463
5153
4619
3499
1588
-952
-3576
-5741
-7148
-7796
-7846
-7562
-7240
-7040
-6844
-6303
-5118
-3253
-1020
1075
2599
3426
3758
3851
3800
3545
3079
2573
2194
1915
1516
869
111
-462
-658
-477
-63
453
956
1380
1675
1900
2157
2493
2852
3101
3160
3001
2704
2393
2218
2280
2548
2791
2730
2271
1621
1067
797
698
414
-455
-1970
-3652
-4847
-5195
-4950
-4493
-4014
-3392
-2628
-1912
-1407
-1025
-514
188
956
1615
2224
2841
3384
3637
3568
3373
3169
2770
1787
93
-2004
-3950
-5380
-6230
-6556
-6429
-6012
-5600
-5398
-5269
-4796
-3675
-2033
-357
869
1483
1618
1526
1417
1482
1815
2265
2521
2398
2056
1747
1593
1589
1778
2250
2927
3501
3647
3319
2754
2249
1954
1880
1987
2197
2399
2427
2223
1883
1671
1795
2244
2769
3116
3207
3120
2952
2768
2579
2354
1968
1186
-231
-2290
-4540
-6353
-7314
-7551
-7426
-7206
-6862
-6292
-5515
-4607
-3578
-2347
-1020
131
925
1552
2328
3243
3929
4108
3914
3632
3307
2676
1544
56
-1434
-2742
-3957
-5177
-6254
-6890
-6954
-6582
-5995
-5315
-4598
-3942
-3392
-2808
-1902
-507
1188
2770
3934
4739
5439
6163
6800
7193
7302
7121
6534
5373
3710
1950
576
-228
-633
-921
-1225
-1485
-1572
-1329
-611
639
2231
3760
4796
5164
4974
4480
3892
3271
2579
1766
845
-108
-1005
-1802
-2533
-3237
-3846
-4218
-4323
-4359
-4553
-4884
-5085
-4921
-4445
-3833
-3190
-2449
-1621
-931
-629
-678
-696
-376
254
938
1536
2067
2506
2703
2561
2255
2088
2172
2249
1928
1063
-163
-1426
-2493
-3207
-3436
-3143
-2538
-2030
-1904
-2069
-2145
-1849
-1194
-358
510
1302
1870
2061
1893
1661
1742
2267
2975
3461
3558
3409
3236
3090
2892
2619
2413
2425
2596
2656
2394
1885
1323
747
7
-933
-1807
-2327
-2480
-2523
-2627
-2706
-2591
-2238
-1697
-966
16
1168
2158
2562
2210
1354
476
-25
-84
42
-55
-715
-1973
-3521
-4807
-5391
-5162
-4337
-3261
-2285
-1711
-1630
-1792
-1653
-775
815
2603
3964
4582
4524
4072
3515
3045
2773
2605
2320
1662
526
-938
-2459
-3714
-4519
-4826
-4755
-4465
-4123
-3893
-3834
-3903
-3911
-3685
-3076
-2040
-679
766
1983
2713
2879
2676
2516
2788
3587
4675
5653
6173
6039
5204
3850
2396
1336
892
876
846
458
-285
-1139
-1832
-2213
-2264
-2052
-1733
-1516
-1570
-1917
-2390
-2739
-2789
-2543
-2108
-1600
-1082
-594
-93
530
1406
2521
3681
4661
5313
5591
5437
4838
3887
2740
1524
255
-1039
-2280
-3373
-4289
-5096
-5835
-6441
-6703
-6430
-5611
-4447
-3190
-1963
-747
535
1856
3116
4197
5067
5686
5930
5690
5012
4106
3130
2079
842
-564
-1959
-3085
-3811
-4198
-4403
-4501
-4436
-4117
-3482
-2519
-1261
86
1230
1963
2349
2610
2900
3176
3293
3212
2990
2668
2176
1424
452
-545
-1312
-1727
-1821
-1705
-1477
-1247
-1143
-1202
-1259
-1017
-299
737
1703
2255
2317
2028
1579
1129
796
647
604
476
148
-258
-475
-396
-174
-22
22
105
299
537
692
775
887
1069
1221
1221
1114
1030
990
824
344
-467
-1450
-2361
-3023
-3378
-3471
-3403
-3262
-3078
-2793
-2317
-1636
-855
-113
500
978
1317
1505
1529
1471
1412
1341
1114
595
-183
-1025
-1745
-2328
-2841
-3299
-3647
-3868
-3987
-3994
-3799
-3307
-2499
-1502
-506
375
1163
1945
2700
3327
3727
3916
3925
3698
3157
2335
1436
677
167
-125
-288
-387
-419
-325
-78
299
730
1132
1439
1649
1794
1871
1830
1679
1513
1432
1451
1497
1476
1339
1109
837
611
579
895
1561
2331
2819
2736
2087
1174
381
-76
-235
-299
-519
-1090
-2036
-3163
-4150
-4715
-4743
-4361
-3868
-3544
-3461
-3452
-3252
-2673
-1733
-612
447
1285
1822
2064
2062
1905
1679
1450
1251
1046
731
205
-535
-1383
-2192
-2829
-3175
-3163
-2828
-2331
-1929
-1807
-1961
-2178
-2154
-1668
-695
554
1780
2717
3242
3362
3221
3053
3096
3426
3872
4116
3927
3308
2469
1634
981
619
592
802
988
893
474
-33
-314
-216
162
577
822
811
574
183
-238
-506
-454
-92
386
780
1052
1271
1454
1566
1634
1730
1854
1866
1654
1224
689
98
-589
-1377
-2181
-2875
-3478
-4083
-4762
-5410
-5826
-5939
-5844
-5682
-5390
-4856
-4083
-3262
-2563
-1975
-1372
-641
167
935
1604
2206
2756
3124
3159
2830
2246
1549
826
132
-508
-1112
-1731
-2381
-2989
-3390
-3409
-2976
-2206
-1345
-634
-172
136
475
958
1562
2196
2795
3327
3738
3959
3959
3795
3590
3452
3418
3441
3421
3284
3005
2619
2176
1725
1329
1030
808
562
178
-336
-839
-1141
-1180
-1030
-798
-514
-173
209
598
1009
1482
2024
2556
2920
2965
2610
1900
953
-56
-953
-1630
-2108
-2518
-2948
-3377
-3729
-3993
-4225
-4435
-4537
-4386
-3941
-3329
-2770
-2378
-2093
-1777
-1335
-761
-96
569
1088
1320
1204
810
338
26
45
379
813
1027
764
5
-1013
-1886
-2287
-2136
-1649
-1143
-851
-786
-805
-715
-401
145
844
1554
2128
2439
2489
2377
2256
2219
2273
2357
2389
2310
2100
1795
1505
1344
1373
1575
1882
2177
2351
2363
2254
2104
1969
1877
1796
1670
1429
1063
598
56
-536
-1095
-1485
-1626
-1517
-1201
-766
-315
66
392
719
1011
1113
871
284
-506
-1325
-2057
-2649
-3093
-3393
-3588
-3732
-3880
-4049
-4215
-4333
-4336
-4169
-3779
-3198
-2513
-1849
-1256
-707
-155
426
994
1475
1733
1671
1290
720
118
-387
-771
-1059
-1295
-1534
-1817
-2134
-2355
-2277
-1766
-903
56
866
1440
1841
2148
2421
2702
3032
3380
3622
3577
3171
2541
1941
1573
1468
1555
1699
1759
1634
1333
965
687
660
958
1499
2070
2462
2603
2557
2439
2334
2271
2216
2079
1754
1187
457
-275
-849
-1203
-1386
-1512
-1673
-1898
-2147
-2337
-2349
-2118
-1689
-1218
-831
-565
-354
-149
2
-18
-276
-703
-1180
-1613
-1978
-2274
-2510
-2706
-2899
-3126
-3372
-3538
-3480
-3136
-2579
-1968
-1447
-1081
-830
-559
-164
358
920
1422
1793
1999
2029
1923
1748
1584
1429
1206
806
207
-500
-1158
-1639
-1919
-1986
-1803
-1343
-682
32
717
1377
2012
2576
3002
3288
3505
3718
3903
3940
3741
3345
2876
2409
1941
1490
1154
1018
1006
912
599
158
-173
-250
-127
34
144
193
200
170
148
171
219
213
82
-152
-366
-456
-412
-331
-304
-382
-582
-932
-1413
-1938
-2387
-2671
-2797
-2814
-2796
-2787
-2823
-2897
-2966
-2953
-2790
-2500
-2186
-1978
-1915
-1916
-1867
-1688
-1389
-990
-545
-89
295
513
513
336
84
-165
-381
-545
-659
-734
-789
-832
-871
-920
-949
-900
-713
-387
26
434
763
995
1213
1541
2049
2662
3209
3556
3675
3646
3577
3557
3604
3690
3744
3711
3569
3342
3044
2669
2213
1714
1240
811
394
-62
-528
-891
-1036
-987
-906
-916
-955
-834
-474
-23
280
330
213
60
-81
-217
-326
-375
-399
-503
-782
-1197
-1581
-1754
-1680
-1487
-1335
-1270
-1247
-1252
-1350
-1561
-1815
-1997
-2091
-2144
-2208
-2263
-2262
-2194
-2074
-1888
-1590
-1205
-842
-603
-481
-401
-314
-251
-221
-207
-184
-191
-267
-382
-460
-421
-230
111
541
982
1348
1574
1643
1629
1660
1824
2112
2445
2715
2802
2631
2232
1743
1315
1042
943
974
1039
1005
843
658
601
730
955
1152
1254
1255
1167
991
775
592
515
537
562
474
210
-186
-610
-948
-1112
-1066
-825
-495
-216
-107
-192
-383
-534
-517
-290
56
348
398
132
-376
-932
-1369
-1640
-1787
-1852
-1872
-1915
-2069
-2351
-2652
-2814
-2737
-2470
-2150
-1902
-1769
-1714
-1648
-1501
-1277
-1037
-876
-844
-917
-989
-977
-879
-759
-645
-525
-384
-238
-106
40
243
493
718
829
822
767
756
831
986
1195
1402
1551
1607
1656
1804
2070
2344
2504
2522
2412
2226
1986
1715
1410
1110
898
832
875
929
951
975
1063
1252
1535
1874
2193
2405
2451
2317
2049
1705
1331
946
545
132
-273
-635
-909
-1045
-1008
-853
-726
-754
-908
-1036
-1005
-835
-682
-706
-976
-1428
-1917
-2301
-2498
-2537
-2497
-2483
-2541
-2650
-2716
-2641
-2406
-2079
-1770
-1557
-1468
-1477
-1532
-1562
-1547
-1495
-1435
-1381
-1339
-1289
-1153
-846
-364
187
665
957
1041
973
889
917
1094
1354
1566
1649
1589
1458
1381
1481
1792
2206
2553
2731
2767
2762
2774
2775
2672
2397
1983
1553
1256
1162
1257
1450
1637
1734
1732
1678
1637
1646
1674
1655
1521
1238
818
307
-243
-771
-1210
-1526
-1738
-1898
-2042
-2176
-2303
-2411
-2490
-2504
-2409
-2179
-1864
-1570
-1406
-1397
-1513
-1693
-1900
-2106
-2284
-2424
-2556
-2722
-2895
-2996
-2967
-2842
-2688
-2518
-2307
-2038
-1748
-1476
-1203
-855
-381
170
690
1118
1459
1722
1858
1849
1753
1681
1680
1695
1627
1455
1235
1046
917
858
896
1018
1159
1247
1268
1269
1332
1524
1840
2200
2484
2600
2519
2293
2032
1839
1760
1770
1789
1734
1570
1334
1068
793
546
395
368
373
285
85
-116
-202
-181
-157
-241
-428
-623
-744
-796
-865
-1004
-1191
-1376
-1530
-1642
-1694
-1669
-1586
-1507
-1484
-1491
-1457
-1357
-1225
-1091
-945
-770
-608
-521
-545
-646
-761
-837
-853
-797
-654
-430
-215
-136
-264
-514
-707
-720
-576
-407
-310
-299
-323
-365
-395
-346
-142
221
650
1013
1230
1282
1218
1095
974
907
928
1000
1030
961
825
698
611
551
507
493
491
447
322
154
37
51
173
309
393
453
555
703
802
771
609
391
182
12
-85
-84
-5
87
162
240
321
336
236
32
-188
-351
-423
-417
-363
-287
-220
-207
-291
-447
-583
-618
-569
-555
-645
-797
-898
-912
-891
-894
-923
-952
-981
-1030
-1112
-1207
-1272
-1260
-1176
-1073
-993
-920
-816
-679
-528
-368
-186
19
223
405
549
646
663
561
347
97
-79
-137
-114
-106
-177
-324
-477
-570
-565
-455
-242
54
376
662
877
1035
1165
1297
1438
1595
1765
1910
1955
1816
1513
1157
883
738
703
740
823
917
967
931
835
775
852
1061
1292
1432
1433
1330
1183
1023
867
732
633
529
335
28
-318
-593
-777
-890
-937
-889
-763
-636
-576
-586
-617
-638
-673
-753
-853
-911
-887
-817
-779
-833
-961
-1095
-1169
-1168
-1116
-1069
-1096
-1242
-1485
-1713
-1833
-1838
-1805
-1778
-1734
-1617
-1406
-1127
-803
-442
-53
319
591
700
652
531
411
305
181
34
-98
-188
-236
-265
-248
-137
80
355
634
906
1158
1351
1438
1425
1362
1308
1275
1230
1139
996
843
698
563
471
492
664
915
1100
1120
980
779
616
537
546
630
746
797
685
409
77
-185
-342
-441
-554
-710
-907
-1122
-1312
-1402
-1317
-1055
-696
-382
-225
-253
-394
-550
-650
-678
-646
-576
-498
-447
-457
-526
-599
-629
-617
-601
-594
-594
-610
-647
-688
-711
-732
-773
-821
-853
-863
-875
-885
-845
-712
-465
-139
223
575
892
1156
1334
1429
1488
1535
1509
1345
1057
731
458
276
178
142
170
276
468
709
977
1243
1482
1648
1684
1578
1374
1143
928
705
450
169
-96
-304
-435
-476
-429
-308
-147
16
134
177
160
153
226
374
522
575
494
314
112
-53
-189
-325
-450
-504
-472
-401
-357
-347
-343
-328
-300
-261
-213
-195
-283
-524
-877
-1231
-1493
-1650
-1726
-1758
-1777
-1784
-1735
-1566
-1254
-844
-427
-110
56
89
59
25
-13
-83
-179
-252
-254
-199
-125
-62
2
93
196
276
300
289
295
368
497
632
700
674
584
474
364
246
125
41
66
254
567
873
1035
1039
976
958
1013
1090
1107
1020
848
656
529
513
611
772
921
993
948
791
569
360
204
79
-93
-334
-581
-720
-721
-646
-579
-543
-534
-566
-632
-702
-755
-799
-822
-800
-750
-731
-759
-778
-727
-602
-449
-305
-202
-180
-264
-430
-608
-750
-859
-975
-1112
-1248
-1372
-1485
-1570
-1563
-1403
-1116
-804
-577
-454
-356
-175
148
573
1003
1321
1458
1400
1209
1001
884
882
935
961
905
798
715
726
809
869
827
704
573
483
415
351
292
271
326
452
606
729
832
977
1191
1406
1522
1500
1390
1275
1213
1202
1176
1067
858
581
257
-95
-426
-671
-804
-849
-859
-881
-952
-1067
-1182
-1227
-1167
-1052
-971
-971
-1014
-1034
-997
-918
-849
-843
-912
-1018
-1118
-1181
-1179
-1095
-941
-785
-693
-720
-880
-1115
-1318
-1396
-1309
-1075
-733
-358
-20
231
393
494
567
642
731
798
807
736
593
403
231
174
298
562
858
1089
1216
1243
1206
1150
1128
1168
1255
1334
1347
1302
1263
1282
1340
1388
1402
1385
1314
1136
845
514
242
69
-66
-218
-368
-457
-481
-503
-577
-692
-792
-847
-863
-839
-749
-582
-391
-279
-315
-474
-649
-755
-780
-782
-816
-912
-1093
-1351
-1615
-1759
-1700
-1492
-1267
-1129
-1091
-1103
-1111
-1078
-1000
-895
-800
-760
-795
-874
-941
-943
-867
-745
-631
-534
-414
-238
-10
255
564
916
1263
1528
1669
1701
1665
1604
1549
1512
1483
1436
1356
1232
1070
913
826
815
833
834
805
765
734
748
805
852
840
756
622
460
314
234
232
285
370
479
594
685
740
796
880
976
1013
927
721
471
252
64
-136
-368
-627
-903
-1170
-1383
-1511
-1577
-1599
-1563
-1483
-1388
-1326
-1282
-1227
-1155
-1085
-1028
-974
-923
-879
-825
-726
-571
-377
-173
17
147
183
131
63
46
73
88
41
-37
-99
-114
-108
-95
-76
-60
-60
-82
-106
-136
-181
-223
-225
-182
-120
-68
-14
44
128
288
567
939
1297
1565
1714
1745
1653
1472
1284
1143
1030
899
753
632
551
473
349
173
-6
-127
-181
-195
-201
-225
-304
-443
-629
-810
-933
-945
-863
-750
-661
-612
-602
-630
-693
-784
-879
-934
-892
-773
-683
-697
-784
-847
-843
-785
-696
-604
-525
-470
-408
-314
-205
-117
-49
23
123
236
298
257
114
-46
-142
-162
-153
-146
-130
-84
9
158
364
593
778
853
821
750
706
684
660
642
633
596
485
331
215
184
213
251
269
259
228
195
177
179
217
278
330
327
292
315
491
818
1188
1471
1592
1544
1362
1105
854
650
488
337
198
72
-84
-296
-515
-648
-660
-595
-503
-408
-338
-336
-400
-456
-448
-404
-425
-550
-713
-786
-714
-552
-395
-281
-182
-63
68
183
253
247
147
-39
-256
-433
-491
-419
-275
-147
-94
-130
-245
-383
-471
-475
-441
-434
-480
-556
-627
-645
-558
-369
-152
-5
20
-42
-124
-172
-158
-86
-14
-17
-98
-152
-57
182
457
641
710
715
694
658
586
487
378
288
240
246
291
331
311
207
27
-173
-333
-425
-473
-513
-549
-551
-476
-334
-181
-76
-13
56
151
234
273
277
263
227
143
38
-43
-81
-107
-160
-247
-364
-514
-681
-838
-929
-893
-714
-458
-233
-103
-57
-64
-113
-197
-291
-356
-367
-329
-258
-151
9
220
438
607
698
720
704
693
690
647
519
324
131
12
-19
0
19
21
11
-10
-54
-115
-180
-253
-339
-431
-501
-538
-533
-479
-372
-214
-7
231
458
632
752
842
920
964
932
816
663
539
481
488
541
621
695
731
730
730
774
852
910
890
771
580
360
143
-48
-212
-349
-463
-527
-539
-508
-454
-377
-273
-151
-23
91
189
263
309
305
240
120
-36
-198
-308
-315
-219
-89
6
45
42
4
-75
-202
-375
-582
-809
-1043
-1278
-1504
-1694
-1818
-1863
-1836
-1741
-1564
-1300
-991
-688
-413
-148
109
312
409
380
276
160
67
-31
-171
-344
-483
-531
-483
-384
-277
-173
-50
110
299
474
600
677
728
793
882
957
945
815
637
506
459
459
460
453
457
493
555
615
662
710
750
742
662
536
413
328
289
293
329
386
433
439
395
311
208
96
-19
-143
-267
-352
-378
-381
-405
-451
-475
-465
-470
-509
-527
-447
-272
-111
-53
-76
-102
-113
-165
-292
-462
-616
-726
-784
-798
-788
-782
-801
-843
-879
-870
-815
-730
-615
-443
-225
-21
99
130
117
131
220
362
482
522
493
465
493
591
737
863
900
803
609
396
253
232
342
543
771
958
1072
1129
1161
1169
1097
893
576
250
6
-150
-273
-372
-406
-360
-262
-159
-47
103
298
497
630
655
586
463
325
200
119
116
190
297
348
279
81
-186
-437
-609
-690
-730
-780
-871
-984
-1061
-1035
-895
-691
-509
-393
-335
-303
-307
-359
-445
-512
-530
-535
-598
-748
-938
-1090
-1157
-1159
-1140
-1116
-1038
-859
-612
-369
-150
70
264
359
332
260
231
254
281
285
272
265
287
331
377
405
440
510
609
699
765
857
985
1070
1025
870
702
569
458
353
262
183
101
6
-102
-194
-223
-173
-94
-48
-28
11
97
191
244
239
202
182
183
160
78
-40
-125
-132
-54
76
177
181
66
-127
-326
-462
-503
-476
-441
-411
-365
-306
-280
-295
-314
-314
-321
-375
-461
-547
-603
-623
-611
-587
-593
-648
-727
-786
-805
-800
-779
-709
-543
-267
56
355
596
802
970
1061
1055
965
817
615
385
191
97
106
175
258
346
436
531
639
774
928
1081
1207
1282
1265
1133
899
624
379
212
140
143
187
254
328
381
365
274
160
89
72
70
55
29
-3
-53
-120
-178
-211
-210
-167
-80
13
38
-41
-191
-364
-550
-754
-953
-1115
-1242
-1355
-1454
-1503
-1457
-1294
-1037
-762
-545
-417
-360
-346
-350
-342
-310
-251
-165
-29
144
272
255
69
-196
-402
-482
-468
-454
-483
-533
-540
-472
-332
-142
74
280
443
548
609
656
716
805
905
994
1027
977
871
785
776
835
898
917
883
811
723
626
515
382
237
109
24
-7
-3
11
4
-42
-128
-231
-322
-390
-448
-513
-568
-577
-518
-416
-310
-220
-149
-108
-126
-203
-304
-357
-331
-268
-231
-231
-223
-190
-173
-228
-358
-491
-532
-445
-268
-77
80
187
235
225
175
104
21
-77
-183
-289
-377
-413
-383
-315
-231
-107
70
245
319
264
163
128
197
332
477
605
714
782
781
723
649
597
556
508
439
354
282
255
279
322
349
352
321
232
86
-75
-199
-277
-344
-428
-501
-502
-397
-228
-83
-19
-32
-80
-151
-251
-377
-481
-517
-488
-448
-417
-380
-309
-226
-147
-66
57
243
442
563
550
435
273
98
-81
-238
-338
-387
-417
-453
-477
-461
-386
-258
-103
50
169
233
229
181
150
189
278
331
302
228
177
154
107
3
-138
-265
-341
-349
-300
-231
-183
-177
-196
-195
-137
-10
163
332
450
500
505
505
515
512
458
316
82
-195
-447
-610
-679
-695
-718
-763
-775
-689
-503
-283
-93
22
48
-11
-125
-233
-292
-283
-225
-165
-141
-143
-129
-93
-62
-59
-55
11
158
329
439
459
442
449
483
506
484
426
364
326
321
339
354
334
257
129
-3
-82
-55
52
160
208
193
143
57
-79
-250
-401
-473
-448
-351
-222
-90
40
174
290
356
360
337
319
283
180
16
-133
-208
-212
-191
-161
-112
-57
-33
-64
-118
-135
-81
26
132
182
165
97
6
-97
-208
-320
-410
-461
-465
-437
-390
-302
-160
31
225
378
461
467
406
316
233
151
33
-125
-260
-303
-261
-205
-204
-260
-328
-354
-320
-262
-214
-170
-88
60
254
452
611
712
764
796
823
829
797
730
650
564
467
360
249
141
32
-76
-170
-235
-270
-277
-251
-164
2
223
441
581
593
465
248
33
-123
-216
-269
-300
-322
-354
-402
-453
-499
-529
-525
-472
-386
-313
-287
-305
-348
-390
-409
-388
-332
-276
-260
-285
-319
-316
-273
-231
-232
-274
-316
-337
-343
-351
-355
-337
-286
-207
-127
-86
-108
-172
-222
-215
-163
-113
-102
-107
-86
-18
66
133
180
221
256
271
249
194
134
91
66
45
36
65
143
247
328
