-143
-30
-1
5
43
94
116
98
54
-2
-59
-88
-66
-10
34
31
-17
-84
-138
-137
-80
-12
0
-59
-125
-111
5
148
204
114
-69
-224
-266
-194
-44
152
334
428
418
374
368
348
233
18
-200
-355
-462
-553
-614
-624
-572
-476
-367
-287
-289
-356
-431
-451
-417
-336
-219
-93
3
57
89
114
118
81
16
-57
-133
-207
-230
-157
7
170
258
290
353
492
665
796
831
782
691
593
510
446
414
420
460
496
489
441
393
389
430
477
494
462
410
380
382
385
357
316
289
267
221
133
15
-119
-251
-350
-400
-397
-340
-227
-68
87
177
162
38
-177
-447
-701
-848
-829
-667
-446
-266
-186
-206
-276
-302
-232
-68
133
321
458
506
453
325
195
130
134
166
183
191
197
195
162
87
-25
-144
-224
-229
-141
22
204
340
413
434
386
251
52
-134
-256
-321
-351
-363
-346
-277
-138
38
167
212
190
140
59
-69
-202
-290
-326
-364
-434
-492
-480
-376
-203
-19
78
-14
-298
-638
-869
-920
-836
-702
-590
-562
-650
-801
-893
-860
-742
-622
-525
-441
-364
-285
-183
-54
72
175
258
312
307
222
94
-16
-59
-27
69
200
322
408
470
548
649
747
818
849
832
765
672
578
484
379
270
209
254
422
642
800
809
672
480
341
323
411
526
583
565
519
494
462
365
206
51
-61
-153
-265
-390
-484
-529
-550
-602
-680
-722
-671
-545
-417
-367
-426
-546
-610
-538
-363
-178
-63
-56
-157
-324
-499
-636
-698
-676
-589
-478
-372
-280
-192
-94
29
179
339
478
551
528
415
278
185
160
181
228
305
407
506
543
484
352
224
171
201
276
338
342
286
204
158
192
312
483
609
604
437
196
-6
-94
-76
-1
69
103
98
75
52
16
-53
-142
-179
-140
-85
-104
-196
-309
-406
-488
-535
-513
-427
-340
-317
-336
-341
-295
-225
-140
-44
37
57
14
-34
-32
25
84
101
67
39
74
155
212
210
190
201
213
163
44
-67
-104
-78
-55
-86
-145
-166
-108
-7
75
106
88
45
-14
-58
-61
-19
19
-15
-147
-323
-454
-491
-452
-407
-412
-468
-539
-604
-641
-622
-528
-394
-292
-284
-362
-470
-528
-474
-304
-72
130
253
293
267
182
58
-54
-83
-3
139
237
220
107
-12
-61
-17
105
267
437
592
725
803
783
671
555
520
567
633
665
664
629
555
459
396
410
463
484
438
369
312
240
114
-56
-208
-292
-301
-250
-189
-159
-170
-187
-199
-221
-257
-279
-259
-214
-195
-236
-336
-486
-680
-900
-1089
-1177
-1142
-1034
-922
-826
-716
-550
-324
-87
84
158
180
208
264
314
353
407
487
583
667
705
671
561
417
310
268
271
285
301
328
370
427
486
524
519
478
451
477
558
657
748
831
908
976
1002
937
766
545
354
223
126
44
-17
-40
-31
10
58
57
-37
-201
-389
-571
-731
-834
-841
-765
-658
-558
-481
-432
-433
-472
-536
-614
-684
-715
-699
-664
-635
-621
-632
-683
-751
-797
-796
-755
-696
-635
-606
-617
-644
-636
-567
-444
-287
-137
-46
-42
-94
-143
-165
-182
-206
-218
-175
-65
88
236
350
451
590
775
927
954
855
713
628
641
711
755
722
626
520
447
427
438
447
414
346
255
141
0
-150
-271
-370
-476
-587
-664
-663
-589
-464
-310
-154
-30
28
27
-10
-69
-133
-169
-157
-120
-84
-39
32
112
154
128
40
-81
-205
-320
-422
-504
-547
-528
-433
-258
-10
278
554
748
832
838
826
833
839
817
752
670
636
681
753
749
638
495
394
311
210
98
31
23
39
34
-15
-83
-128
-129
-110
-105
-137
-230
-354
-458
-483
-431
-351
-273
-226
-216
-260
-317
-342
-321
-318
-401
-560
-690
-693
-548
-325
-125
-14
-6
-65
-146
-232
-330
-411
-419
-321
-163
-12
86
118
124
158
235
313
346
363
405
471
495
431
291
132
3
-80
-112
-89
-28
43
99
139
159
154
131
118
148
229
325
376
349
273
202
173
180
182
166
143
133
132
120
97
62
10
-63
-148
-225
-304
-387
-440
-441
-409
-422
-507
-616
-692
-712
-700
-678
-669
-675
-668
-616
-514
-394
-307
-279
-285
-276
-244
-224
-227
-205
-115
28
162
274
365
458
558
661
749
814
863
880
812
644
439
290
230
224
227
232
264
327
394
416
370
272
183
139
154
209
292
378
436
455
433
351
180
-54
-253
-347
-352
-340
-356
-386
-411
-425
-457
-505
-558
-584
-572
-547
-547
-573
-581
-533
-434
-326
-229
-133
-18
75
74
-71
-302
-495
-565
-503
-368
-194
-10
158
271
327
342
328
287
244
262
369
519
631
663
637
590
552
535
529
506
466
434
436
468
497
494
462
420
385
362
338
276
164
36
-40
-46
-30
-45
-96
-125
-82
11
91
126
137
114
33
-82
-154
-143
-74
-11
8
-55
-200
-380
-525
-608
-662
-697
-701
-671
-627
-574
-518
-490
-509
-545
-558
-537
-481
-398
-317
-299
-358
-441
-478
-439
-353
-268
-224
-235
-305
-406
-503
-543
-510
-422
-319
-243
-214
-224
-213
-142
-34
49
112
200
307
376
370
318
273
256
265
289
302
280
236
219
249
297
323
336
379
465
554
589
571
543
554
595
631
618
551
438
308
185
96
53
61
126
224
299
298
230
148
108
105
106
89
68
64
83
114
150
197
250
283
281
266
256
241
188
103
34
17
59
125
170
175
155
109
26
-89
-175
-198
-182
-177
-174
-136
-79
-51
-74
-113
-133
-125
-121
-148
-223
-335
-471
-603
-712
-771
-755
-641
-455
-260
-133
-108
-159
-221
-232
-178
-86
8
100
194
288
347
359
350
323
235
48
-191
-384
-454
-398
-269
-138
-30
63
145
179
139
38
-92
-212
-298
-310
-246
-134
-12
91
167
244
351
492
608
630
534
366
219
165
225
346
459
503
469
386
288
199
106
4
-91
-151
-170
-182
-231
-326
-414
-455
-459
-472
-484
-457
-407
-391
-441
-530
-621
-698
-743
-750
-729
-691
-634
-530
-390
-262
-222
-306
-472
-623
-677
-617
-489
-363
-280
-252
-262
-258
-196
-72
64
162
203
198
176
158
159
173
202
259
341
429
504
568
625
646
593
488
394
375
428
499
546
558
545
498
430
397
431
505
562
586
595
605
622
632
617
541
397
224
66
-36
-93
-124
-161
-202
-232
-220
-155
-54
50
131
174
171
134
84
21
-60
-129
-133
-69
-9
-28
-101
-143
-91
23
126
191
247
308
348
319
213
60
-94
-183
-170
-78
17
55
57
69
137
270
440
591
657
634
569
526
513
465
315
73
-160
-275
-244
-158
-126
-194
-309
-390
-399
-353
-285
-223
-190
-204
-274
-362
-400
-347
-240
-158
-165
-276
-464
-677
-846
-927
-931
-896
-873
-901
-988
-1088
-1126
-1089
-1027
-994
-979
-923
-785
-577
-363
-225
-200
-252
-305
-289
-199
-77
25
93
161
248
348
436
475
440
340
228
174
200
290
399
489
533
535
533
569
667
818
968
1051
1022
898
739
604
503
396
249
82
-31
-43
9
36
-9
-106
-246
-441
-647
-733
-595
-285
30
204
194
73
-21
15
155
259
206
25
-144
-182
-98
19
88
84
17
-111
-294
-489
-617
-642
-589
-512
-418
-296
-145
13
150
257
357
457
531
545
513
469
432
400
360
298
211
126
72
51
57
115
255
441
574
607
596
613
659
684
641
552
489
535
670
777
751
600
397
196
15
-120
-173
-144
-73
-2
39
49
25
-36
-158
-355
-591
-783
-837
-728
-535
-388
-337
-341
-345
-344
-335
-283
-185
-102
-113
-221
-353
-441
-468
-495
-579
-704
-793
-785
-687
-535
-351
-148
35
153
217
285
382
463
460
372
251
157
106
99
115
158
214
273
279
186
7
-192
-315
-311
-198
-53
37
19
-85
-211
-289
-301
-276
-238
-184
-108
-36
-2
-38
-119
-200
-240
-250
-275
-329
-393
-427
-432
-448
-516
-611
-675
-660
-589
-508
-442
-367
-258
-126
6
137
287
432
518
509
422
311
224
169
97
-37
-198
-297
-273
-145
17
152
238
302
376
445
470
431
390
413
504
605
651
632
586
542
521
508
505
540
618
702
707
620
465
300
172
109
109
131
137
111
82
81
138
236
305
270
113
-85
-224
-260
-227
-182
-148
-128
-128
-137
-126
-74
-14
21
20
-10
-70
-155
-253
-356
-456
-544
-596
-612
-592
-519
-378
-197
-54
-4
-61
-182
-296
-336
-286
-171
-40
54
85
78
94
170
285
389
436
412
343
282
276
299
295
237
154
95
72
67
61
71
114
155
134
50
-28
-38
8
40
8
-71
-130
-132
-97
-91
-158
-291
-440
-526
-492
-362
-241
-229
-329
-452
-492
-403
-210
4
140
154
72
-33
-102
-143
-181
-232
-277
-301
-311
-321
-319
-295
-252
-204
-144
-78
-41
-61
-119
-161
-155
-90
29
175
285
310
258
183
131
113
119
130
124
93
65
50
24
-22
-50
-7
106
226
278
243
157
78
21
-26
-79
-136
-185
-188
-116
4
100
131
121
100
72
39
17
21
46
97
160
208
207
163
112
68
17
-56
-139
-193
-196
-155
-128
-146
-200
-212
-137
12
175
294
347
325
267
233
266
321
337
310
296
332
387
409
378
333
318
339
344
278
138
-13
-90
-53
77
222
328
394
443
476
464
397
303
202
93
-30
-189
-414
-712
-994
-1111
-1003
-771
-620
-671
-860
-984
-893
-617
-316
-134
-111
-203
-309
-321
-207
-41
53
4
-179
-395
-499
-391
-112
188
366
385
332
324
432
625
838
1008
1078
1018
883
805
885
1071
1207
1185
1040
887
803
793
827
875
915
947
982
998
905
553
-199
-1271
-2239
-2552
-2038
-1193
-779
-1136
-1826
-2028
-1307
-41
947
1131
661
82
-165
6
412
809
992
804
186
-684
-1403
-1657
-1539
-1471
-1772
-2363
-2842
-2865
-2407
-1742
-1184
-884
-814
-852
-828
-562
26
766
1289
1295
832
316
163
447
849
1015
889
700
713
981
1381
1748
2011
2176
2244
2176
1960
1711
1573
1536
1416
1081
643
344
329
520
740
848
682
-66
-1581
-3338
-4167
-3294
-1348
4
-400
-2046
-3126
-2282
42
2077
2510
1537
292
-316
-96
647
1493
2056
2007
1200
-51
-977
-958
-205
323
-201
-1649
-3038
-3400
-2598
-1323
-421
-242
-559
-936
-1013
-603
243
1151
1552
1123
102
-810
-1051
-728
-512
-931
-1706
-2006
-1329
-26
1078
1527
1578
1782
2320
2872
3058
2906
2751
2785
2839
2661
2276
1960
1910
1987
1874
1437
867
468
367
416
393
231
77
95
272
449
432
-70
-1392
-3402
-5077
-5151
-3477
-1489
-966
-2319
-4083
-4207
-2088
791
2384
2057
833
68
315
1256
2272
2879
2848
2093
748
-617
-1229
-877
-299
-555
-1942
-3660
-4514
-3966
-2544
-1289
-857
-1120
-1502
-1486
-843
325
1545
2160
1791
743
-200
-470
-271
-314
-960
-1780
-2032
-1462
-465
407
990
1500
2124
2747
3157
3363
3554
3778
3877
3709
3318
2887
2550
2283
1970
1562
1128
683
130
-498
-914
-884
-529
-187
-46
-30
0
-149
-1027
-2867
-4810
-5404
-4190
-2413
-1873
-3102
-4782
-4929
-2864
71
1892
1928
1159
864
1462
2539
3491
3947
3776
2945
1591
229
-449
-252
93
-438
-2102
-4013
-4924
-4341
-2903
-1713
-1333
-1461
-1461
-1022
-169
963
2144
2914
2810
1876
804
399
776
1150
614
-800
-2013
-1950
-600
1023
1907
1911
1673
1816
2386
3017
3445
3639
3603
3265
2688
2176
2046
2287
2517
2363
1811
1145
582
143
-226
-535
-794
-1031
-1256
-1393
-1319
-1059
-1065
-2004
-3885
-5532
-5525
-3804
-1982
-1788
-3292
-4741
-4213
-1580
1292
2444
1731
662
650
1816
3285
4140
4064
3269
2127
954
139
-10
290
224
-898
-2825
-4430
-4663
-3508
-2003
-1294
-1619
-2263
-2369
-1681
-542
496
1013
871
285
-228
-172
478
1086
832
-369
-1594
-1698
-450
1267
2298
2239
1674
1494
2045
2925
3493
3468
3044
2579
2320
2329
2554
2842
2965
2750
2251
1743
1444
1285
972
296
-666
-1596
-2154
-2200
-1865
-1558
-1899
-3334
-5442
-6797
-6110
-3750
-1721
-1799
-3648
-5023
-3945
-751
2240
3056
1890
578
657
2170
3989
4987
4834
3928
2787
1754
1130
1129
1475
1304
-91
-2362
-4181
-4380
-3103
-1701
-1413
-2210
-2988
-2844
-1883
-825
-128
251
428
347
1
-229
153
1116
1863
1570
388
-529
-157
1355
2868
3373
2867
2197
2168
2812
3543
3874
3861
3813
3846
3895
3937
4008
4006
3696
2976
2011
1063
264
-464
-1217
-1936
-2420
-2621
-2860
-3604
-4883
-5966
-5941
-4736
-3425
-3300
-4509
-5779
-5546
-3517
-1015
333
155
-441
-145
1326
3126
4204
4228
3675
3259
3258
3398
3204
2421
1135
-379
-1777
-2796
-3301
-3447
-3580
-3968
-4471
-4636
-4138
-3089
-1969
-1192
-838
-602
-231
191
412
415
452
641
878
1023
1105
1236
1453
1661
1702
1629
1721
2204
2945
3584
3926
4072
4280
4686
5154
5366
5147
4639
4127
3687
3132
2289
1292
473
-49
-527
-1225
-2080
-2873
-3665
-4706
-5894
-6601
-6269
-5187
-4414
-4732
-5685
-5936
-4724
-2757
-1468
-1438
-1848
-1411
248
2271
3512
3644
3325
3353
3882
4410
4373
3654
2507
1191
-182
-1460
-2369
-2796
-3013
-3476
-4296
-5002
-4945
-3972
-2702
-1973
-2033
-2297
-1971
-859
464
1246
1239
813
555
790
1464
2302
2986
3270
3077
2635
2392
2689
3383
3969
4076
3863
3826
4257
4934
5323
5149
4655
4275
4113
3884
3336
2565
1832
1222
619
-33
-648
-1240
-2071
-3354
-4797
-5683
-5588
-4986
-4895
-5759
-6813
-6822
-5421
-3557
-2539
-2718
-3211
-2855
-1335
626
2081
2680
2796
2977
3416
3897
4148
4060
3594
2699
1471
254
-608
-1114
-1635
-2533
-3738
-4743
-5092
-4816
-4337
-3967
-3639
-3126
-2396
-1651
-1066
-602
-123
388
814
1104
1406
1896
2539
3112
3491
3818
4298
4895
5291
5230
4810
4454
4508
4902
5174
4914
4173
3426
3084
3108
3105
2775
2167
1549
1056
623
186
-241
-748
-1587
-2852
-4189
-5029
-5142
-4939
-5116
-5932
-6873
-7149
-6510
-5470
-4721
-4499
-4496
-4225
-3438
-2281
-1145
-302
331
1085
2110
3091
3532
3293
2806
2586
2671
2589
1894
672
-532
-1241
-1480
-1687
-2201
-2909
-3422
-3540
-3435
-3373
-3361
-3141
-2532
-1715
-1052
-708
-416
229
1327
2509
3249
3407
3377
3701
4541
5555
6234
6310
5953
5592
5537
5721
5798
5475
4789
4077
3638
3430
3128
2471
1516
590
33
-35
151
149
-346
-1260
-2278
-3138
-3766
-4190
-4464
-4721
-5105
-5616
-5980
-5850
-5156
-4283
-3789
-3828
-3952
-3513
-2375
-1126
-551
-822
-1310
-1194
-236
1073
2007
2201
1825
1367
1241
1518
1954
2176
1883
1057
42
-694
-958
-977
-1110
-1484
-1944
-2255
-2342
-2286
-2205
-2073
-1792
-1380
-1011
-772
-463
183
1146
2076
2672
3004
3396
4071
4894
5500
5658
5480
5257
5082
4793
4285
3768
3548
3601
3529
2987
2067
1190
638
299
-89
-583
-1037
-1369
-1713
-2246
-2956
-3640
-4111
-4393
-4624
-4839
-4913
-4749
-4425
-4103
-3851
-3546
-3027
-2304
-1602
-1127
-867
-659
-439
-295
-301
-375
-378
-260
-112
-25
32
175
412
588
564
419
382
526
689
625
277
-174
-477
-539
-473
-453
-578
-846
-1173
-1414
-1401
-1069
-540
-87
64
-44
-103
208
925
1757
2322
2453
2313
2230
2405
2737
2940
2821
2452
2064
1829
1774
1825
1876
1838
1700
1528
1399
1325
1239
1045
708
283
-165
-625
-1125
-1625
-2019
-2245
-2373
-2537
-2799
-3047
-3065
-2720
-2158
-1681
-1456
-1343
-1088
-634
-143
183
328
426
594
778
822
696
556
606
911
1326
1640
1723
1645
1572
1634
1828
2006
1959
1575
978
437
106
-110
-430
-927
-1453
-1782
-1806
-1607
-1353
-1148
-938
-620
-188
204
379
301
138
103
257
425
380
121
-91
17
423
845
982
789
494
409
628
921
976
726
401
250
300
357
199
-255
-871
-1409
-1691
-1749
-1766
-1901
-2186
-2519
-2757
-2730
-2365
-1809
-1420
-1450
-1743
-1855
-1497
-856
-393
-391
-691
-865
-578
76
708
1026
1098
1184
1363
1569
1757
1974
2212
2344
2262
2001
1771
1751
1859
1777
1297
568
-32
-256
-171
-53
-149
-481
-818
-876
-581
-84
421
811
995
938
767
711
856
1001
859
353
-253
-568
-415
0
271
190
-89
-265
-201
11
248
460
596
536
220
-187
-386
-239
74
184
-128
-759
-1405
-1846
-2091
-2262
-2434
-2606
-2763
-2880
-2884
-2692
-2302
-1854
-1536
-1415
-1351
-1110
-623
-80
228
198
38
60
383
829
1143
1251
1278
1362
1506
1659
1811
1979
2105
2101
1959
1789
1683
1593
1406
1109
845
726
724
730
714
741
867
1084
1315
1483
1570
1630
1708
1756
1684
1462
1160
855
595
363
124
-172
-518
-820
-977
-987
-965
-958
-910
-750
-497
-232
-6
127
91
-145
-500
-828
-1052
-1209
-1411
-1745
-2174
-2544
-2680
-2563
-2334
-2163
-2114
-2123
-2080
-1889
-1547
-1161
-864
-694
-567
-388
-138
116
303
402
451
472
442
350
281
381
684
1037
1200
1103
929
908
1051
1145
1013
743
555
551
606
555
384
261
347
606
834
860
750
702
828
1011
1074
969
816
758
822
940
1016
1021
958
826
622
401
267
252
257
151
-64
-262
-336
-301
-266
-302
-379
-414
-426
-526
-793
-1157
-1443
-1543
-1499
-1477
-1596
-1824
-2030
-2127
-2149
-2134
-2070
-1908
-1653
-1361
-1092
-858
-637
-445
-330
-290
-228
-81
64
48
-157
-403
-521
-477
-364
-243
-86
177
519
797
878
790
708
764
924
1055
1069
962
771
566
463
577
911
1339
1691
1878
1918
1917
1973
2085
2171
2150
2022
1824
1607
1431
1362
1403
1455
1360
1077
752
590
639
697
490
-33
-622
-918
-783
-397
-92
-96
-370
-716
-961
-1106
-1216
-1295
-1301
-1258
-1267
-1402
-1603
-1733
-1723
-1634
-1593
-1631
-1676
-1647
-1558
-1444
-1307
-1127
-916
-710
-509
-311
-149
-99
-186
-329
-390
-318
-211
-195
-241
-174
105
456
592
398
82
-11
217
516
589
426
279
340
564
797
994
1232
1536
1802
1898
1844
1788
1858
1985
1964
1679
1260
983
950
989
857
561
319
272
278
111
-238
-542
-641
-615
-648
-801
-958
-1001
-944
-919
-999
-1110
-1142
-1128
-1226
-1509
-1859
-2083
-2080
-1913
-1716
-1607
-1591
-1601
-1586
-1526
-1400
-1188
-947
-788
-759
-769
-674
-412
-107
31
-84
-275
-281
-13
342
522
459
350
437
756
1108
1280
1227
1068
946
904
912
910
883
826
734
643
637
786
1052
1341
1566
1712
1783
1793
1780
1797
1844
1835
1651
1277
866
623
619
709
683
474
215
85
121
184
142
10
-99
-171
-305
-575
-916
-1193
-1312
-1283
-1197
-1146
-1147
-1156
-1153
-1116
-991
-757
-510
-371
-329
-280
-171
-56
-25
-114
-271
-378
-363
-269
-208
-226
-296
-346
-324
-193
36
279
429
421
296
180
196
371
605
744
718
597
495
427
289
0
-387
-708
-825
-754
-655
-682
-818
-883
-747
-460
-169
36
158
229
265
287
324
379
412
365
227
69
-55
-178
-390
-697
-985
-1137
-1135
-1048
-931
-797
-650
-544
-525
-567
-539
-360
-122
-28
-157
-366
-410
-174
237
590
717
605
362
140
58
162
377
530
475
217
-65
-163
-26
165
191
51
-40
93
388
645
742
714
670
700
811
956
1069
1124
1125
1069
955
810
693
617
504
264
-82
-371
-434
-274
-67
-30
-189
-339
-226
168
587
751
601
310
100
95
243
388
387
242
43
-144
-316
-492
-678
-898
-1146
-1357
-1438
-1366
-1209
-1045
-911
-798
-693
-577
-442
-310
-246
-302
-414
-446
-320
-94
106
197
181
127
137
228
330
367
353
343
353
344
301
260
259
274
253
191
166
236
383
527
618
664
707
787
889
948
909
791
643
489
338
224
188
215
233
147
-43
-221
-259
-157
-56
-75
-191
-279
-224
-18
233
387
361
169
-90
-298
-384
-380
-359
-386
-462
-557
-617
-589
-487
-402
-445
-624
-805
-827
-692
-569
-630
-864
-1100
-1203
-1182
-1132
-1086
-1007
-886
-765
-673
-583
-454
-268
-54
127
206
184
134
142
225
341
420
421
353
255
175
116
57
-8
-24
93
362
684
917
999
981
967
1042
1184
1263
1152
879
628
567
689
822
797
608
397
289
321
454
635
784
798
638
399
283
415
691
841
693
336
12
-111
-38
90
123
2
-201
-378
-458
-440
-366
-289
-286
-402
-590
-729
-748
-716
-795
-1027
-1259
-1299
-1127
-920
-858
-955
-1065
-1049
-890
-682
-506
-377
-294
-295
-402
-553
-619
-553
-446
-445
-590
-778
-849
-743
-543
-407
-396
-417
-345
-179
-31
23
55
153
319
450
471
425
416
503
625
677
594
433
304
292
416
629
845
990
1086
1208
1396
1568
1633
1590
1541
1572
1664
1709
1606
1352
1036
786
662
622
572
459
330
251
227
193
117
33
-5
-12
-83
-287
-572
-800
-905
-944
-992
-1038
-1029
-981
-985
-1095
-1250
-1327
-1264
-1106
-966
-926
-982
-1053
-1049
-958
-840
-774
-803
-923
-1091
-1229
-1233
-1061
-776
-509
-358
-322
-315
-219
29
358
597
599
395
183
167
400
746
995
1010
815
560
432
508
699
811
735
547
433
502
705
900
992
983
931
882
862
876
896
873
772
603
414
280
264
352
444
425
276
76
-101
-230
-323
-398
-478
-572
-633
-599
-494
-460
-621
-927
-1184
-1231
-1084
-914
-885
-995
-1104
-1094
-1001
-923
-885
-826
-696
-522
-377
-318
-339
-383
-402
-402
-417
-438
-428
-371
-299
-240
-157
6
249
473
608
672
746
878
1033
1152
1190
1163
1129
1105
1030
873
692
600
616
677
727
799
943
1125
1242
1247
1175
1092
988
853
729
673
675
645
505
255
-1
-125
-67
51
17
-254
-618
-838
-815
-674
-626
-758
-963
-1083
-1087
-1081
-1166
-1315
-1425
-1445
-1416
-1394
-1356
-1260
-1139
-1064
-1056
-1032
-907
-652
-321
-27
121
110
32
14
107
275
427
482
431
335
298
379
542
661
631
481
362
439
724
1046
1180
1051
792
621
651
811
925
867
665
452
354
401
535
641
650
587
545
570
621
625
551
409
211
-26
-275
-489
-638
-732
-811
-911
-1023
-1088
-1055
-942
-866
-932
-1115
-1266
-1255
-1112
-968
-934
-997
-1068
-1055
-948
-824
-777
-824
-903
-937
-898
-791
-619
-424
-286
-277
-363
-415
-330
-108
151
336
403
394
414
525
688
803
824
807
810
824
824
831
879
939
958
913
852
840
909
1036
1144
1181
1148
1090
1025
962
915
896
873
808
706
607
544
526
538
538
494
410
306
184
34
-140
-316
-468
-566
-610
-642
-693
-744
-761
-749
-739
-742
-748
-738
-710
-688
-709
-769
-823
-832
-802
-771
-743
-692
-603
-510
-482
-542
-638
-685
-643
-522
-365
-226
-139
-95
-34
100
307
521
673
749
788
838
926
1033
1120
1148
1104
1009
904
808
702
577
433
294
195
172
230
324
356
253
41
-148
-191
-77
116
298
409
447
429
391
343
292
220
84
-163
-496
-776
-858
-716
-507
-386
-379
-389
-361
-348
-411
-545
-692
-840
-995
-1128
-1156
-1028
-773
-507
-362
-396
-550
-709
-829
-946
-1093
-1211
-1204
-1023
-715
-376
-95
78
170
201
185
111
-12
-157
-285
-321
-202
66
358
535
559
513
502
567
687
808
925
1058
1214
1330
1316
1133
837
531
287
148
123
195
284
304
192
-11
-221
-373
-430
-370
-183
83
336
508
588
589
510
345
122
-80
-175
-137
-23
80
115
89
39
3
-18
-56
-132
-228
-292
-282
-207
-100
12
125
214
246
196
97
-22
-146
-262
-324
-310
-254
-198
-153
-90
-27
-27
-147
-365
-582
-681
-593
-335
-1
274
383
332
235
191
207
232
261
341
504
718
891
954
896
777
654
544
426
270
84
-74
-143
-108
-35
5
-15
-73
-136
-193
-220
-212
-140
0
214
450
597
583
404
194
42
-19
-60
-133
-202
-225
-170
-122
-136
-263
-466
-672
-782
-763
-685
-615
-586
-550
-520
-493
-469
-430
-383
-386
-441
-576
-759
-968
-1117
-1161
-1108
-995
-874
-772
-761
-849
-1039
-1224
-1303
-1162
-859
-528
-281
-104
69
224
321
308
234
203
319
576
796
832
679
512
464
522
586
557
468
396
418
539
703
874
962
964
818
606
406
387
558
824
978
944
777
654
674
808
973
1058
1077
1020
1014
1065
1129
1031
746
359
43
-92
-83
-68
-237
-496
-649
-494
-198
28
22
-152
-358
-486
-494
-486
-506
-602
-711
-794
-772
-614
-396
-284
-409
-774
-1205
-1507
-1494
-1256
-955
-765
-697
-640
-559
-400
-308
-330
-473
-510
-267
168
510
537
353
185
204
346
506
601
693
796
829
702
470
324
349
505
690
860
945
876
660
422
363
502
747
914
977
984
1015
1054
1033
874
643
440
346
319
263
157
-47
-287
-523
-662
-689
-668
-631
-623
-615
-616
-571
-481
-400
-491
-790
-1162
-1356
-1292
-1123
-1012
-1050
-1155
-1290
-1347
-1346
-1270
-1241
-1271
-1351
-1370
-1190
-839
-370
-79
-4
-149
-256
-232
-88
97
202
274
305
474
680
840
746
514
336
327
460
588
716
802
892
927
867
727
649
752
921
994
926
909
1007
1156
1183
1042
779
601
563
658
692
645
556
496
525
568
572
437
224
-12
-179
-281
-335
-386
-500
-568
-566
-437
-400
-523
-796
-993
-1031
-947
-905
-977
-1044
-1005
-781
-595
-564
-746
-970
-1110
-1163
-1178
-1166
-1061
-862
-642
-538
-574
-672
-663
-466
-174
119
339
493
590
634
691
755
799
783
705
642
614
716
863
989
871
626
388
395
550
666
647
471
344
293
451
615
690
626
514
517
581
734
798
814
759
741
762
785
800
721
521
122
-303
-599
-566
-338
-135
-196
-494
-789
-934
-876
-787
-736
-782
-886
-953
-951
-884
-893
-963
-1036
-942
-730
-488
-463
-677
-989
-1137
-977
-660
-364
-287
-335
-407
-343
-132
126
270
180
-27
-160
-27
304
709
1012
1118
1052
912
815
728
646
640
771
968
1084
1040
901
765
726
743
751
688
618
551
505
433
368
337
312
264
119
-63
-222
-240
-147
-35
-37
-130
-255
-343
-435
-540
-630
-657
-585
-527
-503
-538
-488
-376
-265
-274
-413
-528
-563
-465
-404
-405
-503
-587
-633
-689
-768
-885
-952
-1008
-1008
-1014
-1030
-1028
-945
-723
-559
-505
-573
-545
-430
-263
-149
-60
65
269
535
677
631
451
353
428
637
888
1034
1059
980
941
952
997
986
932
827
724
602
525
501
536
527
449
356
336
378
406
374
305
236
189
131
63
-12
-57
-49
30
162
264
307
257
184
58
-96
-189
-171
-15
70
59
-112
-275
-357
-284
-137
-77
-141
-295
-390
-412
-381
-346
-367
-441
-532
-531
-420
-254
-147
-170
-286
-378
-336
-154
65
178
133
39
-23
-6
-33
-108
-184
-149
52
315
512
483
279
11
-86
25
296
530
605
597
521
483
404
368
343
286
174
3
-106
-217
-254
-323
-338
-394
-370
-302
-204
-131
-113
-51
-57
-106
-227
-251
-140
65
262
335
273
111
-45
-177
-316
-495
-639
-690
-614
-513
-454
-479
-510
-483
-395
-310
-353
-447
-569
-554
-524
-460
-430
-381
-318
-284
-240
-217
-136
-155
-233
-441
-520
-442
-211
-15
27
-20
-105
-47
82
226
282
309
447
636
827
834
683
445
305
364
526
672
712
690
646
620
606
544
411
238
168
241
410
480
383
188
70
113
255
374
423
390
372
333
324
320
377
431
404
245
29
-132
-166
-108
-27
-38
-155
-343
-459
-458
-362
-274
-250
-294
-334
-373
-362
-397
-411
-491
-522
-576
-561
-522
-459
-397
-392
-349
-308
-186
-60
73
138
127
95
94
128
104
17
-97
-106
25
296
560
751
766
691
532
429
398
435
478
448
445
433
473
464
438
411
370
370
370
408
390
346
324
383
475
515
456
339
240
186
155
72
-20
-61
-3
65
57
-22
-71
-45
-30
-119
-361
-611
-775
-763
-709
-709
-817
-960
-1035
-1081
-1074
-1119
-1158
-1252
-1342
-1436
-1472
-1436
-1355
-1301
-1315
-1331
-1282
-1178
-1127
-1194
-1295
-1285
-1060
-738
-431
-246
-131
-79
-82
-118
-183
-152
-29
216
470
717
885
936
923
917
1017
1120
1183
1154
1033
852
704
698
822
954
988
967
960
1030
1135
1262
1391
1415
1340
1165
1037
944
912
907
931
947
968
941
855
657
425
223
129
141
163
142
73
48
41
-16
-208
-463
-620
-625
-532
-547
-655
-782
-786
-698
-614
-646
-817
-1003
-1089
-1024
-932
-846
-784
-707
-699
-747
-749
-645
-451
-338
-221
-53
272
621
785
715
490
423
563
834
967
910
690
487
380
425
560
670
755
803
860
819
689
502
345
236
166
170
209
233
175
81
53
94
108
-9
-290
-570
-760
-752
-697
-629
-579
-492
-414
-421
-535
-743
-921
-1022
-984
-936
-915
-939
-918
-871
-884
-944
-1007
-969
-947
-930
-973
-947
-966
-1010
-1184
-1319
-1361
-1181
-928
-725
-659
-634
-478
-217
91
198
158
59
99
303
527
735
819
877
834
783
736
756
851
949
1020
1037
1069
1083
1018
866
733
740
864
990
1008
900
756
623
538
494
504
591
705
785
762
652
495
316
114
-57
-110
-35
99
197
280
342
350
253
76
-76
-175
-169
-131
-77
-80
-127
-195
-227
-178
-72
57
184
324
404
356
128
-165
-412
-465
-404
-270
-194
-148
-149
-169
-149
-123
-68
-84
-76
-77
-41
-28
-27
-34
-70
-99
-155
-135
-76
80
175
221
153
115
121
185
208
106
-63
-230
-267
-272
-271
-341
-371
-378
-319
-258
-219
-235
-294
-294
-261
-217
-281
-407
-546
-560
-415
-193
-62
-119
-285
-445
-469
-382
-201
-84
32
63
104
57
44
88
132
92
-142
-407
-633
-671
-589
-406
-211
-40
86
117
69
-80
-203
-303
-324
-365
-365
-349
-298
-282
-321
-328
-261
-36
191
323
220
31
-88
-3
202
372
405
320
233
203
242
265
250
169
155
243
441
607
732
836
869
801
600
494
458
533
527
530
502
509
462
399
308
248
220
180
95
-56
-144
-110
55
202
247
168
52
-53
-121
-145
-195
-234
-275
-188
-44
87
86
-3
-89
-116
-83
-80
-117
-210
-234
-187
-93
-54
-75
-124
-167
-204
-224
-234
-217
-213
-236
-282
-316
-327
-350
-366
-370
-360
-388
-438
-472
-436
-312
-143
24
69
-13
-199
-351
-363
-220
5
150
166
101
64
93
157
194
199
178
188
269
395
478
447
305
69
-182
-360
-340
-199
-49
-2
-20
-22
21
107
169
197
170
122
84
111
187
238
178
71
-29
-24
34
111
183
240
342
405
404
257
84
-59
-108
-139
-189
-248
-282
-266
-250
-233
-214
-155
-59
69
197
304
358
340
234
89
-63
-156
-224
-276
-359
-423
-400
-295
-120
0
115
156
237
313
387
377
236
130
85
214
296
331
275
196
133
38
27
67
203
256
181
-15
-196
-229
-120
89
260
394
424
366
191
-39
-211
-276
-198
-67
31
50
-58
-132
-160
-58
-20
-93
-249
-338
-272
-173
-118
-204
-337
-477
-582
-664
-738
-755
-727
-656
-625
-645
-699
-698
-597
-504
-541
-704
-785
-682
-443
-228
-88
-54
-73
-74
-3
108
194
255
302
351
381
416
437
453
447
458
479
514
544
576
607
639
684
715
711
645
544
434
342
322
392
552
708
785
724
549
364
267
312
466
625
662
514
241
13
-75
1
133
219
174
-10
-218
-364
-365
-279
-158
-95
-133
-230
-326
-360
-375
-386
-460
-585
-791
-950
-979
-857
-688
-603
-598
-671
-724
-721
-652
-567
-519
-466
-396
-288
-133
-7
52
-50
-175
-162
127
601
949
960
671
381
321
441
571
553
468
418
461
507
503
483
541
636
646
522
344
305
409
545
552
403
233
78
-10
-40
37
181
287
342
374
400
353
178
-78
-331
-473
-448
-348
-304
-435
-674
-949
-1138
-1143
-984
-786
-705
-687
-662
-599
-577
-626
-719
-836
-891
-868
-772
-752
-815
-895
-900
-822
-705
-562
-476
-472
-523
-492
-366
-184
-19
109
187
228
278
411
580
718
754
694
638
620
704
778
801
734
629
541
470
496
605
771
838
793
714
691
698
670
639
632
651
580
448
273
182
192
306
431
452
355
203
106
98
168
261
250
103
-143
-341
-459
-486
-469
-412
-303
-206
-128
-164
-181
-166
-73
-10
-16
-15
65
247
381
332
103
-176
-358
-424
-434
-411
-361
-251
-134
-54
-62
-140
-238
-248
-131
67
170
110
-55
-130
-44
180
407
561
572
419
194
5
-12
70
184
224
228
209
167
74
-61
-145
-122
-2
125
132
-10
-284
-500
-532
-335
-122
-59
-222
-438
-571
-538
-423
-293
-256
-276
-314
-309
-283
-316
-374
-445
-460
-409
-313
-192
-138
-121
-164
-231
-334
-381
-309
-153
-28
-4
-30
-69
-87
-78
-44
-11
-30
-53
-61
-63
-91
-152
-170
-191
-203
-234
-222
-153
-37
56
99
123
189
306
371
341
206
90
4
44
130
247
244
156
24
-121
-264
-399
-420
-342
-197
-95
-40
-67
-97
-141
-123
-55
50
135
117
78
97
212
342
391
384
351
331
312
271
208
176
208
318
422
463
376
228
97
84
191
416
691
918
1016
979
872
708
514
380
406
538
604
497
258
43
-48
22
159
219
171
55
24
98
176
156
-2
-171
-270
-291
-228
-160
-47
33
95
79
-30
-146
-212
-133
15
187
272
252
142
59
61
55
-46
-294
-530
-635
-559
-348
-162
-42
-81
-194
-346
-475
-599
-771
-893
-874
-648
-413
-327
-443
-637
-785
-780
-606
-328
-83
72
161
238
317
333
294
193
129
112
152
149
54
-78
-169
-136
-47
30
1
-143
-330
-414
-301
-61
181
235
118
-137
-351
-461
-454
-368
-287
-246
-305
-416
-531
-582
-603
-580
-508
-344
-206
-164
-244
-313
-285
-181
-46
27
49
-19
-99
-159
-122
-32
124
258
351
331
197
32
-97
-47
76
200
220
198
245
292
360
379
441
475
478
460
484
541
577
587
597
602
574
523
492
489
537
629
777
889
901
747
505
302
284
440
637
701
594
359
142
30
44
137
206
237
199
109
-27
-214
-323
-322
-168
-72
-83
-229
-327
-351
-330
-384
-543
-661
-679
-574
-513
-479
-383
-190
39
197
260
246
119
-36
-223
-295
-255
-60
108
79
-167
-451
-543
-420
-187
-21
26
17
86
214
300
225
76
-102
-166
-122
78
282
436
500
492
382
148
-83
-260
-343
-394
-360
-263
-180
-160
-217
-271
-336
-337
-292
-188
-104
-32
-26
-53
-114
-144
-181
-297
-433
-542
-519
-512
-481
-480
-450
-469
-535
-593
-606
-529
-446
-359
-326
-252
-157
-45
38
80
124
146
208
295
403
441
390
258
99
5
41
184
284
264
179
160
185
219
213
220
235
282
354
419
483
491
526
534
594
621
568
376
102
-41
-6
215
344
369
205
31
-175
-332
-410
-395
-274
-160
-87
-188
-345
-505
-542
-507
-408
-271
-162
-102
-105
-134
-219
-363
-497
-560
-501
-361
-180
-65
-72
-190
-295
-348
-265
-171
-38
8
85
166
325
471
591
617
517
391
375
539
763
859
793
623
546
639
848
939
813
544
395
437
595
646
525
325
155
112
110
166
207
280
343
373
340
242
103
-88
-274
-391
-416
-380
-363
-342
-347
-376
-390
-409
-329
-297
-270
-307
-347
-350
-436
-492
-610
-605
-623
-619
-662
-658
-567
-425
-282
-230
-256
-348
-474
-577
-657
-659
-600
-465
-316
-188
-118
-39
55
207
324
431
462
447
334
275
323
429
394
149
-119
-253
-188
1
230
462
590
585
437
288
225
282
356
419
427
447
455
419
236
-53
-252
-240
-23
165
215
85
-135
-290
-337
-249
-168
-188
-394
-700
-917
-854
-497
-88
124
-16
-286
-501
-438
-218
28
128
45
-132
-357
-488
-533
-424
-285
-185
-197
-257
-270
-238
-155
-44
114
193
221
192
224
178
66
-79
-149
-98
-2
160
262
350
382
466
573
695
794
816
774
642
533
430
384
339
339
367
441
475
462
388
264
122
-54
-154
-191
-91
14
40
-131
-391
-566
-544
-338
-84
145
283
296
204
11
-154
-225
-156
-35
-6
-48
-66
57
200
238
100
-143
-381
-512
-457
-267
28
315
539
552
372
142
10
80
216
323
222
14
-207
-236
-169
-53
-56
-154
-267
-324
-220
-45
160
244
155
-65
-235
-194
14
197
196
30
-210
-415
-519
-484
-345
-226
-215
-302
-391
-356
-217
-88
-184
-458
-743
-757
-525
-209
-53
-180
-424
-589
-437
-144
106
137
-5
-129
-174
-20
220
495
619
497
187
-98
-138
57
309
455
425
255
20
-146
-182
-144
-168
-235
-212
-32
243
406
394
187
1
-19
116
272
264
188
65
72
192
397
475
276
-100
-397
-399
-173
66
178
116
11
-97
-134
-143
-101
8
206
442
566
515
331
216
228
349
414
359
118
-262
-678
-949
-948
-718
-384
-128
-49
-170
-312
-299
-113
136
249
186
-79
-310
-339
-119
144
275
239
107
-37
-86
-35
107
225
302
321
274
216
153
173
231
302
400
555
794
988
986
748
461
382
605
868
898
601
239
31
58
190
232
127
-128
-357
-497
-477
-381
-314
-372
-570
-768
-914
-916
-843
-703
-596
-548
-514
-469
-376
-246
-93
2
-70
-256
-413
-430
-435
-545
-815
-1039
-1017
-691
-241
52
70
-104
-266
-218
-3
274
372
338
268
318
479
660
815
821
709
446
268
200
302
392
443
435
366
250
109
83
125
167
79
-48
-178
-202
-170
-102
-54
-48
-27
-1
94
190
201
59
-140
-205
-114
-4
-3
-116
-241
-295
-241
-97
67
130
100
-49
-144
-205
-150
-132
-148
-253
-295
-206
42
292
356
230
14
-80
-81
-80
-183
-274
-204
-4
160
121
26
-48
50
138
151
-38
-233
-239
-34
184
227
170
83
77
85
210
342
450
384
203
67
95
340
515
489
191
-92
-207
-157
-135
-230
-334
-362
-325
-406
-621
-815
-722
-330
119
319
191
-134
-422
-511
-352
-91
49
-51
-244
-293
-121
122
251
211
70
-100
-193
-185
-20
204
368
362
213
104
64
131
209
331
388
323
202
106
172
313
506
538
443
311
346
504
647
649
529
400
449
640
796
664
313
-60
-182
-107
41
-23
-187
-336
-222
12
241
258
124
-92
-273
-378
-419
-354
-271
-164
-169
-317
-650
-988
-1102
-957
-643
-441
-331
-443
-602
-801
-788
-592
-332
-178
-223
-343
-505
-576
-539
-391
-170
-2
151
118
3
-234
-292
-137
167
401
380
274
135
135
107
46
-37
-16
169
404
587
577
480
354
374
474
535
432
185
34
43
242
347
251
-79
-330
-278
34
274
186
-128
-422
-453
-285
-136
-146
-294
-317
-270
-168
-157
-167
-231
-329
-357
-285
-105
-42
-53
-232
-357
-350
-132
151
196
82
-114
-80
38
177
154
69
30
128
332
530
656
645
529
312
93
-7
3
147
194
237
147
83
56
133
288
368
352
209
80
72
223
442
573
579
449
233
26
44
324
748
1014
1044
882
712
592
511
406
311
255
250
246
240
157
23
-230
-377
-406
-171
108
267
165
-104
-286
-301
-180
-88
-36
-9
-30
-178
-470
-726
-851
-795
-702
-607
-557
-466
-337
-215
-243
-392
-496
-437
-270
-246
-368
-495
-395
-93
177
255
116
-115
-256
-287
-178
-140
-130
-173
-184
-250
-388
-494
-531
-449
-407
-319
-275
-191
-259
-402
-569
-578
-389
-163
4
-8
-42
-62
24
111
175
155
126
125
111
78
-27
-86
-216
-381
-560
-612
-525
-393
-240
-117
-13
102
239
392
448
346
141
-71
-57
64
197
187
145
214
346
431
429
352
372
415
414
266
55
25
164
292
303
217
185
224
292
429
497
487
389
240
113
26
88
256
381
326
180
62
106
251
337
298
91
-4
10
118
98
-88
-327
-478
-407
-157
120
230
98
-116
-229
-59
264
593
600
365
58
0
224
430
408
-7
-500
-826
-762
-415
-42
143
41
-203
-378
-271
114
553
715
553
245
75
79
203
347
457
457
352
228
175
223
254
229
155
109
123
161
168
94
-24
-165
-236
-254
-136
29
103
-23
-333
-565
-603
-398
-122
-5
-68
-296
-434
-451
-291
-133
-96
-272
-523
-753
-856
-861
-852
-894
-988
-958
-814
-648
-667
-762
-916
-980
-983
-721
-188
429
758
457
-278
-878
-705
241
1214
1476
823
-57
-432
55
1008
1786
1951
1495
755
166
113
558
1038
1047
504
-150
-427
-143
414
703
381
-418
-1108
-1248
-909
-588
-683
-1138
-1636
-1883
-1824
-1568
-1246
-1013
-886
-885
-839
-590
-8
712
1231
1301
1034
753
656
737
822
859
854
831
725
487
193
-24
-54
114
359
537
543
452
413
588
976
1420
1769
1965
2075
2144
2177
2131
1879
1347
621
9
-236
-134
36
-106
-642
-1377
-1900
-2030
-1888
-1716
-1635
-1623
-1730
-1969
-2192
-2103
-1576
-772
-29
456
743
1049
1447
1786
1876
1740
1571
1548
1576
1386
767
-167
-1059
-1589
-1695
-1629
-1738
-2201
-2836
-3242
-3126
-2533
-1800
-1270
-1069
-964
-640
114
1174
2245
3045
3457
3635
3830
4209
4637
4861
4772
4520
4326
4227
4101
3692
2800
1332
-441
-2026
-2957
-3179
-3068
-3141
-3701
-4607
-5508
-6059
-6163
-5812
-5171
-4423
-3835
-3556
-3457
-3200
-2412
-1072
530
1962
2947
3486
3682
3651
3432
3186
3034
3025
2947
2562
1743
587
-614
-1603
-2238
-2609
-2829
-3063
-3409
-3974
-4602
-4906
-4472
-3308
-1959
-1038
-839
-1000
-881
43
1665
3377
4566
5129
5381
5697
6072
6261
6028
5596
5509
6057
6816
6823
5428
2835
29
-1967
-2739
-2715
-2757
-3525
-4994
-6550
-7594
-7902
-7639
-6980
-6061
-4988
-3976
-3246
-2755
-2178
-1052
737
2911
4886
6225
6818
6855
6589
6150
5574
4887
4134
3290
2186
703
-1086
-2842
-4226
-5087
-5537
-5805
-6018
-6268
-6563
-6788
-6532
-5439
-3617
-1659
-124
883
1675
2595
3731
4974
6192
7349
8299
8747
8415
7440
6334
5647
5536
5740
5793
5207
3608
907
-2462
-5580
-7448
-7756
-7122
-6721
-7232
-8402
-9381
-9513
-8718
-7172
-5102
-2736
-566
914
1596
2010
2935
4745
7001
8845
9628
9314
8235
6767
5204
3735
2459
1239
-197
-2135
-4509
-6861
-8576
-9326
-9240
-8685
-7949
-7129
-6337
-5701
-5151
-4222
-2394
338
3263
5485
6576
6802
6750
6932
7534
8466
9346
9649
8835
6809
4185
2051
1207
1543
2216
2201
875
-1779
-5132
-8097
-9641
-9364
-7884
-6446
-6011
-6605
-7405
-7538
-6598
-4685
-2114
663
2962
4114
3996
3377
3362
4582
6608
8333
8831
7901
5993
3652
1367
-490
-1663
-2247
-2721
-3678
-5341
-7338
-8936
-9533
-8964
-7483
-5586
-3796
-2494
-1764
-1308
-602
796
2871
5180
7068
8111
8241
7725
7028
6640
6886
7615
8214
7878
6271
3831
1570
369
404
1146
1695
1258
-566
-3494
-6547
-8472
-8591
-7335
-5906
-5339
-5786
-6607
-7009
-6530
-5056
-2717
42
2392
3546
3387
2686
2554
3621
5586
7547
8602
8332
6776
4344
1685
-493
-1793
-2399
-2935
-3992
-5639
-7443
-8830
-9432
-9129
-7943
-6113
-4122
-2548
-1699
-1350
-898
220
2107
4366
6353
7584
7940
7665
7133
6760
6838
7382
7942
7798
6513
4371
2262
1028
894
1441
1891
1453
-357
-3335
-6497
-8542
-8733
-7524
-6217
-5888
-6516
-7297
-7444
-6730
-5185
-2935
-275
2051
3259
3217
2771
3055
4536
6695
8503
9192
8555
6833
4420
1853
-261
-1523
-2099
-2654
-3797
-5545
-7366
-8654
-9107
-8695
-7535
-5905
-4246
-3024
-2367
-1957
-1150
446
2670
4869
6411
7049
6955
6540
6228
6366
6996
7767
8019
7227
5427
3303
1751
1288
1794
2624
2899
1814
-864
-4437
-7465
-8659
-7890
-6278
-5329
-5723
-6998
-8138
-8373
-7454
-5472
-2769
4
1951
2494
1949
1429
2023
3950
6472
8483
9161
8202
5861
2897
336
-1087
-1425
-1481
-2215
-3990
-6322
-8287
-9229
-9006
-7850
-6114
-4306
-2980
-2457
-2463
-2258
-1135
1026
3663
5881
6990
6869
5965
5085
4962
5881
7414
8653
8703
7303
5012
2864
1737
1895
2967
4113
4295
2718
-579
-4451
-7233
-7844
-6647
-5108
-4629
-5512
-7000
-8090
-8165
-7043
-4789
-1845
918
2490
2547
1792
1555
2664
4926
7359
8989
9198
7818
5144
1999
-509
-1669
-1680
-1548
-2250
-4037
-6323
-8246
-9164
-8871
-7480
-5473
-3624
-2705
-2849
-3329
-3043
-1380
1282
3944
5712
6343
6138
5619
5298
5595
6664
8065
8878
8315
6430
4169
2638
2349
3009
3863
4116
3100
609
-2788
-5811
-7232
-6847
-5649
-4998
-5516
-6789
-7998
-8548
-8157
-6697
-4295
-1591
415
1072
726
543
1486
3583
6017
7893
8655
8150
6447
3950
1377
-476
-1335
-1664
-2273
-3621
-5482
-7311
-8643
-9267
-9036
-7963
-6367
-4892
-4037
-3713
-3261
-2059
-105
2024
3706
4685
5050
4996
4844
5043
5978
7497
8793
8962
7743
5810
4202
3574
3876
4554
4842
3980
1614
-1767
-4937
-6710
-6811
-6037
-5565
-5995
-7039
-8024
-8438
-8045
-6717
-4499
-1864
371
1581
1879
2024
2787
4370
6377
8177
9220
9154
7848
5581
3045
1009
-214
-935
-1761
-3081
-4816
-6581
-7958
-8621
-8380
-7292
-5773
-4485
-3866
-3719
-3304
-2022
36
2178
3763
4582
4813
4714
4558
4672
5355
6561
7696
7958
6953
5136
3484
2772
3073
3852
4341
3848
2006
-936
-4051
-6156
-6602
-5803
-4946
-5024
-6100
-7439
-8275
-8209
-7183
-5260
-2815
-536
854
1204
1104
1489
2879
5055
7263
8740
9042
8116
6248
3989
1989
641
-117
-782
-1874
-3554
-5526
-7268
-8347
-8541
-7851
-6568
-5241
-4403
-4125
-3893
-3006
-1198
1123
3213
4523
5036
5048
4928
4940
5281
6038
7031
7748
7584
6353
4564
3153
2735
3244
4013
4232
3258
955
-2109
-4858
-6301
-6187
-5195
-4512
-4956
-6383
-7875
-8519
-7935
-6300
-4080
-1847
-158
639
681
637
1326
3093
5526
7737
8895
8648
7123
4800
2319
328
-809
-1275
-1716
-2773
-4577
-6640
-8246
-8881
-8442
-7198
-5659
-4433
-3849
-3733
-3411
-2238
-158
2216
4075
5043
5270
5155
5005
5069
5531
6415
7374
7802
7253
5799
4118
2994
2833
3408
4097
4176
3092
726
-2349
-4990
-6163
-5721
-4592
-4052
-4731
-6198
-7506
-7972
-7430
-6028
-4035
-1888
-179
724
1031
1434
2479
4170
6060
7638
8509
8367
7082
4872
2403
404
-781
-1413
-2031
-3053
-4494
-6031
-7223
-7683
-7253
-6093
-4726
-3730
-3348
-3257
-2845
-1683
103
1999
3493
4387
4721
4676
4474
4392
4655
5309
6108
6583
6346
5381
4114
3138
2877
3340
4201
4865
4723
3326
777
-2158
-4429
-5410
-5374
-5176
-5557
-6589
-7803
-8698
-8988
-8512
-7128
-4992
-2669
-816
331
1102
2040
3482
5337
7231
8655
9129
8370
6540
4228
2100
496
-656
-1626
-2656
-3883
-5314
-6772
-7884
-8246
-7676
-6434
-5072
-4066
-3463
-2936
-2102
-814
786
2401
3749
4637
5021
4974
4688
4396
4318
4527
4922
5264
5314
4937
4117
3063
2213
2080
2871
4200
5197
4955
3118
179
-2776
-4747
-5440
-5352
-5311
-5879
-7019
-8234
-8922
-8705
-7502
-5550
-3280
-1124
634
1924
2877
3791
4967
6434
7863
8717
8627
7608
5958
4003
1968
82
-1436
-2531
-3424
-4443
-5674
-6865
-7649
-7880
-7613
-6934
-5855
-4500
-3195
-2225
-1496
-578
823
2496
3929
4775
5061
4982
4673
4233
3896
3998
4644
5455
5772
5203
4010
2946
2696
3420
4738
6026
6618
5885
3522
-40
-3616
-5955
-6641
-6343
-6202
-6866
-8082
-9122
-9472
-8998
-7660
-5429
-2562
228
2126
2884
3042
3472
4576
6112
7523
8412
8548
7785
6077
3670
1145
-879
-2131
-2854
-3534
-4536
-5907
-7439
-8738
-9379
-9001
-7593
-5581
-3650
-2291
-1452
-695
405
1893
3500
4857
5699
5878
5440
4674
4056
3959
4364
4897
5134
4926
4389
3758
3254
3084
3391
4081
4824
5167
4727
3241
725
-2385
-5317
-7351
-8266
-8388
-8322
-8431
-8619
-8529
-7955
-6914
-5455
-3589
-1461
573
2096
2985
3481
4040
4945
6115
7179
7746
7583
6677
5168
3307
1401
-297
-1735
-3073
-4491
-5987
-7364
-8366
-8825
-8669
-7875
-6487
-4727
-2964
-1504
-403
568
1685
3061
4502
5631
6138
5999
5486
4965
4681
4639
4712
4725
4609
4346
3971
3519
3078
2745
2592
2609
2726
2816
2755
2353
1356
-457
-2955
-5482
-7171
-7551
-6909
-6034
-5589
-5691
-6000
-6099
-5752
-4825
-3286
-1348
454
1600
2023
2160
2531
3312
4332
5374
6355
7140
7366
6589
4756
2313
-89
-2089
-3644
-4811
-5596
-6092
-6527
-7052
-7524
-7617
-7123
-6066
-4558
-2718
-751
995
2213
2900
3363
3925
4668
5445
6085
6500
6642
6441
5866
4973
3904
2768
1665
733
172
18
45
-96
-564
-1170
-1476
-1083
69
1613
2851
3083
1948
-253
-2642
-4207
-4426
-3593
-2583
-2273
-2974
-4383
-5847
-6767
-6735
-5667
-3949
-2251
-1156
-692
-429
207
1453
3150
4868
6203
6854
6620
5525
3896
2286
1065
220
-580
-1617
-2933
-4368
-5692
-6654
-6972
-6480
-5290
-3796
-2396
-1244
-219
871
2100
3422
4774
6038
6980
7247
6667
5430
4043
2907
2086
1362
524
-427
-1341
-2013
-2279
-1985
-1120
84
1196
1922
2337
2794
3523
4454
5300
5729
5413
4164
2142
-77
-1824
-2810
-3324
-3916
-4896
-6148
-7391
-8424
-9126
-9256
-8569
-7104
-5321
-3733
-2473
-1248
256
2075
4007
5819
7304
8211
8250
7315
5681
3890
2381
1202
175
-856
-1922
-3032
-4202
-5310
-6060
-6166
-5578
-4500
-3217
-1947
-911
-329
-303
-576
-654
-204
655
1490
1957
1993
1720
1301
961
967
1436
2110
2512
2365
1907
1663
2014
2903
3997
4978
5661
5950
5828
5476
5224
5262
5330
4854
3422
1183
-1260
-3320
-4814
-5938
-6917
-7783
-8454
-8920
-9245
-9331
-8906
-7742
-5990
-4087
-2391
-911
551
2053
3481
4755
5996
7336
8650
9572
9757
9153
7950
6381
4618
2827
1189
-198
-1442
-2762
-4293
-5970
-7581
-8871
-9636
-9742
-9187
-8153
-6978
-5965
-5166
-4383
-3325
-1847
-18
1930
3719
5100
5908
6144
6048
5980
6186
6595
6877
6738
6137
5280
4451
3877
3668
3756
3869
3667
3028
2163
1427
1012
825
614
138
-729
-1971
-3397
-4710
-5637
-6128
-6291
-6270
-6109
-5869
-5728
-5876
-6221
-6250
-5405
-3592
-1297
844
2517
3754
4686
5399
6021
6768
7694
8484
8561
7567
5654
3351
1147
-755
-2338
-3635
-4698
-5708
-6897
-8323
-9725
-10680
-10879
-10314
-9167
-7662
-6004
-4432
-3150
-2153
-1160
207
2105
4309
6351
7823
8584
8715
8373
7734
7032
6481
6108
5682
4903
3720
2415
1431
1021
1127
1427
1537
1200
409
-551
-1242
-1318
-751
145
932
1240
920
86
-916
-1668
-1925
-1752
-1454
-1344
-1584
-2164
-2989
-3892
-4651
-4995
-4761
-3965
-2854
-1731
-811
-114
510
1229
2141
3181
4178
4887
5095
4725
3834
2610
1250
-57
-1179
-2035
-2678
-3299
-4073
-5020
-5977
-6768
-7255
-7300
-6775
-5675
-4243
-2885
-1936
-1435
-1096
-569
322
1533
2943
4395
5624
6309
6282
5752
5171
4928
5053
5265
5243
4869
4228
3498
2871
2541
2620
3009
3426
3553
3257
2633
1912
1307
956
896
1008
964
371
-923
-2621
-4146
-5068
-5378
-5366
-5295
-5274
-5344
-5566
-5905
-6113
-5821
-4874
-3494
-2089
-920
-11
751
1436
2086
2761
3587
4594
5570
6112
5941
5087
3793
2258
579
-1130
-2636
-3726
-4404
-4934
-5596
-6413
-7155
-7561
-7544
-7099
-6243
-5039
-3732
-2650
-1995
-1677
-1393
-797
295
1852
3641
5332
6595
7252
7329
7044
6691
6513
6601
6817
6868
6467
5531
4218
2846
1697
924
529
423
413
253
-222
-993
-1830
-2440
-2590
-2191
-1315
-253
548
692
130
-826
-1700
-2185
-2261
-2091
-1872
-1775
-1963
-2531
-3398
-4270
-4778
-4717
-4139
-3300
-2469
-1767
-1138
-448
344
1158
1866
2388
2752
3018
3181
3131
2748
2027
1081
81
-806
-1476
-1938
-2307
-2714
-3220
-3794
-4350
-4778
-4979
-4870
-4401
-3662
-2864
-2248
-1883
-1647
-1316
-682
334
1695
3260
4841
6229
7201
7618
7505
7072
6617
6367
6343
6363
6192
5679
4827
3765
2711
1880
1388
1179
1091
939
659
340
155
199
400
599
647
444
-86
-953
-2030
-3053
-3797
-4259
-4643
-5092
-5515
-5712
-5668
-5608
-5713
-5878
-5791
-5255
-4319
-3129
-1804
-454
733
1581
2091
2513
3132
3960
4694
4978
4691
3930
2859
1612
342
-754
-1578
-2252
-3057
-4176
-5520
-6813
-7798
-8361
-8445
-7966
-6876
-5281
-3511
-1905
-608
468
1495
2553
3690
4907
6138
7161
7715
7737
7415
7058
6811
6635
6408
6062
5592
4970
4197
3366
2667
2277
2212
2301
2242
1795
958
-31
-890
-1475
-1793
-1943
-2065
-2306
-2724
-3245
-3745
-4166
-4552
-4953
-5307
-5471
-5378
-5148
-4956
-4817
-4595
-4201
-3713
-3252
-2829
-2376
-1882
-1436
-1085
-712
-126
716
1603
2240
2521
2593
2706
2999
3457
3988
4455
4659
4375
3517
2281
983
-164
-1156
-2066
-2927
-3729
-4439
-4990
-5252
-5087
-4460
-3469
-2325
-1244
-363
326
940
1626
2497
3611
4919
6237
7325
8030
8344
8333
8072
7650
7173
6721
6283
5725
4881
3710
2333
910
-471
-1740
-2803
-3581
-4133
-4594
-5037
-5351
-5329
-4891
-4200
-3561
-3135
-2846
-2578
-2414
-2594
-3169
-3844
-4229
-4197
-3951
-3713
-3515
-3259
-2922
-2601
-2348
-2008
-1363
-392
631
1394
1833
2130
2479
2920
3394
3867
4318
4662
4721
4377
3687
2846
2009
1187
302
-681
-1702
-2676
-3566
-4360
-5001
-5354
-5343
-5054
-4673
-4312
-3885
-3227
-2286
-1159
41
1265
2471
3509
4179
4420
4400
4400
4574
4871
5128
5221
5097
4714
4023
3087
2140
1450
1115
957
703
178
-604
-1507
-2358
-2979
-3241
-3142
-2831
-2536
-2412
-2454
-2561
-2643
-2710
-2783
-2789
-2551
-1984
-1229
-592
-249
-112
46
342
718
1098
1476
1870
2174
2183
1783
1082
333
-274
-669
-870
-926
-880
-801
-752
-784
-823
-691
-262
401
1073
1570
1805
1775
1499
1062
633
383
321
262
-59
-767
-1754
-2739
-3443
-3733
-3626
-3252
-2780
-2378
-2113
-1912
-1609
-1059
-235
787
1860
2859
3733
4484
5167
5811
6388
6778
6816
6377
5461
4215
2899
1763
932
367
-70
-540
-1160
-1937
-2730
-3291
-3421
-3091
-2484
-1885
-1511
-1397
-1418
-1389
-1142
-582
258
1141
1676
1579
892
-16
-734
-1040
-995
-807
-688
-753
-1023
-1484
-2056
-2559
-2769
-2578
-2146
-1773
-1646
-1665
-1558
-1140
-424
396
1129
1657
1939
1974
1814
1602
1505
1561
1566
1214
395
-691
-1677
-2339
-2672
-2805
-2834
-2837
-2921
-3150
-3402
-3374
-2844
-1884
-830
4
528
882
1223
1634
2134
2773
3543
4336
4943
5201
5106
4768
4307
3773
3205
2657
2164
1702
1206
641
28
-614
-1299
-2029
-2734
-3316
-3702
-3875
-3817
-3507
-2982
-2347
-1766
-1354
-1104
-832
-310
534
1514
2268
2507
2164
1400
519
-156
-381
-139
348
707
638
93
-698
-1338
-1522
-1179
-476
335
1016
1406
1467
1310
1148
1186
1489
1942
2309
2390
2109
1501
656
-330
-1307
-2101
-2588
-2805
-2921
-3071
-3252
-3348
-3283
-3085
-2813
-2463
-1982
-1362
-673
-16
556
1010
1320
1466
1459
1401
1424
1612
1885
2067
2039
1783
1327
717
100
-275
-207
272
879
1259
1196
736
105
-410
-600
-406
35
452
562
255
-350
-988
-1413
-1467
-1115
-464
274
878
1243
1386
1376
1283
1167
1122
1209
1379
1475
1356
1020
556
36
-510
-1003
-1308
-1357
-1240
-1104
-1009
-885
-670
-391
-121
137
468
898
1321
1574
1608
1505
1301
917
264
-534
-1206
-1571
-1726
-1927
-2328
-2904
-3518
-4041
-4364
-4377
-4017
-3370
-2668
-2181
-1995
-1965
-1793
-1235
-264
917
2016
2825
3299
3505
3569
3599
3660
3713
3636
3325
2802
2231
1771
1488
1323
1172
930
527
-35
-670
-1222
-1557
-1655
-1610
-1564
-1582
-1613
-1562
-1401
-1166
-875
-464
140
910
1670
2208
2404
2296
2018
1706
1466
1343
1323
1293
1121
735
152
-533
-1199
-1715
-2011
-2107
-2073
-1965
-1760
-1421
-932
-367
150
571
903
1141
1201
1011
614
119
-385
-879
-1339
-1737
-2067
-2370
-2703
-3088
-3460
-3706
-3716
-3467
-3004
-2404
-1736
-1055
-411
192
765
1317
1807
2173
2393
2487
2494
2431
2329
2219
2107
1968
1741
1378
919
535
403
557
851
1098
1212
1224
1204
1197
1214
1269
1368
1454
1420
1174
754
302
-26
-175
-188
-118
27
251
494
645
610
410
152
16
121
447
828
1061
1040
791
446
150
-33
-159
-312
-525
-792
-1071
-1324
-1466
-1447
-1307
-1146
-1066
-1050
-1029
-913
-671
-355
-71
26
-154
-587
-1124
-1597
-1925
-2129
-2297
-2516
-2809
-3131
-3383
-3518
-3521
-3377
-3061
-2593
-2050
-1485
-905
-287
375
1078
1779
2415
2938
3352
3675
3887
3925
3748
3375
2889
2350
1761
1108
429
-164
-607
-897
-1102
-1266
-1396
-1462
-1414
-1219
-859
-356
230
797
1250
1570
1848
2208
2684
3174
3532
3662
3568
3269
2786
2112
1313
535
-80
-494
-815
-1147
-1508
-1812
-1955
-1944
-1887
-1902
-1975
-2027
-2012
-1929
-1777
-1509
-1140
-760
-490
-397
-431
-479
-455
-397
-432
-636
-967
-1327
-1671
-1978
-2187
-2210
-2034
-1779
-1583
-1504
-1463
-1358
-1155
-887
-586
-247
90
306
281
40
-207
-208
157
788
1444
1896
2044
1957
1792
1673
1654
1759
2008
2364
2707
2896
2905
2809
2712
2643
2589
2509
2360
2096
1689
1169
635
196
-86
-227
-259
-209
-128
-70
-52
-32
35
163
353
571
717
648
331
-102
-441
-558
-504
-428
-441
-533
-648
-782
-960
-1146
-1243
-1223
-1158
-1157
-1252
-1394
-1499
-1525
-1502
-1510
-1615
-1812
-2090
-2433
-2796
-3076
-3174
-3077
-2844
-2575
-2346
-2186
-2064
-1901
-1641
-1257
-755
-176
383
799
979
935
765
614
572
659
834
1027
1155
1144
1004
800
636
581
650
828
1054
1296
1548
1836
2144
2413
2589
2651
2634
2567
2447
2263
2021
1755
1480
1177
843
509
253
121
101
120
99
22
-92
-197
-272
-289
-196
25
328
588
707
672
540
374
206
59
-20
22
164
265
148
-273
-922
-1604
-2117
-2350
-2331
-2169
-1988
-1901
-1978
-2216
-2497
-2633
-2513
-2156
-1695
-1270
-997
-928
-1037
-1212
-1295
-1169
-842
-461
-218
-180
-283
-410
-502
-539
-496
-345
-113
103
221
239
228
259
347
485
690
984
1338
1671
1905
2019
2050
2089
2192
2342
2468
2522
2501
2410
2260
2053
1803
1548
1359
1291
1317
1355
1322
1213
1064
932
854
844
904
1036
1209
1349
1387
1329
1227
1118
982
778
474
72
-370
-786
-1130
-1397
-1628
-1850
-2071
-2252
-2371
-2449
-2518
-2600
-2662
-2681
-2638
-2546
-2412
-2241
-2031
-1799
-1595
-1453
-1371
-1322
-1312
-1368
-1470
-1519
-1427
-1227
-1052
-1001
-1032
-1035
-925
-705
-427
-148
70
175
142
11
-111
-100
92
429
814
1151
1386
1515
1588
1679
1847
2097
2375
2604
2697
2603
2340
2015
1753
1626
1632
1711
1762
1674
1392
951
468
61
-196
-295
-286
-243
-227
-255
-317
-392
-444
-434
-353
-248
-161
-101
-54
-32
-18
19
96
149
95
-86
-343
-617
-862
-1035
-1124
-1163
-1229
-1372
-1599
-1884
-2159
-2361
-2447
-2443
-2391
-2283
-2088
-1797
-1470
-1149
-827
-467
-67
316
615
809
945
1116
1371
1669
1897
1968
1870
1646
1363
1070
814
633
558
571
598
539
348
64
-249
-551
-819
-1020
-1103
-1036
-841
-573
-318
-133
-41
-7
16
84
247
533
912
1263
1468
1464
1274
962
633
388
313
410
596
738
729
564
339
211
267
486
747
947
1046
1048
981
887
856
956
1182
1435
1608
1627
1489
1247
954
664
417
255
152
-7
-316
-745
-1156
-1431
-1547
-1546
-1469
-1338
-1186
-1058
-969
-890
-761
-576
-373
-214
-142
-185
-326
-502
-629
-664
-635
-635
-756
-1032
-1411
-1782
-2048
-2149
-2082
-1903
-1731
-1687
-1790
-1939
-1999
-1902
-1689
-1446
-1254
-1166
-1191
-1277
-1312
-1215
-991
-717
-475
-306
-224
-223
-272
-311
-245
-6
406
901
1372
1763
2095
2407
2718
3011
3246
3404
3498
3562
3584
3543
3412
3216
2986
2727
2423
2061
1683
1357
1126
950
781
618
503
461
459
449
381
252
83
-96
-279
-468
-665
-866
-1071
-1270
-1443
-1585
-1705
-1837
-2008
-2219
-2416
-2530
-2516
-2390
-2230
-2096
-2006
-1931
-1869
-1828
-1785
-1690
-1506
-1254
-994
-799
-699
-666
-668
-697
-766
-851
-895
-840
-672
-437
-222
-79
-11
14
26
54
131
276
469
666
824
946
1053
1202
1439
1751
2064
2296
2444
2563
2711
2903
3126
3339
3481
3506
3407
3206
2944
2688
2471
2272
2026
1706
1344
990
668
377
119
-79
-201
-267
-344
-486
-687
-864
-946
-951
-951
-996
-1088
-1234
-1459
-1741
-1974
-2042
-1953
-1825
-1813
-1975
-2247
-2494
-2625
-2654
-2609
-2496
-2317
-2135
-2030
-2024
-2067
-2078
-1997
-1809
-1558
-1317
-1117
-942
-783
-666
-606
-577
-541
-485
-428
-388
-360
-293
-136
94
324
493
579
595
572
556
578
635
702
738
705
590
464
428
554
824
1142
1401
1563
1683
1832
2022
2209
2371
2524
2680
2793
2798
2653
2389
2077
1801
1600
1447
1293
1074
780
434
119
-83
-134
-68
43
122
146
129
87
27
-38
-66
-47
-19
-36
-119
-264
-464
-698
-936
-1131
-1233
-1237
-1202
-1213
-1309
-1447
-1555
-1593
-1571
-1513
-1427
-1335
-1281
-1312
-1428
-1575
-1666
-1608
-1374
-1038
-752
-642
-732
-935
-1141
-1252
-1228
-1056
-771
-450
-200
-91
-119
-238
-357
-408
-384
-356
-359
-357
-307
-214
-93
62
234
369
425
432
463
594
854
1205
1565
1861
2067
2206
2305
2380
2430
2461
2487
2509
2490
2378
2168
1899
1615
1351
1118
911
724
557
427
333
236
125
45
35
66
69
42
13
3
-25
-89
-161
-183
-107
39
175
205
114
-45
-202
-349
-524
-741
-958
-1122
-1217
-1297
-1444
-1672
-1912
-2081
-2181
-2258
-2308
-2287
-2198
-2114
-2080
-2071
-2044
-1979
-1875
-1721
-1510
-1245
-963
-718
-555
-459
-385
-303
-212
-104
45
237
438
597
697
770
858
964
1059
1115
1157
1218
1306
1391
1443
1470
1489
1518
1546
1559
1540
1459
1315
1167
1092
1116
1196
1265
1274
1211
1118
1064
1074
1144
1251
1355
1404
1352
1199
989
790
647
543
427
259
54
-142
-298
-431
-569
-706
-811
-876
-922
-961
-998
-1064
-1210
-1449
-1726
-1966
-2118
-2164
-2112
-2002
-1874
-1752
-1637
-1556
-1555
-1630
-1713
-1727
-1656
-1542
-1429
-1318
-1205
-1101
-1024
-958
-884
-789
-666
-529
-396
-308
-265
-225
-119
113
462
844
1123
1231
1194
1089
967
860
803
812
870
948
1045
1162
1272
1334
1336
1303
1278
1292
1379
1525
1664
1737
1751
1776
1838
1912
1962
1997
2027
2024
1955
1811
1625
1421
1202
962
686
372
27
-308
-578
-755
-852
-901
-917
-906
-886
-872
-867
-849
-800
-725
-647
-589
-559
-558
-577
-604
-630
-677
-775
-929
-1091
-1211
-1283
-1332
-1379
-1407
-1407
-1386
-1352
-1299
-1221
-1111
-950
-738
-505
-305
-179
-113
-72
-27
3
-7
-47
-70
-57
-52
-109
-222
-332
-382
-368
-338
-327
-328
-290
-185
-39
97
197
260
312
374
446
513
587
710
887
1050
1114
1057
947
854
788
714
613
514
441
363
239
61
-135
-295
-385
-406
-383
-366
-361
-357
-329
-277
-199
-97
21
120
153
111
50
50
133
244
309
310
278
246
214
181
159
177
223
254
225
136
29
-36
-22
58
158
229
260
249
204
110
-9
-112
-177
-239
-341
-481
-629
-766
-904
-1043
-1168
-1260
-1324
-1362
-1366
-1321
-1230
-1118
-999
-865
-681
-451
-204
17
196
339
474
632
812
984
1128
1256
1377
1482
1552
1588
1589
1555
1493
1425
1380
1363
1352
1313
1256
1202
1137
1015
835
668
589
582
570
494
381
310
321
377
420
420
393
360
330
290
243
211
230
302
404
531
674
808
855
756
526
257
39
-119
-270
-467
-704
-955
-1209
-1477
-1758
-2024
-2232
-2355
-2422
-2476
-2545
-2614
-2663
-2689
-2689
-2652
-2576
-2454
-2283
-2103
-1970
-1896
-1827
-1687
-1465
-1202
-951
-743
-580
-447
-319
-182
-27
146
320
450
499
488
477
521
606
680
709
702
707
737
776
795
817
888
1016
1176
1331
1490
1654
1789
1848
1819
1750
1708
1729
1790
1839
1838
1788
1697
1578
1440
1283
1116
973
894
886
917
920
851
726
632
631
723
824
845
738
532
300
108
-22
-100
-136
-165
-228
-360
-541
-725
-882
-1013
-1147
-1291
-1425
-1534
-1644
-1767
-1882
-1929
-1894
-1805
-1703
-1606
-1513
-1420
-1328
-1214
-1051
-814
-530
-277
-126
-69
-33
46
158
260
346
424
502
567
611
630
653
696
750
763
724
669
641
635
626
610
604
615
621
582
469
290
98
-32
-69
-30
38
105
159
204
259
348
468
575
633
657
673
686
676
649
627
600
543
460
381
330
298
257
181
38
-180
-427
-614
-705
-746
-830
-982
-1168
-1346
-1511
-1661
-1760
-1771
-1700
-1585
-1458
-1321
-1190
-1086
-1025
-1000
-980
-937
-863
-764
-682
-634
-617
-606
-601
-621
-649
-657
-629
-579
-525
-467
-393
-314
-239
-158
-36
128
304
452
560
632
680
732
806
909
1018
1105
1139
1115
1054
1000
983
1007
1066
1147
1243
1335
1408
1445
1445
1423
1409
1422
1449
1473
1481
1478
1464
1417
1323
1202
1113
1075
1051
987
881
781
725
696
653
563
431
293
176
86
17
-54
-166
-341
-572
-825
-1045
-1196
-1268
-1298
-1333
-1414
-1553
-1722
-1846
-1875
-1833
-1780
-1752
-1723
-1655
-1534
-1386
-1241
-1126
-1039
-977
-920
-850
-764
-679
-620
-581
-546
-517
-494
-463
-392
-282
-160
-47
42
89
87
53
40
96
226
379
482
490
423
346
324
390
523
696
863
993
1060
1069
1043
1028
1064
1161
1297
1414
1474
1485
1490
1502
1497
1446
1357
1259
1167
1057
907
728
559
410
258
82
-109
-285
-429
-535
-627
-725
-818
-882
-908
-927
-959
-996
-1024
-1032
-1033
-1050
-1108
-1190
-1260
-1303
-1324
-1328
-1298
-1229
-1132
-1016
-884
-740
-584
-405
-208
-42
49
70
65
57
46
21
-7
-17
-6
8
-2
-56
-160
-280
-363
-367
-301
-201
-107
-34
36
136
294
491
690
853
957
1007
1025
1054
1125
1248
1388
1509
1576
1578
1502
1335
1086
795
532
341
221
128
25
-103
-230
-316
-345
-336
-300
-228
-137
-79
-68
-60
-1
91
166
194
180
127
32
-110
-297
-507
-689
-797
-830
-830
-836
-849
-845
-809
-751
-704
-680
-663
-642
-648
-688
-722
-702
-628
-539
-457
-372
-280
-185
-103
-43
5
56
122
195
263
297
284
239
198
195
224
279
349
407
424
411
397
388
366
322
269
241
259
317
364
348
262
133
13
-65
-78
-40
12
31
-11
-100
-190
-214
-142
-15
93
154
189
216
221
208
217
281
387
494
565
600
606
593
546
471
383
298
221
135
29
-95
-201
-232
-187
-115
-70
-67
-84
-111
-145
-187
-225
-236
-188
-78
57
163
217
249
292
355
425
490
559
612
618
542
388
188
7
-108
-149
-166
-232
-382
-579
-753
-878
-970
-1048
-1091
-1068
-962
-788
-601
-471
-410
-393
-366
-311
-231
-139
-51
13
27
-13
-91
-186
-304
-438
-559
-632
-652
-636
-591
-528
-462
-409
-359
-291
-197
-91
12
126
269
421
522
543
530
545
604
669
698
687
636
559
466
385
320
270
220
174
148
152
187
234
250
209
124
35
-44
-124
-207
-270
-277
-209
-79
46
110
95
54
34
48
75
103
136
171
194
207
239
315
414
489
504
469
419
381
349
311
256
181
87
-15
-94
-145
-200
-319
-504
-687
-759
-696
-564
-452
-383
-302
-176
-33
74
138
184
238
310
423
578
742
866
933
948
932
902
861
806
736
652
558
454
336
202
55
-64
-132
-159
-179
-190
-189
-215
-306
-428
-499
-479
-400
-333
-327
-380
-446
-483
-496
-498
-484
-442
-396
-392
-440
-504
-561
-609
-670
-750
-833
-864
-797
-655
-513
-423
-366
-306
-247
-219
-218
-212
-185
-152
-147
-179
-235
-295
-339
-361
-371
-388
-423
-472
-519
-542
-516
-428
-296
-173
-111
-107
-116
-95
-42
8
36
66
124
197
253
279
282
263
214
155
112
104
120
151
205
290
399
520
670
848
1035
1191
1305
1382
1431
1448
1421
1348
1234
1103
975
849
710
536
316
80
-124
-269
-365
-434
-484
-513
-514
-481
-417
-335
-248
-147
-22
114
241
351
452
545
622
673
695
679
619
520
404
305
240
180
79
-77
-254
-408
-522
-604
-655
-668
-648
-633
-665
-748
-824
-825
-732
-604
-529
-552
-633
-695
-710
-724
-780
-841
-821
-679
-453
-225
-62
6
-1
-38
-60
-42
19
111
216
314
397
475
568
688
804
874
867
792
683
565
471
420
409
400
357
282
200
114
12
-88
-141
-127
-106
-160
-296
-441
-514
-508
-475
-468
-479
-452
-349
-204
-84
-28
-25
-57
-107
-157
-183
-181
-157
-118
-78
-59
-86
-159
-258
-340
-383
-397
-415
-442
-463
-471
-500
-575
-679
-754
-753
-689
-629
-627
-667
-696
-703
-732
-782
-779
-656
-453
-272
-177
-154
-149
-129
-70
29
176
368
584
773
890
930
948
980
1012
1017
1020
1079
1200
1343
1466
1566
1661
1744
1776
1714
1565
1386
1238
1147
1097
1052
994
925
845
752
649
544
439
332
235
157
89
-2
-134
-309
-486
-607
-636
-585
-509
-463
-476
-553
-672
-797
-876
-888
-847
-797
-767
-770
-795
-808
-778
-707
-643
-628
-675
-770
-910
-1075
-1208
-1246
-1202
-1155
-1155
-1166
-1127
-1022
-890
-758
-631
-518
-450
-443
-458
-439
-366
-276
-207
-170
-137
-100
-59
-29
1
45
108
188
279
384
510
670
856
1039
1174
1260
1325
1406
1493
1544
1538
1512
1508
1517
1505
1446
1348
1241
1129
1014
890
773
673
579
477
359
227
70
-122
-331
-503
-601
-656
-721
-820
-927
-1000
-1018
-993
-960
-945
-932
-907
-868
-830
-798
-747
-649
-506
-371
-289
-263
-272
-328
-436
-558
-635
-645
-627
-610
-596
-568
-517
-454
-401
-377
-371
-354
-318
-265
-209
-164
-135
-107
-51
42
140
212
254
295
360
437
507
569
638
708
756
772
768
743
691
614
532
458
393
330
286
286
343
443
549
623
640
620
601
601
596
536
422
293
208
181
187
178
123
22
-125
-311
-514
-698
-823
-883
-876
-824
-754
-705
-688
-677
-638
-568
-484
-398
-310
-204
-72
70
175
210
182
125
61
3
-25
-9
37
74
90
93
90
62
-2
-80
-123
-116
-88
-80
-87
-72
-28
20
40
37
38
73
149
254
353
411
421
381
299
187
84
38
55
97
107
70
22
13
59
122
165
186
220
291
394
499
579
641
694
733
722
654
553
448
354
268
186
95
-9
-104
-168
-190
-185
-176
-179
-199
-227
-241
-238
-232
-239
-251
-250
-236
-219
-214
-235
-280
-339
-383
-396
-352
-251
-115
-3
40
10
-70
-169
-258
-306
-309
-295
-296
-313
-312
-284
-263
-296
-380
-483
-574
-645
-699
-747
-779
-772
-714
-648
-632
-672
-699
-653
-549
-449
-393
-372
-357
-319
-249
-154
-61
26
112
186
214
170
87
17
17
117
289
461
552
542
480
416
343
248
175
187
266
321
277
148
-2
-102
-105
-7
143
269
331
355
378
432
519
637
776
906
