241
236
253
258
206
66
-115
-261
-321
-300
-234
-168
-133
-125
-118
-97
-78
-74
-72
-59
-56
-84
-133
-165
-168
-147
-117
-95
-97
-110
-123
-143
-161
-159
-138
-129
-162
-219
-273
-321
-357
-367
-343
-301
-265
-250
-253
-262
-253
-220
-186
-170
-163
-146
-122
-112
-118
-126
-109
-63
-3
30
18
-23
-54
-43
-17
-12
-42
-64
-30
63
172
243
239
164
56
-41
-105
-133
-136
-127
-127
-141
-153
-152
-132
-103
-80
-97
-179
-289
-353
-327
-222
-86
31
80
57
-1
-32
-21
10
20
-21
-112
-216
-270
-246
-145
0
149
257
310
328
344
363
397
429
429
375
282
194
151
170
233
310
371
410
431
443
460
467
446
388
324
278
252
248
260
269
251
197
133
100
129
224
316
339
286
208
148
112
100
106
96
37
-65
-153
-164
-81
45
131
144
105
62
32
13
-10
-47
-89
-107
-108
-124
-156
-160
-138
-144
-189
-213
-180
-136
-134
-180
-249
-329
-380
-358
-263
-141
-31
44
78
68
44
36
40
43
37
26
-12
-94
-192
-270
-316
-356
-403
-434
-440
-433
-448
-480
-496
-452
-347
-212
-102
-41
-9
20
43
32
-16
-85
-172
-281
-389
-465
-498
-487
-439
-361
-283
-224
-175
-123
-76
-62
-101
-182
-277
-328
-293
-168
-26
45
8
-95
-177
-194
-152
-97
-70
-92
-140
-168
-148
-80
-1
59
98
138
198
283
374
441
449
387
309
284
342
437
512
547
543
504
463
466
518
568
571
535
506
518
564
594
543
413
276
212
235
315
404
455
427
333
229
172
169
194
208
203
206
226
253
249
226
195
171
139
107
108
131
124
41
-110
-278
-410
-460
-410
-289
-176
-148
-228
-336
-373
-288
-138
-16
24
-8
-75
-151
-227
-307
-389
-457
-473
-421
-328
-250
-212
-189
-141
-58
33
109
151
146
95
13
-70
-148
-212
-247
-240
-216
-209
-209
-178
-97
-17
9
-25
-75
-94
-103
-137
-201
-237
-202
-131
-103
-160
-249
-289
-246
-151
-54
4
10
-8
-23
-37
-78
-147
-196
-199
-178
-186
-229
-263
-249
-201
-170
-187
-242
-291
-283
-206
-90
-5
14
-18
-55
-69
-71
-89
-142
-225
-288
-290
-223
-130
-43
38
108
138
139
156
224
313
376
385
354
312
272
245
220
224
261
306
320
299
293
333
398
449
469
481
495
505
483
437
397
381
359
295
202
129
119
168
236
280
294
291
283
265
236
180
81
-52
-184
-269
-293
-263
-208
-151
-122
-127
-145
-123
-30
83
140
94
-33
-188
-310
-357
-336
-283
-229
-184
-159
-157
-162
-153
-109
-37
42
97
102
68
18
-22
-52
-78
-97
-90
-54
-7
9
-30
-94
-140
-142
-131
-152
-210
-259
-260
-218
-170
-148
-156
-194
-258
-325
-357
-333
-274
-236
-245
-276
-273
-202
-80
34
101
124
138
167
207
236
236
213
181
152
122
89
54
27
22
55
120
158
130
61
21
38
73
88
88
96
128
186
251
292
285
232
141
31
-52
-66
-6
72
110
84
24
-26
-37
-27
-30
-42
-31
17
80
132
141
96
1
-99
-179
-238
-274
-275
-261
-276
-321
-368
-389
-369
-303
-209
-134
-121
-162
-216
-245
-226
-153
-53
34
88
111
88
23
-46
-68
-48
-31
-45
-87
-150
-196
-169
-66
41
62
-14
-122
-174
-120
29
207
327
331
245
155
152
258
395
468
437
361
331
377
451
484
449
373
291
224
176
160
176
212
242
253
258
277
318
367
407
417
375
294
205
126
57
4
-22
-22
-10
-4
-37
-124
-228
-292
-299
-283
-269
-260
-238
-217
-221
-283
-390
-502
-565
-547
-431
-224
16
209
283
233
112
-6
-82
-131
-171
-195
-181
-136
-86
-46
-22
-37
-86
-112
-68
9
38
1
-49
-68
-52
-15
33
76
89
75
54
35
5
-45
-99
-141
-164
-178
-181
-175
-164
-142
-94
-29
16
3
-54
-98
-88
-32
23
66
107
162
208
215
178
122
82
83
112
127
71
-62
-234
-371
-434
-417
-336
-219
-95
6
78
129
145
109
34
-36
-87
-123
-147
-152
-143
-134
-130
-116
-89
-62
-38
-5
53
101
90
7
-111
-203
-239
-218
-153
-66
17
65
51
-17
-106
-170
-199
-186
-115
5
119
161
125
56
-8
-57
-97
-109
-87
-36
0
-24
-122
-245
-309
-252
-85
96
206
234
225
224
247
294
345
350
275
150
42
-9
-13
1
21
44
75
118
187
272
343
357
299
214
176
220
309
380
398
361
278
183
139
176
257
316
326
289
222
147
79
31
0
-11
-1
21
53
87
126
162
194
226
272
327
355
315
205
74
-22
-56
-51
-29
12
67
110
107
70
32
30
77
154
195
158
79
26
4
-48
-156
-281
-365
-375
-315
-223
-159
-177
-266
-364
-408
-391
-357
-342
-343
-341
-339
-365
-421
-492
-545
-557
-527
-474
-430
-393
-362
-322
-271
-206
-141
-103
-99
-115
-137
-179
-245
-318
-356
-345
-315
-298
-302
-286
-204
-54
94
166
142
56
-46
-119
-146
-148
-164
-195
-190
-130
-41
13
11
-26
-69
-88
-78
-54
-43
-59
-81
-89
-80
-47
32
179
358
489
505
408
275
195
211
296
384
421
386
321
288
322
397
448
433
385
381
471
604
695
698
638
559
480
409
356
335
343
365
391
417
406
330
210
115
90
108
101
33
-80
-173
-182
-86
56
145
131
45
-35
-80
-101
-121
-152
-196
-253
-289
-282
-244
-225
-266
-355
-431
-424
-333
-213
-133
-102
-100
-111
-130
-142
-123
-82
-55
-75
-120
-124
-40
93
198
218
161
77
19
-3
-16
-52
-99
-124
-99
-24
64
92
18
-147
-314
-406
-390
-283
-152
-72
-96
-205
-344
-452
-506
-514
-483
-421
-350
-312
-303
-290
-247
-202
-176
-163
-146
-113
-47
47
118
106
14
-78
-91
-20
79
146
166
161
153
155
162
178
209
246
256
226
162
105
85
94
106
104
99
104
114
126
131
114
57
-21
-77
-62
40
188
301
323
275
228
216
205
168
117
73
42
17
-7
-36
-64
-78
-77
-63
-28
28
70
58
-3
-74
-111
-94
-25
66
130
137
93
46
21
9
-13
-54
-105
-149
-147
-65
78
186
173
45
-99
-180
-186
-157
-130
-141
-192
-255
-281
-245
-162
-67
10
54
64
65
70
80
85
95
121
171
222
246
233
207
173
129
98
108
151
182
179
151
121
115
156
221
269
272
240
182
107
36
-11
-23
0
50
92
111
121
134
115
28
-105
-223
-295
-329
-355
-400
-448
-437
-327
-164
-39
-8
-55
-128
-204
-280
-342
-358
-315
-232
-145
-93
-93
-144
-201
-208
-158
-113
-119
-153
-132
11
234
415
452
354
231
156
123
92
52
11
-28
-69
-87
-64
-8
64
123
142
92
6
-49
-21
77
187
254
244
157
30
-62
-65
11
84
81
-7
-117
-195
-222
-212
-178
-126
-55
15
59
59
26
2
-2
5
2
0
11
33
57
59
33
-27
-94
-143
-142
-98
-34
39
121
198
236
220
153
69
-5
-33
-15
4
-15
-70
-125
-159
-146
-69
51
153
199
194
172
145
110
75
33
-27
-113
-200
-256
-280
-297
-317
-325
-319
-478
-1141
-2204
-2638
-1229
1714
3979
3462
592
-1877
-1615
913
3101
2965
860
-1354
-2230
-1639
-378
587
680
-23
-940
-1441
-1240
-481
387
859
685
92
-305
21
1017
2019
2262
1513
270
-662
-834
-426
36
129
-245
-868
-1335
-1290
-683
158
728
724
324
53
295
937
1499
1585
1145
393
-397
-965
-1114
-853
-463
-335
-577
-861
-759
-219
409
765
811
716
559
301
15
-77
100
283
137
-337
-801
-940
-744
-430
-192
-72
-33
-42
-39
93
406
769
960
889
650
387
141
-120
-397
-633
-780
-857
-916
-978
-1008
-957
-790
-524
-222
19
126
105
50
46
91
109
33
-144
-389
-653
-814
-739
-438
-164
-200
-535
-811
-658
-62
619
978
914
622
338
174
136
193
237
129
-181
-543
-702
-533
-187
35
-11
-179
-189
57
396
578
514
329
176
107
47
-86
-291
-447
-425
-235
-34
24
-64
-167
-145
57
371
656
754
608
362
266
433
692
795
661
387
80
-181
-307
-221
28
280
399
374
261
141
105
247
541
804
820
552
200
66
271
599
660
280
-286
-619
-527
-211
-3
-69
-270
-322
-87
286
548
587
474
305
140
38
60
169
189
-45
-465
-771
-724
-442
-267
-361
-518
-451
-153
122
229
279
422
571
531
292
45
-75
-139
-249
-364
-349
-197
-83
-164
-331
-304
43
480
670
520
239
60
32
63
82
70
-22
-242
-538
-762
-794
-642
-394
-148
3
-4
-149
-315
-361
-231
-18
119
70
-127
-338
-443
-389
-216
-47
-39
-263
-603
-831
-791
-517
-174
76
147
32
-176
-287
-110
366
889
1087
776
108
-544
-865
-821
-799
-1369
-2570
-3489
-2954
-864
1440
2389
1699
563
383
1406
2686
3147
2483
1178
-18
-578
-475
-119
18
-220
-705
-1220
-1555
-1544
-1179
-706
-470
-563
-673
-325
651
1878
2661
2541
1708
805
378
477
732
679
93
-840
-1635
-1851
-1420
-665
-77
43
-189
-333
-9
772
1621
2085
1940
1277
427
-233
-500
-492
-528
-833
-1273
-1498
-1324
-907
-523
-261
-9
335
722
1005
1107
1052
912
749
594
419
147
-224
-571
-703
-553
-275
-172
-452
-980
-1375
-1343
-905
-378
-199
-676
-1537
-1897
-1049
613
1835
1898
1394
1434
2231
2905
2679
1794
1074
832
711
412
97
-16
-55
-271
-641
-889
-804
-415
62
368
368
175
80
341
972
1689
2068
1857
1245
698
475
383
78
-497
-1074
-1390
-1433
-1394
-1438
-1590
-1728
-1707
-1449
-1042
-734
-728
-978
-1254
-1429
-1564
-1723
-1828
-1770
-1614
-1576
-1752
-1919
-1720
-1104
-407
30
219
373
520
480
187
-100
-89
127
127
-283
-798
-988
-809
-550
-410
-277
77
695
1415
2054
2570
2999
3316
3431
3310
3087
2967
3000
3017
2808
2216
980
-1205
-4009
-6107
-6075
-4038
-1963
-1822
-3433
-4580
-3418
-445
2161
2906
2175
1363
1388
2170
3049
3381
2922
1927
905
248
3
-118
-557
-1608
-3125
-4460
-4903
-4236
-2905
-1652
-958
-743
-501
226
1441
2669
3374
3335
2711
1833
1059
628
497
275
-447
-1616
-2580
-2582
-1516
-62
943
1303
1478
1963
2801
3688
4351
4694
4688
4338
3809
3439
3462
3725
3820
3522
2980
2412
1765
761
-699
-2313
-3654
-4573
-5240
-5755
-5964
-5654
-4873
-3965
-3304
-2930
-2503
-1676
-510
565
1171
1304
1298
1509
2020
2563
2752
2416
1695
843
-32
-988
-2036
-3039
-3806
-4241
-4316
-4007
-3324
-2384
-1405
-591
-13
425
879
1365
1639
1281
53
-1706
-3055
-3180
-2315
-1681
-2201
-3368
-3692
-2322
38
1924
2596
2551
2730
3557
4761
5802
6203
5798
4889
4121
3918
4051
3915
3204
2162
1169
339
-490
-1413
-2295
-2885
-3075
-3048
-3089
-3273
-3395
-3262
-2953
-2720
-2732
-2872
-2779
-2158
-1120
-190
200
153
202
706
1481
2030
2100
1866
1579
1241
706
36
-532
-922
-1288
-1711
-1946
-1737
-1235
-908
-1002
-1233
-1169
-759
-390
-398
-710
-1030
-1211
-1323
-1401
-1406
-1360
-1359
-1383
-1218
-690
90
773
1081
1063
1053
1416
2281
3439
4507
5228
5652
5983
6307
6504
6446
6164
5759
5169
4084
2197
-360
-2886
-4548
-5070
-4922
-4835
-5133
-5587
-5909
-6137
-6215
-5414
-2990
374
2526
2038
82
-592
1372
4398
5702
4236
1519
-229
-256
456
518
-604
-2331
-3605
-3743
-2899
-1817
-1189
-1179
-1442
-1471
-963
19
1123
1893
2014
1447
465
-496
-1166
-1633
-2163
-2774
-3160
-3100
-2754
-2386
-1977
-1305
-356
531
1066
1378
1864
2746
3831
4744
5311
5634
5856
5937
5778
5443
5156
5018
4813
4168
2903
1160
-771
-2621
-4133
-5093
-5560
-5940
-6590
-7287
-7322
-6302
-4682
-3342
-2663
-2215
-1335
105
1577
2440
2536
2253
2078
2185
2409
2459
2102
1265
141
-905
-1606
-1982
-2224
-2436
-2535
-2366
-1884
-1234
-652
-273
-44
162
370
458
277
-164
-678
-1121
-1562
-2128
-2736
-3085
-2975
-2513
-1949
-1398
-741
125
1015
1601
1868
2212
3018
4150
5111
5617
5885
6254
6678
6803
6508
6115
5929
5784
5167
3782
1855
-89
-1641
-2725
-3485
-4131
-4848
-5721
-6589
-7064
-6830
-5928
-4767
-3752
-2997
-2288
-1303
83
1618
2849
3553
3944
4322
4639
4549
3826
2621
1274
-27
-1307
-2567
-3622
-4217
-4303
-4064
-3735
-3449
-3188
-2797
-2060
-940
263
1036
1060
440
-402
-1100
-1534
-1795
-1987
-2132
-2221
-2300
-2383
-2310
-1828
-924
34
644
924
1292
2102
3262
4332
4999
5409
5962
6767
7431
7519
7065
6481
5997
5364
4183
2455
658
-759
-1803
-2821
-4063
-5460
-6726
-7529
-7618
-7037
-6188
-5591
-5371
-5050
-3971
-2018
159
1724
2428
2718
3169
3943
4781
5311
5262
4534
3229
1618
45
-1240
-2172
-2885
-3547
-4177
-4629
-4688
-4253
-3419
-2469
-1704
-1196
-773
-285
106
112
-265
-634
-649
-426
-392
-753
-1257
-1528
-1499
-1375
-1264
-1073
-738
-360
-21
445
1298
2568
3933
4991
5607
5941
6195
6455
6758
7052
7112
6581
5338
3746
2381
1489
702
-549
-2380
-4281
-5620
-6253
-6502
-6748
-7083
-7354
-7324
-6803
-5735
-4240
-2596
-1087
172
1318
2554
3888
5094
5914
6222
5993
5258
4132
2758
1252
-274
-1637
-2664
-3378
-3986
-4619
-5127
-5235
-4867
-4269
-3765
-3446
-3135
-2673
-2100
-1561
-1052
-456
158
549
596
496
513
652
721
627
493
503
680
907
1107
1406
2019
2966
3969
4706
5117
5399
5732
6103
6377
6458
6326
5986
5468
4819
4044
3038
1706
167
-1284
-2457
-3423
-4386
-5417
-6384
-7063
-7310
-7147
-6709
-6088
-5199
-3911
-2291
-689
570
1535
2516
3596
4459
4775
4580
4140
3552
2750
1789
901
193
-505
-1419
-2471
-3291
-3576
-3433
-3333
-3653
-4326
-4909
-4946
-4335
-3432
-2827
-2851
-3243
-3392
-2889
-1833
-646
284
827
1067
1172
1312
1674
2372
3246
3872
3936
3643
3544
3947
4576
4897
4692
4251
4055
4325
4799
4974
4563
3778
3099
2782
2575
1984
774
-813
-2295
-3303
-3789
-4019
-4399
-5118
-5899
-6173
-5634
-4619
-3807
-3499
-3266
-2420
-847
732
1497
1436
1377
2021
3123
3787
3498
2670
2102
2058
1986
1204
-152
-1172
-1192
-644
-605
-1562
-2902
-3624
-3417
-2901
-2888
-3524
-4265
-4590
-4476
-4133
-3594
-2806
-1957
-1400
-1206
-952
-157
1117
2250
2752
2811
3004
3618
4430
5083
5437
5544
5474
5271
5035
4884
4802
4574
3959
3025
2122
1529
1172
785
242
-384
-981
-1489
-1859
-2055
-2136
-2238
-2438
-2650
-2716
-2558
-2266
-1979
-1743
-1503
-1220
-957
-808
-786
-813
-810
-778
-726
-609
-427
-325
-478
-821
-1077
-1022
-724
-407
-226
-182
-246
-435
-700
-896
-956
-1052
-1428
-2088
-2721
-2995
-2822
-2413
-2080
-2020
-2173
-2255
-1990
-1344
-560
90
475
676
908
1396
2157
2969
3564
3895
4073
4181
4186
4024
3691
3226
2724
2297
2040
1942
1858
1632
1257
893
695
670
707
685
525
256
15
-41
103
302
394
341
231
157
124
58
-133
-486
-936
-1320
-1458
-1295
-983
-772
-808
-1008
-1170
-1143
-935
-705
-652
-883
-1279
-1596
-1673
-1574
-1502
-1604
-1863
-2097
-2108
-1862
-1537
-1376
-1473
-1690
-1792
-1648
-1310
-941
-685
-591
-600
-575
-396
-50
352
642
702
571
433
452
576
604
456
328
467
851
1195
1294
1241
1250
1372
1495
1545
1562
1622
1701
1699
1590
1499
1575
1759
1811
1607
1310
1188
1304
1475
1499
1331
1072
815
565
311
97
-42
-188
-506
-1037
-1630
-2025
-2098
-1960
-1856
-1929
-2076
-2074
-1845
-1528
-1327
-1352
-1572
-1845
-1976
-1830
-1470
-1117
-1021
-1242
-1554
-1566
-1076
-285
393
716
812
987
1427
2024
2482
2563
2240
1666
1092
756
689
635
324
-198
-631
-764
-640
-454
-355
-348
-293
-51
343
727
983
1123
1206
1269
1308
1257
1072
820
668
707
883
1091
1302
1520
1693
1734
1641
1529
1507
1527
1413
1046
512
9
-369
-704
-1115
-1582
-1966
-2172
-2208
-2130
-1981
-1805
-1717
-1818
-2067
-2276
-2324
-2303
-2373
-2523
-2593
-2465
-2196
-1877
-1534
-1118
-616
-77
459
1009
1566
2001
2165
2095
2049
2206
2438
2421
1973
1209
456
-12
-162
-217
-418
-796
-1141
-1193
-879
-377
37
229
300
445
738
1048
1159
995
701
469
358
303
252
216
215
242
305
445
686
979
1191
1215
1086
928
821
709
510
234
-53
-340
-676
-1088
-1510
-1828
-1958
-1918
-1821
-1795
-1886
-2041
-2160
-2179
-2112
-2048
-2045
-2027
-1860
-1503
-1084
-775
-665
-672
-570
-155
544
1254
1731
1965
2135
2352
2566
2635
2475
2122
1667
1187
732
375
203
243
401
523
526
480
514
650
788
818
742
641
577
521
385
135
-118
-186
-9
267
443
484
536
728
1033
1296
1378
1256
1002
739
546
441
374
249
-12
-413
-805
-979
-835
-540
-389
-523
-812
-979
-865
-583
-412
-527
-850
-1197
-1469
-1670
-1807
-1867
-1879
-1903
-1943
-1895
-1645
-1223
-812
-541
-338
-59
271
491
562
642
847
1057
1039
732
332
97
146
421
780
1061
1137
969
661
370
206
143
84
-54
-293
-563
-761
-788
-645
-415
-177
59
367
765
1119
1262
1187
1102
1157
1255
1190
907
593
443
455
418
164
-231
-558
-711
-786
-900
-1011
-984
-782
-518
-333
-278
-313
-387
-485
-612
-775
-988
-1239
-1468
-1611
-1686
-1737
-1745
-1657
-1480
-1258
-988
-656
-332
-153
-174
-311
-375
-224
96
373
409
247
125
226
504
777
968
1146
1363
1520
1451
1184
965
1002
1214
1323
1128
658
119
-249
-311
-123
107
213
227
322
630
1105
1545
1734
1640
1470
1484
1733
2006
2042
1744
1251
796
530
409
263
-19
-383
-681
-793
-711
-531
-370
-298
-309
-357
-378
-303
-134
37
81
-47
-282
-491
-575
-543
-484
-483
-575
-783
-1077
-1337
-1415
-1303
-1147
-1084
-1090
-1031
-847
-628
-520
-526
-491
-271
67
322
374
330
377
563
750
781
644
433
196
-98
-446
-747
-884
-860
-790
-776
-811
-819
-748
-583
-334
-31
230
395
550
843
1279
1681
1859
1761
1461
1081
736
482
279
-8
-476
-1038
-1451
-1546
-1392
-1217
-1162
-1150
-989
-594
-91
301
476
484
447
443
489
519
461
297
88
-96
-246
-404
-608
-858
-1101
-1265
-1283
-1152
-947
-784
-742
-757
-663
-346
112
493
666
695
728
816
887
869
773
634
466
274
98
-22
-104
-204
-360
-549
-698
-730
-594
-320
-29
151
210
272
474
803
1104
1214
1132
998
958
1014
1061
1000
814
542
209
-145
-441
-627
-739
-809
-824
-738
-572
-350
-74
247
533
690
721
739
858
1075
1269
1298
1159
977
886
881
828
613
271
-44
-216
-271
-313
-387
-456
-456
-358
-149
128
379
515
516
425
318
253
236
232
199
118
-47
-310
-639
-922
-1053
-1021
-927
-890
-943
-1010
-992
-843
-586
-304
-87
14
45
106
258
455
601
610
440
118
-229
-431
-448
-399
-442
-630
-891
-1131
-1287
-1337
-1282
-1135
-958
-835
-799
-785
-661
-373
7
326
496
580
713
943
1151
1179
997
741
565
480
383
210
1
-168
-285
-370
-408
-371
-271
-154
-33
87
193
263
306
360
457
571
625
568
440
320
246
164
-13
-293
-587
-808
-946
-1041
-1104
-1089
-967
-743
-441
-96
223
451
592
740
926
1066
1050
885
684
536
438
347
234
74
-157
-443
-675
-754
-710
-693
-809
-977
-1020
-862
-607
-413
-327
-258
-120
75
237
322
390
522
730
912
956
841
662
536
519
584
629
542
292
-16
-208
-213
-103
-23
-48
-136
-164
-29
256
583
814
870
773
657
635
694
695
521
204
-110
-277
-275
-206
-198
-276
-372
-407
-369
-269
-115
78
244
288
195
49
-7
89
272
411
414
276
59
-164
-336
-456
-584
-764
-955
-1037
-964
-825
-757
-775
-782
-692
-544
-433
-385
-348
-259
-99
123
371
573
675
687
673
669
652
609
554
508
459
378
249
77
-111
-277
-396
-466
-487
-447
-338
-212
-137
-130
-133
-78
33
143
231
304
357
344
242
100
17
58
190
307
340
292
211
131
58
-12
-95
-177
-224
-195
-123
-102
-194
-340
-412
-367
-299
-331
-451
-536
-492
-346
-213
-184
-261
-372
-427
-411
-355
-294
-235
-191
-178
-174
-115
35
242
433
532
519
435
379
405
482
543
568
570
552
522
492
479
474
462
431
386
320
223
92
-42
-140
-183
-197
-231
-310
-405
-450
-424
-377
-346
-324
-272
-199
-141
-103
-58
24
131
226
262
210
86
-74
-227
-356
-436
-459
-458
-493
-579
-671
-735
-768
-750
-642
-482
-392
-451
-587
-653
-586
-474
-447
-547
-660
-629
-429
-211
-150
-240
-310
-184
145
520
749
762
658
579
618
726
844
910
920
884
848
885
1012
1180
1288
1310
1280
1255
1251
1262
1260
1199
1052
814
542
325
229
233
246
205
114
5
-112
-221
-295
-305
-251
-149
-69
-86
-213
-352
-401
-372
-359
-404
-467
-496
-497
-495
-503
-509
-508
-523
-582
-680
-770
-812
-791
-725
-663
-665
-760
-875
-916
-860
-771
-714
-666
-584
-464
-359
-290
-209
-40
225
481
632
682
711
753
742
632
463
342
331
379
407
360
268
191
166
209
312
448
556
593
582
596
659
710
665
520
365
282
272
271
203
41
-176
-367
-489
-557
-611
-663
-693
-683
-643
-601
-557
-499
-448
-451
-507
-553
-534
-469
-435
-486
-622
-771
-868
-900
-889
-868
-836
-813
-816
-846
-859
-818
-718
-608
-518
-452
-396
-335
-259
-143
25
251
493
679
769
803
890
1073
1293
1436
1443
1352
1243
1148
1036
886
734
640
629
683
765
841
890
929
978
1034
1063
1046
1009
979
956
910
829
723
601
447
262
56
-138
-311
-458
-583
-691
-766
-794
-768
-716
-660
-621
-598
-578
-545
-502
-475
-466
-452
-427
-447
-552
-710
-831
-862
-819
-764
-767
-840
-925
-921
-804
-653
-571
-572
-564
-463
-266
-59
103
224
345
485
616
705
748
774
827
912
996
1026
974
841
675
519
391
276
169
60
-63
-169
-209
-149
-39
65
134
161
146
116
158
310
523
664
632
408
79
-198
-312
-296
-292
-415
-649
-878
-990
-963
-843
-708
-613
-570
-549
-505
-439
-393
-400
-443
-492
-525
-535
-539
-556
-596
-648
-701
-767
-830
-863
-855
-830
-797
-736
-626
-469
-286
-96
97
296
502
703
888
1045
1183
1315
1420
1446
1369
1217
1050
896
752
617
502
424
375
335
283
223
195
235
324
416
471
475
445
415
407
422
426
396
345
310
298
276
191
35
-160
-339
-465
-511
-480
-416
-364
-356
-387
-440
-465
-423
-322
-217
-139
-69
20
106
140
113
64
18
-31
-107
-179
-207
-212
-277
-450
-651
-750
-702
-578
-467
-360
-205
13
237
401
499
565
643
723
771
765
717
648
571
465
325
177
51
-49
-121
-136
-85
-27
-49
-143
-234
-266
-249
-210
-153
-86
-27
10
24
3
-59
-142
-200
-208
-190
-207
-298
-439
-572
-636
-613
-528
-442
-419
-465
-531
-548
-475
-328
-161
-25
53
90
120
174
246
284
256
163
50
-21
-18
43
92
69
-33
-182
-322
-388
-346
-265
-232
-265
-257
-138
57
230
336
394
433
472
490
456
353
220
113
55
25
-13
-65
-102
-121
-142
-193
-265
-316
-309
-231
-103
21
105
142
166
209
273
336
347
279
136
-41
-190
-258
-226
-129
-22
53
103
165
269
418
553
600
506
324
144
33
-32
-95
-175
-236
-234
-181
-92
19
178
388
638
866
969
867
568
188
-158
-404
-596
-799
-1018
-1164
-1122
-914
-653
-421
-202
45
289
475
590
672
781
939
1127
1287
1370
1363
1275
1102
828
466
83
-229
-418
-490
-480
-447
-435
-477
-537
-569
-538
-468
-428
-477
-584
-648
-584
-399
-181
-11
47
9
-44
-14
125
288
381
370
286
165
60
10
31
65
67
14
-96
-236
-363
-428
-440
-430
-445
-468
-458
-398
-341
-363
-452
-553
-616
-673
-708
-666
-491
-217
35
163
155
106
114
217
362
485
564
630
706
767
762
644
438
194
-27
-220
-394
-542
-619
-589
-477
-355
-267
-217
-179
-168
-173
-178
-154
-129
-166
-264
-396
-431
-320
-105
63
89
29
-1
55
132
169
130
74
22
3
12
67
125
145
116
73
71
102
161
214
247
260
262
296
352
416
409
278
94
-19
37
155
202
97
-91
-233
-244
-120
40
174
264
365
442
458
357
220
137
188
321
400
363
235
166
199
317
408
426
371
266
164
71
26
-7
-29
-46
-84
-148
-268
-395
-511
-566
-534
-431
-264
-153
-94
-137
-146
-78
106
310
405
373
210
67
-39
-46
-71
-132
-203
-204
-85
65
201
296
379
446
446
415
416
468
528
493
404
275
174
71
-48
-164
-264
-284
-244
-114
14
100
50
-93
-236
-293
-261
-202
-135
-96
-105
-187
-254
-270
-240
-253
-335
-430
-494
-514
-537
-581
-606
-568
-466
-393
-442
-634
-864
-998
-983
-868
-757
-669
-616
-575
-548
-509
-428
-306
-190
-121
-117
-123
-87
0
106
163
160
59
-74
-205
-233
-162
10
224
388
415
312
260
369
652
940
1134
1170
1097
976
875
824
792
788
763
718
599
444
266
115
28
51
160
277
328
285
192
128
182
301
382
273
77
-84
-100
-42
-7
-11
-51
-40
-15
10
-64
-198
-320
-336
-270
-207
-249
-361
-474
-482
-404
-296
-191
-154
-127
-161
-143
-106
-16
78
130
114
-24
-152
-214
-138
-82
-116
-230
-310
-288
-190
-58
47
114
143
180
243
374
496
586
605
637
691
713
662
506
398
351
403
420
349
185
-7
-129
-170
-145
-95
-52
-41
-72
-111
-156
-211
-250
-233
-129
-46
-12
-69
-168
-304
-442
-527
-571
-558
-578
-572
-601
-564
-536
-524
-587
-674
-670
-592
-451
-384
-345
-372
-369
-358
-242
-76
95
167
128
55
-27
-55
-92
-81
-106
-104
-144
-180
-236
-280
-293
-298
-223
-75
157
377
572
680
691
585
512
559
758
956
1068
1016
896
810
795
834
756
629
388
225
93
78
87
63
32
-103
-214
-348
-322
-258
-165
-196
-335
-517
-603
-541
-449
-397
-422
-426
-438
-422
-451
-509
-645
-776
-856
-842
-761
-684
-606
-531
-430
-368
-371
-419
-410
-307
-124
11
64
36
66
192
369
502
494
420
329
383
519
640
654
587
565
593
674
786
854
833
671
514
422
404
411
386
369
327
374
427
474
433
409
407
364
263
108
20
16
128
267
280
155
-37
-77
39
243
359
288
64
-208
-351
-358
-276
-275
-385
-545
-666
-650
-581
-517
-550
-596
-581
-481
-370
-272
-198
-127
-44
15
62
40
-8
-63
-137
-140
-115
-69
-161
-289
-355
-257
-142
-77
-116
-195
-232
-217
-61
74
208
226
257
257
270
245
187
147
81
83
66
100
128
178
232
283
293
190
-26
-235
-302
-228
-109
-27
52
101
130
73
46
27
88
124
107
-42
-278
-473
-526
-450
-396
-402
-450
-422
-376
-298
-256
-173
-97
-26
-59
-216
-390
-482
-372
-211
-53
-50
-127
-184
-109
103
277
323
188
-10
-172
-235
-176
-131
-139
-240
-308
-258
-128
36
96
58
-53
-127
-83
54
206
265
256
232
288
370
470
519
543
533
560
623
673
629
500
410
374
441
477
500
418
303
185
102
106
105
120
26
-51
-135
-143
-128
-68
6
38
30
38
85
126
47
-106
-259
-303
-225
-95
-11
9
15
78
179
255
313
308
308
202
108
-30
-80
-96
-53
34
72
48
-92
-156
-160
-64
-51
-32
-62
-79
-192
-331
-432
-433
-341
-256
-164
-143
-119
-140
-67
54
254
363
381
325
299
320
297
260
164
115
34
21
31
67
83
43
-20
-155
-275
-388
-431
-388
-318
-238
-270
-280
-289
-227
-99
53
230
249
187
30
-50
-81
-66
-87
-155
-232
-311
-358
-376
-326
-216
-177
-226
-345
-415
-372
-301
-213
-245
-334
-478
-604
-667
-675
-565
-469
-412
-494
-534
-537
-420
-351
-291
-280
-255
-190
-154
-105
-155
-137
-93
140
361
543
515
407
343
390
535
599
638
583
583
516
413
234
45
-21
-31
40
12
-86
-163
-127
88
299
438
455
382
331
291
388
448
491
422
334
325
347
432
458
512
554
551
490
399
336
242
147
58
131
264
461
501
418
231
107
122
176
210
90
-19
-87
-38
12
-8
-88
-166
-214
-196
-171
-103
-91
-100
-106
-97
-2
52
116
-18
-189
-391
-422
-340
-177
33
156
216
136
140
155
201
124
16
-56
-55
-32
-75
-133
-219
-266
-384
-495
-660
-669
-552
-232
42
182
134
15
1
46
200
206
178
3
-102
-205
-210
-153
-62
18
-3
-84
-238
-331
-374
-312
-319
-329
-385
-310
-190
-49
19
-3
-108
-289
-395
-419
-329
-336
-389
-500
-516
-456
-351
-209
-100
-14
-42
-91
-123
-79
-24
18
69
133
178
146
55
7
8
81
125
189
248
299
307
241
150
6
-82
-99
-41
-16
-120
-238
-324
-224
-58
148
207
141
29
13
152
282
331
161
-22
-111
31
223
297
238
151
140
158
139
61
-42
-32
60
190
203
109
18
-37
39
108
223
250
266
240
266
353
409
370
177
28
-57
-16
-49
-115
-250
-290
-278
-251
-237
-244
-160
-58
63
95
101
107
182
270
377
415
416
351
323
357
402
389
218
63
-50
-9
37
75
83
61
52
2
-21
-89
-106
-147
-109
-52
90
227
313
332
299
318
349
421
408
321
158
8
-84
-167
-220
-303
-335
-401
-402
-389
-318
-240
-161
-50
28
61
42
40
91
42
-78
-231
-243
-169
-151
-195
-342
-399
-467
-394
-319
-191
-120
-139
-163
-258
-220
-175
39
226
386
427
321
168
-34
-146
-272
-382
-511
-589
-593
-606
-654
-773
-792
-633
-388
-212
-213
-230
-165
-18
73
29
-94
-164
-144
-48
57
167
267
266
248
180
244
240
274
194
110
11
-56
-11
-7
31
-20
23
44
115
151
183
205
183
183
167
270
377
549
539
501
349
314
329
326
297
121
29
-105
-112
-114
-58
54
68
100
-39
-67
-126
-74
-9
16
65
65
144
139
88
-21
-109
-142
-189
-194
-178
-114
-56
-75
-145
-197
-158
-28
24
29
-81
-120
-171
-27
219
536
703
610
436
219
249
358
579
623
513
274
78
11
67
163
195
161
66
26
-24
47
59
154
107
137
168
240
298
195
181
132
260
276
246
72
-99
-215
-236
-136
-74
-78
-296
-433
-534
-396
-315
-276
-354
-443
-405
-373
-281
-324
-378
-458
-508
-504
-528
-505
-506
-507
-542
-581
-552
-519
-518
-557
-600
-566
-509
-383
-226
-106
-16
-17
63
157
268
325
295
304
239
209
136
152
201
207
156
40
42
88
197
194
123
18
-64
-18
62
240
242
193
57
125
345
520
593
449
393
258
239
165
101
-18
-167
-170
-176
-125
-234
-308
-346
-282
-194
-137
-68
-41
8
-21
-21
-60
-39
-3
8
-15
-157
-257
-335
-189
3
188
155
19
-47
15
161
165
102
-18
29
136
250
272
262
309
356
439
496
551
529
455
318
202
122
199
355
537
549
392
134
-85
-114
-11
210
294
279
125
1
-66
-20
144
246
295
172
124
1
-75
-222
-281
-234
-95
89
116
95
-26
-40
-113
-138
-154
-86
-27
-19
-8
-10
35
-23
-55
-166
-145
-158
-100
-155
-115
-107
-38
-55
-114
-165
-261
-238
-321
-328
-462
-449
-410
-264
-141
-142
-207
-372
-442
-452
-322
-124
9
25
-104
-164
-164
-180
-226
-286
-160
-70
-11
-160
-346
-456
-408
-134
80
229
100
-41
-184
-160
-24
93
199
124
75
-66
-67
-48
-25
-88
-262
-323
-283
-36
206
355
327
162
34
-62
-44
6
66
36
-145
-273
-343
-250
-131
28
228
269
278
152
257
391
549
492
287
146
83
166
119
85
-9
-8
1
61
162
226
272
256
297
303
363
375
433
425
452
459
453
378
279
297
316
348
181
11
-154
-178
-110
-61
6
40
103
80
27
1
63
178
238
193
62
-106
-155
-132
-15
33
40
35
-13
-13
-78
-132
-245
-273
-169
-68
-13
-85
-117
-168
-232
-274
-312
-221
-144
4
56
29
-46
-135
-77
-30
70
-62
-213
-413
-395
-277
-143
-68
-186
-283
-409
-286
-146
58
104
86
79
82
169
154
227
201
198
49
-76
-167
-148
-92
-118
-175
-318
-301
-208
39
131
74
-108
-229
-173
-46
158
143
66
-143
-160
-64
63
57
-143
-328
-393
-258
-99
-66
-179
-298
-320
-210
-47
146
254
234
99
-59
-140
-157
-165
-193
-191
-104
-5
42
69
107
207
170
108
-43
-22
64
179
198
35
-78
-115
11
54
-25
-177
-295
-304
-229
-95
16
75
65
14
-56
-63
-11
92
118
93
54
88
141
186
165
140
110
130
192
215
233
198
213
184
111
41
-32
-4
68
241
430
495
530
448
440
316
210
104
9
16
-7
124
135
190
142
173
209
223
209
106
89
31
61
19
85
134
164
131
69
49
-34
-87
-96
-11
44
-76
-301
-512
-497
-279
4
200
192
38
-162
-237
-144
41
171
169
72
-25
-30
24
60
-6
-123
-188
-89
58
145
90
-30
-80
-109
-67
-142
-205
-311
-318
-314
-311
-317
-353
-284
-238
-74
-78
-52
-109
-23
86
70
-50
-323
-337
-278
-5
67
39
-123
-205
-59
150
404
392
352
232
239
261
263
253
174
131
52
25
68
145
238
192
107
16
29
103
62
-40
-263
-336
-363
-289
-255
-265
-230
-230
-126
-74
6
-42
-99
-91
-3
114
75
-1
-97
-23
130
271
324
247
110
-100
-305
-390
-343
-193
-190
-316
-565
-664
-531
-260
-5
13
6
-64
30
96
189
219
170
173
71
62
-88
-108
-190
-219
-308
-399
-371
-236
28
137
64
-160
-301
-276
-136
-24
-1
-95
-148
-142
-49
2
-31
-85
-131
-68
-13
20
-8
-74
-83
-139
-111
-96
-30
-1
-12
34
68
164
209
298
353
388
389
418
505
565
557
467
386
329
320
295
321
356
507
612
596
379
137
86
233
453
528
455
261
119
65
197
378
555
552
416
254
198
310
421
501
386
258
114
106
163
198
224
153
155
103
124
90
31
-66
-182
-199
-223
-153
-152
-125
-204
-339
-432
-435
-243
-153
-140
-295
-344
-292
-243
-220
-253
-123
-24
52
-133
-416
-699
-793
-657
-503
-404
-469
-514
-541
-524
-523
-543
-566
-627
-677
-719
-718
-680
-647
-555
-454
-323
-243
-191
-147
-157
-196
-256
-214
-126
-36
-15
-18
-23
-19
-7
20
51
48
18
-34
-75
-107
-55
40
151
186
204
213
263
318
369
386
362
344
301
282
254
286
253
209
98
74
54
65
100
166
256
239
232
239
373
486
561
506
401
296
194
97
-13
-19
42
170
254
280
187
19
-149
-211
-160
-94
-85
-167
-193
-152
-63
-27
-40
-25
-11
25
29
63
80
105
119
60
-69
-237
-253
-157
-13
98
223
373
487
455
347
230
260
367
502
542
482
357
199
130
108
199
259
308
264
145
19
-61
-9
95
233
331
381
349
223
73
-92
-130
-91
76
195
212
139
90
192
324
368
230
46
-90
-152
-193
-283
-367
-455
-443
-405
-337
-328
-392
-488
-556
-555
-578
-637
-709
-690
-627
-487
-351
-224
-197
-227
-262
-314
-342
-405
-343
-284
-195
-268
-346
-416
-407
-404
-423
-384
-334
-247
-303
-362
-469
-457
-394
-314
-242
-233
-186
-169
-98
-54
7
54
157
280
424
494
507
466
407
389
338
280
158
83
117
210
331
338
331
270
267
256
272
284
308
357
322
252
123
91
86
94
38
-46
-98
-113
-65
-62
-85
-194
-269
-272
-181
-113
-136
-138
-40
147
245
238
194
239
369
510
593
553
477
350
310
285
299
245
98
11
-13
97
145
157
87
-28
-68
-11
148
152
15
-188
-194
22
359
527
441
165
-2
46
266
452
397
194
-84
-103
-21
130
73
-53
-129
-98
47
60
93
-45
-13
-37
37
9
-26
-26
-136
-215
-324
-251
-203
-170
-157
-136
-119
-194
-294
-399
-482
-453
-314
-64
154
222
179
15
-69
-118
-94
-109
-166
-177
-152
-32
34
34
-111
-294
-422
-441
-398
-363
-334
-398
-464
-566
-449
-271
19
150
176
40
-120
-142
-46
184
261
247
91
20
23
66
20
-118
-246
-317
-350
-425
-484
-463
-371
-308
-310
-373
-312
-210
3
87
107
41
-17
47
96
219
185
222
169
241
233
202
113
11
55
112
275
284
234
95
26
93
210
354
403
379
316
246
264
253
245
184
135
179
196
254
230
261
295
309
315
240
171
55
-20
-50
-76
-47
-77
-112
-170
-123
80
249
334
210
37
-154
-250
-282
-312
-334
-328
-235
-85
66
178
195
189
197
239
213
81
-76
-120
-46
102
215
300
302
304
239
203
109
78
73
121
165
165
160
105
48
-45
-94
-107
-64
16
96
153
142
57
-45
-103
-57
40
95
149
129
134
69
86
115
186
222
206
167
51
-3
-67
-34
-30
-29
-25
-3
81
98
84
-41
-110
-185
-178
-252
-302
-381
-392
-408
-425
-402
-356
-260
-229
-226
-323
-395
-469
-417
-349
-260
-243
-263
-329
-418
-474
-437
-255
-63
116
103
35
-169
-292
-340
-258
-104
-18
65
36
36
-17
-10
-32
-111
-242
-321
-305
-256
-304
-405
-480
-455
-311
-202
-75
-83
-106
-253
-422
-538
-569
-430
-259
-1
151
204
139
126
215
375
474
476
395
306
275
304
411
490
509
433
366
359
335
268
131
59
75
130
217
227
308
378
504
526
442
287
166
215
356
505
536
428
344
301
436
527
569
444
248
110
42
104
78
65
-20
-17
4
38
32
-50
-103
-120
-74
-119
-220
-352
-361
-295
-173
-84
-16
33
38
-13
-139
-249
-311
-285
-181
-38
98
140
89
-6
-53
-6
66
76
-12
-93
-98
-19
68
172
222
231
208
226
312
321
273
149
69
78
123
274
297
280
92
-41
-163
-186
-95
5
68
-27
-148
-175
-136
-24
-77
-193
-340
-345
-234
-142
-115
-202
-345
-421
-403
-275
-231
-254
-330
-369
-359
-321
-287
-251
-223
-96
-48
-43
-247
-399
-534
-528
-447
-285
-125
-83
-184
-335
-386
-315
-160
-68
-54
-119
-214
-272
-304
-272
-216
-192
-175
-260
-304
-331
-241
-115
-141
-128
-223
-80
-30
131
175
200
282
354
525
513
464
264
138
147
309
513
564
491
291
134
9
8
18
55
85
130
175
116
89
43
180
275
373
292
143
23
31
190
300
398
441
529
515
393
208
84
85
176
221
147
-45
-136
-71
132
301
307
202
48
65
136
259
248
195
189
217
337
298
242
77
27
33
82
93
5
-62
-93
33
127
162
59
-55
-119
-85
27
139
184
131
72
-21
-6
-21
59
43
76
65
45
8
-95
-123
-167
-86
-76
-145
-327
-429
-328
-106
74
150
106
93
22
48
-15
-82
-192
-321
-371
-447
-397
-384
-350
-433
-443
-412
-238
-114
-51
-77
-128
-131
-110
-107
-193
-323
-465
-441
-293
-47
87
-11
-183
-363
-375
-331
-227
-176
-215
-317
-421
-420
-421
-320
-319
-370
-535
-646
-547
-397
-161
-123
-130
-267
-276
-158
22
140
156
207
215
239
200
146
24
-141
-204
-191
-100
-92
-90
-110
-42
52
125
124
95
166
310
424
385
221
81
66
229
441
686
812
830
635
372
220
317
548
698
645
417
249
198
350
458
454
271
45
-69
-40
152
289
397
337
259
169
162
300
428
527
411
224
26
-28
87
181
227
101
63
68
195
255
249
111
-87
-198
-157
53
199
238
137
18
-51
-82
-50
-32
14
-14
-68
-159
-254
-332
-389
-327
-258
-219
-236
-231
-240
-367
-580
-719
-682
-529
-357
-204
-29
61
14
-212
-446
-537
-445
-282
-216
-261
-349
-367
-307
-276
-238
-218
-92
26
61
12
-107
-99
-54
103
146
156
122
148
193
121
30
-134
-100
2
289
424
443
273
117
118
200
425
428
333
-81
-404
-584
-467
-154
72
243
79
-73
-265
-214
-85
0
47
-33
28
53
182
174
211
235
266
193
-11
-160
-260
-202
-125
33
167
236
253
223
254
203
176
65
62
105
185
205
88
-13
-117
-103
-110
-38
34
101
107
4
-38
-160
-182
-290
-254
-240
-200
-226
-344
-361
-398
-266
-209
-93
-15
26
70
59
131
121
86
-96
-280
-378
-297
-65
116
205
161
106
46
-47
-158
-293
-262
-201
-98
-150
-219
-237
-176
60
233
460
442
339
80
-139
-174
-154
-65
-108
-49
38
157
204
195
273
397
565
640
593
425
211
115
190
354
394
261
33
-58
26
208
314
247
117
-62
-162
-215
-117
136
418
646
575
345
85
89
305
462
348
-127
-627
-882
-675
-193
221
360
145
-125
-325
-257
-163
-207
-520
-919
-1033
-788
-211
267
518
456
302
312
591
1061
1253
974
225
-472
-717
-389
225
565
404
-245
-933
-1302
-1218
-882
-770
-1019
-1456
-1596
-1260
-616
-54
160
95
10
186
580
956
1073
948
731
563
483
538
622
581
220
-382
-885
-990
-631
-209
-64
-294
-574
-590
-331
-38
32
-156
-393
-484
-338
-81
178
332
346
262
174
199
304
399
373
211
-33
-240
-317
-227
10
282
452
381
154
-114
-253
-265
-134
57
260
393
436
407
404
533
754
936
895
698
418
199
16
-109
-157
-112
-17
-1
-126
-351
-532
-619
-617
-551
-416
-256
-110
-18
25
-1
-31
-12
106
211
184
-27
-270
-402
-374
-261
-178
-155
-240
-369
-505
-559
-566
-571
-602
-640
-610
-518
-316
-116
39
39
-9
-9
113
300
428
479
471
543
727
1020
1274
1388
1386
1399
1557
1786
1969
1981
1886
1746
1638
1547
1470
1401
1280
934
214
-774
-1669
-2137
-2148
-1973
-1900
-2023
-2250
-2483
-2718
-2875
-2825
-2456
-1920
-1489
-1270
-1118
-756
-163
514
1106
1633
2102
2467
2601
2476
2124
1648
1130
627
192
-161
-497
-962
-1612
-2361
-2970
-3261
-3178
-2847
-2395
-1945
-1502
-1052
-529
93
817
1623
2439
3180
3743
4136
4398
4627
4833
5020
5111
5040
4763
4257
3459
2294
775
-892
-2389
-3406
-3898
-4040
-4202
-4659
-5494
-6416
-6933
-6658
-5664
-4400
-3365
-2682
-2137
-1370
-288
1007
2291
3467
4494
5302
5763
5682
5028
3922
2732
1761
1096
469
-458
-1768
-3233
-4509
-5442
-6012
-6248
-6128
-5654
-4945
-4125
-3327
-2507
-1641
-665
369
1427
2497
3582
4622
5436
5940
6125
6123
5996
5771
5455
5097
4817
4585
4222
3511
2507
1542
988
1006
1347
1463
805
-682
-2533
-4031
-4740
-4672
-4245
-3872
-3731
-3802
-4030
-4372
-4622
-4509
-3845
-2741
-1582
-664
-104
322
759
1393
2238
3255
4229
4841
4873
4317
3405
2378
1385
504
-230
-868
-1569
-2512
-3679
-4848
-5696
-6045
-5905
-5373
-4620
-3821
-3110
-2469
-1812
-1105
-334
543
1603
2828
3986
4736
4925
4781
4685
4771
4920
4938
4871
4803
4720
4400
3726
2891
2309
2236
2567
2845
2517
1271
-700
-2796
-4367
-5050
-4953
-4503
-4170
-4170
-4512
-5018
-5386
-5290
-4594
-3433
-2088
-826
175
863
1341
1832
2545
3511
4526
5282
5479
5000
3911
2479
1015
-169
-929
-1366
-1816
-2559
-3615
-4767
-5698
-6206
-6183
-5669
-4788
-3746
-2777
-1959
-1264
-594
61
748
1542
2452
3318
3867
3958
3716
3442
3350
3392
3448
3486
3625
3861
3949
3605
2841
2081
1793
2129
2770
3059
2443
851
-1204
-2988
-3986
-4128
-3749
-3287
-3075
-3242
-3788
-4491
-4961
-4805
-3955
-2699
-1446
-441
280
819
1332
2047
3127
4440
5559
6002
5608
4517
3039
1451
11
-1116
-1919
-2572
-3282
-4112
-4960
-5670
-6082
-6079
-5593
-4706
-3566
-2365
-1228
-266
461
934
1276
1696
2356
3184
3925
4303
4236
3872
3429
3006
2666
2549
2889
3622
4318
4383
3667
2624
1955
2057
2695
3250
3002
1741
-248
-2260
-3713
-4298
-4120
-3622
-3263
-3333
-3758
-4310
-4661
-4578
-3961
-2876
-1579
-352
572
1212
1720
2324
3139
4126
5046
5579
5450
4548
3007
1173
-485
-1670
-2358
-2805
-3279
-3941
-4746
-5525
-5995
-5930
-5265
-4175
-2915
-1706
-671
134
690
1041
1278
1548
1924
2374
2785
3076
3153
2923
2353
1601
1009
913
1474
2462
3384
3695
3240
2374
1750
1847
2620
3488
3636
2610
609
-1661
-3517
-4625
-4997
-4821
-4366
-3964
-3898
-4230
-4669
-4787
-4296
-3208
-1761
-232
1073
1980
2471
2807
3309
4127
5038
5589
5407
4386
2702
651
-1411
-3100
-4135
-4495
-4455
-4338
-4362
-4574
-4856
-4880
-4259
-2880
-1020
842
2361
3388
3889
3848
3366
2719
2209
1915
1709
1461
1137
706
115
-575
-1081
-1028
-235
1138
2588
3570
3766
3347
2856
2880
3655
4838
5619
5211
3429
845
-1637
-3402
-4327
-4589
-4423
-4087
-3906
-4143
-4763
-5298
-5196
-4201
-2567
-765
757
1784
2303
2502
2684
3111
3838
4604
4971
4517
3103
938
-1432
-3376
-4473
-4694
-4333
-3819
-3511
-3560
-3804
-3878
-3471
-2500
-1134
391
1831
3020
3741
3878
3405
2551
1607
854
412
217
113
-80
-437
-930
-1381
-1500
-972
341
2150
3810
4661
4546
3918
3528
3847
4747
5541
5428
4030
1581
-1217
-3670
-5328
-6055
-5967
-5396
-4797
-4550
-4770
-5185
-5328
-4802
-3538
-1762
132
1721
2701
3036
3025
3097
3528
4226
4808
4823
3983
2327
145
-2070
-3841
-4818
-4923
-4425
-3796
-3440
-3377
-3339
-3066
-2480
-1592
-350
1153
2632
3686
4086
3825
3029
1961
973
404
336
563
702
476
-132
-869
-1374
-1274
-298
1507
3600
5092
5411
4693
3724
3240
3434
3809
3670
2635
843
-1317
-3435
-5162
-6194
-6427
-6017
-5339
-4764
-4514
-4549
-4594
-4275
-3315
-1736
162
1920
3188
3838
4009
3993
4061
4285
4473
4307
3521
2041
40
-2102
-3913
-5013
-5258
-4770
-3877
-2960
-2253
-1759
-1305
-748
-25
896
1988
3116
3994
4373
4140
3357
2235
1085
271
2
202
512
550
160
-515
-1111
-1214
-482
1100
3121
4806
5550
5296
4561
3940
3614
3277
2483
1155
-453
-2028
-3482
-4781
-5776
-6223
-6035
-5447
-4828
-4447
-4274
-4102
-3670
-2792
-1425
225
1775
2878
3468
3715
3823
3861
3815
3623
3177
2319
940
-858
-2732
-4249
-5132
-5349
-5016
-4298
-3417
-2603
-1988
-1514
-992
-271
629
1542
2339
2964
3341
3316
2797
1913
933
170
-203
-197
-9
133
84
-164
-430
-378
303
1694
3511
5194
6206
6315
5736
4866
3955
2930
1663
230
-1171
-2459
-3720
-4968
-5993
-6482
-6303
-5669
-4936
-4331
-3861
-3447
-2921
-2102
-907
510
1876
2956
3665
4022
4098
3970
3705
3331
2762
1829
413
-1366
-3206
-4723
-5653
-5841
-5314
-4289
-3124
-2107
-1290
-551
220
1035
1852
2629
3319
3818
3988
3720
3045
2085
1032
86
-516
-675
-492
-243
-181
-355
-600
-560
86
1465
3324
5107
6246
6517
6151
5515
4799
3854
2521
909
-653
-1990
-3258
-4570
-5748
-6401
-6387
-5917
-5340
-4827
-4359
-3902
-3409
-2754
-1739
-351
1197
2606
3720
4486
4873
4841
4474
3937
3314
2476
1229
-428
-2254
-3918
-5160
-5807
-5752
-5071
-4007
-2918
-1991
-1217
-485
260
1018
1820
2637
3314
3621
3473
2967
2220
1254
163
-737
-1085
-846
-391
-152
-248
-473
-539
-210
700
2229
4046
5501
6084
5838
5272
4800
4355
3566
2245
583
-1128
-2774
-4341
-5656
-6413
-6468
-6043
-5509
-5064
-4660
-4251
-3840
-3331
-2477
-1108
606
2310
3686
4628
5112
5147
4777
4169
3468
2648
1537
24
-1757
-3544
-5038
-6000
-6208
-5649
-4568
-3409
-2440
-1629
-815
38
853
1643
2471
3302
3912
4087
3778
3067
2030
772
-411
-1092
-1095
-720
-494
-674
-1084
-1399
-1384
-887
256
2048
4059
5577
6133
5882
5393
5084
4859
4272
3025
1270
-634
-2454
-4141
-5545
-6416
-6637
-6384
-6027
-5780
-5627
-5405
-5019
-4371
-3329
-1810
59
1951
3583
4816
5625
5961
5840
5403
4821
4054
2911
1250
-786
-2836
-4500
-5523
-5830
-5501
-4780
-3943
-3166
-2385
-1522
-579
313
1136
1956
2830
3611
3990
3768
3021
2058
1146
473
129
107
183
55
-395
-970
-1339
-1252
-601
594
2200
3870
5150
5759
5820
5762
5907
6214
6285
5675
4197
2044
-379
-2673
-4534
-5782
-6420
-6639
-6652
-6627
-6598
-6528
-6273
-5746
-4844
-3527
-1824
94
1991
3648
4905
5726
6155
6258
5982
5245
3990
2324
468
-1316
-2841
-4003
-4764
-5193
-5373
-5357
-5110
-4610
-3873
-2952
-1948
-945
51
1053
1912
2374
2287
1816
1290
969
888
906
851
586
59
-650
-1279
-1536
-1286
-653
131
923
1751
2680
3682
4634
5458
6114
6564
6731
6572
6059
5111
3620
1612
-597
-2585
-4124
-5323
-6345
-7182
-7652
-7728
-7582
-7380
-7060
-6396
-5315
-3929
-2383
-677
1183
3040
4630
5774
6442
6624
6300
5526
4488
3379
2294
1169
-69
-1398
-2702
-3849
-4748
-5317
-5501
-5289
-4731
-3892
-2857
-1794
-945
-452
-200
126
757
1631
2466
2997
3107
2811
2203
1480
896
664
794
1119
1406
1506
1395
1168
1031
1248
2002
3194
4460
5382
5767
5675
5280
4765
4296
3930
3469
2574
1080
-814
-2716
-4359
-5701
-6785
-7545
-7840
-7674
-7269
-6838
-6340
-5595
-4540
-3293
-1985
-608
869
2368
3692
4764
5646
6427
6998
7150
6742
5834
4574
3059
1350
-440
-2097
-3446
-4411
-5035
-5445
-5815
-6204
-6472
-6349
-5644
-4430
-2977
-1605
-481
355
950
1379
1779
2316
3059
3904
4567
4813
4565
3936
3094
2232
1544
1111
861
634
373
178
228
627
1323
2179
3047
3765
4206
4351
4322
4205
3905
3194
1975
405
-1228
-2748
-4138
-5392
-6378
-6960
-7123
-7015
-6769
-6473
-6135
-5729
-5140
-4179
-2716
-797
1343
3438
5274
6726
7714
8195
8183
7724
6889
5747
4369
2792
1019
-942
-3007
-4963
-6564
-7646
-8213
-8372
-8271
-8028
-7704
-7245
-6523
-5407
-3858
-1958
60
1884
3250
4132
4720
5252
5808
6287
6520
6405
5935
5121
4000
2673
1388
394
-188
-426
-448
-316
-17
473
1084
1664
2074
2308
2463
2645
2895
3132
3181
2856
2111
1073
-113
-1358
-2648
-3898
-4967
-5696
-6027
-6017
-5748
-5279
-4637
-3890
-3080
-2236
-1314
-261
1011
2538
4235
5852
7051
7540
7248
6343
5134
3880
2707
1602
487
-748
-2193
-3795
-5392
-6769
-7769
-8278
-8254
-7791
-7085
-6306
-5483
-4504
-3270
-1800
-255
1211
2525
3654
4527
5092
5420
5645
5848
5943
5799
5349
4620
3698
2677
1688
839
193
-263
-531
-573
-371
12
427
744
941
1112
1358
1721
2170
2676
3158
3440
3323
2759
1892
895
-157
-1264
-2366
-3360
-4141
-4693
-5030
-5185
-5180
-5044
-4842
-4579
-4161
-3412
-2263
-823
699
2113
3277
4058
4380
4286
3910
3395
2819
2212
1564
833
-45
-1114
-2358
-3697
-4970
-6028
-6787
-7250
-7401
-7181
-6533
-5499
-4224
-2903
-1672
-583
384
1278
2140
2992
3814
4577
5242
5780
6129
6199
5929
5363
4632
3878
3176
2552
1991
1462
949
518
287
335
621
1002
1345
1602
1798
1958
2094
2226
2406
2627
2755
2593
2009
1053
-149
-1445
-2694
-3724
-4401
-4697
-4732
-4728
-4860
-5195
-5619
-5968
-6083
-5843
-5157
-3997
-2489
-838
741
2141
3301
4196
4784
5021
4855
4278
3359
2245
1109
96
-714
-1336
-1863
-2411
-3045
-3767
-4523
-5212
-5689
-5821
-5542
-4905
-4053
-3173
-2394
-1747
-1148
-448
454
1533
2670
3752
4721
5542
6187
6667
7041
7351
7550
7509
7121
6388
5386
4186
2861
1563
487
-233
-636
-886
-1161
-1535
-1913
-2094
-1888
-1252
-293
806
1863
2701
3124
2971
2219
1059
-239
-1458
-2518
-3412
-4133
-4696
-5140
-5531
-5861
-6069
-6082
-5894
-5561
-5106
-4491
-3628
-2471
-1018
636
2296
3727
4737
5260
5305
4966
4346
3553
2669
1740
759
-323
-1529
-2831
-4122
-5276
-6217
-6925
-7418
-7700
-7753
-7519
-6899
-5803
-4220
-2285
-205
1816
3630
5130
6256
7054
7654
8152
8503
8545
8144
7265
5979
4428
2815
1367
239
-543
-1072
-1411
-1533
-1401
-1077
-687
-269
265
990
1817
2547
3011
3191
3171
3023
2803
2563
2325
1966
1273
113
-1412
-3020
-4414
-5401
-5934
-6059
-5903
-5643
-5412
-5245
-5070
-4850
-4594
-4327
-3941
-3270
-2246
-986
307
1519
2617
3566
4257
4601
4584
4233
3600
2761
1870
1068
404
-166
-730
-1347
-2077
-2945
-3894
-4729
-5223
-5279
-5006
-4619
-4259
-3897
-3432
-2812
-2056
-1169
-129
1021
2144
3112
3940
4755
5619
6448
7102
7536
7775
7800
7523
6881
5942
4878
3850
2910
2003
1051
11
-1108
-2267
-3380
-4289
-4803
-4796
-4278
-3382
-2288
-1136
-19
1006
1872
2510
2814
2689
2124
1237
203
-863
-1936
-3012
-4035
-4908
-5546
-5960
-6200
-6272
-6104
-5621
-4819
-3722
-2356
-788
829
2296
3540
4628
5659
6591
7240
7424
7026
6044
4526
2668
732
-1024
-2507
-3750
-4808
-5707
-6444
-7027
-7420
-7557
-7366
-6818
-5905
-4660
-3154
-1514
112
1584
2863
3986
4999
5898
6609
7074
7272
7210
6897
6385
5768
5129
4438
3609
2618
1547
540
-311
-966
-1440
-1737
-1904
-2028
-2193
-2409
-2617
-2782
-2886
-2907
-2813
-2626
-2406
-2186
-1967
-1708
-1376
-938
-387
238
853
1322
1553
1564
1491
1450
1442
1393
1220
875
321
-438
-1338
-2267
-3115
-3809
-4280
-4468
-4332
-3899
-3224
-2364
-1375
-306
764
1753
2584
3218
3629
3780
3634
3226
2670
2062
1436
763
-17
-976
-2141
-3428
-4667
-5623
-6097
-5987
-5346
-4327
-3119
-1868
-662
480
1566
2604
3596
4542
5416
6160
6718
7032
7068
6781
6178
5319
4268
3055
1672
191
-1233
-2401
-3213
-3693
-3960
-4116
-4224
-4286
-4257
-4050
-3557
-2709
-1527
-154
1182
2257
2955
3315
3460
3515
3553
3554
3438
3115
2572
1842
974
11
-972
-1858
-2525
-2927
-3111
-3185
-3226
-3237
-3199
-3105
-2969
-2746
-2356
-1763
-1023
-215
637
1524
2407
3201
3826
4206
4281
4033
3505
2780
1935
1029
103
-809
-1696
-2575
-3472
-4390
-5258
-5928
-6250
-6175
-5743
-5028
-4107
-3070
-2009
-967
72
1147
2236
3262
4133
4838
5405
5863
6187
6309
6132
5564
4581
3263
1772
298
-1012
-2085
-2908
-3504
-3890
-4092
-4165
-4167
-4111
-3952
-3622
-3062
-2222
-1094
232
1574
2747
3652
4257
4599
4738
4772
4760
4652
4296
3567
2490
1214
-99
-1324
-2389
-3228
-3784
-4004
-3894
-3542
-3072
-2615
-2254
-2029
-1906
-1823
-1709
-1491
-1089
-454
387
1321
2183
2791
3022
2827
2268
1498
717
95
-298
-469
-516
-578
-806
-1259
-1874
-2513
-3065
-3491
-3816
-4038
-4119
-3979
-3604
-3024
-2309
-1515
-695
75
759
1348
1892
2438
3031
3655
4228
4647
4831
4734
4327
3625
2725
1814
1026
465
102
-119
-275
-488
-788
-1194
-1581
-1876
-2002
-1915
-1563
-917
-74
887
1829
2665
3334
3818
4182
4419
4534
4526
4382
4118
3688
3106
2340
1424
413
-634
-1632
-2501
-3071
-3298
-3243
-3085
-2981
-2978
-3062
-3153
-3187
-3100
-2823
-2314
-1575
-708
117
733
1043
1103
1025
934
843
756
667
573
418
84
-486
-1269
-2138
-2984
-3729
-4329
-4757
-5000
-5095
-5056
-4829
-4326
-3556
-2655
-1775
-999
-325
270
848
1472
2176
2911
3575
4072
4335
4333
4065
3560
2905
2217
1591
1038
508
-14
-493
-874
-1172
-1415
-1616
-1729
-1702
-1519
-1179
-653
102
1084
2207
3326
4276
4919
5204
5210
5074
4894
4681
4397
4024
3554
2949
2141
1109
-51
-1186
-2177
-2985
-3573
-3849
-3774
-3430
-2998
-2595
-2260
-2010
-1888
-1924
-2084
-2279
-2388
-2331
-2054
-1585
-987
-390
57
235
86
-341
-945
-1537
-1929
-1980
-1680
-1160
-615
-243
-158
-394
-890
-1527
-2139
-2575
-2764
-2749
-2623
-2453
-2236
-1955
-1598
-1179
-729
-262
219
752
1358
2079
2890
3723
4470
5031
5337
5360
5141
4783
4396
4021
3629
3181
2656
2043
1334
551
-250
-971
-1500
-1756
-1715
-1405
-868
-187
524
1164
1709
2211
2717
3202
3587
3818
3916
3914
3806
3557
3137
2536
1775
874
-132
-1238
-2410
-3535
-4434
-4976
-5170
-5106
-4909
-4655
-4427
-4291
-4278
-4313
-4238
-3931
-3380
-2671
-1917
-1231
-691
-319
-79
88
233
342
356
234
19
-199
-366
-490
-590
-686
-818
-1018
-1266
-1490
-1625
-1662
-1618
-1522
-1396
-1267
-1158
-1095
-1093
-1128
-1139
-1038
-714
-83
847
1934
2967
3767
4254
4452
4434
4303
4141
4010
3902
3753
3499
3111
2617
2035
1383
674
-32
-680
-1206
-1568
-1732
-1699
-1503
-1181
-765
-272
279
851
1393
1891
2364
2828
3240
3554
3744
3766
3520
2936
2069
1093
157
-693
-1478
-2215
-2907
-3580
-4259
-4918
-5460
-5792
-5882
-5772
-5488
-5003
-4287
-3361
-2295
-1148
13
1118
2058
2741
3125
3256
3232
3081
2782
2324
1757
1119
391
-446
-1367
-2309
-3203
-3988
-4585
-4920
-4963
-4769
-4433
-4000
-3441
-2705
-1793
-755
346
1449
2484
3386
4126
4715
5179
5531
5764
5852
5748
5424
4893
4210
3451
2667
1897
1174
529
-44
-579
-1087
-1530
-1838
-1956
-1868
-1588
-1160
-626
-15
646
1333
1990
2551
2961
3224
3379
3459
3451
3340
3138
2908
2662
2322
1770
952
-99
-1310
-2595
-3844
-4905
-5638
-5972
-5943
-5664
-5273
-4877
-4541
-4287
-4112
-3965
-3748
-3376
-2819
-2087
-1184
-172
799
1566
2032
2202
2078
1680
1085
454
-78
-463
-726
-935
-1160
-1456
-1796
-2103
-2334
-2491
-2568
-2523
-2330
-2015
-1617
-1156
-656
-154
333
829
1369
1950
2546
3116
3626
4058
4400
4623
4663
4493
4147
3692
3163
2567
1959
1449
1151
1073
1113
1124
1040
867
637
367
91
-120
-195
-110
109
411
730
991
1109
1044
834
584
350
136
-51
-159
-132
-11
128
207
169
-34
-429
-983
-1621
-2247
-2790
-3202
-3469
-3587
-3612
-3637
-3718
-3829
-3896
-3881
-3784
-3614
-3339
-2893
-2234
-1396
-487
372
1099
1661
2054
2299
2434
2490
2453
2312
2095
1856
1606
1301
902
399
-205
-906
-1642
-2287
-2698
-2817
-2672
-2326
-1806
-1153
-471
108
549
948
1424
2016
2677
3348
3966
4468
4788
4899
4822
4553
4066
3367
2552
1754
1050
454
-39
-423
-701
-909
-1110
-1330
-1556
-1717
-1751
-1618
-1304
-810
-175
497
1086
1504
1720
1732
1584
1362
1197
1143
1159
1159
1103
985
786
452
-63
-725
-1427
-2035
-2466
-2712
-2795
-2776
-2724
-2731
-2831
-2996
-3161
-3257
-3250
-3118
-2827
-2349
-1691
-936
-192
466
998
1358
1464
1278
877
426
61
-186
-359
-504
-647
-817
-1055
-1379
-1783
-2226
-2644
-2943
-3037
-2900
-2566
-2109
-1588
-1034
-467
97
636
1142
1617
2051
2423
2732
3005
3264
3480
3599
3585
3438
3167
2782
2314
1820
1369
1012
769
642
621
658
682
632
518
404
359
416
564
790
1084
1417
1728
1945
2059
2112
2150
2154
2069
1880
1650
1449
1286
1131
958
761
508
146
-373
-1022
-1710
-2326
-2807
-3141
-3334
-3386
-3326
-3232
-3184
-3213
-3287
-3352
-3341
-3203
-2928
-2544
-2095
-1609
-1126
-721
-454
-334
-331
-421
-591
-788
-936
-1013
-1070
-1167
-1301
-1452
-1639
-1895
-2208
-2469
-2552
-2373
-1953
-1355
-638
146
929
1627
2214
2712
3158
3573
3963
4328
4649
4884
4963
4829
4490
4029
3533
3039
2560
2119
1737
1418
1181
1059
1058
1124
1173
1148
1034
873
744
723
828
1028
1255
1439
1545
1556
1482
1307
1002
570
84
-346
-653
-856
-1009
-1162
-1328
-1518
-1741
-2032
-2395
-2802
-3201
-3570
-3899
-4169
-4333
-4345
-4208
-3985
-3779
-3650
-3594
-3558
-3489
-3350
-3111
-2759
-2344
-1927
-1548
-1207
-919
-730
-640
-581
-446
-206
86
369
611
802
902
892
780
636
526
483
516
631
859
1211
1661
2127
2518
2750
2806
2736
2614
2521
2499
2568
2706
2881
3084
3288
3428
3412
3207
2872
2494
2151
1864
1618
1399
1215
1076
953
808
631
438
233
8
-226
-419
-536
-578
-595
-616
-644
-684
-766
-902
-1066
-1213
-1315
-1361
-1348
-1292
-1210
-1131
-1098
-1166
-1365
-1678
-2056
-2448
-2793
-3054
-3221
-3298
-3281
-3170
-2997
-2814
-2642
-2451
-2195
-1846
-1417
-951
-484
-19
436
838
1120
1251
1225
1063
819
583
414
313
280
334
452
561
608
607
590
585
606
674
807
1031
1386
1843
2304
2655
2860
2949
2969
2945
2887
2802
2684
2522
2314
2088
1870
1670
1463
1219
905
524
136
-159
-296
-305
-246
-158
-63
-7
-19
-87
-156
-189
-193
-204
-231
-243
-216
-206
-297
-504
-753
-944
-1046
-1089
-1132
-1199
-1283
-1364
-1431
-1478
-1510
-1551
-1645
-1825
-2090
-2386
-2629
-2759
-2790
-2775
-2754
-2711
-2611
-2443
-2230
-2006
-1769
-1479
-1110
-697
-282
87
376
556
641
675
690
694
688
670
618
500
321
120
-61
-205
-309
-399
-495
-568
-542
-359
-27
404
878
1354
1811
2233
2601
2870
3015
3052
3040
3057
3142
3250
3257
3064
2675
2186
1700
1280
958
740
606
494
350
173
15
-83
-127
-146
-167
-189
-191
-152
-86
-32
-7
6
26
37
25
-17
-97
-237
-437
-646
-821
-954
-1070
-1170
-1259
-1335
-1410
-1492
-1594
-1708
-1820
-1932
-2064
-2221
-2375
-2479
-2499
-2411
-2195
-1851
-1432
-1039
-760
-619
-551
-492
-417
-326
-204
-52
87
176
232
301
393
473
521
542
556
564
575
590
603
604
621
688
817
992
1173
1308
1380
1436
1564
1786
2059
2303
2443
2432
2281
2059
1838
1672
1578
1535
1492
1408
1273
1100
903
681
447
219
47
-31
-17
31
46
5
-80
-189
-312
-445
-573
-692
-811
-942
-1093
-1263
-1449
-1611
-1717
-1774
-1818
-1868
-1908
-1895
-1805
-1631
-1426
-1249
-1125
-1054
-1036
-1078
-1136
-1151
-1111
-1053
-1006
-960
-917
-920
-1012
-1181
-1341
-1404
-1345
-1209
-1061
-920
-800
-711
-656
-612
-542
-437
-297
-138
30
214
444
732
1058
1379
1650
1833
1931
1979
2035
2096
2122
2086
1998
1904
1822
1744
1646
1514
1354
1182
1010
860
750
705
708
721
690
612
505
379
255
161
116
102
73
18
-23
-1
94
215
324
384
386
330
256
195
166
177
234
315
352
296
171
27
-105
-251
-428
-628
-801
-914
-972
-990
-985
-983
-1027
-1149
-1323
-1509
-1706
-1913
-2103
-2206
-2184
-2036
-1807
-1533
-1225
-899
-599
-363
-140
153
527
883
1105
1145
1043
892
785
767
794
781
667
453
187
-89
-344
-549
-673
-712
-697
-639
-525
-344
-134
43
134
147
152
242
457
750
1030
1242
1382
1477
1539
1577
1579
1540
1468
1376
1270
1159
1069
1019
976
879
703
479
247
22
-177
-301
-305
-192
-20
130
195
144
14
-123
-195
-194
-159
-134
-143
-198
-290
-392
-483
-584
-728
-909
-1085
-1210
-1282
-1321
-1355
-1402
-1466
-1540
-1601
-1628
-1629
-1656
-1719
-1765
-1715
-1539
-1265
-936
-614
-360
-234
-244
-326
-379
-351
-276
-220
-219
-263
-329
-391
-424
-428
-429
-444
-449
-402
-288
-124
80
307
544
773
979
1153
1272
1326
1336
1338
1350
1380
1430
1502
1576
1614
1592
1538
1513
1573
1713
1869
1962
1964
1897
1808
1723
1664
1657
1697
1726
1671
1518
1318
1127
953
769
557
314
61
-190
-435
-691
-961
-1206
-1376
-1460
-1487
-1486
-1465
-1426
-1379
-1311
-1218
-1113
-1020
-936
-849
-784
-780
-845
-949
-1058
-1159
-1240
-1298
-1344
-1391
-1445
-1498
-1543
-1558
-1521
-1406
-1210
-980
-799
-734
-764
-808
-805
-747
-644
-496
-318
-139
6
94
123
125
178
329
573
853
1107
1299
1405
1447
1496
1625
1846
2094
2291
2377
2364
2319
2305
2328
2320
2204
1967
1665
1368
1091
823
564
340
157
-9
-176
-335
-458
-537
-584
-615
-637
-641
-610
-542
-473
-449
-490
-566
-637
-674
-701
-748
-834
-957
-1097
-1253
-1428
-1632
-1828
-1975
-2044
-2056
-2046
-2031
-2020
-2018
-2030
-2043
-2020
-1937
-1795
-1614
-1417
-1232
-1068
-905
-699
-423
-99
205
436
601
728
832
911
976
1024
1032
1002
990
1038
1130
1215
1260
1246
1175
1082
1012
973
952
946
968
1015
1081
1176
1317
1486
1639
1749
1809
1838
1845
1846
1858
1857
1793
1630
1405
1187
1001
816
607
393
207
51
-76
-186
-315
-507
-757
-1003
-1197
-1324
-1391
-1395
-1351
-1296
-1258
-1208
-1095
-899
-663
-459
-340
-325
-389
-486
-573
-636
-694
-777
-879
-962
-991
-968
-917
-856
-799
-769
-767
-752
-691
-591
-489
-420
-386
-362
-302
-184
-38
87
157
182
174
154
150
186
268
385
518
645
756
853
933
985
999
977
927
873
856
906
1016
1132
1220
1276
1309
1293
1215
1097
978
879
785
685
570
438
297
178
99
41
-56
-242
-487
-715
-852
-885
-838
-762
-690
-643
-620
-616
-629
-670
-736
-795
-816
-790
-740
-697
-704
-781
-919
-1063
-1156
-1167
-1126
-1087
-1093
-1123
-1124
-1066
-968
-884
-855
-900
-975
-1006
-939
-784
-594
-408
-253
-143
-92
-80
-87
-92
-73
-9
104
234
355
462
568
676
781
878
965
1034
1057
1019
934
842
785
780
809
838
821
735
581
407
282
254
332
491
694
906
1099
1260
1392
1502
1576
1573
1472
1307
1120
942
777
634
502
335
104
-144
-332
-439
-517
-639
-826
-1042
-1221
-1332
-1378
-1393
-1406
-1412
-1372
-1251
-1053
-822
-568
-280
27
286
446
537
608
687
741
731
638
495
350
224
96
-62
-246
-443
-633
-787
-860
-838
-746
-623
-491
-350
-211
-97
-16
35
53
51
68
152
288
427
515
542
527
508
509
529
534
505
456
412
395
407
442
457
416
308
166
26
-92
-189
-271
-354
-442
-511
-514
-444
-362
-344
-404
-492
-567
-618
-643
-644
-632
-613
-584
-539
-477
-403
-334
-297
-306
-337
-348
-306
-212
-97
-11
12
-9
-5
72
195
287
317
307
290
283
287
322
378
421
411
358
310
278
241
188
139
100
60
15
-30
-64
-66
-37
-3
-12
-79
-165
-226
-244
-222
-168
-112
-65
-13
63
151
191
158
69
-27
-93
-126
-132
-129
-132
-154
-194
-240
-273
-273
-226
-131
-5
123
217
263
286
307
313
270
149
-22
-176
-242
-194
-79
22
69
98
159
238
294
307
300
280
260
244
239
245
252
256
231
188
151
145
179
265
400
541
636
685
733
797
844
827
772
726
728
764
806
823
790
697
557
420
326
272
199
66
-129
-358
-599
-829
-1011
-1126
-1186
-1224
-1265
-1313
-1350
-1344
-1283
-1190
-1096
-1015
-935
-871
-825
-770
-673
-534
-398
-312
-306
-363
-419
-419
-383
-381
-425
-464
-448
-383
-315
-258
-197
-88
72
258
432
574
677
738
756
716
618
489
378
310
294
339
439
565
662
718
756
789
802
763
669
548
443
389
390
422
445
434
390
344
328
354
402
429
410
345
257
171
89
29
7
18
23
-6
-46
-59
-37
-7
-21
-101
-247
-401
-516
-581
-626
-692
-790
-914
-1045
-1168
-1265
-1321
-1330
-1310
-1276
-1227
-1160
-1093
-1024
-928
-796
-672
-590
-513
-388
-225
-84
10
79
153
232
304
352
354
325
311
345
409
489
591
715
825
866
840
798
809
873
937
939
857
711
547
419
345
309
281
262
264
301
364
422
448
441
442
487
590
715
816
861
860
839
807
760
698
638
580
509
401
249
73
-91
-212
-275
-300
-334
-411
-529
-659
-757
-794
-771
-745
-772
-851
-927
-948
-921
-875
-840
-816
-792
-757
-705
-645
-588
-555
-551
-551
-520
-436
-317
-205
-130
-98
-109
-162
-227
-255
-206
-94
36
159
260
347
424
492
531
523
480
423
371
346
384
500
659
808
915
966
958
896
798
678
536
388
260
172
108
26
-79
-167
-198
-192
-200
-223
-226
-197
-167
-125
-52
45
125
152
127
65
3
-33
-45
-56
-84
-120
-179
-261
-341
-387
-405
-435
-502
-599
-694
-759
-785
-790
-805
-861
-949
-1035
-1066
-1035
-971
-913
-866
-819
-759
-687
-620
-588
-604
-640
-653
-619
-537
-418
-284
-164
-63
63
226
380
477
537
616
717
814
909
1013
1104
1140
1121
1088
1063
1041
1021
1016
1020
1000
925
796
658
588
639
785
927
978
922
815
735
738
807
871
869
814
755
704
635
543
473
444
420
334
176
4
-118
-175
-226
-312
-421
-504
-539
-566
-618
-685
-737
-761
-762
-736
-676
-616
-627
-752
-935
-1070
-1096
-1053
-1006
-967
-909
-826
-754
-715
-697
-663
-593
-496
-407
-350
-309
-250
-167
-102
-66
-30
12
28
1
-18
13
82
149
195
224
242
273
333
403
447
478
535
623
705
754
776
791
790
762
718
685
673
661
625
571
506
436
360
281
208
145
92
22
-88
-232
-370
-473
-541
-574
-565
-511
-446
-395
-373
-382
-421
-478
-528
-557
-555
-534
-505
-500
-522
-558
-592
-620
-650
-681
-723
-755
-736
-640
-527
-483
-528
-594
-603
-527
-386
-233
-146
-165
-246
-272
-170
29
237
374
415
367
284
240
276
373
469
512
515
530
589
657
678
638
567
490
430
411
455
527
577
586
576
576
580
579
569
559
563
586
612
593
488
306
115
-2
5
97
195
239
232
205
194
227
305
405
481
492
430
330
243
200
184
150
73
-22
-104
-164
-224
-292
-361
-404
-418
-414
-405
-390
-354
-305
-240
-175
-134
-152
-208
-225
-170
-86
-35
-22
-23
-20
-18
-17
-21
-44
-96
-163
-230
-281
-312
-329
-351
-387
-411
-408
-394
-401
-418
-406
-344
-248
-151
-57
32
89
89
25
-73
-193
-330
-452
-509
-489
-434
-395
-387
-405
-440
-474
-484
-457
-397
-301
-183
-75
-19
-31
-95
-162
-195
-191
-174
-160
-132
-85
-25
32
95
164
225
258
261
265
306
414
582
781
956
1051
1048
975
861
727
588
485
431
393
343
268
170
41
-92
-179
-197
-191
-209
-229
-205
-123
-15
75
126
125
99
89
127
200
275
306
275
193
84
-19
-90
-109
-120
-176
-280
-372
-401
-368
-305
-229
-153
-96
-71
-68
-68
-66
-69
-79
-111
-174
-253
-309
-333
-359
-397
-426
-423
-416
-426
-442
-434
-385
-319
-278
-284
-304
-271
-159
-3
139
240
278
260
239
282
406
565
689
724
661
545
461
456
514
569
579
535
467
410
385
381
376
358
322
277
240
204
160
107
71
52
39
18
2
4
20
39
66
106
151
202
233
223
143
4
-143
-232
-247
-231
-232
-278
-356
-453
-535
-586
-603
-600
-586
-555
-518
-482
-455
-439
-441
-442
-408
-332
-257
-233
-252
-253
-219
-198
-254
-382
-509
-557
-502
-387
-281
-237
-268
-336
-377
-346
-257
-164
-107
-70
-24
33
81
111
120
108
64
13
1
51
146
243
326
378
414
439
487
566
659
731
762
754
726
699
673
646
612
567
511
438
356
283
230
195
158
121
97
73
26
-39
-88
-114
-130
-153
-176
-186
-157
-61
92
226
265
193
64
-58
-145
-210
-277
-349
-411
-465
-522
-561
-555
-512
-479
-485
-524
-561
-549
-463
-333
-235
-219
-246
-248
-185
-84
15
73
88
91
111
146
161
143
111
94
99
108
109
104
100
94
85
84
107
154
213
262
291
296
296
303
330
386
455
507
503
456
405
372
342
311
287
274
253
206
142
87
75
98
121
84
-23
-142
-198
-161
-65
27
72
57
-3
-67
-108
-136
-182
-263
-358
-434
-446
-377
-258
-145
-70
-40
-48
-85
-129
-149
-134
-102
-83
-100
-146
-191
-194
-143
-63
-6
2
-35
-83
-96
-52
29
92
96
42
-27
-60
-44
1
45
83
100
79
14
-79
-160
-197
-175
-119
-67
-48
-48
-43
-27
-18
-34
-57
-65
-41
-3
52
129
217
273
262
200
126
86
84
87
43
-54
-144
-182
-173
-158
-165
-190
-215
-233
