285
287
260
189
86
-4
-64
-121
-189
-236
-228
-190
-164
-155
-143
-126
-119
-136
-187
-262
-339
-372
-340
-267
-218
-229
-294
-382
-475
-546
-572
-548
-499
-434
-348
-253
-182
-168
-202
-250
-288
-305
-309
-301
-282
-252
-219
-184
-151
-108
-62
-17
10
2
-48
-119
-168
-173
-150
-128
-105
-80
-53
-31
4
60
118
151
155
150
134
98
36
-17
-36
-7
53
124
186
216
208
167
111
51
2
-12
20
81
129
138
105
68
74
144
254
359
437
492
531
558
575
570
529
461
393
339
289
251
243
271
297
281
219
152
111
88
43
-32
-92
-96
-57
-27
-38
-71
-96
-110
-121
-137
-141
-129
-90
-26
38
73
46
-18
-87
-147
-191
-224
-241
-254
-248
-200
-118
-57
-51
-104
-196
-309
-396
-420
-410
-422
-464
-472
-405
-286
-159
-41
55
119
139
148
173
220
273
311
323
311
302
311
322
293
230
169
148
154
159
158
160
188
231
269
266
197
67
-80
-189
-223
-198
-146
-86
-22
56
131
172
146
62
-14
-27
28
101
144
144
92
1
-88
-136
-143
-125
-95
-69
-84
-160
-275
-373
-414
-393
-331
-242
-141
-60
-23
-47
-114
-181
-214
-209
-202
-218
-248
-261
-235
-176
-120
-100
-116
-133
-116
-76
-41
-25
-15
5
41
66
58
18
-29
-59
-69
-72
-65
-21
60
141
173
166
182
248
322
341
309
274
268
262
224
148
70
41
58
81
66
19
-38
-97
-174
-269
-343
-354
-306
-254
-240
-258
-266
-242
-207
-176
-141
-98
-64
-67
-101
-117
-59
78
240
351
393
400
409
401
340
246
182
184
217
234
217
167
91
25
1
34
90
146
190
219
236
238
242
249
272
310
355
387
385
329
236
150
116
133
178
224
250
258
251
237
194
125
46
-37
-134
-233
-289
-284
-233
-177
-132
-98
-86
-101
-131
-144
-121
-79
-49
-46
-41
-20
3
-18
-99
-207
-298
-351
-372
-365
-323
-255
-204
-216
-287
-337
-281
-130
-15
-43
-182
-286
-272
-194
-169
-227
-299
-323
-307
-288
-260
-198
-126
-92
-109
-150
-179
-172
-122
-72
-64
-101
-136
-139
-116
-101
-105
-112
-97
-61
-37
-22
15
94
181
226
199
109
0
-72
-87
-76
-70
-65
-30
24
74
98
85
36
-31
-79
-80
-49
-9
23
59
112
165
187
157
102
55
34
41
54
59
58
85
154
253
333
359
341
297
243
178
176
185
133
-18
-80
110
378
412
129
-110
-2
344
482
225
-164
-255
8
248
155
-195
-406
-271
80
335
326
161
45
100
215
236
96
-88
-180
-123
17
102
53
-63
-81
18
69
-60
-255
-294
-163
-48
-97
-208
-190
-20
129
121
46
81
249
388
361
206
82
74
162
254
296
261
146
8
-69
-13
99
142
64
-23
9
127
184
98
-29
-65
12
55
-23
-164
-210
-114
23
87
63
-1
-61
-104
-130
-126
-110
-93
-81
-49
-1
25
-12
-101
-186
-242
-299
-371
-402
-345
-253
-241
-334
-423
-394
-263
-154
-144
-189
-204
-172
-126
-89
-59
-52
-80
-153
-235
-262
-207
-102
-28
-20
-68
-139
-192
-214
-182
-125
-78
-84
-119
-118
-43
54
70
-4
-96
-133
-136
-138
-109
-19
92
135
83
-8
-56
-29
34
72
43
-47
-157
-204
-138
4
110
117
67
30
24
24
28
63
152
254
312
318
333
399
469
490
460
444
480
529
532
475
394
314
255
216
202
212
245
273
262
207
155
145
181
232
272
289
277
239
189
137
86
38
-15
-71
-115
-120
-80
-36
-31
-64
-81
-57
-9
26
59
98
121
100
33
-49
-128
-180
-173
-103
-13
25
-1
-20
25
103
115
32
-78
-145
-167
-165
-135
-54
51
99
61
-37
-110
-125
-118
-145
-227
-320
-386
-404
-386
-354
-346
-397
-494
-563
-522
-406
-329
-364
-443
-466
-444
-442
-462
-427
-320
-215
-184
-215
-222
-154
-42
39
75
110
176
229
219
163
112
84
38
-34
-90
-82
-31
1
3
29
112
202
223
165
87
47
43
29
-13
-63
-94
-99
-77
-23
59
124
121
61
31
92
199
280
320
335
314
268
247
267
261
187
92
70
139
234
283
264
200
126
74
53
63
76
73
32
-50
-142
-178
-113
-7
37
-28
-127
-176
-162
-135
-120
-122
-119
-100
-66
-44
-53
-86
-123
-148
-152
-114
-42
9
-15
-88
-120
-69
15
42
-16
-85
-75
30
142
171
124
73
51
34
0
-33
-49
-38
-10
21
46
71
104
138
160
157
134
100
103
190
351
482
480
351
212
154
167
216
266
297
263
181
137
184
278
322
292
227
164
101
51
54
103
112
29
-84
-119
-59
-1
-17
-95
-158
-157
-112
-76
-85
-103
-95
-79
-107
-166
-172
-85
16
14
-99
-201
-225
-226
-292
-393
-419
-326
-210
-186
-269
-354
-326
-183
-38
-12
-120
-255
-292
-209
-111
-106
-187
-246
-221
-133
-61
-35
-51
-62
-47
-28
-22
-7
56
94
45
-47
-63
12
56
0
-92
-109
-70
-49
-79
-105
-79
-12
66
132
179
183
135
64
11
-13
-18
-2
39
93
132
171
239
287
250
127
32
44
98
78
-40
-148
-136
-28
69
93
85
72
19
-111
-277
-369
-337
-245
-191
-192
-164
-78
-9
-46
-181
-321
-374
-314
-175
-33
45
35
-52
-185
-324
-383
-285
-118
-141
-434
-657
-399
243
682
517
-30
-374
-166
428
946
1017
665
292
322
797
1275
1272
789
281
142
301
446
400
233
73
-4
40
200
382
457
386
262
207
258
344
381
353
316
330
408
498
519
441
316
268
330
415
401
249
35
-130
-160
-76
3
-83
-358
-663
-792
-717
-634
-760
-1069
-1303
-1259
-1028
-866
-896
-1022
-1099
-1075
-974
-844
-723
-653
-616
-548
-421
-290
-223
-185
-92
68
216
293
298
246
160
114
210
477
802
1012
1028
942
924
1038
1187
1226
1114
913
727
603
526
425
241
-15
-270
-497
-761
-1128
-1511
-1693
-1582
-1327
-1161
-1163
-1184
-1059
-784
-523
-396
-352
-252
-40
189
297
240
129
96
147
164
62
-92
-208
-290
-409
-550
-616
-543
-368
-194
-97
-49
70
324
613
740
672
566
588
748
916
991
955
844
702
582
560
655
741
659
397
127
11
44
103
64
-82
-239
-288
-212
-110
-76
-107
-110
-24
134
265
318
337
398
496
541
448
229
-1
-140
-168
-198
-356
-624
-853
-934
-891
-779
-615
-422
-255
-133
22
296
672
1008
1208
1302
1379
1465
1526
1595
1747
1971
2117
2054
1827
1627
1620
1837
2112
2187
1924
1511
1248
972
-50
-2171
-4399
-5083
-3905
-2577
-2968
-4805
-5926
-4771
-2139
-164
36
-697
-784
379
2072
3150
3076
2276
1712
1953
2569
2562
1436
-297
-1762
-2612
-3178
-3857
-4619
-5085
-5005
-4505
-3882
-3246
-2449
-1371
-133
976
1720
2125
2399
2749
3156
3385
3222
2678
2033
1610
1528
1635
1707
1688
1727
1958
2301
2552
2652
2755
2982
3199
3197
3058
3026
2951
2176
396
-1589
-2502
-2105
-1650
-2492
-4406
-5749
-5326
-3739
-2600
-2696
-3281
-3146
-1944
-396
569
669
407
526
1285
2257
2708
2293
1333
486
100
-87
-599
-1590
-2636
-3181
-3031
-2476
-1961
-1738
-1686
-1452
-782
191
1032
1409
1408
1405
1568
1634
1272
612
161
169
247
-121
-854
-1282
-944
-159
320
172
-110
194
1194
2288
2893
3080
3358
4040
4957
5733
6112
6030
5560
4904
4364
4104
3904
3220
1710
-324
-2133
-3257
-3922
-4635
-5561
-6457
-7058
-7258
-7025
-6415
-5682
-5112
-4663
-3920
-2595
-935
478
1341
1909
2613
3556
4441
4904
4797
4212
3396
2588
1825
925
-253
-1530
-2559
-3167
-3505
-3805
-4117
-4264
-4074
-3584
-2998
-2465
-1957
-1370
-720
-186
41
-20
-131
-53
230
528
652
562
402
390
636
985
1147
975
679
641
1069
1766
2369
2769
3193
3878
4739
5475
5901
6086
6191
6242
6126
5769
5178
4312
3008
1248
-588
-1962
-2780
-3535
-4746
-6239
-7284
-7420
-7002
-6734
-6828
-6817
-6219
-5086
-3861
-2837
-1925
-888
350
1649
2825
3788
4537
5096
5466
5597
5381
4752
3822
2845
1974
1113
85
-1116
-2293
-3251
-3972
-4540
-4963
-5157
-5078
-4791
-4398
-3973
-3528
-3039
-2455
-1774
-1060
-394
217
832
1495
2126
2563
2761
2862
3068
3375
3594
3594
3481
3505
3779
4144
4325
4263
4182
4294
4471
4388
3976
3533
3319
3184
2754
1894
842
-106
-890
-1652
-2506
-3416
-4260
-4968
-5554
-6049
-6412
-6560
-6432
-6063
-5530
-4897
-4193
-3412
-2542
-1586
-577
423
1363
2241
3064
3797
4355
4665
4702
4502
4156
3745
3265
2615
1718
659
-357
-1187
-1885
-2582
-3258
-3726
-3884
-3846
-3801
-3746
-3529
-3086
-2561
-2141
-1830
-1469
-932
-285
304
744
1135
1665
2389
3109
3581
3773
3887
4099
4377
4556
4523
4287
3933
3569
3282
3089
2891
2595
2217
1875
1599
1271
746
49
-649
-1210
-1612
-1912
-2171
-2440
-2752
-3065
-3266
-3259
-3042
-2701
-2358
-2134
-2066
-2063
-1985
-1813
-1679
-1710
-1884
-2034
-1978
-1641
-1120
-623
-315
-157
89
588
1179
1511
1424
1143
963
894
682
196
-360
-673
-675
-644
-864
-1291
-1598
-1571
-1396
-1406
-1679
-1919
-1836
-1502
-1243
-1248
-1326
-1122
-496
322
944
1188
1241
1462
2010
2663
3059
3038
2808
2698
2835
3043
3042
2748
2345
2093
2056
2091
2022
1819
1561
1334
1154
990
758
375
-170
-746
-1159
-1324
-1349
-1401
-1530
-1666
-1761
-1864
-1997
-2068
-1965
-1720
-1514
-1441
-1435
-1359
-1182
-968
-749
-493
-160
171
349
296
157
168
401
612
512
114
-270
-424
-453
-592
-831
-916
-712
-416
-327
-471
-595
-502
-279
-166
-252
-409
-456
-356
-219
-183
-294
-410
-317
67
550
863
921
852
819
889
1037
1172
1199
1120
1051
1129
1347
1572
1682
1731
1906
2303
2777
3044
2943
2571
2157
1824
1498
1021
384
-249
-740
-1142
-1603
-2118
-2520
-2689
-2694
-2689
-2725
-2735
-2659
-2505
-2327
-2151
-1986
-1814
-1613
-1361
-1056
-746
-486
-282
-64
237
578
819
879
834
807
838
864
859
856
894
940
938
865
757
666
598
503
335
166
103
145
141
-13
-213
-250
-62
177
232
44
-228
-398
-437
-443
-496
-582
-639
-594
-407
-126
135
322
537
881
1305
1634
1764
1735
1664
1613
1512
1236
751
199
-238
-493
-692
-991
-1419
-1829
-2069
-2151
-2202
-2302
-2391
-2384
-2263
-2099
-1978
-1942
-1966
-1968
-1881
-1713
-1510
-1279
-945
-465
92
559
860
1102
1431
1829
2132
2264
2356
2518
2649
2537
2171
1805
1653
1627
1451
1031
573
349
356
361
203
3
-20
191
451
550
474
378
419
585
734
753
646
511
437
459
543
614
617
558
486
451
479
556
623
582
391
108
-139
-281
-371
-502
-675
-796
-826
-843
-934
-1078
-1193
-1245
-1283
-1348
-1434
-1521
-1625
-1760
-1917
-2048
-2138
-2186
-2184
-2096
-1906
-1642
-1354
-1062
-765
-439
-107
164
352
552
907
1394
1835
2056
2075
2030
2011
1975
1819
1518
1130
739
397
116
-136
-398
-612
-614
-331
74
330
378
424
661
1015
1237
1208
1049
943
905
826
677
576
614
704
680
497
292
232
304
327
165
-108
-284
-296
-282
-376
-538
-613
-543
-438
-459
-642
-866
-993
-1022
-1060
-1197
-1439
-1704
-1894
-1948
-1910
-1904
-2017
-2187
-2244
-2093
-1781
-1466
-1224
-984
-619
-125
350
662
800
877
955
994
904
706
510
418
402
355
229
102
104
269
491
622
629
600
624
702
775
814
867
983
1151
1289
1313
1241
1148
1085
1000
825
578
367
294
336
391
408
425
506
641
770
844
863
880
950
1087
1215
1229
1092
873
690
564
396
72
-384
-827
-1135
-1328
-1517
-1786
-2073
-2219
-2131
-1906
-1738
-1679
-1596
-1347
-953
-523
-156
114
299
433
541
587
539
443
398
407
363
214
67
48
114
116
-2
-132
-153
-49
109
254
349
394
397
384
378
381
372
334
279
240
249
327
462
587
626
576
513
512
574
636
634
540
398
257
140
17
-165
-390
-582
-651
-598
-497
-398
-298
-165
-9
103
113
51
-10
-33
-83
-228
-471
-776
-1100
-1393
-1570
-1606
-1586
-1612
-1662
-1610
-1394
-1107
-891
-792
-743
-666
-538
-394
-261
-165
-148
-225
-330
-324
-155
78
238
193
-46
-311
-324
-4
365
375
-85
-587
-559
80
684
579
-161
-757
-542
317
1047
1051
540
274
716
1545
2048
1890
1428
1260
1578
1998
2017
1570
1037
794
827
829
577
170
-87
-30
178
225
-14
-355
-497
-319
30
268
255
114
96
329
683
883
746
345
-49
-204
-130
-50
-191
-528
-812
-814
-591
-421
-491
-733
-912
-882
-672
-417
-223
-77
103
383
717
970
1046
942
754
579
452
332
141
-135
-423
-603
-611
-530
-513
-615
-719
-658
-434
-226
-215
-377
-532
-562
-534
-583
-721
-828
-789
-640
-513
-501
-553
-550
-447
-328
-288
-331
-386
-379
-295
-172
-78
-53
-70
-37
103
295
424
426
351
315
389
529
608
539
378
279
353
529
615
494
281
186
265
363
327
194
111
141
209
239
229
214
178
83
-56
-167
-184
-149
-164
-277
-414
-485
-494
-517
-582
-620
-558
-415
-286
-234
-210
-132
9
168
315
430
479
441
344
217
36
-237
-561
-793
-817
-653
-437
-288
-238
-218
-129
87
373
582
642
607
592
661
783
864
831
715
621
581
522
392
249
182
203
236
199
59
-147
-332
-438
-450
-424
-419
-468
-518
-486
-337
-117
88
243
355
419
397
273
138
95
112
41
-196
-477
-639
-656
-654
-710
-748
-652
-424
-178
0
126
266
424
542
572
574
643
794
930
945
854
741
668
624
545
391
172
-41
-179
-259
-331
-423
-492
-510
-499
-501
-517
-484
-357
-174
-32
30
70
150
251
290
240
152
105
107
126
133
131
112
53
-62
-232
-434
-645
-841
-988
-1050
-1036
-1003
-1011
-1042
-998
-807
-525
-300
-219
-184
-50
193
393
442
411
426
483
452
248
-54
-290
-374
-364
-381
-457
-526
-493
-359
-188
-46
77
257
530
857
1158
1376
1488
1490
1389
1214
987
721
436
166
-59
-247
-403
-524
-602
-641
-639
-552
-346
-58
198
326
330
326
433
643
826
863
789
699
620
510
362
192
-2
-202
-336
-340
-286
-302
-406
-497
-482
-413
-398
-479
-551
-522
-405
-291
-234
-236
-290
-379
-442
-405
-273
-127
-86
-182
-325
-369
-288
-208
-256
-393
-456
-347
-140
30
77
24
-45
-66
-20
54
102
86
32
5
9
-5
-63
-116
-127
-132
-194
-315
-414
-411
-309
-184
-98
-57
-22
43
151
286
407
483
515
552
636
778
924
997
971
880
793
738
685
592
467
353
281
262
312
428
545
575
493
389
340
319
223
29
-165
-258
-246
-240
-332
-511
-665
-701
-643
-609
-660
-726
-709
-603
-498
-446
-423
-388
-319
-221
-125
-85
-129
-232
-336
-399
-414
-401
-398
-428
-470
-479
-447
-397
-350
-277
-155
-13
96
148
164
177
183
171
162
185
216
188
92
23
67
193
288
317
343
423
528
582
576
578
652
765
846
874
900
934
908
773
567
391
278
168
22
-116
-168
-150
-140
-184
-268
-346
-409
-467
-535
-609
-663
-662
-613
-563
-552
-561
-530
-445
-368
-367
-473
-642
-785
-841
-841
-867
-937
-980
-932
-822
-732
-696
-675
-612
-493
-346
-203
-72
60
199
348
505
625
628
489
315
254
327
418
429
385
388
470
551
534
421
326
353
480
593
625
622
674
784
891
935
895
791
662
562
517
509
477
406
334
309
312
291
231
159
107
65
25
-15
-35
-57
-104
-164
-168
-79
33
58
-32
-118
-102
-10
45
2
-87
-128
-69
57
165
180
92
-61
-230
-386
-491
-555
-620
-703
-763
-746
-683
-641
-655
-680
-663
-569
-421
-265
-136
-39
46
125
199
261
314
340
338
328
330
333
307
266
229
200
161
103
36
-6
7
67
138
201
268
328
352
320
249
166
81
10
-39
-80
-162
-305
-463
-541
-497
-402
-353
-355
-346
-281
-187
-120
-115
-171
-249
-317
-364
-404
-436
-477
-541
-616
-635
-537
-346
-189
-193
-354
-530
-568
-469
-380
-415
-541
-620
-592
-522
-505
-537
-520
-394
-220
-96
-26
68
237
436
577
617
598
600
679
794
866
843
766
721
756
835
880
843
734
629
577
579
598
603
583
548
542
594
685
743
719
633
523
422
334
262
192
119
51
11
19
52
72
43
-23
-89
-110
-80
-37
-48
-136
-286
-449
-594
-713
-811
-880
-882
-821
-758
-775
-846
-879
-827
-751
-715
-705
-668
-590
-526
-514
-521
-479
-345
-153
34
174
269
342
398
445
496
584
680
736
736
722
742
791
814
761
660
610
681
811
843
701
456
268
220
261
269
189
96
83
143
183
150
85
50
47
44
24
3
-29
-84
-147
-187
-204
-219
-251
-317
-447
-628
-810
-935
-965
-898
-772
-670
-631
-623
-586
-538
-543
-638
-743
-765
-698
-639
-676
-771
-812
-743
-633
-579
-599
-628
-597
-498
-383
-298
-241
-163
-42
96
204
272
327
391
455
493
492
455
401
362
370
423
478
507
511
529
584
649
665
595
469
358
310
333
385
398
355
304
342
490
681
801
797
710
613
535
450
338
194
46
-75
-136
-125
-79
-58
-89
-123
-93
-2
66
49
-26
-67
-35
22
23
-62
-201
-337
-416
-432
-405
-374
-364
-353
-329
-300
-296
-308
-326
-392
-575
-855
-1044
-914
-352
485
1295
1777
1818
1439
768
-18
-705
-1051
-915
-253
759
1842
2612
2856
2541
1850
966
-6
-995
-1874
-2391
-2352
-1725
-776
135
692
850
722
456
111
-299
-689
-898
-759
-225
585
1412
2023
2305
2292
2015
1481
741
-22
-601
-914
-1042
-1130
-1267
-1477
-1708
-1913
-2079
-2240
-2383
-2440
-2327
-2019
-1565
-1069
-685
-523
-569
-713
-859
-965
-1001
-893
-588
-104
454
926
1179
1173
973
702
433
179
-62
-223
-205
-3
303
590
796
868
800
603
346
108
-45
-108
-93
-17
132
310
507
627
559
321
-14
-137
-11
334
613
646
481
292
277
416
639
745
706
542
365
283
306
428
512
421
144
-207
-405
-354
-103
136
146
-96
-420
-571
-472
-253
-128
-177
-305
-358
-247
-13
199
233
24
-316
-590
-641
-455
-155
108
226
207
123
76
117
215
305
327
278
214
222
337
499
594
549
390
228
183
268
384
403
293
92
-113
-245
-277
-235
-188
-138
-90
-28
27
48
11
-95
-217
-292
-282
-218
-134
-35
85
231
354
398
340
210
73
-19
-14
91
230
305
264
147
23
-30
23
176
322
333
135
-184
-459
-620
-672
-682
-618
-463
-238
-54
0
-52
-124
-125
-99
-129
-265
-427
-530
-566
-612
-717
-837
-867
-709
-379
27
318
410
310
165
67
2
-73
-182
-217
-152
-1
153
251
322
341
352
355
366
267
-88
-679
-1265
-1528
-1305
-802
-397
-415
-793
-1118
-1022
-426
275
662
606
331
218
366
716
1008
1091
983
880
959
1140
1259
1175
976
731
543
430
399
460
451
305
-98
-499
-767
-785
-711
-609
-499
-416
-319
-228
-53
82
117
-32
-224
-303
-192
4
70
6
-157
-225
-275
-224
-99
128
252
71
-353
-712
-623
-128
386
490
132
-343
-519
-300
67
161
-74
-354
-317
-39
248
263
205
141
139
84
-32
-11
53
311
548
844
877
640
177
-335
-548
-441
152
747
1176
1149
825
534
474
784
1008
1052
882
856
1008
1212
1332
1246
983
473
-23
-406
-430
-318
-260
-457
-759
-757
-463
-12
83
-148
-546
-789
-711
-585
-485
-716
-1029
-1282
-1290
-953
-605
-161
-67
-229
-744
-1246
-1411
-1202
-628
-183
-26
-349
-833
-1122
-1076
-723
-496
-500
-674
-690
-292
284
833
847
512
3
-222
-107
87
289
191
39
-232
-243
-90
63
30
-145
-104
151
508
705
672
520
268
126
158
484
923
1184
1194
1054
1022
1061
1048
865
531
230
107
112
60
-228
-513
-656
-502
-404
-427
-619
-745
-717
-603
-412
-244
-39
9
-66
-300
-402
-356
-78
204
231
-132
-723
-924
-514
324
874
674
-131
-1032
-1411
-1257
-737
-342
-227
-324
-303
41
467
678
433
40
-208
-54
281
612
710
730
696
734
724
716
804
1000
1266
1332
1231
1009
915
835
637
224
-90
-106
209
514
636
445
52
-356
-511
-283
174
612
833
797
484
57
-364
-507
-495
-382
-438
-539
-570
-442
-289
-298
-341
-401
-309
-306
-357
-540
-686
-684
-607
-431
-353
-228
-191
-179
-367
-736
-1050
-1071
-670
-250
-24
-134
-310
-454
-481
-503
-566
-593
-519
-211
77
275
231
118
38
50
198
307
405
319
245
130
85
55
48
212
422
701
808
839
714
501
235
55
133
295
442
318
189
92
149
221
302
421
475
405
99
-220
-432
-406
-305
-145
3
200
331
335
171
-124
-419
-617
-511
-219
136
132
-55
-356
-376
-347
-313
-433
-577
-558
-430
-154
-77
-83
-251
-277
-287
-277
-341
-363
-308
-253
-204
-234
-203
-245
-216
-261
-225
-259
-245
-160
1
273
351
330
77
15
73
265
343
313
379
494
783
834
752
404
120
56
190
546
821
1071
1082
881
540
203
187
411
761
834
524
98
-185
-84
36
77
-141
-400
-541
-535
-360
-313
-318
-502
-565
-594
-506
-477
-519
-586
-591
-383
-174
-26
-91
-189
-255
-232
-100
-21
-3
-129
-183
-158
-91
-166
-325
-439
-415
-357
-473
-693
-957
-956
-802
-493
-224
-3
193
306
469
501
548
460
459
443
491
586
828
1164
1368
1287
879
408
16
-136
-119
58
245
393
502
648
852
959
946
779
640
564
627
662
578
258
-106
-328
-349
-204
-141
-90
-168
-90
-4
92
-54
-380
-647
-831
-825
-882
-826
-782
-645
-495
-292
-68
-5
-71
-302
-453
-529
-408
-218
-97
-178
-439
-639
-631
-380
-169
-183
-440
-725
-829
-765
-573
-422
-372
-456
-515
-412
-142
56
65
-125
-231
-242
-77
38
172
230
268
277
264
330
417
567
600
560
390
280
182
171
94
27
-49
7
177
372
476
377
216
64
15
-5
8
86
234
333
276
39
-149
-146
17
122
49
-32
-58
25
0
-91
-257
-312
-295
-220
-174
-104
-70
-76
-175
-252
-317
-377
-344
-212
96
244
275
36
-137
-226
-35
301
566
627
385
157
-81
-143
-214
-195
-161
-81
63
193
364
413
438
312
244
281
521
849
1090
1149
999
832
764
814
752
592
387
319
324
340
338
300
319
271
243
105
-28
-130
-117
-16
-7
-97
-172
-65
159
280
223
19
-150
-228
-164
-14
110
233
214
77
-276
-599
-768
-722
-562
-488
-437
-569
-618
-767
-771
-844
-863
-857
-810
-674
-674
-620
-679
-540
-490
-411
-511
-650
-782
-860
-788
-701
-515
-409
-207
-77
55
40
-49
-153
-237
-169
-52
199
393
553
534
343
119
-50
-31
-14
-2
-103
-201
-251
-154
100
317
384
174
-50
-153
4
264
476
539
470
375
315
328
316
305
273
258
210
168
214
323
376
245
-12
-219
-292
-265
-287
-272
-168
69
263
278
151
-49
-183
-217
-128
47
167
173
102
85
187
316
398
287
66
-198
-291
-207
-29
145
217
289
345
437
468
426
330
195
63
-38
3
193
432
579
572
485
418
403
441
434
393
262
118
-7
7
66
115
36
-36
-48
68
272
457
602
561
470
301
255
261
274
185
-49
-228
-284
-49
219
443
379
182
-110
-294
-324
-257
-134
-131
-112
-177
-152
-184
-192
-280
-374
-406
-384
-321
-377
-465
-561
-563
-569
-578
-634
-616
-547
-439
-433
-516
-624
-659
-662
-664
-682
-704
-693
-725
-725
-752
-644
-465
-218
-102
-156
-316
-388
-260
-45
92
49
-66
-108
-60
27
40
-3
-86
-139
-127
-56
82
221
395
509
569
512
456
463
502
528
481
539
589
616
448
223
56
-17
29
63
127
81
-34
-240
-379
-395
-285
-170
-92
-77
-86
-114
-115
-52
27
146
219
336
356
310
162
46
39
60
94
7
-73
-176
-163
-94
14
90
144
188
241
291
302
270
228
282
389
496
455
356
254
270
306
266
152
65
155
339
500
470
285
45
-64
-15
154
333
451
508
527
545
542
510
485
528
550
556
457
433
403
416
321
150
-2
-119
-115
-160
-150
-218
-234
-315
-381
-493
-548
-522
-417
-283
-190
-128
-198
-337
-557
-659
-645
-477
-267
-163
-163
-311
-391
-430
-410
-450
-585
-671
-653
-477
-336
-305
-392
-473
-459
-409
-323
-300
-259
-266
-247
-233
-188
-136
-122
-106
-65
49
104
28
-158
-330
-394
-401
-333
-192
76
397
572
566
405
355
313
276
122
28
55
171
340
410
430
353
316
252
182
73
36
64
124
80
-71
-245
-218
20
288
328
79
-262
-487
-486
-330
-143
2
104
154
169
107
94
146
273
243
26
-293
-436
-304
-44
150
104
-27
-166
-193
-262
-314
-328
-199
-58
-35
-110
-210
-153
-40
78
13
-123
-240
-186
-42
117
239
341
451
507
524
409
314
223
327
472
626
626
485
281
70
39
93
212
177
109
67
153
324
475
585
498
357
159
118
104
116
81
41
24
35
168
331
465
395
249
103
105
209
349
336
103
-264
-503
-456
-228
-32
-98
-291
-446
-366
-228
-184
-325
-514
-630
-632
-511
-380
-295
-378
-497
-598
-565
-546
-531
-554
-500
-410
-329
-282
-280
-242
-202
-144
-88
-3
124
223
281
254
158
-11
-191
-281
-216
26
237
335
185
7
-110
-46
148
328
467
419
310
135
133
253
427
509
478
453
377
315
152
56
9
55
62
-5
-54
-37
70
84
-8
-159
-259
-261
-267
-271
-329
-389
-442
-446
-325
-207
-80
-124
-121
-177
-118
-60
72
217
246
159
-162
-439
-593
-463
-316
-341
-518
-646
-527
-328
-184
-167
-156
-34
162
340
372
259
137
125
282
447
525
461
385
371
393
376
274
232
242
324
333
341
367
411
422
332
313
327
434
482
507
453
323
189
94
153
226
275
186
59
-37
-76
-68
-61
-7
-8
-47
-154
-140
-57
60
53
-7
-93
-137
-144
-88
13
62
-25
-237
-416
-493
-409
-361
-335
-434
-450
-374
-226
-207
-407
-605
-699
-539
-407
-238
-183
-128
-175
-235
-199
-69
103
119
69
-26
-6
61
192
308
416
483
473
332
101
-35
24
231
350
318
177
140
187
251
164
29
-28
90
287
430
476
391
273
97
49
11
92
138
174
143
9
-108
-277
-273
-247
-85
-52
-65
-170
-239
-251
-208
-107
-39
50
32
10
-168
-244
-307
-200
-175
-254
-402
-484
-366
-291
-292
-492
-671
-737
-614
-371
-207
-182
-246
-261
-159
-59
-1
-52
-146
-234
-282
-215
-137
-11
35
100
126
230
354
479
497
408
301
225
252
239
190
47
-32
21
191
387
446
429
347
350
400
492
597
666
680
573
439
323
250
128
-40
-189
-239
-183
-119
-69
-95
-115
-140
-110
-95
-93
-95
-65
42
124
208
170
55
-103
-166
-77
22
0
-217
-462
-571
-455
-239
-82
-32
-33
-31
-5
10
57
80
56
7
-42
14
42
59
-19
-67
-116
-126
-85
-12
81
110
149
178
165
61
-74
-123
-55
70
170
181
138
102
151
234
306
249
167
83
162
232
248
103
-53
-62
12
172
127
6
-285
-451
-465
-329
-155
-98
-9
-60
-72
-196
-163
-94
-2
37
-43
-105
-232
-178
-43
143
168
8
-154
-272
-198
-121
35
28
-17
-163
-215
-173
-107
-93
-219
-261
-258
-130
-120
-119
-145
-67
36
111
69
-81
-211
-261
-179
-182
-184
-239
-155
-80
-2
-13
-37
16
125
333
395
356
128
-77
-152
-66
119
155
80
-86
-88
-7
115
87
-77
-215
-243
-47
137
271
258
221
173
156
195
251
228
50
-108
-105
54
184
165
40
-76
-79
35
158
164
69
-56
-109
-112
-115
-92
-78
16
37
36
-84
-129
-114
-39
-38
-157
-263
-314
-225
-193
-196
-280
-248
-111
76
175
81
-51
-155
-87
-14
62
101
179
224
202
134
132
264
492
676
725
644
543
527
562
621
642
636
611
514
392
252
174
187
199
186
64
-7
10
108
136
37
-55
-6
184
339
291
93
-77
-63
127
257
255
82
-51
-152
-219
-285
-328
-303
-279
-197
-123
1
32
-27
-185
-318
-374
-415
-443
-482
-440
-438
-440
-502
-490
-445
-392
-377
-455
-534
-660
-650
-645
-579
-610
-554
-446
-287
-168
-146
-136
-185
-149
-95
53
210
329
371
277
188
118
153
176
92
-86
-308
-373
-356
-254
-220
-183
-186
-161
-148
-81
-36
7
-14
-18
5
102
299
458
566
450
310
125
45
-22
-71
-145
-220
-221
-199
-162
-217
-248
-290
-185
-21
216
319
280
128
-24
-82
-48
107
227
267
135
21
-57
21
86
120
63
20
76
153
176
55
-44
-18
149
331
371
315
204
163
193
214
196
104
76
108
132
94
15
30
96
226
287
330
310
317
374
456
481
369
241
200
314
455
538
524
453
348
241
209
300
478
615
569
339
19
-171
-150
-23
49
-91
-204
-279
-162
-121
-91
-144
-198
-191
-159
-17
30
100
44
-14
-163
-249
-260
-252
-278
-368
-373
-326
-198
-183
-294
-551
-687
-645
-477
-415
-420
-382
-181
52
184
148
17
-17
40
154
143
81
3
22
30
-60
-258
-392
-336
-168
-77
-78
-101
-101
-163
-305
-349
-232
-19
76
71
29
-10
-80
-204
-305
-346
-226
11
236
250
26
-236
-345
-250
-124
-75
-163
-251
-347
-352
-355
-293
-201
-98
24
43
15
-80
-130
-98
-98
-49
-50
71
113
112
54
-2
24
-36
-42
-146
-103
-55
68
64
-86
-230
-255
-13
246
433
408
313
225
204
265
380
516
571
464
233
8
-20
125
302
372
291
210
113
136
168
280
344
278
121
-70
-70
-34
49
9
13
32
97
149
137
124
47
59
52
57
-14
-38
41
166
285
330
393
395
367
273
200
179
200
267
323
375
378
381
341
327
310
366
470
536
488
271
65
-16
42
98
27
-94
-171
-167
-120
-112
-110
-154
-204
-226
-251
-193
-203
-196
-312
-391
-408
-340
-277
-380
-562
-776
-845
-828
-740
-700
-722
-832
-898
-807
-520
-93
177
239
-32
-266
-391
-248
-51
94
141
78
34
-73
-83
-83
23
107
162
197
145
91
-50
-37
8
133
131
58
-12
-83
-64
-140
-163
-257
-254
-232
-149
-15
39
54
-186
-359
-505
-339
-144
-30
-67
-232
-252
-309
-173
-154
-8
-23
-45
-73
40
312
445
477
319
351
450
648
637
474
259
148
190
272
394
400
364
218
132
88
130
206
212
173
37
-45
-87
-24
93
205
312
311
296
160
66
-76
-61
-16
113
186
183
186
116
199
144
221
187
314
347
297
194
39
84
55
184
130
143
36
13
27
18
9
-76
-72
-145
-236
-398
-463
-462
-415
-421
-488
-499
-449
-279
-217
-187
-215
-113
29
130
119
16
39
110
231
133
35
-31
105
182
132
-60
-231
-228
-209
-145
-247
-248
-273
-133
-65
-44
-131
-186
4
249
489
441
388
397
575
714
664
483
302
253
243
275
304
314
220
-5
-229
-385
-426
-412
-370
-306
-247
-181
-194
-240
-285
-216
-128
-139
-266
-398
-448
-473
-463
-402
-233
-90
-25
-112
-173
-247
-301
-496
-656
-670
-468
-220
-61
46
97
155
127
126
105
166
184
201
160
91
25
-77
-65
-59
59
42
34
-48
-47
-35
-30
96
261
479
423
243
9
-41
12
84
108
112
166
225
277
205
88
-9
-35
37
85
165
130
68
-52
-126
-75
20
183
162
107
-41
-65
-29
63
147
151
139
71
12
-83
-215
-325
-333
-161
65
200
175
68
-6
7
64
89
71
135
253
341
276
159
134
173
262
240
166
-14
-124
-103
21
144
94
-41
-236
-307
-285
-200
-143
-132
-120
-86
35
134
211
180
193
184
230
207
219
195
216
260
290
291
197
140
75
121
144
198
137
6
-174
-264
-173
-19
110
63
21
-47
-30
-110
-165
-174
-156
-73
-98
-15
-35
29
0
-29
-76
-107
-102
-163
-204
-211
-145
-102
-132
-191
-219
-197
-146
-127
-152
-236
-352
-439
-477
-420
-327
-244
-229
-273
-266
-267
-247
-331
-369
-370
-266
-152
-87
-63
-82
-48
-46
-12
-77
-61
-74
53
166
262
196
-33
-215
-284
-107
65
178
120
66
139
298
407
375
282
210
114
-7
-140
-159
-3
215
377
340
226
116
144
238
352
349
265
102
-40
-108
-106
21
71
111
-6
-78
-127
-102
-15
38
151
243
370
395
347
287
222
191
166
215
264
228
123
-37
-110
-77
66
133
54
-145
-258
-264
-196
-226
-349
-392
-230
97
290
243
47
-116
-110
-19
125
144
84
-51
-118
-82
25
134
190
208
175
76
-64
-180
-114
84
327
319
194
17
30
113
199
201
134
154
226
329
276
141
-19
-72
-33
-11
-109
-350
-538
-593
-406
-220
-67
-131
-283
-480
-601
-577
-524
-396
-310
-160
-44
70
95
71
57
77
62
-77
-251
-299
-79
255
463
390
178
63
96
235
307
310
218
106
13
-32
1
88
135
139
38
-27
-113
-113
-103
-132
-166
-278
-255
-211
7
183
314
327
286
255
131
20
-116
-96
-82
-27
-21
1
37
-2
-8
-86
-58
-103
-151
-310
-502
-604
-680
-632
-638
-577
-535
-447
-251
-113
-26
-141
-221
-259
-164
-28
29
-47
-240
-313
-204
-5
160
155
133
59
111
154
236
282
378
425
421
379
399
438
432
357
235
136
99
200
308
349
281
249
336
410
376
185
96
172
434
614
619
379
110
-34
94
320
496
409
217
14
-2
64
101
36
-50
-18
45
93
-21
-42
-51
50
31
-36
-91
-156
-108
-176
-142
-204
-163
-169
-155
-79
35
238
274
175
-114
-321
-362
-225
-121
-134
-309
-459
-511
-344
-96
43
-28
-226
-355
-305
-173
-29
-36
-112
-171
-169
-65
-63
-43
-101
-122
-180
-303
-363
-355
-167
31
133
113
13
-53
-67
-30
76
91
33
-203
-351
-345
-108
152
262
248
197
269
305
285
92
-66
-188
-203
-167
-146
-79
-74
-12
-17
-9
-8
-41
-38
-110
-100
-66
-27
1
-112
-126
-176
-101
-92
-67
12
86
197
131
104
48
115
175
164
52
-100
-123
-14
69
33
-105
-196
-241
-271
-285
-242
-113
-7
-10
-75
-174
-234
-280
-178
76
284
278
10
-150
-109
222
434
482
242
7
-120
-34
137
249
241
105
-78
-211
-156
44
240
270
132
-49
-176
-173
-84
53
157
214
225
252
226
162
-2
-10
91
387
527
568
354
104
-106
-129
59
304
561
618
535
293
226
280
508
535
441
162
-37
-94
0
153
118
66
-18
146
273
407
352
281
92
-68
-229
-285
-292
-283
-218
-201
-200
-348
-450
-508
-336
-120
132
176
132
25
13
32
-42
-267
-544
-645
-504
-219
-49
-63
-202
-218
-138
59
124
131
-52
-221
-333
-291
-164
-106
-103
-181
-96
57
263
239
59
-206
-266
-126
119
195
117
16
-2
53
23
-4
-142
-287
-453
-453
-307
-164
-157
-340
-519
-588
-447
-311
-284
-428
-504
-417
-207
-71
-96
-165
-148
-14
92
111
46
13
-3
32
76
137
121
37
10
78
179
122
8
-50
56
212
252
238
168
258
324
390
264
57
-132
-186
-1
175
311
186
-5
-187
-174
57
306
446
289
1
-239
-257
-59
79
185
222
358
422
345
216
122
145
44
-124
-305
-275
-89
90
152
23
-103
-166
22
275
495
453
187
-175
-436
-422
-233
-3
57
41
48
174
320
384
395
377
379
368
370
285
11
-412
-617
-344
220
570
343
-135
-347
40
648
952
765
323
3
-73
62
275
368
320
90
-61
-88
-7
28
-97
-212
-344
-339
-388
-414
-459
-397
-210
-80
-14
-73
-58
-40
-57
-81
-2
246
430
409
174
-52
-132
-110
-15
29
105
108
101
12
-44
-52
-53
-84
-252
-378
-475
-451
-408
-339
-199
-110
-137
-297
-331
-110
220
348
128
-212
-428
-391
-248
-107
-49
-66
-125
-208
-255
-292
-311
-372
-415
-395
-301
-199
-170
-177
-153
-22
158
243
230
195
318
508
622
528
294
38
-239
-463
-613
-623
-637
-769
-1003
-1234
-1329
-1254
-1045
-754
-542
-461
-524
-613
-600
-440
-129
241
568
757
771
660
513
446
560
775
927
841
609
407
406
576
804
947
1015
1082
1217
1284
1177
857
558
489
741
1134
1360
1260
895
541
355
298
273
221
111
-129
-476
-763
-806
-645
-494
-572
-867
-1219
-1496
-1641
-1635
-1490
-1275
-1096
-964
-827
-622
-376
-75
255
612
917
1138
1215
1143
984
873
868
847
657
286
-116
-422
-580
-598
-434
-78
393
759
885
828
855
1161
1741
2403
2931
3177
3046
2532
1758
1056
649
566
485
190
-395
-1144
-1915
-2623
-3127
-3344
-3267
-3125
-3162
-3402
-3591
-3466
-2954
-2162
-1146
-23
1038
1782
2139
2259
2369
2558
2730
2707
2421
1892
1157
262
-686
-1480
-2056
-2482
-2948
-3494
-4055
-4525
-4790
-4791
-4492
-3981
-3388
-2787
-2158
-1411
-526
433
1382
2264
3095
3813
4315
4504
4457
4361
4349
4363
4274
4007
3564
2973
2247
1484
809
359
94
-144
-478
-918
-1329
-1631
-1746
-1665
-1395
-1024
-678
-509
-559
-779
-979
-1020
-814
-500
-268
-309
-610
-1050
-1457
-1703
-1723
-1502
-1151
-791
-582
-498
-470
-331
23
573
1185
1637
1860
1851
1673
1372
1016
699
454
231
-101
-664
-1381
-2073
-2479
-2607
-2594
-2632
-2693
-2587
-2199
-1593
-970
-326
472
1535
2643
3528
4104
4589
5172
5808
6323
6588
6558
5998
4612
2499
321
-1127
-1682
-1860
-2427
-3677
-5263
-6559
-7170
-7084
-6480
-5613
-4720
-3972
-3348
-2659
-1674
-255
1554
3543
5341
6572
7031
6815
6231
5566
4932
4156
3067
1596
-103
-1836
-3437
-4752
-5743
-6377
-6763
-6955
-6972
-6739
-6179
-5262
-3994
-2495
-957
420
1599
2655
3670
4627
5431
5989
6284
6310
6034
5417
4500
3430
2351
1320
325
-637
-1507
-2246
-2818
-3159
-3151
-2702
-1888
-953
-62
845
1831
2563
2471
1436
151
-400
102
969
1182
311
-1194
-2654
-3671
-4155
-4090
-3611
-3120
-2991
-3186
-3231
-2697
-1547
-17
1656
3288
4552
5099
4853
4190
3606
3245
2859
2163
1155
-53
-1434
-2983
-4503
-5597
-6098
-6148
-6107
-6084
-5928
-5418
-4454
-3124
-1562
-9
1295
2197
2816
3439
4259
5171
5933
6423
6663
6632
6201
5383
4490
3895
3651
3421
2932
2209
1560
1221
1047
494
-933
-2986
-4782
-5450
-4970
-4058
-3526
-3594
-3879
-3968
-3699
-3094
-2182
-1127
-259
183
286
347
588
1075
1880
2981
4085
4655
4347
3294
2012
910
67
-668
-1337
-1904
-2479
-3205
-4038
-4648
-4828
-4636
-4279
-3823
-3200
-2442
-1666
-931
-100
886
1793
2253
2176
1909
1876
2128
2428
2547
2509
2334
2000
1498
986
732
855
1224
1575
1800
1989
2261
2647
3204
3816
3963
2930
769
-1448
-2471
-2152
-1439
-1343
-2026
-2986
-3794
-4268
-4313
-3756
-2744
-1751
-1194
-997
-767
-238
624
1872
3520
5228
6254
6059
4811
3208
1844
824
-8
-743
-1403
-2189
-3337
-4728
-5795
-6024
-5440
-4525
-3689
-2962
-2198
-1355
-476
530
1774
3072
3960
4164
3929
3701
3597
3369
2845
2198
1680
1242
650
-112
-709
-836
-563
-190
111
437
891
1501
2178
2617
2211
612
-1601
-3210
-3470
-2845
-2347
-2544
-3144
-3676
-3951
-3983
-3599
-2667
-1515
-774
-731
-1008
-1056
-637
187
1457
3098
4645
5280
4665
3250
1861
906
240
-360
-913
-1426
-2141
-3241
-4473
-5235
-5144
-4396
-3457
-2604
-1801
-990
-200
613
1561
2636
3494
3835
3695
3436
3258
3037
2613
2053
1604
1309
991
509
48
-68
243
783
1348
1978
2709
3471
4138
4540
4262
2845
512
-1656
-2553
-2170
-1548
-1653
-2516
-3479
-4084
-4284
-4084
-3402
-2392
-1547
-1203
-1205
-1122
-711
75
1345
3132
5004
6127
5961
4734
3127
1612
283
-818
-1542
-1905
-2321
-3215
-4505
-5572
-5847
-5254
-4086
-2643
-1097
303
1314
1927
2486
3261
4064
4491
4391
4024
3605
3042
2155
1069
179
-280
-452
-642
-903
-1066
-991
-719
-285
360
1199
1999
2606
3076
3349
2851
1095
-1408
-3263
-3583
-2911
-2536
-3059
-3953
-4481
-4575
-4468
-4066
-3083
-1794
-915
-784
-1026
-1101
-886
-378
599
2139
3682
4347
3798
2578
1384
372
-665
-1636
-2174
-2224
-2343
-3007
-4003
-4571
-4272
-3297
-2095
-922
176
1058
1582
1848
2237
2893
3487
3624
3378
3092
2781
2084
924
-192
-664
-482
-191
-181
-284
-150
213
601
1089
2020
3355
4526
5070
5115
4814
3689
1295
-1723
-3819
-4169
-3550
-3317
-3922
-4705
-5024
-4887
-4495
-3663
-2204
-530
625
1036
1139
1337
1654
2115
3005
4337
5421
5436
4315
2714
1162
-347
-1907
-3147
-3601
-3419
-3357
-3899
-4650
-4841
-4150
-2842
-1243
501
2129
3193
3531
3579
3895
4443
4666
4215
3355
2463
1525
295
-1035
-1845
-1733
-1075
-567
-490
-525
-309
174
790
1579
2660
3868
4737
4968
4830
4707
4300
2805
90
-2784
-4558
-5021
-4903
-4857
-4908
-4855
-4751
-4691
-4438
-3613
-2291
-1025
-231
182
466
678
873
1394
2497
3793
4513
4200
3036
1329
-680
-2704
-4205
-4766
-4534
-4121
-4019
-4137
-4136
-3776
-3026
-1840
-268
1330
2476
3009
3265
3553
3786
3678
3230
2676
2023
979
-517
-1944
-2610
-2330
-1533
-772
-293
-44
99
290
715
1520
2617
3683
4415
4756
4949
5143
4991
3725
1023
-2323
-4887
-5847
-5556
-4932
-4602
-4567
-4595
-4517
-4209
-3483
-2226
-694
636
1401
1603
1456
1320
1580
2468
3757
4891
5276
4633
2970
649
-1716
-3476
-4297
-4315
-3890
-3365
-2928
-2692
-2556
-2174
-1175
427
2210
3619
4357
4434
4060
3478
2873
2344
1818
1122
153
-986
-2003
-2566
-2475
-1780
-785
162
869
1410
1967
2628
3350
4049
4676
5137
5322
5275
5259
5322
4869
3007
-343
-4027
-6494
-7140
-6558
-5748
-5217
-4930
-4746
-4581
-4224
-3270
-1639
224
1596
2165
2110
1809
1601
1797
2648
3981
5072
5050
3564
1005
-1820
-4206
-5751
-6287
-5840
-4746
-3653
-3124
-3165
-3208
-2668
-1409
322
2192
3840
4807
4774
3972
3070
2559
2308
1854
965
-209
-1427
-2547
-3337
-3467
-2856
-1891
-1060
-448
201
1034
1885
2580
3192
3911
4695
5309
5654
5939
6219
5891
4043
586
-3271
-5899
-6679
-6232
-5577
-5223
-5158
-5271
-5455
-5391
-4608
-3011
-1105
414
1282
1640
1727
1800
2266
3469
5156
6465
6534
5187
2889
265
-2189
-4053
-4910
-4685
-3869
-3271
-3348
-3865
-4188
-3851
-2725
-903
1323
3336
4421
4324
3482
2608
2009
1533
999
467
-11
-614
-1471
-2313
-2645
-2279
-1444
-453
611
1672
2491
2834
2817
2878
3332
4130
4983
5708
6308
6593
5934
3633
-85
-3861
-6186
-6631
-5951
-5142
-4703
-4641
-4874
-5187
-5064
-3953
-1921
226
1654
2203
2255
2212
2355
2986
4299
5917
6938
6583
4788
2085
-852
-3453
-5224
-5852
-5446
-4579
-3924
-3807
-4039
-4118
-3589
-2235
-196
2073
3926
4835
4738
4006
3125
2296
1496
682
-93
-830
-1626
-2488
-3189
-3434
-3151
-2455
-1461
-195
1164
2250
2764
2799
2795
3177
4041
5197
6361
7277
7653
7133
5380
2379
-1237
-4394
-6212
-6627
-6209
-5730
-5689
-6160
-6771
-6888
-6087
-4473
-2644
-1133
-97
676
1401
2207
3228
4577
6075
7114
7050
5651
3300
632
-1785
-3642
-4791
-5250
-5215
-5038
-5016
-5136
-5040
-4337
-2992
-1337
301
1798
3089
3963
4226
3944
3405
2829
2198
1492
787
182
-413
-1141
-1938
-2471
-2423
-1745
-637
608
1707
2422
2686
2667
2732
3251
4366
5787
6912
7212
6628
5515
4144
2378
-28
-2800
-5203
-6628
-7151
-7214
-7160
-6960
-6482
-5760
-4998
-4359
-3723
-2833
-1488
263
2173
3892
5176
5924
6143
5830
5046
3982
2852
1737
518
-868
-2325
-3617
-4576
-5131
-5228
-4820
-3955
-2935
-2143
-1741
-1427
-766
373
1680
2742
3362
3508
3168
2329
1205
167
-550
-1075
-1590
-2014
-2077
-1720
-1151
-555
91
821
1526
2110
2701
3509
4503
5380
5867
5971
5850
5583
5160
4648
4105
3272
1597
-1164
-4401
-6964
-8084
-7905
-7109
-6303
-5806
-5750
-6037
-6157
-5437
-3559
-892
1869
4189
5728
6213
5615
4509
3813
3997
4711
5212
5034
4058
2259
-263
-2982
-4981
-5597
-5006
-4094
-3612
-3664
-3886
-3983
-3813
-3200
-1962
-188
1602
2833
3282
3130
2574
1678
609
-220
-483
-353
-298
-531
-830
-961
-961
-867
-449
544
1876
2973
3481
3550
3481
3445
3527
3855
4435
5017
5246
4990
4434
3722
2660
897
-1502
-3929
-5719
-6747
-7324
-7736
-7943
-7779
-7257
-6520
-5579
-4303
-2724
-1142
157
1214
2245
3335
4419
5481
6503
7268
7383
6639
5307
3822
2366
776
-1057
-2919
-4448
-5448
-5953
-6066
-5912
-5628
-5318
-4905
-4163
-2938
-1363
129
1147
1648
1912
2159
2328
2310
2163
2082
2132
2178
2065
1805
1551
1350
1116
758
374
147
206
533
993
1418
1705
1962
2409
3128
3935
4578
4981
5210
5275
4935
3782
1580
-1351
-4207
-6200
-7064
-7067
-6704
-6408
-6407
-6664
-6914
-6749
-5888
-4296
-2217
45
2171
3871
4986
5655
6214
6857
7485
7856
7811
7237
6036
4148
1753
-796
-3127
-4985
-6233
-6823
-6936
-6906
-7066
-7426
-7684
-7444
-6495
-4905
-2910
-822
1089
2600
3568
3985
4054
4120
4408
4837
5074
4850
4147
3148
2080
1117
352
-204
-570
-722
-623
-325
25
330
681
1268
2175
3249
4201
4762
4902
4769
4609
4465
4083
3025
1106
-1345
-3742
-5602
-6758
-7183
-7006
-6479
-5893
-5452
-5138
-4797
-4212
-3313
-2107
-631
1072
2861
4481
5745
6570
7009
7105
6911
6436
5686
4578
2990
888
-1576
-4052
-6197
-7777
-8760
-9201
-9185
-8826
-8229
-7499
-6622
-5492
-3965
-2046
60
2073
3764
5002
5735
6013
5971
5795
5633
5507
5285
4799
3994
2902
1580
87
-1407
-2607
-3221
-3166
-2589
-1732
-762
195
1040
1715
2329
3044
3888
4675
5209
5495
5685
5724
5253
3978
2084
202
-1190
-2086
-2814
-3605
-4498
-5459
-6466
-7419
-8061
-8088
-7333
-5883
-3993
-1946
11
1736
3183
4407
5429
6210
6674
6759
6417
5595
4319
2732
1080
-453
-1789
-2910
-3813
-4574
-5401
-6450
-7608
-8478
-8648
-7978
-6607
-4809
-2869
-1053
423
1516
2372
3221
4146
5035
5682
5969
5904
5538
4934
4203
3526
3027
2662
2257
1695
995
247
-490
-1142
-1526
-1450
-886
-46
794
1500
2103
2667
3185
3650
4117
4653
5195
5393
4803
3184
847
-1523
-3296
-4250
-4576
-4568
-4538
-4696
-5189
-5901
-6466
-6534
-5993
-5058
-3970
-2897
-1895
-980
-90
966
2324
3920
5402
6401
6703
6326
5393
4056
2494
934
-409
-1479
-2411
-3384
-4443
-5466
-6309
-6877
-7164
-7155
-6836
-6211
-5382
-4495
-3642
-2816
-1926
-856
492
2081
3732
5170
6169
6625
6588
6257
5928
5840
6059
6425
6664
6479
5717
4468
3015
1656
530
-348
-1057
-1692
-2348
-2977
-3375
-3291
-2630
-1531
-267
926
1933
2673
3044
2985
2598
2071
1499
806
-119
-1269
-2502
-3657
-4677
-5574
-6357
-6963
-7308
-7366
-7108
-6472
-5357
-3775
-1882
54
1754
3067
4000
4713
5327
5843
6152
6102
5577
4532
3052
1293
-589
-2437
-4034
-5166
-5794
-6087
-6270
-6416
-6466
-6356
-6082
-5636
-4942
-3921
-2566
-971
745
2469
4115
5622
6994
8243
9262
9853
9852
9253
8121
6542
4666
2801
1264
173
-622
-1338
-2041
-2660
-3096
-3298
-3189
-2658
-1646
-303
1077
2281
3285
4145
4821
5191
5145
4630
3618
2111
269
-1604
-3240
-4584
-5719
-6609
-7098
-7107
-6806
-6441
-6092
-5676
-5075
-4306
-3426
-2472
-1415
-254
898
1878
2593
3111
3504
3720
3652
3287
2755
2192
1619
970
232
-504
-1141
-1699
-2287
-2925
-3526
-3967
-4162
-4074
-3731
-3231
-2696
-2230
-1901
-1724
-1630
-1461
-1034
-235
887
2125
3253
4141
4789
5222
5484
5634
5731
5768
5665
5400
5025
4600
4136
3656
3251
2969
2691
2158
1202
-104
-1527
-2837
-3897
-4576
-4786
-4549
-4050
-3474
-2878
-2221
-1491
-784
-204
174
327
257
8
-381
-894
-1533
-2251
-2955
-3579
-4130
-4679
-5234
-5689
-5852
-5570
-4790
-3521
-1821
115
1955
3410
4455
5252
5940
6505
6873
6986
6747
5981
4544
2532
267
-1883
-3670
-4984
-5828
-6352
-6734
-7029
-7106
-6772
-5954
-4701
-3169
-1540
-8
1308
2408
3398
4392
5410
6365
7132
7635
7811
7603
7003
6131
5200
4364
3670
3114
2697
2361
1961
1346
518
-369
-1138
-1735
-2215
-2597
-2815
-2797
-2610
-2394
-2260
-2189
-2153
-2144
-2133
-2023
-1768
-1507
-1453
-1704
-2153
-2628
-2977
-3083
-2834
-2191
-1270
-294
549
1167
1539
1632
1448
1064
648
344
135
-91
-381
-630
-764
-842
-904
-823
-445
163
728
1046
1106
960
631
195
-123
-138
66
185
6
-410
-917
-1484
-2176
-2894
-3366
-3426
-3220
-3044
-2961
-2741
-2162
-1234
-110
1146
2499
3791
4740
5225
5411
5548
5701
5728
5533
5129
4529
3659
2495
1212
66
-779
-1358
-1804
-2259
-2830
-3559
-4359
-4968
-5141
-4834
-4222
-3475
-2651
-1816
-1095
-538
1
756
1734
2653
3145
3100
2688
2147
1598
1069
622
322
137
-72
-431
-939
-1549
-2219
-2854
-3279
-3284
-2865
-2166
-1353
-482
377
1011
1270
1220
1152
1269
1564
1886
2065
2032
1806
1469
1106
749
376
-94
-707
-1428
-2157
-2776
-3226
-3461
-3509
-3402
-3176
-2881
-2572
-2247
-1802
-1085
-13
1327
2710
3913
4771
5251
5362
5248
5074
4937
4855
4676
4256
3483
2433
1250
63
-1029
-1979
-2690
-3183
-3508
-3722
-3773
-3524
-3000
-2320
-1640
-1001
-382
180
650
1035
1437
1925
2466
3011
3475
3781
3779
3402
2730
1930
1161
467
-139
-679
-1187
-1721
-2319
-2921
-3413
-3678
-3680
-3478
-3093
-2549
-1844
-1075
-369
194
611
960
1236
1386
1339
1101
675
40
-743
-1469
-1886
-1937
-1792
-1673
-1681
-1789
-1934
-2070
-2103
-1921
-1467
-901
-476
-344
-446
-623
-796
-913
-904
-693
-293
197
699
1191
1677
2091
2366
2535
2701
2912
3068
3043
2773
2289
1646
908
187
-362
-607
-554
-355
-192
-176
-308
-550
-780
-826
-535
59
747
1292
1587
1677
1647
1572
1518
1570
1698
1771
1625
1257
799
425
206
83
-35
-197
-428
-783
-1309
-1918
-2441
-2699
-2656
-2379
-1964
-1493
-995
-529
-127
159
344
436
425
293
83
-113
-252
-367
-517
-738
-1040
-1386
-1659
-1732
-1584
-1321
-1106
-991
-951
-934
-947
-1017
-1131
-1277
-1434
-1605
-1728
-1695
-1443
-1019
-506
65
681
1249
1648
1873
2055
2308
2622
2917
3149
3281
3238
2941
2400
1751
1144
658
283
-18
-255
-439
-599
-785
-980
-1096
-1052
-825
-433
131
877
1746
2582
3199
3490
3479
3300
3133
3085
3143
3137
2871
2247
1326
265
-812
-1795
-2586
-3089
-3306
-3377
-3458
-3619
-3766
-3763
-3544
-3114
-2512
-1752
-914
-123
482
807
841
622
237
-219
-655
-1016
-1344
-1710
-2138
-2538
-2816
-2957
-2980
-2862
-2548
-2066
-1549
-1102
-715
-295
187
639
967
1153
1219
1148
906
558
263
190
344
585
766
845
871
847
771
711
840
1276
1947
2633
3125
3356
3340
3155
2918
2759
2708
2675
2560
2349
2079
1742
1291
759
285
-46
-256
-410
-480
-387
-108
271
616
862
966
904
640
233
-173
-431
-488
-426
-370
-428
-658
-1063
-1624
-2270
-2909
-3444
-3833
-4056
-4051
-3777
-3284
-2761
-2340
-2031
-1758
-1469
-1176
-886
-615
-392
-259
-270
-437
-723
-1004
-1162
-1185
-1146
-1118
-1112
-1131
-1182
-1252
-1286
-1196
-930
-508
-18
465
900
1278
1629
1999
2385
2682
2770
2640
2379
2071
1749
1444
1189
999
876
839
901
1061
1303
1606
1922
2206
2432
2597
2692
2723
2715
2683
2620
2497
2297
1993
1595
1136
681
280
-43
-262
-363
-363
-341
-403
-567
-774
-915
-924
-774
-501
-220
-26
20
-41
-180
-367
-588
-827
-1063
-1333
-1692
-2178
-2737
-3240
-3595
-3769
-3793
-3672
-3458
-3246
-3099
-2990
-2794
-2399
-1767
-966
-115
654
1238
1578
1694
1678
1618
1533
1380
1147
875
594
275
-119
-580
-1065
-1530
-1941
-2245
-2378
-2310
-2080
-1757
-1371
-873
-215
552
1301
1947
2512
3041
3534
3946
4246
4414
4440
4307
3988
3458
2757
2012
1365
874
508
204
-90
-401
-738
-1083
-1389
-1582
-1582
-1374
-1010
-568
-95
384
844
1244
1566
1817
1995
2028
1798
1297
666
97
-345
-733
-1169
-1674
-2183
-2655
-3066
-3383
-3535
-3489
-3309
-3128
-3049
-3059
-3067
-2976
-2719
-2295
-1726
-1080
-452
52
359
484
540
625
713
712
568
315
8
-313
-613
-854
-1000
-1010
-884
-694
-521
-379
-223
-49
117
294
577
1033
1615
2187
2621
2864
2929
2850
2677
2505
2439
2530
2712
2834
2788
2574
2262
1948
1710
1592
1583
1600
1538
1319
984
659
436
307
199
111
81
151
290
469
660
841
990
1082
1096
992
751
394
3
-340
-628
-935
-1352
-1907
-2569
-3273
-3926
-4420
-4662
-4603
-4258
-3722
-3143
-2661
-2343
-2172
-2044
-1845
-1493
-1017
-502
-81
145
138
-70
-379
-684
-919
-1071
-1139
-1109
-1008
-930
-973
-1142
-1310
-1339
-1163
-825
-397
69
534
942
1231
1401
1542
1755
2069
2412
2665
2733
2588
2293
1968
1715
1575
1523
1514
1507
1465
1407
1367
1394
1492
1639
1787
1888
1927
1913
1856
1737
1547
1312
1096
939
841
759
624
351
-98
-639
-1086
-1293
-1282
-1198
-1171
-1234
-1364
-1563
-1819
-2047
-2104
-1912
-1550
-1172
-891
-724
-675
-770
-1003
-1267
-1431
-1476
-1485
-1533
-1620
-1710
-1784
-1796
-1661
-1330
-873
-439
-138
33
139
219
275
304
347
454
607
725
740
647
500
342
207
128
132
223
363
502
585
591
518
390
277
259
368
541
682
764
824
895
956
997
1055
1176
1347
1506
1611
1673
1734
1805
1826
1730
1524
1300
1119
963
772
547
322
114
-105
-367
-646
-885
-1041
-1120
-1125
-1046
-901
-742
-614
-486
-334
-175
-56
1
13
-18
-100
-224
-346
-442
-528
-624
-718
-792
-842
-865
-845
-787
-713
-647
-610
-635
-713
-783
-791
-748
-722
-740
-773
-765
-705
-615
-524
-456
-450
-533
-671
-786
-827
-823
-828
-868
-917
-956
-973
-965
-907
-786
-635
-505
-420
-333
-181
72
393
706
952
1113
1207
1241
1205
1102
960
839
787
813
882
972
1081
1215
1337
1407
1424
1437
1488
1573
1684
1808
1903
1896
1741
1481
1188
906
637
384
170
-8
-158
-277
-355
-398
-436
-481
-510
-488
-422
-337
-269
-240
-259
-310
-348
-368
-393
-446
-497
-523
-546
-610
-738
-915
-1108
-1285
-1411
-1489
-1534
-1574
-1624
-1688
-1765
-1840
-1890
-1883
-1784
-1590
-1366
-1187
-1072
-1003
-974
-1010
-1082
-1117
-1049
-874
-633
-372
-128
70
207
310
430
608
827
1051
1246
1425
1603
1792
2006
2255
2521
2743
2888
2962
2995
2991
2940
2869
2824
2823
2804
2678
2411
2062
1718
1418
1162
942
745
526
247
-65
-327
-489
-562
-580
-547
-465
-375
-352
-422
-535
-610
-602
-541
-481
-466
-513
-618
-796
-1037
-1290
-1480
-1598
-1712
-1861
-2015
-2118
-2210
-2357
-2572
-2774
-2869
-2833
-2675
-2458
-2245
-2094
-2016
-1969
-1890
-1737
-1522
-1278
-1027
-799
-619
-500
-421
-352
-294
-252
-206
-108
46
228
432
691
1019
1380
1722
2015
2255
2441
2576
2648
2648
2571
2439
2280
2105
1905
1696
1507
1366
1253
1131
990
857
765
695
619
538
506
550
618
611
493
323
179
94
51
21
-32
-144
-330
-559
-790
-995
-1160
-1270
-1300
-1264
-1203
-1163
-1141
-1111
-1038
-913
-754
-569
-352
-114
82
162
106
-35
-218
-422
-642
-842
-988
-1083
-1163
-1254
-1359
-1468
-1561
-1610
-1561
-1379
-1071
-699
-328
26
389
778
1176
1528
1770
1873
1865
1805
1707
1554
1354
1157
1004
892
805
755
753
781
795
765
707
663
651
657
670
695
723
730
678
537
311
40
-183
-288
-272
-222
-238
-345
-514
-695
-856
-960
-981
-925
-820
-684
-512
-328
-165
-12
188
452
708
866
904
868
803
717
590
392
106
-258
-651
-1008
-1280
-1455
-1555
-1607
-1634
-1640
-1611
-1542
-1428
-1269
-1065
-840
-629
-438
-233
8
259
456
543
516
429
358
351
405
469
512
538
592
700
847
994
1102
1166
1177
1109
911
563
130
-289
-617
-851
-1025
-1158
-1252
-1304
-1308
-1261
-1159
-1013
-844
-697
-602
-570
-575
-564
-487
-336
-151
43
263
531
792
969
1006
943
848
787
781
798
796
770
745
738
737
723
678
589
463
329
211
93
-22
-96
-70
53
214
361
453
480
428
320
178
54
-8
12
86
179
281
403
531
631
678
662
592
496
393
282
150
6
-109
-167
-161
-116
-71
-72
-166
-363
-624
-879
-1058
-1115
-1046
-895
-742
-638
-583
-556
-554
-587
-634
-667
-695
-760
-863
-934
-902
-777
-657
-627
-671
-716
-711
-654
-540
-349
-73
226
444
501
413
282
218
283
461
699
914
1044
1086
1081
1052
982
850
697
607
622
696
728
675
576
488
416
315
179
39
-74
-155
-219
-262
-274
-237
-143
7
196
381
527
627
695
723
693
588
423
239
73
-32
-60
0
138
318
479
533
420
141
-224
-577
-854
-1038
-1144
-1223
-1348
-1555
-1802
-2005
-2099
-2064
-1887
-1589
-1247
-968
-827
-814
-853
-873
-844
-773
-654
-475
-267
-82
59
199
390
639
921
1221
1524
1811
2037
2175
2247
2276
2243
2098
1831
1489
1110
694
240
-186
-493
-640
-665
-612
-514
-427
-408
-459
-541
-603
-629
-624
-578
-478
-332
-186
-83
-44
-31
2
106
298
555
822
1051
1220
1331
1373
1313
1145
909
669
447
192
-125
-477
-787
-1027
-1218
-1395
-1571
-1734
-1834
-1833
-1737
-1577
-1372
-1111
-805
-508
-300
-230
-267
-324
-331
-306
-300
-320
-342
-360
-390
-427
-441
-396
-294
-166
-47
52
145
245
356
470
602
748
872
921
898
855
836
840
863
914
987
1040
1049
1041
1034
1009
933
809
676
558
457
363
277
204
153
142
202
362
619
930
1219
1411
1480
1452
1380
1300
1238
1199
1142
1001
746
403
27
-341
-651
-854
-940
-948
-930
-912
-895
-845
-749
-623
-504
-410
-349
-369
-520
-805
-1145
-1448
-1660
-1790
-1852
-1861
-1840
-1835
-1874
-1914
-1884
-1754
-1564
-1366
-1182
-1021
-902
-829
-762
-652
-498
-331
-164
4
166
289
343
319
219
82
-63
-180
-262
-302
-307
-293
-259
-173
8
280
590
877
1111
1276
1358
1359
1311
1250
1189
1123
1057
1007
980
988
1039
1152
1312
1491
1662
1786
1836
1784
1645
1458
1269
1105
946
752
513
250
-24
-311
-603
-859
-1035
-1120
-1131
-1086
-977
-816
-655
-545
-483
-433
-394
-395
-466
-587
-718
-811
-841
-797
-698
-570
-420
-250
-61
133
315
468
558
565
501
403
294
176
36
-130
-334
-577
-835
-1063
-1228
-1324
-1353
-1320
-1219
-1069
-890
-699
-524
-389
-300
-247
-228
-236
-235
-161
27
319
653
957
1174
1294
1347
1389
1465
1552
1606
1576
1459
1279
1076
892
751
647
548
422
245
17
-206
-352
-400
-410
-432
-452
-419
-328
-224
-145
-99
-54
24
151
312
469
595
656
634
532
365
155
-66
-249
-349
-369
-346
-321
-312
-305
-276
-233
-235
-332
-516
-730
-910
-1028
-1086
-1089
-1031
-917
-806
-779
-850
-934
-928
-790
-549
-269
-40
83
96
37
-67
-195
-320
-411
-459
-465
-449
-430
-441
-494
-581
-651
-634
-514
-349
-213
-122
-44
39
120
217
361
550
729
846
879
826
703
548
408
319
286
302
347
388
400
402
436
531
675
848
1018
1157
1228
1221
1124
956
745
523
299
79
-95
-171
-146
-77
-17
30
78
114
112
79
50
56
107
185
261
297
288
245
177
64
-117
-351
-583
-758
-857
-862
-781
-650
-528
-420
-295
-147
-19
53
68
30
-57
-183
-320
-459
-583
-665
-661
-556
-364
-115
157
407
599
712
750
721
633
503
359
230
110
-27
-200
-393
-568
-680
-692
-559
-271
91
393
540
570
578
608
610
539
416
287
156
-5
-213
-446
-648
-761
-756
-641
-446
-185
124
447
730
931
1024
1019
942
820
659
454
208
-58
-311
-538
-743
-945
-1134
-1279
-1359
-1362
-1305
-1212
-1130
-1074
-1014
-918
-785
-656
-545
-436
-304
-133
80
333
570
712
726
680
682
769
895
984
980
868
669
420
176
-21
-136
-155
-100
-19
33
43
25
7
19
61
106
139
177
240
299
304
251
176
128
124
143
160
156
133
92
47
19
33
79
126
162
196
233
259
278
314
379
445
454
375
223
57
-83
-201
-338
-517
-715
-870
-944
-954
-925
-869
-779
-667
-555
-459
-378
-325
-329
-396
-486
-568
-623
-644
-603
-488
-315
-115
90
278
420
496
510
502
522
574
605
557
423
225
-14
-267
-495
-660
-724
-655
-447
-154
133
338
462
557
666
790
912
1027
1141
1229
1244
1173
1027
838
673
615
689
803
842
778
658
509
313
85
-119
-240
-272
-256
-227
-197
-136
-32
103
259
427
591
709
757
761
756
722
608
400
138
-128
-380
-622
-864
-1105
-1330
-1508
-1600
-1580
-1462
-1285
-1086
-887
-701
-539
-399
-267
-133
-24
10
-41
-134
-222
-315
-448
-627
-813
-962
-1040
-1043
-982
-859
-673
-443
-242
-122
-82
-65
-41
-21
-40
-129
-274
-415
-491
-484
-423
-341
-252
-154
-47
54
116
119
79
21
-28
-69
-107
-137
-143
-106
-17
139
360
612
837
982
1026
989
896
776
642
492
316
141
38
69
208
362
464
496
485
465
467
509
582
644
648
575
466
373
328
331
359
394
417
424
406
373
315
226
101
-37
-152
-217
-215
-131
34
237
404
488
497
469
427
380
342
317
290
253
228
203
132
-20
-221
-404
-534
-623
-687
-747
-801
-826
-800
-738
-665
-591
-508
-430
-376
-349
-314
-226
-86
68
186
273
351
434
507
559
578
538
421
254
125
71
56
10
-79
-176
-242
-249
-195
-101
-21
11
-4
-15
13
89
183
260
296
272
198
128
128
223
374
491
506
407
248
84
-82
-291
-554
-824
-1028
-1144
-1176
-1153
-1100
-1038
-967
-867
-732
-571
-410
-270
-175
-127
-119
-142
-174
-166
-88
14
60
30
-32
-85
-137
-193
-247
-282
-288
-258
-202
-150
-112
-106
-161
-290
-431
-506
-505
-488
-510
-550
-568
-543
-473
-361
-223
-111
-96
-183
-297
-329
-229
-19
217
419
568
696
838
997
1148
1256
1307
1308
1277
1232
1176
1110
1032
936
811
678
574
540
549
537
431
249
88
28
82
200
338
465
571
657
728
772
776
737
634
479
324
241
220
199
139
61
10
-4
23
80
143
177
145
46
-63
-122
-118
-87
-74
-83
-84
-38
63
213
393
557
622
544
370
190
57
-66
-249
-540
-908
-1268
-1527
-1651
-1687
-1700
-1718
-1713
-1648
-1521
-1376
-1269
-1233
-1261
-1323
-1391
-1413
-1361
-1256
-1143
-1033
-872
-637
-370
-143
20
153
285
436
597
750
859
889
834
722
589
471
388
332
282
222
158
100
61
64
106
138
100
-14
-160
-289
-368
-366
-276
-145
-46
-5
35
150
373
661
941
1149
1259
1277
1243
1195
1147
1054
883
682
549
538
589
613
564
462
362
316
336
401
468
512
530
516
487
464
466
462
392
212
-59
-355
-624
-834
-994
-1101
-1130
-1051
-887
-706
-564
-492
-482
-521
-585
-650
-708
-754
-781
-774
-731
-623
-412
-86
283
571
698
683
608
546
520
508
476
396
273
144
47
-9
-52
-118
-215
-300
-314
-224
-41
193
393
474
388
185
-25
-150
-184
-173
-170
-194
-243
-284
-280
-227
-155
-119
-137
-190
-232
-251
-258
-271
-293
-310
-288
-186
5
221
349
327
205
103
104
188
265
253
153
14
-128
-274
-417
-530
-612
-689
-765
-801
-745
-580
-358
-157
-21
64
166
307
447
514
464
323
171
111
207
436
699
887
964
958
918
874
840
792
691
524
311
101
-57
-142
-170
-180
-190
-164
-45
197
531
863
1097
1168
1083
914
749
634
545
415
200
-77
-351
-552
-667
-716
-736
-746
-741
-694
-578
-405
-219
-92
-87
-219
-439
-660
-824
-923
-965
-956
-907
-843
-748
-593
-384
-202
-116
-115
-150
-217
-361
-586
-835
-1032
-1137
-1153
-1076
-890
-592
-216
164
483
703
825
875
883
859
774
585
295
-32
-297
-444
-486
-474
-443
-386
-286
-142
15
159
284
379
440
454
437
401
376
388
456
553
630
674
683
658
585
473
367
312
311
321
306
253
180
107
54
33
47
80
109
125
140
167
194
203
174
105
1
-116
-214
-278
-303
-298
-307
-375
-497
-614
-658
-611
-497
-356
-227
-127
-53
26
124
222
275
246
146
36
-8
35
94
67
-69
-235
-340
-355
-303
-216
-116
-30
25
57
98
188
338
501
606
627
616
633
683
710
652
508
348
253
228
207
138
52
-1
-4
23
60
101
124
129
148
218
323
392
361
239
121
85
140
226
279
256
140
-32
-196
-313
-406
-514
-647
-774
-831
-771
-610
-444
-374
-432
-553
-636
-609
-473
-283
-105
23
100
142
165
165
119
0
-177
-344
-443
-450
-405
-383
-456
-640
-874
-1057
-1110
-1038
-911
-829
-830
-865
-839
-709
-523
-371
-315
-331
-334
-240
-45
181
326
337
257
204
280
497
782
1018
1129
1107
1012
934
891
837
693
444
154
-89
-199
-164
-33
108
199
252
308
397
503
583
610
598
597
637
710
775
796
758
673
577
519
530
593
648
620
486
285
81
-90
-231
-355
-476
-609
-764
-917
-1008
-997
-906
-800
-724
-664
-569
-396
-157
90
270
342
335
303
309
364
436
477
482
484
495
514
524
525
493
393
221
15
-157
-258
-289
-294
-315
-363
