409
379
355
358
390
427
463
503
529
516
463
406
351
279
201
141
102
33
-64
-137
-149
-131
-116
-95
-51
6
68
125
152
97
-26
-123
-109
-7
71
73
18
-43
-107
-154
-153
-88
21
153
298
445
571
636
629
553
444
325
220
157
169
254
363
446
482
486
465
441
416
382
313
206
91
6
-62
-151
-274
-380
-403
-334
-248
-225
-270
-307
-300
-306
-372
-464
-503
-478
-433
-406
-395
-401
-435
-511
-624
-730
-769
-729
-675
-685
-760
-822
-821
-812
-865
-988
-1107
-1151
-1093
-979
-873
-808
-764
-727
-708
-686
-603
-420
-177
38
179
252
291
317
361
443
546
629
687
746
823
898
941
957
971
1009
1066
1096
1054
937
804
720
696
696
663
583
484
406
373
386
435
489
496
440
355
332
404
506
533
418
196
-63
-293
-456
-529
-521
-477
-476
-551
-670
-737
-697
-581
-468
-418
-430
-461
-463
-408
-313
-242
-242
-322
-441
-538
-530
-397
-231
-179
-264
-359
-332
-177
-9
86
101
101
129
181
228
267
298
318
335
378
464
558
620
627
597
564
565
590
574
485
368
312
330
353
309
187
45
-45
-62
-53
-75
-125
-125
-34
92
166
159
114
59
6
-41
-73
-102
-166
-263
-362
-434
-477
-477
-423
-335
-253
-201
-187
-240
-356
-469
-518
-499
-443
-336
-153
68
242
295
247
190
210
333
491
588
555
420
269
173
130
99
54
7
-16
4
61
122
148
126
69
17
-9
-9
1
19
56
91
92
29
-75
-185
-271
-325
-356
-381
-403
-411
-401
-399
-432
-501
-569
-591
-563
-519
-497
-492
-479
-446
-434
-463
-496
-485
-441
-424
-456
-490
-475
-404
-318
-248
-209
-188
-159
-103
-45
-36
-103
-211
-284
-287
-218
-107
35
204
374
531
648
715
735
740
773
829
871
857
792
723
700
722
742
716
662
620
596
550
478
436
462
514
508
420
323
313
437
637
791
800
670
481
286
81
-126
-273
-316
-296
-290
-314
-342
-374
-421
-453
-443
-418
-415
-418
-393
-355
-365
-421
-460
-432
-361
-279
-173
-17
149
229
184
62
-60
-148
-212
-251
-248
-191
-96
12
86
75
-37
-174
-226
-162
-65
-23
-44
-72
-79
-61
-22
23
43
25
1
5
31
58
82
96
63
-20
-123
-197
-223
-209
-159
-90
-9
43
32
-53
-148
-181
-141
-75
-40
-66
-141
-189
-141
-23
53
19
-95
-221
-340
-460
-552
-566
-492
-386
-294
-214
-141
-100
-86
-66
-9
69
146
209
243
231
181
107
46
33
60
75
35
-34
-80
-69
19
167
316
391
371
302
229
183
171
185
196
187
180
191
216
215
159
60
-15
14
142
280
342
323
267
218
203
234
293
343
363
361
361
368
345
247
76
-108
-224
-238
-171
-95
-74
-138
-258
-365
-417
-399
-347
-268
-151
-14
81
103
92
100
122
135
145
142
77
-68
-224
-310
-324
-299
-246
-165
-101
-106
-166
-225
-289
-379
-462
-447
-312
-135
-36
-64
-174
-267
-268
-196
-138
-151
-182
-153
-45
80
178
253
318
367
390
413
443
461
440
395
344
288
214
109
-9
-94
-106
-51
21
77
100
84
30
-52
-150
-231
-251
-188
-97
-56
-84
-109
-48
115
299
402
394
335
298
299
312
286
189
34
-109
-160
-111
-31
-1
-46
-128
-197
-228
-217
-175
-112
-59
-38
-46
-43
15
143
302
435
479
450
408
401
395
322
202
114
105
102
23
-154
-354
-493
-560
-599
-644
-655
-595
-501
-447
-451
-463
-437
-362
-276
-226
-250
-343
-457
-510
-469
-391
-373
-433
-501
-508
-445
-313
-121
77
201
239
261
301
320
278
188
103
73
119
206
271
305
318
331
299
193
31
-113
-166
-105
41
197
319
368
360
338
352
410
481
531
527
452
317
183
124
170
284
395
434
365
226
121
130
207
228
138
19
-35
-51
-114
-237
-345
-378
-336
-263
-198
-178
-209
-271
-316
-316
-285
-262
-255
-231
-178
-133
-133
-149
-122
-44
17
8
-61
-135
-173
-163
-120
-77
-68
-36
98
330
524
562
449
285
140
44
10
31
65
68
71
103
155
190
226
310
430
509
502
457
447
478
491
447
370
317
309
308
276
204
127
67
30
0
-12
9
50
44
-62
-233
-383
-447
-457
-463
-481
-507
-535
-593
-683
-797
-902
-973
-991
-946
-847
-704
-550
-439
-411
-463
-508
-454
-285
-66
136
274
311
239
121
44
-2
-66
-148
-183
-160
-143
-158
-164
-112
-16
84
166
235
293
342
388
432
461
474
474
468
425
315
163
57
82
210
321
319
218
92
0
-56
-80
-66
-32
-16
-55
-122
-156
-142
-130
-180
-273
-352
-378
-352
-317
-302
-283
-180
28
244
317
204
-9
-188
-250
-220
-151
-124
-173
-273
-359
-360
-278
-139
5
129
217
284
359
443
524
606
687
717
664
582
580
666
717
633
462
319
260
230
166
76
36
98
209
288
328
410
557
671
645
485
305
200
192
220
197
103
7
-2
53
63
-25
-143
-195
-188
-181
-188
-182
-176
-207
-262
-287
-252
-160
-42
30
-51
-288
-534
-633
-570
-455
-384
-371
-386
-415
-477
-574
-626
-535
-303
-71
42
14
-71
-127
-102
-28
31
26
-6
-10
16
12
-41
-78
-18
131
255
275
202
105
3
-119
-248
-345
-389
-380
-329
-267
-229
-234
-236
-178
-63
63
155
220
273
287
220
71
-78
-139
-98
-35
-14
-44
-94
-162
-259
-358
-410
-404
-393
-406
-434
-433
-379
-292
-243
-280
-359
-379
-310
-210
-145
-106
-60
-5
53
100
128
140
167
249
383
551
710
780
680
418
127
-51
-75
-15
32
28
28
98
233
344
360
303
265
309
409
492
533
561
590
578
495
370
277
252
268
256
183
109
125
254
412
492
443
282
40
-211
-381
-408
-314
-176
-61
-4
-10
-63
-124
-154
-160
-182
-234
-274
-265
-221
-189
-179
-174
-141
-81
-42
-69
-148
-187
-144
-56
2
12
-15
-72
-131
-132
-28
138
278
325
295
248
242
286
354
407
425
392
336
309
335
367
326
203
60
-27
-41
0
60
106
119
98
68
66
112
181
193
101
-64
-215
-304
-364
-430
-504
-553
-577
-597
-612
-589
-522
-465
-461
-502
-541
-563
-592
-639
-691
-710
-674
-603
-541
-504
-469
-418
-376
-355
-358
-376
-412
-437
-401
-306
-195
-117
-70
-33
19
87
137
161
200
303
422
467
423
358
334
351
382
398
370
285
171
78
60
158
355
556
666
652
561
438
302
151
-1
-105
-141
-120
-73
-8
74
150
192
177
125
107
156
215
180
65
-19
-10
35
23
-36
-72
-37
49
136
200
237
247
221
173
132
144
231
350
409
344
228
176
215
245
191
86
14
-4
10
13
2
13
57
66
-49
-247
-366
-307
-159
-71
-78
-95
-40
58
135
162
161
184
267
390
468
443
369
365
468
590
618
501
277
41
-125
-195
-230
-285
-351
-400
-429
-455
-456
-408
-341
-303
-310
-321
-319
-344
-424
-530
-574
-508
-353
-192
-115
-154
-259
-325
-276
-131
15
60
-12
-122
-171
-152
-120
-100
-62
14
82
106
92
57
-3
-60
-37
77
194
229
201
186
196
199
172
113
18
-93
-170
-175
-122
-71
-84
-175
-275
-280
-164
-24
42
42
30
-11
-113
-209
-168
27
228
278
149
-51
-199
-227
-173
-126
-127
-167
-248
-417
-659
-850
-855
-668
-404
-185
-73
-38
-16
37
109
138
111
57
14
-25
-68
-74
-12
116
264
381
440
446
430
415
416
438
486
503
422
262
156
234
456
658
707
642
575
568
581
546
432
267
96
-52
-148
-173
-123
-43
18
22
-36
-127
-199
-222
-229
-257
-320
-390
-431
-419
-350
-246
-142
-63
-32
-42
-69
-87
-112
-179
-285
-379
-429
-457
-483
-477
-397
-275
-184
-149
-142
-154
-202
-240
-166
61
325
475
471
401
356
372
450
569
676
747
796
832
809
709
611
585
593
556
479
420
425
494
606
706
736
708
688
695
665
533
312
52
-191
-366
-447
-455
-430
-402
-385
-390
-402
-391
-361
-377
-484
-637
-746
-749
-662
-539
-449
-439
-515
-649
-783
-861
-841
-723
-540
-374
-312
-379
-503
-597
-650
-669
-640
-558
-498
-497
-501
-449
-370
-340
-359
-373
-352
-305
-228
-103
62
203
236
120
-87
-266
-333
-297
-206
-85
73
236
342
374
370
370
367
337
262
149
40
20
115
244
285
215
129
117
192
286
329
283
165
47
-10
-7
7
23
52
78
60
16
12
91
223
356
442
451
399
369
433
557
630
577
446
320
272
322
436
534
545
487
439
455
511
546
531
507
531
615
661
574
367
156
45
51
123
207
268
305
316
271
157
6
-91
-66
41
113
65
-58
-138
-120
-42
44
115
140
48
-166
-397
-512
-509
-510
-596
-735
-828
-836
-784
-737
-708
-662
-583
-524
-538
-592
-619
-578
-478
-344
-225
-159
-158
-199
-266
-331
-345
-287
-198
-135
-93
-61
-79
-200
-365
-447
-364
-155
80
262
346
325
230
118
49
60
151
266
310
253
165
135
152
158
130
84
20
-56
-118
-136
-103
-26
67
109
34
-139
-305
-360
-275
-96
95
214
216
121
-11
-116
-146
-104
-59
-97
-220
-330
-340
-240
-97
22
87
138
236
398
565
656
630
498
336
233
222
254
269
249
220
236
337
494
600
600
562
581
674
767
807
767
647
455
225
22
-91
-75
36
146
171
114
20
-90
-223
-342
-385
-355
-358
-478
-688
-862
-895
-787
-633
-558
-615
-761
-883
-905
-824
-737
-706
-695
-621
-477
-371
-345
-328
-228
-92
-34
-86
-168
-199
-181
-155
-128
-76
4
62
58
36
91
270
520
776
997
1180
1317
1402
1398
1302
1207
1221
1329
1395
1341
1234
1141
1011
758
433
203
194
380
599
629
255
-631
-1844
-2822
-2938
-2123
-1101
-856
-1692
-2866
-3210
-2201
-470
779
854
94
-587
-546
175
1073
1658
1744
1410
807
125
-341
-319
61
225
-320
-1431
-2397
-2587
-1981
-1140
-677
-757
-1039
-1110
-851
-364
263
990
1658
1983
1827
1391
1124
1329
1857
2196
1955
1269
687
643
1101
1634
1864
1740
1497
1390
1464
1615
1744
1853
1951
1929
1642
1113
608
368
359
326
96
-283
-770
-1523
-2690
-3923
-4423
-3754
-2521
-1940
-2628
-3893
-4338
-3214
-1187
309
452
-311
-856
-464
741
2079
2890
2904
2285
1400
607
175
212
457
318
-645
-2176
-3445
-3729
-2999
-1915
-1278
-1405
-1920
-2113
-1572
-443
755
1546
1740
1465
1093
994
1272
1649
1719
1267
468
-228
-406
2
616
958
894
744
919
1510
2271
2891
3256
3437
3532
3586
3605
3620
3625
3561
3328
2874
2259
1622
1066
541
-84
-788
-1326
-1480
-1390
-1584
-2529
-4053
-5250
-5224
-4008
-2682
-2419
-3336
-4343
-4119
-2406
-282
838
496
-489
-903
-192
1212
2392
2732
2268
1461
725
232
13
0
-68
-607
-1783
-3202
-4129
-4079
-3259
-2444
-2356
-3036
-3772
-3751
-2810
-1502
-507
-42
136
374
824
1429
2042
2522
2783
2799
2633
2455
2489
2828
3350
3799
4004
4009
4017
4197
4497
4678
4542
4191
3935
3951
4037
3789
3016
1962
1116
760
697
411
-520
-2054
-3659
-4654
-4732
-4266
-4004
-4428
-5311
-5923
-5667
-4564
-3244
-2391
-2207
-2304
-2075
-1166
297
1787
2697
2761
2261
1794
1771
2098
2288
1875
773
-675
-1964
-2745
-2986
-2972
-3134
-3711
-4494
-4975
-4786
-4020
-3109
-2487
-2227
-2037
-1542
-642
442
1397
2011
2257
2239
2167
2245
2571
3034
3372
3379
3130
2937
3065
3503
4032
4413
4516
4352
4111
4050
4303
4688
4822
4442
3654
2848
2365
2204
2004
1367
204
-1220
-2578
-3671
-4426
-4837
-5026
-5231
-5609
-6032
-6163
-5750
-4924
-4112
-3642
-3405
-2989
-2126
-938
209
1054
1612
2103
2722
3437
3980
4052
3549
2628
1580
684
58
-415
-1008
-1911
-3025
-4024
-4582
-4603
-4286
-3926
-3721
-3597
-3290
-2542
-1348
-39
969
1492
1747
2117
2778
3575
4184
4431
4389
4287
4325
4538
4787
4880
4704
4302
3842
3569
3662
4017
4243
3981
3328
2760
2610
2701
2525
1821
815
-72
-745
-1475
-2440
-3404
-3964
-4095
-4230
-4790
-5666
-6237
-5982
-5107
-4429
-4543
-5197
-5514
-4833
-3303
-1719
-810
-616
-539
51
1224
2454
3109
2986
2433
1963
1771
1609
1091
80
-1178
-2273
-2952
-3283
-3537
-3933
-4462
-4864
-4803
-4176
-3250
-2443
-1929
-1543
-991
-109
1023
2136
2969
3487
3864
4266
4746
5277
5777
6090
6085
5768
5313
4970
4938
5143
5216
4821
4025
3266
2894
2854
2774
2312
1400
308
-593
-1110
-1396
-1781
-2448
-3242
-3820
-3966
-3839
-3843
-4233
-4820
-5141
-4932
-4427
-4110
-4235
-4545
-4506
-3815
-2705
-1698
-1121
-821
-377
463
1500
2251
2415
2161
1939
1956
1956
1541
689
-195
-752
-1038
-1425
-2123
-2943
-3476
-3531
-3300
-3091
-2958
-2706
-2199
-1516
-786
-28
799
1665
2445
3037
3465
3927
4587
5374
5980
6182
6085
6000
6122
6335
6364
6039
5447
4837
4378
4056
3734
3287
2677
1887
939
-93
-1052
-1760
-2146
-2366
-2740
-3437
-4232
-4671
-4577
-4295
-4331
-4794
-5277
-5306
-4836
-4271
-4067
-4288
-4555
-4433
-3844
-3118
-2625
-2435
-2295
-1917
-1259
-567
-115
72
226
529
890
1022
760
209
-373
-815
-1138
-1441
-1798
-2196
-2560
-2781
-2795
-2588
-2159
-1559
-932
-448
-124
186
614
1155
1711
2191
2556
2834
3087
3366
3693
4095
4595
5122
5493
5551
5332
5057
4941
4969
4918
4549
3828
2948
2187
1676
1296
824
199
-466
-1061
-1589
-2070
-2437
-2621
-2642
-2640
-2750
-2946
-3037
-2895
-2643
-2510
-2531
-2546
-2451
-2330
-2318
-2430
-2541
-2480
-2219
-1940
-1873
-2011
-2078
-1787
-1176
-589
-389
-622
-996
-1119
-812
-265
106
6
-466
-893
-922
-556
-88
177
156
-28
-206
-252
-119
157
424
529
490
473
606
842
1066
1238
1420
1694
2065
2415
2610
2655
2727
2999
3430
3771
3820
3623
3442
3454
3542
3451
3075
2572
2163
1922
1760
1559
1291
997
703
391
50
-269
-487
-602
-703
-890
-1183
-1510
-1800
-2032
-2240
-2442
-2612
-2693
-2687
-2643
-2602
-2567
-2523
-2475
-2426
-2405
-2439
-2525
-2567
-2472
-2273
-2131
-2152
-2249
-2237
-1990
-1554
-1102
-810
-726
-697
-543
-248
67
342
590
737
612
198
-275
-534
-531
-424
-362
-373
-387
-373
-337
-298
-233
-93
167
543
969
1367
1694
1950
2116
2170
2138
2115
2167
2278
2391
2458
2475
2430
2288
2058
1850
1832
2046
2334
2446
2217
1672
1004
478
224
138
-38
-449
-1013
-1524
-1818
-1903
-1907
-1979
-2149
-2334
-2460
-2523
-2552
-2547
-2508
-2468
-2460
-2455
-2380
-2196
-1923
-1600
-1264
-923
-550
-96
428
902
1208
1343
1432
1589
1820
1994
1940
1593
1100
687
434
240
-18
-294
-463
-468
-403
-389
-433
-439
-335
-159
-16
53
114
278
582
939
1228
1373
1359
1226
1105
1164
1418
1668
1699
1522
1363
1424
1681
1916
1905
1640
1337
1210
1232
1157
834
330
-190
-637
-1014
-1324
-1564
-1752
-1941
-2168
-2378
-2454
-2347
-2187
-2148
-2244
-2298
-2166
-1911
-1711
-1628
-1543
-1331
-1012
-726
-528
-328
5
477
956
1302
1491
1606
1720
1768
1657
1436
1304
1391
1560
1563
1288
883
575
458
437
356
130
-224
-601
-858
-867
-633
-306
-65
41
129
322
588
792
869
896
957
1033
1068
1026
953
915
944
968
845
556
230
35
-25
-60
-175
-409
-745
-1121
-1434
-1619
-1694
-1722
-1767
-1877
-2053
-2241
-2340
-2334
-2273
-2202
-2113
-1984
-1872
-1849
-1923
-2006
-1998
-1886
-1696
-1461
-1194
-933
-688
-430
-115
270
671
991
1176
1265
1378
1568
1753
1809
1707
1532
1393
1341
1367
1426
1448
1375
1205
991
828
796
895
1016
1039
965
930
1054
1309
1547
1657
1638
1589
1600
1668
1693
1581
1369
1177
1084
1048
997
880
717
562
462
388
246
-6
-293
-488
-546
-549
-616
-787
-1000
-1142
-1172
-1159
-1218
-1394
-1626
-1810
-1882
-1838
-1735
-1678
-1719
-1784
-1750
-1615
-1512
-1544
-1659
-1721
-1612
-1289
-798
-300
45
225
355
486
580
619
685
831
985
1052
1025
980
947
906
857
833
847
851
803
724
655
611
608
676
800
889
879
818
798
855
989
1211
1494
1701
1675
1400
1021
727
633
726
871
865
592
142
-235
-362
-299
-272
-437
-733
-978
-1055
-1020
-1019
-1159
-1434
-1748
-1987
-2086
-2071
-2019
-1998
-2015
-2069
-2142
-2185
-2130
-1957
-1779
-1729
-1840
-1991
-2007
-1781
-1331
-825
-484
-428
-549
-599
-396
10
377
504
381
169
47
106
334
588
723
733
758
905
1112
1233
1183
1015
860
820
894
1004
1101
1213
1388
1592
1729
1750
1695
1651
1655
1697
1746
1773
1749
1653
1503
1335
1175
1048
1000
1044
1116
1097
964
778
612
483
358
184
-65
-330
-517
-594
-619
-682
-843
-1105
-1396
-1569
-1517
-1271
-1000
-886
-995
-1244
-1433
-1414
-1217
-1036
-1026
-1145
-1229
-1182
-1043
-910
-820
-752
-679
-604
-536
-456
-341
-187
-25
85
95
30
-16
18
93
129
131
175
309
488
633
713
758
812
864
852
782
762
859
1004
1058
995
891
806
762
735
704
659
656
743
816
679
285
-146
-343
-250
-33
119
139
97
123
291
502
549
320
-72
-365
-415
-303
-244
-330
-491
-598
-620
-649
-767
-962
-1091
-1047
-872
-754
-837
-1059
-1215
-1157
-919
-633
-401
-287
-309
-413
-478
-426
-290
-136
-59
-148
-395
-636
-686
-552
-399
-351
-376
-351
-209
5
201
318
381
415
424
367
255
131
24
-70
-139
-115
40
267
442
451
287
69
-11
135
378
492
380
179
91
187
370
498
529
527
585
734
920
1064
1122
1132
1177
1279
1321
1149
777
412
226
203
216
196
140
39
-123
-335
-550
-711
-777
-743
-640
-476
-253
-19
118
87
-56
-193
-234
-164
-41
27
-48
-208
-320
-324
-281
-259
-246
-191
-99
-26
-70
-264
-488
-581
-530
-521
-693
-931
-994
-764
-346
49
236
156
-52
-180
-136
-8
73
62
-26
-141
-212
-168
-14
135
149
-5
-226
-340
-229
81
435
663
708
641
590
618
692
730
706
670
693
788
877
846
666
425
232
115
57
25
-39
-222
-524
-800
-848
-609
-238
27
56
-69
-150
-53
193
436
529
413
159
-42
-10
248
524
573
333
-78
-458
-690
-777
-813
-861
-897
-856
-747
-632
-546
-474
-416
-403
-427
-412
-273
-62
75
19
-181
-375
-436
-354
-211
-103
-97
-177
-254
-254
-163
-57
-8
-21
-35
32
211
480
738
881
869
785
754
836
955
961
780
505
308
248
246
207
131
40
-55
-181
-327
-464
-548
-521
-389
-222
-145
-213
-372
-514
-561
-515
-431
-374
-345
-325
-312
-349
-465
-619
-715
-684
-552
-430
-413
-523
-675
-742
-627
-354
-45
148
138
-29
-200
-210
-34
199
306
234
91
41
157
386
611
739
752
715
700
739
788
788
719
606
500
439
455
541
652
756
830
859
824
785
859
1066
1289
1378
1302
1144
993
860
710
547
411
322
234
91
-90
-223
-269
-284
-332
-408
-483
-542
-571
-549
-489
-421
-373
-379
-482
-673
-848
-905
-841
-734
-666
-678
-777
-920
-1033
-1056
-972
-833
-738
-781
-954
-1136
-1191
-1085
-913
-792
-766
-791
-784
-691
-512
-290
-73
96
196
275
380
516
637
748
879
993
1013
936
865
867
903
911
885
842
786
726
670
623
589
600
694
829
903
822
636
489
493
594
642
533
274
-19
-237
-321
-324
-362
-497
-673
-782
-809
-833
-920
-1023
-1052
-970
-821
-690
-665
-766
-943
-1111
-1225
-1277
-1259
-1147
-963
-789
-712
-741
-787
-760
-658
-551
-479
-397
-281
-167
-109
-102
-109
-123
-118
-60
101
353
633
860
973
981
957
977
1076
1242
1418
1532
1508
1353
1165
1076
1132
1236
1239
1086
882
770
788
852
865
822
791
818
890
947
937
864
754
627
469
297
177
168
218
172
-75
-443
-735
-837
-838
-891
-1036
-1199
-1301
-1327
-1269
-1130
-977
-906
-955
-1041
-1055
-968
-834
-746
-763
-877
-973
-970
-917
-941
-1051
-1090
-962
-747
-618
-611
-628
-578
-460
-328
-187
-24
164
339
490
624
775
964
1187
1390
1486
1406
1185
934
792
798
895
971
953
855
743
672
639
631
662
720
735
658
554
525
559
541
424
269
145
84
90
145
159
72
-80
-223
-337
-451
-581
-742
-956
-1202
-1391
-1424
-1290
-1102
-1038
-1199
-1494
-1705
-1688
-1484
-1227
-1012
-899
-903
-963
-957
-824
-652
-557
-545
-523
-425
-304
-260
-306
-346
-303
-198
-112
-48
56
252
512
772
986
1150
1291
1397
1416
1304
1137
1052
1115
1253
1348
1339
1211
1017
888
937
1136
1292
1253
1040
812
705
721
765
756
708
676
650
571
427
304
287
348
352
186
-116
-390
-501
-493
-547
-762
-1011
-1077
-934
-805
-874
-1077
-1201
-1172
-1099
-1084
-1112
-1126
-1099
-1033
-936
-852
-836
-888
-951
-960
-897
-774
-625
-491
-409
-375
-342
-271
-161
-41
88
227
340
384
397
465
616
798
950
1042
1056
1002
933
898
883
844
799
805
909
1104
1308
1366
1167
793
446
266
262
352
435
420
330
269
295
351
375
374
364
312
208
127
130
160
89
-125
-383
-533
-540
-500
-532
-640
-777
-924
-1097
-1269
-1374
-1367
-1264
-1121
-1000
-903
-775
-600
-460
-453
-571
-722
-830
-885
-882
-811
-685
-552
-472
-465
-475
-421
-312
-246
-287
-318
-170
168
512
680
648
522
433
466
645
902
1140
1255
1208
1032
841
735
698
642
532
426
370
337
300
271
284
296
264
197
162
208
305
393
417
347
209
68
-25
-114
-284
-546
-805
-931
-860
-579
-135
358
725
823
630
290
-36
-273
-458
-590
-600
-457
-195
107
388
554
511
251
-140
-578
-1027
-1445
-1754
-1870
-1746
-1388
-889
-400
-52
139
240
272
215
45
-154
-301
-367
-381
-375
-344
-335
-404
-599
-860
-1025
-918
-451
287
1107
1807
2268
2435
2324
2007
1609
1232
942
805
865
1109
1426
1678
1704
1394
777
22
-666
-1211
-1606
-1863
-1921
-1723
-1278
-673
-46
526
956
1188
1176
996
787
646
590
594
694
901
1169
1380
1430
1300
1056
793
525
180
-224
-595
-833
-946
-996
-1019
-1073
-1177
-1318
-1458
-1573
-1683
-1719
-1630
-1374
-1043
-734
-517
-389
-284
-195
-86
-10
45
41
15
16
66
124
123
102
114
156
101
-59
-267
-333
-250
-100
-42
-129
-234
-283
-234
-233
-329
-497
-691
-849
-984
-982
-830
-565
-306
-143
-40
19
119
216
318
417
536
667
713
668
560
489
509
611
725
734
597
404
288
294
366
445
500
468
315
94
-33
-55
-79
-237
-431
-533
-525
-554
-728
-939
-1022
-887
-657
-424
-252
-102
15
61
13
-93
-139
-98
-16
-15
-23
48
249
450
515
484
467
611
867
1082
1087
914
785
833
990
1013
804
408
59
-81
5
162
276
361
430
465
403
304
196
94
12
-11
40
74
78
104
208
380
552
786
1095
1410
1577
1418
1000
437
15
-225
-355
-526
-758
-830
-717
-460
-288
-259
-305
-433
-476
-558
-661
-906
-1133
-1213
-1198
-1145
-1121
-1021
-918
-850
-884
-905
-825
-551
-207
17
16
-161
-288
-328
-302
-313
-327
-294
-246
-202
-133
39
269
394
374
220
146
54
-28
-105
-23
268
538
665
566
460
435
476
417
135
-221
-443
-335
-90
92
21
-99
-168
-34
165
391
573
629
607
468
408
343
309
241
172
186
98
-103
-575
-963
-1086
-854
-522
-389
-437
-629
-698
-653
-495
-396
-425
-465
-490
-459
-479
-474
-476
-438
-479
-512
-525
-436
-303
-256
-229
-220
-126
-106
-205
-311
-374
-308
-269
-161
-39
182
440
692
875
932
971
925
897
844
897
1008
1101
1156
1081
986
843
860
967
1096
1072
874
669
528
528
644
783
866
733
589
518
592
645
596
524
447
431
379
278
111
-2
-14
20
-31
-189
-298
-328
-160
-51
75
26
-15
-77
-168
-207
-356
-408
-632
-779
-915
-926
-835
-828
-709
-651
-491
-399
-385
-383
-471
-430
-450
-555
-836
-1190
-1314
-1256
-1047
-879
-751
-561
-366
-118
-14
14
-112
-125
5
313
581
637
555
361
243
108
-1
-95
-167
-89
64
335
513
619
625
552
390
148
-77
-250
-288
-216
-79
-62
-125
-153
-35
102
107
-31
-147
-150
-16
169
316
419
385
337
274
292
238
62
-178
-403
-518
-552
-458
-354
-359
-504
-650
-665
-552
-490
-497
-552
-498
-398
-324
-342
-430
-539
-656
-723
-724
-666
-602
-504
-383
-259
-202
-200
-187
-156
-37
161
482
823
1091
1189
1079
874
706
697
758
778
788
818
969
1076
1100
1000
846
764
722
786
894
1043
1145
1056
809
455
233
169
203
204
126
131
257
467
541
468
314
284
344
423
327
62
-192
-358
-405
-571
-741
-802
-653
-449
-409
-490
-584
-529
-422
-431
-618
-868
-916
-752
-439
-253
-240
-488
-773
-1000
-1072
-1060
-1074
-1014
-968
-828
-713
-482
-212
-13
7
-172
-308
-392
-257
-63
221
378
426
433
478
629
687
663
452
337
339
488
581
557
529
542
716
859
891
699
460
355
348
329
223
203
315
478
555
507
437
360
292
177
94
87
236
384
421
212
-73
-310
-431
-542
-626
-613
-499
-439
-509
-717
-851
-850
-584
-312
-173
-325
-609
-948
-1231
-1359
-1272
-1036
-849
-802
-928
-1106
-1201
-1059
-773
-533
-436
-460
-420
-358
-229
-178
-163
-206
-181
-55
203
469
640
614
502
418
509
638
719
663
603
612
658
674
670
698
744
701
554
437
488
698
870
835
673
524
603
790
975
884
642
435
547
814
971
891
760
747
798
762
559
309
59
-47
-101
-46
-3
-13
-163
-476
-699
-777
-627
-544
-571
-722
-937
-1019
-981
-678
-448
-418
-630
-826
-731
-486
-161
-67
-109
-274
-401
-406
-499
-592
-760
-698
-567
-457
-519
-690
-726
-598
-207
195
597
786
900
892
927
882
805
673
566
575
538
511
317
254
206
273
230
122
42
69
304
484
578
434
307
231
260
274
238
201
187
259
321
347
236
97
15
45
102
33
-125
-378
-510
-542
-462
-413
-513
-707
-997
-1114
-1063
-816
-633
-582
-619
-608
-493
-405
-404
-561
-694
-757
-657
-653
-759
-963
-1038
-996
-956
-899
-906
-836
-870
-772
-601
-223
166
478
667
669
661
637
764
874
957
946
918
905
901
939
944
977
929
913
836
834
844
921
968
977
929
843
694
551
477
507
550
533
545
581
640
526
341
119
25
17
54
128
143
189
123
19
-151
-249
-290
-382
-524
-695
-759
-773
-756
-799
-893
-1042
-1112
-1017
-733
-496
-419
-591
-712
-721
-542
-358
-272
-212
-256
-264
-370
-365
-365
-370
-475
-568
-503
-345
-78
126
264
284
281
312
285
212
175
294
572
839
1014
969
851
774
795
774
573
354
224
271
307
285
198
132
159
221
283
220
126
22
-25
-65
-111
-135
-148
-116
-113
-132
-201
-213
-165
-40
-14
-78
-239
-329
-347
-354
-402
-506
-556
-591
-533
-487
-442
-521
-630
-732
-658
-437
-203
-229
-551
-875
-881
-506
-77
143
47
-168
-318
-307
-181
-60
37
86
145
163
233
324
452
446
356
255
318
476
632
718
752
799
800
747
618
465
328
208
160
99
81
70
196
360
492
514
444
332
178
42
5
49
171
215
189
27
-132
-186
-122
-47
-89
-175
-222
-196
-153
-112
-39
38
62
-28
-181
-298
-280
-180
-88
-112
-232
-379
-502
-569
-614
-632
-604
-528
-408
-285
-212
-185
-213
-177
-142
-111
-137
-138
-65
80
266
419
448
369
303
362
566
728
786
666
509
369
253
106
-94
-200
-140
115
368
524
450
234
-75
-281
-325
-196
-64
-59
-191
-292
-205
-27
46
-78
-285
-435
-522
-555
-583
-580
-565
-476
-369
-250
-184
-179
-213
-212
-33
207
314
146
-99
-169
-64
24
-39
-131
-109
24
124
114
6
-66
-41
80
175
178
136
111
162
225
266
290
291
337
327
318
281
336
435
534
575
529
459
395
374
370
326
254
156
70
-17
-83
-86
5
131
207
130
-4
-182
-259
-313
-290
-263
-201
-115
-59
-69
-184
-311
-353
-321
-270
-296
-308
-332
-299
-233
-136
-117
-218
-311
-229
54
339
437
301
109
21
92
221
301
280
187
69
-61
-245
-442
-561
-461
-261
-145
-215
-341
-373
-322
-227
-130
-65
-37
-29
10
16
-36
-77
-35
25
-29
-179
-283
-248
-139
-63
-77
-126
-164
-56
134
338
352
231
58
-94
-199
-285
-329
-365
-299
-110
140
257
232
208
320
498
590
512
343
171
76
21
42
120
254
272
103
-166
-312
-211
28
212
241
184
223
388
603
635
512
295
208
249
393
504
528
467
367
282
223
168
-37
-343
-621
-600
-372
-155
-117
-208
-227
-142
7
74
28
-60
-120
-171
-259
-343
-358
-337
-372
-461
-535
-474
-263
27
153
49
-203
-337
-317
-253
-211
-185
-59
54
132
135
158
198
176
110
31
63
187
351
466
475
474
487
506
387
181
23
8
99
178
203
146
62
0
-46
-81
-108
-39
100
225
288
295
301
258
166
58
-24
-59
-77
-100
-172
-326
-500
-656
-714
-699
-609
-499
-459
-519
-683
-796
-819
-703
-554
-503
-582
-762
-790
-661
-398
-256
-283
-429
-518
-463
-316
-181
-182
-310
-516
-634
-623
-522
-441
-417
-333
-161
142
406
594
648
690
743
835
899
911
971
1100
1322
1410
1351
1163
1055
1051
1055
1005
852
758
663
628
539
536
579
603
464
149
-104
-178
28
275
504
592
641
641
589
497
338
221
108
55
-17
-80
-135
-230
-388
-620
-783
-840
-806
-783
-815
-863
-857
-768
-662
-594
-540
-465
-468
-613
-829
-875
-737
-595
-643
-870
-1019
-964
-705
-474
-393
-422
-424
-354
-287
-248
-204
-104
-12
60
116
245
443
670
818
844
814
843
922
940
853
741
729
778
805
679
517
409
433
432
344
292
377
567
644
589
424
261
115
51
54
112
190
240
217
22
-188
-323
-258
-188
-251
-493
-809
-988
-1066
-1047
-1051
-1000
-897
-836
-854
-939
-906
-796
-627
-559
-608
-660
-598
-417
-309
-301
-265
-134
-26
-124
-332
-498
-512
-443
-353
-273
-193
-78
80
209
242
221
268
404
509
529
506
541
622
689
699
622
559
513
548
513
438
362
388
491
560
582
533
478
395
336
335
379
465
516
564
517
370
158
18
3
15
15
45
177
263
157
-137
-372
-373
-211
-91
-181
-351
-431
-341
-236
-257
-348
-394
-350
-298
-277
-292
-279
-168
61
275
319
199
56
7
10
18
53
169
297
290
105
-112
-157
-33
104
70
-91
-280
-328
-212
22
210
259
253
302
443
543
505
333
139
46
65
112
121
118
144
129
-3
-204
-326
-314
-288
-329
-402
-392
-274
-93
27
12
-159
-342
-384
-241
-50
21
-71
-260
-408
-417
-304
-199
-201
-252
-233
-178
-168
-240
-303
-352
-375
-307
-143
36
60
17
-41
-19
32
138
230
205
97
4
39
67
52
10
93
230
323
288
200
148
122
123
68
16
-55
-49
-59
-104
-205
-236
-164
-72
-54
-126
-219
-276
-267
-189
-112
-79
-88
-107
-134
-258
-406
-526
-524
-482
-453
-413
-368
-328
-369
-421
-385
-210
45
290
450
526
513
476
431
407
377
291
181
88
106
152
167
146
167
267
372
383
294
165
170
271
392
416
436
531
647
681
605
548
572
624
597
473
357
304
345
419
516
539
509
435
382
316
203
78
-22
-81
-149
-196
-211
-159
-77
34
107
78
-53
-194
-241
-234
-194
-154
-103
-108
-168
-245
-352
-508
-704
-775
-691
-501
-315
-175
-104
-160
-302
-471
-561
-593
-554
-486
-374
-272
-204
-144
-38
128
230
212
91
-14
-88
-120
-115
-36
52
95
71
64
138
261
389
448
464
435
431
477
533
520
373
200
75
57
96
140
162
153
166
168
102
-110
-375
-590
-681
-714
-731
-700
-632
-515
-454
-459
-587
-744
-823
-724
-474
-206
-26
4
-56
-122
-105
-30
71
124
127
2
-179
-345
-363
-277
-139
-35
-5
-43
-46
106
352
555
618
587
500
363
237
139
91
60
109
219
306
295
219
140
101
127
250
374
422
368
254
101
-79
-235
-336
-383
-372
-330
-246
-141
-14
86
71
-27
-175
-226
-151
54
318
514
576
424
149
-120
-285
-330
-371
-357
-325
-259
-247
-233
-163
-66
13
10
-1
-23
-11
-18
-25
-3
62
140
146
99
31
26
129
277
365
320
271
283
320
333
322
326
275
180
75
7
-10
6
49
102
160
252
325
322
261
210
243
266
245
125
-20
-109
-76
51
168
194
97
-71
-238
-352
-366
-257
-79
-10
-117
-350
-495
-552
-525
-475
-389
-291
-244
-194
-103
28
144
233
338
415
366
132
-204
-457
-462
-197
184
447
487
381
255
203
205
257
329
411
467
462
391
303
289
366
424
372
231
149
146
198
206
184
105
-23
-184
-264
-239
-110
-52
-68
-136
-170
-125
-122
-168
-316
-361
-248
-31
89
-24
-252
-476
-490
-375
-273
-395
-649
-797
-726
-551
-539
-720
-1058
-1296
-1352
-1174
-917
-723
-647
-647
-599
-540
-513
-566
-610
-589
-534
-443
-353
-218
-128
-39
7
62
147
257
373
300
122
-50
58
350
627
697
589
496
505
668
868
987
892
631
417
414
589
768
862
889
926
950
955
892
763
553
346
280
442
747
960
961
687
346
60
-14
26
54
5
-135
-259
-280
-141
95
243
248
108
-56
-100
4
206
255
127
-85
-190
-189
-145
-105
-95
-120
-208
-253
-251
-161
-105
-105
-163
-230
-231
-193
-121
-65
-1
69
156
263
394
533
583
488
238
-24
-141
-19
231
442
460
274
-38
-277
-328
-180
-29
-32
-277
-620
-877
-901
-739
-531
-340
-225
-129
-115
-171
-334
-512
-567
-477
-344
-370
-555
-820
-994
-1016
-901
-766
-710
-713
-702
-571
-344
-74
93
98
-69
-284
-417
-419
-377
-368
-406
-406
-360
-286
-234
-222
-215
-224
-156
-48
95
161
164
147
164
235
285
286
246
259
334
432
448
378
238
177
298
543
725
698
572
498
560
638
612
457
307
279
339
362
304
256
344
566
804
847
678
404
198
54
-78
-188
-254
-291
-335
-355
-292
-183
-125
-163
-168
-2
310
505
436
166
-16
-18
127
239
262
248
261
327
345
286
196
181
259
338
285
102
-49
23
282
512
573
478
342
204
153
188
315
438
533
588
585
524
347
119
-139
-316
-375
-298
-189
-167
-274
-446
-565
-600
-556
-552
-606
-743
-880
-990
-1038
-997
-871
-708
-576
-547
-658
-852
-976
-856
-595
-368
-342
-447
-598
-699
-658
-484
-243
-123
-149
-293
-399
-426
-390
-321
-206
-10
131
133
2
-82
-18
120
254
300
327
347
377
434
536
707
852
872
763
616
561
538
540
427
284
144
154
323
511
642
574
459
349
368
442
458
438
354
293
154
-22
-172
-239
-167
-111
-65
-74
2
123
160
10
-250
-433
-481
-439
-357
-279
-251
-265
-259
-241
-295
-415
-482
-396
-264
-171
-172
-149
-48
77
159
37
-115
-178
21
313
430
312
37
-79
-64
42
102
181
326
413
371
131
-98
-181
-1
315
532
534
361
232
205
263
318
384
399
335
162
30
49
135
222
238
325
420
444
296
-20
-302
-467
-348
-91
238
412
363
149
-62
-122
-86
-74
-180
-386
-599
-718
-751
-698
-635
-627
-776
-992
-1029
-786
-389
-92
57
76
32
-25
-82
-104
-151
-206
-304
-364
-288
-35
287
457
418
270
240
435
687
779
605
319
83
-93
-131
-111
45
122
172
148
137
108
34
15
25
75
32
-94
-293
-456
-453
-284
-75
31
17
-22
-116
-181
-267
-263
-233
-128
42
109
44
-196
-318
-252
-108
-29
-195
-440
-705
-745
-558
-273
-67
-6
24
33
35
13
75
173
224
85
-102
-217
-83
139
352
377
214
50
51
307
599
708
648
438
306
217
228
272
322
451
465
337
101
23
302
612
859
708
495
254
136
16
-185
-228
-137
81
60
-201
-599
-880
-816
-494
-86
72
-60
-361
-592
-579
-371
-163
-187
-398
-644
-722
-678
-520
-315
-51
120
74
-156
-373
-388
-257
-71
29
89
188
414
711
768
604
314
282
417
486
367
120
198
495
863
827
456
79
-61
137
327
468
411
317
326
382
524
506
513
470
438
456
426
489
436
379
236
113
132
145
130
-43
-237
-403
-569
-643
-651
-509
-361
-377
-652
-1106
-1389
-1309
-907
-434
-216
-221
-369
-446
-437
-417
-401
-441
-428
-321
-212
-143
-244
-342
-425
-426
-439
-498
-543
-505
-386
-279
-257
-148
21
304
367
311
108
43
86
210
293
311
397
472
538
435
387
466
765
1079
1153
931
530
346
443
727
963
1069
1072
950
756
547
358
217
111
78
61
18
-53
-165
-228
-293
-263
-310
-321
-445
-525
-720
-924
-998
-899
-532
-296
-88
-215
-408
-660
-742
-623
-503
-373
-435
-525
-669
-751
-751
-648
-343
-57
89
-59
-237
-326
-314
-297
-317
-294
-118
162
442
516
461
381
354
304
176
50
-31
14
103
202
208
182
193
301
390
395
362
384
485
523
549
524
510
369
183
-43
-230
-285
-162
80
216
214
198
227
270
213
58
-139
-236
-180
-39
-76
-281
-549
-582
-452
-275
-213
-155
25
270
455
367
207
16
-19
-82
-122
-93
94
367
504
421
162
-64
-93
79
244
257
181
105
118
78
104
153
230
237
162
122
129
261
443
597
646
620
536
361
155
144
380
640
681
445
142
-136
-252
-233
-144
-90
-125
-193
-294
-417
-639
-846
-914
-673
-326
-118
-184
-342
-452
-505
-573
-564
-412
-157
-29
-193
-572
-887
-863
-567
-305
-338
-523
-600
-431
-225
-104
-98
-43
25
18
-106
-309
-413
-418
-287
-126
-25
5
-80
-207
-359
-393
-224
91
457
741
854
752
529
447
532
755
843
719
322
-149
-328
-139
364
717
783
419
-143
-596
-744
-623
-546
-547
-591
-524
-418
-290
-174
39
330
625
738
622
412
274
284
331
279
132
-55
-198
-345
-496
-535
-441
-243
-187
-278
-369
-245
90
295
196
-181
-415
-254
200
535
343
-231
-775
-825
-431
102
471
598
605
650
864
1236
1599
1813
1755
1554
1366
1375
1566
1673
1494
939
290
-231
-488
-585
-671
-757
-812
-779
-750
-744
-731
-619
-390
-112
152
381
649
1007
1376
1590
1572
1380
1076
638
156
-258
-518
-789
-1180
-1653
-2035
-2168
-2105
-1919
-1831
-1860
-1987
-2072
-2097
-2063
-1932
-1739
-1572
-1505
-1417
-1216
-964
-800
-696
-526
-230
20
85
6
-8
199
547
905
1129
1203
1154
1078
1074
1141
1237
1382
1653
2031
2323
2391
2289
2158
2132
2217
2384
2501
2490
2381
2247
2167
2098
2008
1734
1091
72
-1066
-1837
-2048
-1822
-1589
-1658
-2096
-2712
-3223
-3433
-3270
-2859
-2428
-2217
-2266
-2414
-2382
-2012
-1353
-555
236
946
1451
1661
1552
1241
918
782
849
897
601
-141
-1100
-2020
-2750
-3321
-3628
-3599
-3233
-2763
-2409
-2222
-2017
-1534
-709
287
1203
1918
2489
3049
3688
4420
5186
5878
6315
6397
6222
6008
5884
5790
5515
4707
3155
1070
-847
-1998
-2318
-2341
-2685
-3619
-4910
-6068
-6743
-6788
-6293
-5458
-4630
-4068
-3824
-3678
-3222
-2147
-453
1405
2944
3899
4367
4499
4450
4324
4199
4017
3653
2994
1974
641
-855
-2252
-3342
-4051
-4497
-4870
-5306
-5754
-6051
-5983
-5400
-4281
-2813
-1339
-153
745
1573
2584
3771
4988
6032
6810
7286
7502
7547
7509
7430
7288
7021
6567
5915
4972
3502
1364
-1111
-3213
-4374
-4673
-4687
-5072
-6072
-7402
-8529
-8999
-8604
-7376
-5687
-4145
-3185
-2706
-2194
-1109
676
2861
4897
6355
7055
7026
6431
5513
4572
3812
3230
2537
1364
-424
-2548
-4519
-6002
-6908
-7326
-7425
-7440
-7588
-7787
-7650
-6652
-4657
-2124
162
1674
2549
3283
4317
5659
7109
8394
9355
9807
9653
8933
7945
7069
6532
6224
5806
4943
3372
959
-2130
-5199
-7338
-8041
-7655
-7084
-7127
-7895
-8826
-9220
-8692
-7253
-5123
-2724
-656
571
970
1161
1921
3538
5650
7507
8480
8318
7184
5489
3701
2229
1182
349
-761
-2468
-4665
-6841
-8420
-9116
-8987
-8298
-7357
-6460
-5835
-5443
-4870
-3510
-1053
2048
4828
6424
6785
6606
6728
7508
8605
9480
9747
9326
8262
6685
4931
3443
2602
2423
2512
2189
794
-1826
-5019
-7536
-8347
-7406
-5742
-4744
-5111
-6331
-7202
-6901
-5414
-3207
-753
1420
2744
2899
2371
2228
3308
5405
7456
8466
8128
6778
4899
2915
1208
65
-572
-1230
-2513
-4565
-6908
-8772
-9671
-9595
-8887
-7861
-6717
-5573
-4560
-3692
-2749
-1336
761
3235
5365
6556
6765
6526
6499
6950
7611
7998
7889
7321
6381
5054
3445
1967
1118
1022
1205
838
-741
-3504
-6507
-8440
-8555
-7239
-5694
-5033
-5495
-6410
-6882
-6457
-5109
-3021
-530
1669
2898
2983
2571
2653
3799
5723
7572
8603
8490
7298
5268
2874
740
-672
-1491
-2350
-3812
-5829
-7823
-9157
-9589
-9221
-8276
-6926
-5415
-4020
-2852
-1777
-518
1036
2805
4547
6037
7097
7602
7553
7190
6939
7074
7434
7594
7231
6329
5037
3529
2061
1019
741
1124
1440
632
-1769
-5007
-7463
-7958
-6703
-5014
-4163
-4476
-5368
-6082
-6186
-5476
-3829
-1436
876
2097
1930
1233
1297
2724
5035
7236
8539
8636
7533
5509
3125
1177
150
-258
-971
-2652
-5054
-7284
-8568
-8787
-8279
-7458
-6498
-5461
-4436
-3451
-2338
-760
1280
3347
4806
5505
5802
6143
6573
6860
6905
6872
6873
6715
6134
5159
4095
3114
2186
1361
978
1313
1962
1813
-57
-3239
-6072
-7014
-6012
-4406
-3671
-4267
-5601
-6834
-7500
-7368
-6197
-3970
-1417
318
665
240
301
1597
3846
6130
7704
8256
7694
6032
3689
1566
446
188
-229
-1749
-4309
-6925
-8595
-9009
-8521
-7599
-6520
-5424
-4486
-3772
-3005
-1693
322
2539
4121
4672
4606
4691
5270
5988
6325
6181
5842
5541
5256
4882
4382
3734
2877
1846
965
805
1585
2576
2362
218
-2977
-5407
-5984
-5156
-4294
-4388
-5380
-6526
-7262
-7462
-6994
-5571
-3252
-830
707
1136
1267
2115
3955
6197
8046
9020
8936
7751
5697
3431
1762
975
500
-608
-2756
-5413
-7593
-8635
-8544
-7756
-6774
-5890
-5139
-4372
-3378
-1978
-165
1793
3410
4297
4458
4368
4567
5188
5877
6179
5990
5528
5095
4799
4634
4522
4355
3939
3257
2691
2786
3566
4095
3142
407
-2940
-5232
-5752
-5213
-4901
-5492
-6679
-7752
-8345
-8386
-7716
-6032
-3516
-969
728
1448
1901
2911
4694
6774
8529
9496
9429
8266
6275
4066
2258
1027
-56
-1570
-3665
-5925
-7773
-8894
-9301
-9114
-8451
-7458
-6328
-5162
-3922
-2483
-778
1075
2756
3914
4502
4829
5253
5795
6109
5907
5307
4754
4522
4475
4323
3994
3616
3277
2978
2832
3088
3686
3919
2753
-94
-3657
-6332
-7212
-6737
-6189
-6542
-7721
-8920
-9461
-9151
-7973
-5918
-3260
-741
915
1623
2072
3061
4878
7091
8989
9937
9671
8263
6080
3701
1684
260
-888
-2297
-4226
-6371
-8199
-9364
-9858
-9770
-9100
-7846
-6157
-4349
-2655
-1024
782
2783
4581
5688
6050
6172
6523
7015
7108
6524
5593
4889
4639
4595
4417
4076
3837
3841
3896
3783
3688
4010
4594
4389
2320
-1416
-5198
-7367
-7603
-6998
-6838
-7502
-8351
-8690
-8384
-7574
-6090
-3697
-813
1585
2792
3142
3624
4924
6791
8458
9343
9358
8606
7147
5025
2535
177
-1701
-3186
-4616
-6171
-7759
-9140
-10079
-10375
-9897
-8658
-6879
-4937
-3089
-1337
464
2312
4001
5302
6121
6488
6459
6106
5549
5009
4612
4259
3698
2917
2273
2157
2585
3183
3549
3554
3370
3270
3446
3671
3222
1312
-1965
-5427
-7668
-8223
-7729
-7247
-7412
-8067
-8534
-8214
-6935
-4864
-2369
69
2028
3374
4291
5082
5989
7060
8165
8967
9072
8226
6503
4207
1633
-1004
-3516
-5644
-7231
-8335
-9190
-9851
-10119
-9741
-8705
-7152
-5225
-2994
-602
1627
3355
4523
5414
6233
6842
6932
6473
5745
5018
4313
3495
2595
1909
1735
2006
2343
2541
2731
3085
3472
3666
3723
3962
4411
4371
2810
-562
-4665
-7751
-8820
-8300
-7477
-7306
-7737
-8057
-7784
-6976
-5760
-3910
-1272
1668
3965
5084
5373
5650
6418
7511
8427
8743
8293
6974
4687
1529
-1954
-4952
-6948
-8083
-8839
-9476
-9873
-9892
-9595
-8979
-7730
-5499
-2430
766
3300
4874
5774
6486
7195
7786
8020
7674
6547
4687
2640
1245
1032
1698
2371
2357
1748
1146
1060
1570
2536
3744
4858
5457
5329
4763
4198
3559
2034
-931
-4662
-7559
-8581
-8192
-7715
-7965
-8557
-8612
-7842
-6671
-5380
-3583
-926
2073
4264
5098
5254
5831
7090
8243
8488
7825
6729
5201
2683
-987
-4841
-7473
-8432
-8559
-8897
-9584
-9963
-9564
-8564
-7333
-5749
-3403
-351
2624
4725
5940
6886
7976
8856
8865
7805
6159
4556
3273
2319
1663
1248
808
49
-1014
-1872
-1925
-989
521
1991
3053
3684
4041
4299
4726
5418
5914
5121
2286
-1965
-5851
-7879
-8022
-7432
-7258
-7661
-7982
-7689
-6897
-5858
-4363
-2072
733
3176
4599
5164
5552
6168
6805
7022
6728
6080
5041
3250
495
-2862
-5994
-8176
-9249
-9535
-9412
-9045
-8498
-7852
-7106
-6025
-4206
-1430
2009
5352
7848
9175
9493
9138
8461
7714
6981
6088
4771
2989
1034
-745
-2238
-3476
-4365
-4638
-4208
-3301
-2196
-879
821
2809
4622
5867
6609
7253
8061
8701
8282
5960
1868
-2734
-6308
-8085
-8369
-8036
-7874
-8121
-8545
-8788
-8550
-7476
-5337
-2416
453
2447
3392
3799
4382
5438
6764
7887
8367
7851
6075
3065
-645
-4087
-6441
-7594
-8084
-8471
-8891
-9077
-8679
-7515
-5596
-3025
8
3115
5794
7756
9027
9753
9990
9706
8887
7563
5732
3335
462
-2430
-4691
-5980
-6479
-6580
-6442
-5933
-4931
-3554
-1998
-239
1944
4518
6970
8679
9493
9791
10016
10178
9723
7924
4525
125
-4182
-7509
-9538
-10397
-10504
-10396
-10468
-10743
-10916
-10506
-9088
-6561
-3301
55
2979
5251
6896
8063
8927
9618
10084
10028
9019
6835
3648
-9
-3471
-6163
-7798
-8405
-8230
-7633
-6950
-6297
-5481
-4210
-2333
86
2816
5479
7635
8922
9184
8471
6993
5035
2869
692
-1362
-3179
-4633
-5658
-6307
-6651
-6639
-6088
-4905
-3172
-1141
919
2854
4686
6497
8278
9894
11154
11865
11882
11163
9736
7546
4375
245
-4178
-7842
-10157
-11350
-12050
-12605
-12897
-12614
-11695
-10375
-8786
-6694
-3851
-500
2727
5362
7376
8952
10098
10675
10625
10097
9205
7815
5706
2927
-69
-2765
-4972
-6800
-8273
-9195
-9402
-9055
-8467
-7735
-6628
-4868
-2471
174
2530
4197
5076
5258
4909
4246
3516
2816
1950
641
-1095
-2768
-3800
-3969
-3548
-2979
-2522
-2122
-1479
-269
1618
3966
6366
8397
9704
10141
9849
9264
8804
8612
8448
7837
6286
3458
-564
-5071
-8961
-11391
-12320
-12388
-12328
-12397
-12279
-11546
-10085
-7979
-5142
-1496
2492
5905
8102
9264
10027
10795
11461
11771
11672
11174
9977
7594
3956
-261
-4002
-6671
-8376
-9568
-10415
-10788
-10661
-10295
-9921
-9302
-7905
-5449
-2310
731
3031
4417
5110
5411
5528
5556
5550
5417
4853
3599
1807
64
-1071
-1434
-1327
-1195
-1305
-1543
-1575
-1116
-42
1608
3633
5626
7123
7863
7980
7901
7983
8169
8040
7164
5305
2410
-1369
-5480
-9057
-11354
-12201
-12015
-11444
-10928
-10469
-9797
-8735
-7317
-5503
-3048
136
3609
6538
8356
9129
9388
9587
9820
9986
9959
9534
8217
5510
1481
-2992
-6787
-9295
-10635
-11267
-11569
-11714
-11743
-11641
-11230
-10144
-8042
-5022
-1640
1500
4133
6260
7853
8755
8824
8197
7311
6574
5980
5174
3917
2364
815
-586
-1873
-2982
-3673
-3666
-2935
-1813
-724
209
1244
2684
4522
6436
8030
9046
9400
9166
8524
7661
6645
5358
3535
919
-2463
-6123
-9274
-11247
-11914
-11723
-11326
-10999
-10540
-9697
-8456
-6848
-4683
-1805
1540
4746
7270
9002
10232
11262
12034
12200
11527
10096
8127
5693
2768
-547
-3923
-6975
-9487
-11343
-12399
-12541
-11921
-10927
-9861
-8697
-7190
-5230
-2942
-475
2192
5063
7789
9747
10496
10155
9235
8152
6918
5407
3723
2155
769
-690
-2439
-4310
-5812
-6501
-6266
-5270
-3674
-1608
654
2695
4219
5298
6240
7308
8462
9386
9663
9037
7519
5350
2823
112
-2757
-5672
-8317
-10304
-11468
-11910
-11887
-11561
-10907
-9817
-8325
-6553
-4472
-1899
1145
4264
6917
8831
10081
10913
11460
11650
11324
10410
8900
6766
4016
851
-2300
-5017
-7151
-8831
-10217
-11303
-11985
-12176
-11856
-11004
-9610
-7728
-5490
-3066
-568
1962
4398
6437
7715
8117
7893
7442
7001
6481
5705
4641
3416
2106
689
-786
-2095
-3010
-3481
-3618
-3483
-2997
-2075
-804
574
1867
3031
4089
4999
5718
6318
6939
7556
7898
7664
6846
5624
4023
1775
-1217
-4407
-6798
-7766
-7645
-7337
-7384
-7538
-7324
-6701
-6013
-5353
-4351
-2732
-813
717
1555
2087
2901
4153
5465
6464
7163
7743
8012
7364
5407
2498
-471
-2833
-4522
-5842
-7008
-8029
-8925
-9744
-10484
-10819
-10425
-9168
-7298
-5252
-3287
-1539
-2
1210
2047
2684
3389
4318
5241
5870
6086
5998
5739
5348
4938
4693
4783
5169
5597
5758
5428
4632
3545
2407
1371
506
-143
-561
-758
-749
-489
51
817
1667
2472
3206
3902
4505
4776
4453
3516
2234
870
-555
-2122
-3774
-5269
-6441
-7346
-8181
-9025
-9717
-9949
-9523
-8485
-7019
-5232
-3178
-1042
831
2259
3434
4695
6086
7239
7744
7518
6756
5609
4057
2118
9
-2009
-3845
-5622
-7423
-9077
-10189
-10448
-9919
-8979
-7979
-6988
-5874
-4535
-2933
-1021
1254
3762
6155
8063
9363
10215
10841
11270
11334
10887
9956
8654
7047
5200
3281
1557
209
-756
-1441
-1933
-2223
-2301
-2233
-2089
-1746
-917
524
2286
3825
4774
5148
5121
4705
3753
2217
341
-1539
-3236
-4805
-6371
-7954
-9363
-10296
-10554
-10166
-9375
-8423
-7414
-6273
-4900
-3329
-1713
-218
1105
2269
3267
4057
4579
4830
4815
4512
3882
2969
1971
1130
569
164
-346
-1087
-1939
-2703
-3314
-3802
-4132
-4220
-4049
-3745
-3464
-3201
-2791
-2096
-1188
-304
369
838
1269
1849
2682
3779
5086
6432
7476
7856
7544
6920
6478
6432
6645
6841
6766
6305
5493
4539
3674
3034
2577
2137
1519
595
-638
-2077
-3548
-4829
-5701
-6047
-5881
-5368
-4749
-4315
-4195
-4247
-4122
-3601
-2771
-1915
-1307
-1127
-1484
-2317
-3318
-4050
-4190
-3774
-3174
-2796
-2740
-2742
-2483
-1877
-981
209
1685
3218
4349
4784
4668
4444
4435
4611
4703
4474
3814
2690
1073
-915
-2934
-4578
-5682
-6386
-6928
-7415
-7754
-7742
-7202
-6117
-4605
-2810
-880
1000
2655
4030
5217
6307
7338
8290
9113
9690
9806
9295
8192
6791
5476
4514
3947
3633
3343
2875
2100
1019
-224
-1394
-2261
-2700
-2747
-2579
-2409
-2384
-2534
-2778
-2979
-3022
-2930
-2845
-2949
-3344
-4003
-4817
-5652
-6359
-6798
-6904
-6726
-6293
-5566
-4527
-3301
-2065
-853
457
1984
3624
5110
6172
6679
6636
6109
5217
4169
3206
2437
1686
695
-608
-1998
-3169
-3947
-4362
-4568
-4722
-4875
-4964
-4853
-4422
-3611
-2469
-1148
155
1227
1921
2219
2256
2242
2328
2537
2774
2952
3087
3256
3497
3720
3869
3985
4184
4510
4903
5272
5548
5760
5943
6056
5943
5459
4591
3429
2095
662
-843
-2344
-3735
-4930
-5989
-6970
-7797
-8250
-8171
-7631
-6847
-6063
-5405
-4838
-4194
-3235
-1853
-147
1593
3014
3852
4031
3742
3229
2621
1894
1033
127
-728
-1462
-2036
-2414
-2563
-2498
-2244
-1821
-1205
-374
578
1459
2089
2430
2566
2564
2419
2081
1585
1058
583
105
-512
-1239
-1915
-2427
-2841
-3243
-3538
-3534
-3181
-2664
-2182
-1696
-987
10
1067
1884
2493
3249
4396
5702
6644
6926
6674
6203
5677
5081
4402
3717
3065
2340
1391
280
-729
-1427
-1878
-2282
-2736
-3172
-3490
-3668
-3744
-3753
-3698
-3542
-3283
-2996
-2765
-2608
-2484
-2405
-2418
-2497
-2531
-2392
-2072
-1617
-1053
-361
415
1133
1640
1814
1663
1329
1019
881
909
1036
1155
1140
895
461
47
-94
132
605
1101
1460
1600
1478
1080
490
-112
-585
-906
-1169
-1483
-1931
-2525
-3183
-3786
-4197
-4308
-4021
-3368
-2561
-1843
-1273
-703
57
1075
2262
3447
4458
5231
5800
6206
6425
6397
6137
5702
5117
4348
3425
2470
1573
714
-192
-1153
-2062
-2763
-3165
-3336
-3427
-3527
-3612
-3620
-3534
-3343
-2972
-2297
-1285
-80
1035
1787
2003
1710
1129
600
362
432
680
903
889
501
-158
-786
-1084
-934
-422
258
836
1122
1064
778
458
282
361
628
856
810
400
-275
-1034
-1639
-1903
-1792
-1481
-1249
-1283
-1564
-1882
-2020
-1924
-1693
-1434
-1171
-912
-714
-632
-641
-662
-644
-588
-501
-358
-100
288
734
1093
1305
1447
1645
1923
2161
2233
2155
2045
1971
1900
1789
1673
1637
1711
1785
1678
1302
755
237
-120
-332
-512
-772
-1098
-1407
-1653
-1881
-2061
-2059
-1805
-1443
-1202
-1115
-1046
-855
-603
-422
-384
-372
-236
49
375
672
966
1273
1496
1516
1290
940
661
609
742
850
775
536
254
-36
-355
-682
-937
-1098
-1233
-1400
-1593
-1803
-2034
-2266
-2382
-2270
-1897
-1364
-837
-434
-156
73
268
342
205
-102
-443
-679
-773
-761
-703
-587
-403
-212
-83
40
333
895
1663
2466
3147
3627
3927
4119
4187
4057
3757
3417
3066
2495
1521
234
-1054
-2092
-2808
-3254
-3505
-3583
-3513
-3370
-3259
-3153
-2825
-2054
-856
485
1676
2604
3294
3719
3780
3498
3095
2801
2589
2228
1567
667
-286
-1160
-1928
-2595
-3118
-3419
-3463
-3317
-3028
-2564
-1825
-836
209
1087
1727
2208
2574
2787
2779
2613
2408
2216
1941
1436
628
-435
-1613
-2705
-3492
-3860
-3870
-3716
-3575
-3459
-3234
-2735
-1929
-966
-11
803
1410
1712
1674
1383
1011
737
647
710
785
712
410
-134
-825
-1437
-1633
-1225
-384
532
1253
1730
1979
2035
2002
2028
2171
2315
2272
1930
1303
479
-473
-1478
-2406
-3101
-3472
-3529
-3322
-2893
-2243
-1375
-340
720
1618
2289
2853
3476
4159
4749
5098
5158
4933
4376
3469
2321
1121
10
-1016
-2003
-2906
-3584
-4010
-4339
-4717
-5030
-4990
-4438
-3485
-2373
-1277
-302
482
1025
1370
1634
1916
2132
2044
1433
338
-954
-2128
-3039
-3719
-4216
-4529
-4626
-4528
-4269
-3823
-3132
-2184
-1068
76
1131
2054
2861
3564
4133
4524
4689
4594
4255
3762
3258
2802
2331
1732
946
57
-764
-1326
-1534
-1446
-1222
-1006
-814
-590
-269
200
893
1828
2865
3736
4240
4386
4337
4242
4119
3892
3507
3001
2404
1698
879
27
-679
-1131
-1366
-1548
-1807
-2068
-2141
-1955
-1695
-1615
-1760
-1938
-1965
-1852
-1708
-1556
-1323
-981
-655
-546
-767
-1218
-1685
-2043
-2315
-2538
-2687
-2737
-2761
-2870
-3079
-3266
-3243
-2903
-2315
-1684
-1196
-936
-918
-1111
-1401
-1573
-1410
-852
-85
595
1014
1214
1353
1514
1683
1828
1965
2108
2190
2112
1843
1473
1138
914
807
776
807
917
1108
1286
1345
1310
1337
1536
1870
2260
2672
3032
3181
3026
2675
2333
2078
1852
1556
1167
726
329
74
-24
-80
-255
-591
-997
-1359
-1598
-1659
-1544
-1366
-1277
-1297
-1320
-1224
-1011
-741
-484
-288
-197
-242
-393
-575
-722
-841
-972
-1113
-1248
-1382
-1562
-1795
-2031
-2230
-2393
-2570
-2770
-2922
-2900
-2656
-2268
-1863
-1505
-1190
-907
-641
-330
94
623
1170
1640
1963
2072
1950
1654
1283
916
606
401
271
122
-101
-293
-292
-47
343
780
1249
1756
2251
2661
2941
3051
2973
2753
2515
2364
2332
2361
2362
2238
1930
1462
949
541
296
146
12
-115
-213
-276
-312
-324
-314
-231
-8
330
652
859
1002
1101
1075
845
506
204
-9
-201
-458
-854
-1438
-2191
-2998
-3710
-4215
-4456
-4445
-4264
-4042
-3840
-3657
-3472
-3275
-2979
-2446
-1654
-755
21
534
753
739
616
511
469
446
387
267
83
-175
-466
-727
-898
-964
-920
-751
-471
-157
107
315
543
859
1273
1750
2221
2627
2934
3147
3253
3204
3009
2761
2580
2483
2405
2263
2021
1716
1412
1150
932
764
685
717
798
826
752
618
463
310
167
74
47
32
-60
-262
-477
-571
-518
-437
-459
-598
-775
-933
-1092
-1297
-1539
-1759
-1926
-2077
-2255
-2436
-2560
-2613
-2632
-2629
-2534
-2280
-1926
-1619
-1466
-1441
-1447
-1394
-1270
-1151
-1110
-1127
-1137
-1148
-1159
-1052
-656
17
721
1192
1363
1363
1341
1357
1417
1551
1753
1931
1918
1638
1190
837
824
1164
1633
1946
2004
1868
1651
1441
1331
1392
1615
1879
2024
1954
1669
1242
805
506
421
501
630
713
688
541
313
97
-57
-150
-197
-217
-247
-347
-537
-783
-1025
-1216
-1343
-1399
-1364
-1246
-1088
-935
-824
-800
-904
-1103
-1281
-1308
-1156
-925
-747
-670
-631
-568
-513
-548
-676
-814
-903
-944
-955
-934
-869
-794
-759
-784
-816
-791
-692
-523
-288
12
325
590
798
990
1205
1412
1554
1566
1439
1210
940
664
375
56
-283
-570
-730
-746
-674
-572
-451
-304
-120
106
398
758
1162
1524
1741
1744
1561
1298
1051
836
638
483
418
428
405
243
-54
-387
-677
-911
-1110
-1258
-1311
-1249
-1103
-881
-551
-63
542
1120
1510
1651
1635
1598
1585
1527
1364
1116
802
384
-156
-720
-1124
-1301
-1319
-1311
-1347
-1428
-1550
-1693
-1803
-1761
-1494
-1013
-458
-14
173
96
-95
-215
-184
-56
62
98
29
-131
-342
-544
-700
-784
-782
-709
-634
-616
-650
-666
-600
-422
-153
141
384
529
559
484
374
333
422
575
651
560
341
112
-53
-158
-239
-273
-219
-94
-18
-57
-126
-83
113
367
596
805
1049
1309
1531
1684
1803
1912
1977
1941
1796
1606
1468
1423
1415
1343
1187
1010
835
572
153
-325
-674
-814
-824
-802
-768
-691
-601
-576
-643
-717
-666
-476
-267
-161
-173
-246
-356
-535
-781
-1021
-1174
-1271
-1407
-1617
-1823
-1945
-1996
-2012
-1972
-1814
-1529
-1157
-758
-373
4
385
719
876
776
521
328
293
337
351
324
293
237
87
-162
-432
-620
-680
-615
-434
-143
210
542
797
975
1124
1264
1392
1491
1557
1581
1532
1390
1170
904
612
317
85
-29
-12
99
262
451
655
850
985
1024
1007
994
1002
999
986
990
993
899
637
250
-156
-524
-861
-1181
-1464
-1710
-1935
-2130
-2246
-2248
-2160
-2017
-1840
-1616
-1318
-934
-508
-129
128
252
280
256
180
4
-282
-648
-1034
-1391
-1680
-1881
-1989
-1999
-1894
-1684
-1404
-1104
-802
-482
-138
192
437
584
698
863
1082
1254
1302
1217
1062
887
721
574
449
358
309
278
217
141
163
364
677
977
1237
1489
1700
1761
1643
1487
1494
1726
2041
2243
2222
2025
1758
1493
1240
1004
818
702
619
496
303
79
-124
-279
-380
-415
-362
-225
-63
46
52
-19
-103
-152
-182
-269
-463
-732
-973
-1119
-1210
-1339
-1566
-1850
-2071
-2122
-1965
-1661
-1318
-1025
-822
-724
-718
-745
-725
-630
-526
-502
-571
-669
-730
-739
-711
-646
-515
-311
-59
157
267
264
213
181
184
221
301
413
493
469
356
251
209
179
89
-67
-216
-312
-355
-360
-322
-227
-75
131
380
667
950
1188
1361
1496
1638
1831
2037
2110
1945
1600
1270
1035
819
528
217
-11
-142
-270
-454
-671
-866
-999
-1063
-1046
-941
-770
-598
-490
-455
-449
-439
-425
-416
-408
-400
-405
-396
-331
-229
-195
-315
-544
-731
-793
-762
-728
-732
-770
-833
-903
-956
-950
-864
-693
-467
-227
-2
171
259
254
193
130
91
82
103
123
83
-45
-200
-248
-121
115
312
381
349
297
294
376
535
714
836
849
751
608
508
524
661
867
1065
1188
1201
1111
963
849
858
983
1127
1184
1126
946
657
299
-14
-165
-139
-36
3
-83
-234
-340
-342
-276
-210
-119
68
358
634
778
763
626
423
197
4
-146
-263
-388
-551
-741
-905
-989
-1013
-1034
-1090
-1172
-1232
-1207
-1062
-852
-682
-607
-578
-526
-429
-303
-193
-132
-130
-167
-229
-310
-419
-546
-660
-707
-660
-572
-526
-553
-596
-614
-621
-628
-556
-318
67
484
818
1030
1126
1142
1136
1153
1208
1274
1291
1198
972
659
344
79
-100
-170
-121
-11
87
151
237
391
585
759
869
915
882
763
593
452
394
376
319
159
-108
-412
-645
-760
-834
-965
-1135
-1283
-1432
-1649
-1911
-2098
-2117
-1979
-1740
-1446
-1138
-846
-626
-512
-465
-349
-66
313
608
723
698
602
431
163
-133
-356
-464
-524
-605
-712
-784
-755
-616
-436
-286
-141
80
392
724
999
1192
1327
1428
1541
1712
1930
2108
2166
2110
2002
1877
1734
1566
1395
1239
1063
797
411
5
-253
-303
-251
-214
-179
-67
158
454
745
917
905
759
609
510
411
278
130
-25
-231
-528
-885
-1210
-1421
-1486
-1461
-1426
-1414
-1379
-1282
-1131
-967
-815
-677
-556
-469
-423
-399
-361
-283
-191
-137
-152
-205
-266
-353
-495
-661
-768
-766
-693
-637
-660
-727
-742
-645
-453
-224
31
337
696
1037
1281
1402
1436
1438
1417
1360
1261
1129
956
727
457
166
-117
-365
-536
-604
-597
-570
-568
-595
-615
-586
-492
-377
-297
-267
-224
-108
70
220
272
236
179
132
60
-84
-288
-478
-573
-556
-483
-451
-535
-711
-887
-983
-1013
-1015
-956
-772
-501
-287
-200
-168
-109
-41
0
28
65
110
186
299
396
399
340
328
431
593
718
780
805
807
776
726
732
838
999
1108
1086
966
859
859
924
950
916
895
915
891
761
584
471
426
358
200
31
-9
114
265
258
38
-271
-501
-584
-586
-590
-598
-560
-479
-429
-458
-537
-637
-783
-989
-1187
-1270
-1215
-1113
-1065
-1074
-1066
-995
-908
-883
-926
-937
-827
-609
-368
-163
6
132
199
203
180
193
267
396
540
681
811
915
939
859
727
648
671
747
777
730
652
613
611
581
490
390
348
340
283
163
83
114
221
316
363
374
381
418
504
618
718
777
793
762
677
555
393
175
-94
-327
-438
-449
-483
-617
-810
-998
-1183
-1385
-1573
-1689
-1706
-1652
-1600
-1632
-1754
-1852
-1798
-1569
-1261
-976
-762
-616
-520
-442
-344
-215
-99
-54
-47
17
173
320
351
280
214
222
296
387
466
580
781
1070
1351
1532
1579
1521
1423
1318
1202
1055
868
653
433
265
203
231
276
260
161
22
-63
-37
80
195
285
405
611
859
1050
1135
1121
1021
834
616
432
298
184
79
-15
-133
-339
-636
-924
-1101
-1155
-1180
-1234
-1295
-1318
-1307
-1289
-1275
-1231
-1120
-911
-621
-332
-136
-77
-118
-203
-297
-406
-542
-681
-784
-844
-916
-1038
-1156
-1185
-1110
-978
-797
-524
-165
202
493
675
757
795
889
1065
1243
1318
1310
1303
1323
1322
1261
1148
1000
824
635
480
388
384
451
542
585
552
495
470
475
481
502
570
660
700
667
591
501
404
311
246
201
156
119
117
121
47
-95
-192
-156
-26
106
185
219
219
199
176
149
117
73
5
-109
-280
-513
-809
-1126
-1380
-1526
-1632
-1773
-1943
-2087
-2196
-2270
-2269
-2149
-1926
-1651
-1346
-1041
-783
-613
-495
-364
-197
-24
149
366
638
890
1008
950
780
615
525
497
455
365
263
197
156
109
54
19
29
89
177
258
307
336
382
440
457
407
342
329
381
492
677
913
1122
1231
1246
1225
1218
1248
1296
1308
1238
1109
983
898
812
677
498
330
206
94
-26
-138
-201
-231
-293
-437
-651
-869
-1034
-1152
-1250
-1312
-1301
-1231
-1184
-1216
-1289
-1309
-1216
-1043
-856
-698
-585
-510
-466
-436
-416
-386
-311
-163
18
162
240
274
290
285
254
195
132
93
95
124
147
139
102
56
15
-15
-12
62
219
408
564
683
839
1062
1271
1332
1230
1096
1057
1100
1134
1128
1115
1097
1008
828
609
446
379
361
290
90
-184
-393
-456
-451
-488
-543
-491
-266
36
256
314
246
135
25
-96
-242
-394
-509
-588
-682
-857
-1120
-1419
-1671
-1815
-1831
-1759
-1653
-1534
-1401
-1288
-1271
-1358
-1446
-1398
-1188
-907
-651
-440
-266
-150
-129
-195
-265
-254
-156
-24
125
317
544
719
765
707
645
659
755
879
960
979
990
1041
1106
1109
1022
890
778
707
673
681
724
751
671
480
269
145
136
222
362
522
663
778
874
947
983
977
944
889
803
699
611
538
421
209
-35
-169
-157
-124
-211
-410
-600
-712
-763
-824
-931
-1060
-1149
-1148
-1056
-894
-688
-485
-353
-325
-358
-378
-360
-353
-411
-525
-652
-781
-924
-1056
-1119
-1083
-968
-806
-616
-419
-215
-6
187
324
409
486
554
552
452
322
274
299
298
231
178
200
232
210
187
241
338
391
376
327
295
342
497
684
761
696
591
525
464
330
130
-54
-152
-186
-248
-377
-523
-598
-588
-549
-500
-413
-268
-118
-26
11
34
56
66
75
113
201
319
414
427
334
190
83
48
61
68
55
22
-34
-127
-247
-360
-414
-372
-240
-74
32
28
-52
-120
-122
-68
9
82
125
113
46
-25
-42
25
167
337
497
613
677
678
608
458
269
121
90
156
213
184
126
133
203
258
254
213
161
109
63
33
24
12
-16
-69
-124
-174
-213
-251
-316
-433
-606
-779
-887
-922
-902
-825
-691
-525
-396
-341
-335
-326
-305
-286
-260
-202
-122
-73
-63
-50
-7
39
48
23
-20
-85
-181
-286
-344
-315
-224
-150
-151
-204
-241
-203
-82
83
221
297
334
386
458
496
461
365
248
136
17
-138
-319
-467
-543
-585
-639
-677
-618
-455
-267
-102
82
345
660
962
1190
1328
1397
1434
1445
1376
1197
958
740
558
370
169
-2
-126
-222
-305
-365
-412
-434
-389
-257
-98
3
39
55
50
2
-35
35
193
290
224
52
-94
-164
-193
-252
-382
-550
-669
-693
-663
-636
-605
-521
-371
-174
28
225
410
591
759
874
900
855
816
808
779
666
474
257
51
-141
-291
-351
-317
-288
-354
-493
-592
-573
-475
-370
-281
-156
48
290
477
531
456
341
272
268
276
257
210
127
-14
-207
-408
-566
-642
-608
-501
-399
-337
-285
-235
-252
-368
-531
-658
-697
-654
-570
-497
-472
-509
-626
-804
-953
-976
-869
-728
-665
-737
-886
-997
-987
-897
-804
-713
-565
-351
-134
18
102
177
297
471
654
795
880
923
935
937
963
1035
1126
1174
1119
991
859
759
681
617
589
591
589
562
522
490
476
494
560
676
810
891
852
708
546
432
361
284
168
2
-176
-290
-316
-287
-258
-241
-228
-235
-270
-317
-341
-328
-317
-359
-455
-539
-529
-414
-265
-185
-218
-324
-401
-380
-299
-249
-275
-334
-361
-374
-444
-596
-771
-896
-945
-903
-778
-604
-444
-316
-211
-137
-108
-95
-58
13
118
263
427
541
563
511
419
317
232
230
353
548
699
728
671
617
608
613
597
575
584
629
660
628
533
434
388
397
420
407
355
308
284
239
131
-11
-137
-265
-437
-611
-673
-573
-391
-251
-202
-220
-250
-243
-169
-41
72
130
160
184
174
88
-50
-217
-424
-663
-847
-916
-903
-892
-930
-1004
-1077
-1121
-1145
-1159
-1167
-1133
-1023
-824
-594
-422
-335
-291
-236
-188
-161
-132
-68
35
135
189
188
178
218
302
348
317
265
290
405
544
645
720
795
861
906
931
958
993
1030
1045
1018
959
930
948
941
826
615
410
276
200
122
37
-1
45
134
159
103
41
42
76
80
33
-53
-151
-256
-387
-565
-752
-871
-885
-843
-812
-802
-754
-636
-515
-507
-617
-710
-678
-556
-441
-343
-221
-76
41
100
143
219
321
385
373
286
127
-104
-354
-521
-548
-486
-423
-413
-438
-441
-371
-244
-135
-84
-52
50
247
485
680
797
864
913
952
984
1021
1072
1123
1160
1196
1246
1296
1290
1186
1030
942
974
1022
949
739
491
297
189
137
89
5
-107
-227
-353
-485
-613
-710
-791
-885
-1016
-1140
-1190
-1175
-1164
-1200
-1225
-1160
-1019
-901
-882
-931
-946
-859
-725
-663
-694
-720
-650
-522
-436
-436
-473
-472
-405
-308
-235
-202
-162
-68
65
190
285
371
423
373
240
147
179
262
279
221
180
224
323
401
400
335
285
318
418
504
532
550
624
724
768
730
672
643
618
568
495
413
310
179
44
-56
-95
-83
-53
-43
-48
-25
43
110
89
-39
-203
-317
-351
-343
-324
-327
-376
-484
-636
-799
-925
-964
-910
-831
-830
-937
-1081
-1156
-1112
-965
-747
-508
-307
-191
-143
-94
-8
116
268
433
572
656
699
721
707
650
593
555
524
475
446
469
539
605
634
641
661
700
715
706
710
757
805
792
710
605
538
525
520
447
294
132
69
140
280
385
401
359
308
256
199
154
163
226
288
291
234
158
68
-76
-260
-380
-361
-255
-168
-163
-250
-413
-603
-754
-831
-843
-805
-716
-605
-507
-444
-378
-279
-183
-165
-226
-278
-261
-216
-228
-311
-395
-404
-342
-273
-242
-238
-218
-169
-115
-81
-56
-14
34
54
41
42
88
158
195
163
86
24
3
-34
-169
-401
-620
-725
-715
-669
-650
-658
-673
-670
-664
-671
-682
-642
-536
-434
-419
-482
-514
-439
-290
-166
-133
-172
-219
-245
-228
-131
62
272
356
290
199
230
385
545
623
632
647
714
812
879
871
782
659
539
432
341
307
371
478
505
400
268
236
298
336
298
258
308
418
495
477
396
331
330
376
405
377
319
283
273
258
252
284
323
281
146
16
-17
26
49
10
-59
-111
-134
-151
-183
-221
-229
-172
-77
-4
33
85
156
157
47
-80
-107
-47
7
14
12
35
73
103
116
111
86
34
-52
-156
-203
-121
80
276
366
364
359
376
346
225
53
-80
-125
-108
-120
-240
-445
-619
-685
-686
-681
-666
-606
-530
-467
-371
-189
25
131
70
-61
-133
-113
-87
-145
-276
-398
-447
-460
-518
-656
-803
-873
-860
-843
-863
-896
-876
-780
-656
-555
-482
-381
-222
-56
55
121
206
315
403
444
458
477
505
513
449
332
265
316
424
449
344
193
106
82
60
34
75
225
401
498
536
631
790
873
752
487
237
105
79
78
30
-62
-133
-153
-184
-288
-437
-544
-556
-516
-484
-460
-387
-270
-213
-299
-425
-418
-234
-22
49
-25
-123
-148
-136
-165
-235
-281
-267
-207
-164
-180
-217
-186
-70
32
56
54
108
205
292
351
393
439
494
545
551
533
575
727
906
998
990
966
966
955
907
844
782
700
583
453
354
288
237
167
70
-31
-72
-23
66
125
127
94
39
-36
-117
-171
-181
-181
-230
-358
-520
-640
-702
-753
-831
-892
-878
-821
-797
-803
-745
-588
-434
-388
-425
-435
-381
-325
-310
-308
-257
-149
-41
9
0
4
68
144
135
22
-94
-110
-44
2
-21
-37
39
186
308
360
402
497
617
672
639
594
608
643
632
592
597
648
655
534
311
117
62
119
174
164
135
133
145
131
98
75
76
75
37
-60
-216
-405
-602
-772
-890
-940
-952
-965
-998
-1036
-1061
-1087
-1119
-1156
-1175
-1165
-1118
-1028
-901
-762
-635
-552
-541
-606
-689
-702
-624
-499
-375
-264
-157
-50
71
205
335
446
551
644
706
721
705
677
658
669
699
731
776
846
907
905
862
843
873
908
923
955
1043
1138
1161
1108
1020
904
732
530
362
263
231
248
268
251
224
241
266
207
49
-114
-199
-212
-230
-310
-422
-494
-493
-472
-508
-602
-669
-615
-442
-255
-143
-118
-133
-149
-164
-201
-270
-336
-363
-368
-377
-378
-335
-261
-211
-202
-199
-150
-49
58
110
99
82
130
247
380
472
543
639
758
833
794
654
492
365
267
189
143
130
122
99
53
-12
-80
-130
-163
-209
-266
-287
-260
-241
-301
-431
-558
-625
-637
-598
-510
-383
-281
-253
-309
-449
-646
-842
-974
-1020
-985
-882
-755
-660
-614
-577
-529
-489
-472
-470
-447
-375
-252
-121
-23
37
83
144
201
222
192
146
118
82
-19
-201
-400
-501
-419
-182
64
192
209
187
164
125
72
30
40
143
347
575
726
771
760
730
688
643
620
636
696
802
904
917
801
626
499
467
506
575
644
684
676
622
532
405
254
117
32
-17
-76
-151
-187
-153
-118
-161
-272
-364
-391
-377
-350
-300
-223
-142
-113
-183
-354
-545
-638
-591
-459
-320
-186
-55
31
38
-4
-9
85
258
414
444
355
266
245
235
156
57
28
69
87
45
-14
-57
-126
-262
-414
-468
-360
-144
56
156
172
171
183
180
131
45
-38
-86
-120
-152
-159
-118
-76
-115
-255
-406
-478
-463
-442
-497
-606
-678
-652
-566
-481
-403
-297
-144
40
204
312
365
387
372
292
169
65
27
41
58
33
-42
-143
-232
-277
-253
-157
-15
141
298
430
505
501
439
354
280
267
335
434
470
412
322
260
223
169
106
78
85
96
112
160
217
207
100
-65
-206
-257
-189
-47
76
101
48
-38
-152
-322
-508
-612
-582
-471
-385
-371
-395
-395
-356
-306
-276
-267
-247
-198
-136
-97
-101
-145
-239
-376
-484
-463
-311
-113
38
135
215
286
314
275
201
139
100
69
30
-11
-31
-9
50
102
116
108
103
103
98
95
96
112
153
226
292
304
243
150
88
73
69
41
36
96
199
243
171
60
23
75
135
149
143
187
286
367
350
246
153
140
175
159
49
-106
-225
-285
-312
-302
-219
-77
42
69
16
-41
-31
25
46
14
13
101
228
326
382
411
419
403
338
188
8
-80
-52
-25
-93
-184
-186
-116
-97
-195
-326
-356
-245
-116
-105
-193
-243
-160
-24
23
-55
-156
-182
-146
-129
-157
-161
-93
-2
5
-96
-207
-229
-196
-215
-321
-431
-447
-357
-235
-162
-142
-126
-87
-50
-21
38
151
254
274
230
200
218
225
169
76
36
104
228
308
305
260
213
143
33
-84
-146
-123
-63
-22
-23
-51
-104
-162
-212
-235
-206
-107
19
90
99
142
246
313
267
148
48
5
-9
-34
-97
-185
-274
-356
-438
-494
-453
-287
-62
116
219
293
377
443
439
355
226
111
47
13
-35
-95
-128
-145
-204
-312
-395
-400
-372
-375
-401
-378
-281
-182
-165
-232
-276
-214
-74
51
109
125
143
161
128
24
-86
-116
-63
-4
17
47
156
313
408
359
225
148
226
408
565
616
604
617
666
688
630
525
433
377
344
309
250
164
76
8
-41
-63
-34
40
113
127
84
33
10
-4
-46
-107
-134
-108
-80
-96
-152
-190
-173
-116
-68
-67
-114
-192
-301
-425
-534
-608
-651
-660
-614
-534
-475
-454
-439
-431
-459
-494
-457
-329
-215
-213
-300
-365
-332
-218
-94
-24
-15
-3
93
274
460
575
606
609
634
678
687
619
520
470
487
499
446
352
296
313
376
450
524
554
478
298
128
78
142
217
230
179
90
-22
-147
-262
-339
-363
-349
-323
-308
-312
-323
-341
-376
-425
-433
-355
-248
-213
-259
-286
-217
-95
-23
-44
-120
-193
-227
-236
-256
-303
-365
-409
-438
-487
-535
-538
-472
-398
-361
-337
-273
-155
-46
10
9
11
