212
196
229
300
358
353
307
260
224
171
84
-36
-170
-285
-361
-397
-409
-428
-478
-550
-601
-598
-546
-486
-450
-445
-433
-385
-290
-187
-125
-138
-209
-282
-305
-267
-179
-62
53
126
150
149
123
48
-75
-177
-192
-116
-8
71
105
116
141
183
224
252
259
248
218
175
135
114
111
113
121
133
155
184
193
136
-1
-166
-276
-299
-278
-268
-278
-257
-159
-5
132
179
129
37
-31
-50
-74
-177
-345
-467
-457
-368
-315
-351
-435
-518
-602
-691
-756
-743
-661
-564
-496
-451
-414
-385
-368
-365
-368
-353
-304
-222
-138
-64
-4
33
37
40
85
171
245
266
248
207
147
74
29
43
102
189
306
457
608
711
742
718
682
676
720
795
863
895
889
862
831
793
726
613
479
357
259
163
55
-35
-60
-29
-3
-38
-127
-228
-315
-385
-422
-407
-359
-328
-331
-349
-357
-348
-332
-309
-308
-334
-362
-357
-325
-314
-338
-357
-292
-142
39
175
247
266
259
241
223
198
167
150
181
265
350
385
349
284
233
208
201
204
211
222
248
293
335
347
336
320
305
281
245
210
189
204
252
295
296
255
204
155
89
-5
-111
-213
-294
-344
-352
-314
-264
-225
-207
-207
-234
-302
-383
-448
-486
-510
-537
-586
-660
-726
-735
-666
-544
-413
-320
-293
-343
-451
-561
-602
-536
-402
-279
-214
-206
-217
-218
-186
-125
-52
14
41
25
-17
-37
-22
8
23
25
46
119
227
311
334
310
297
305
325
336
352
381
380
310
167
14
-95
-139
-139
-135
-159
-177
-132
-22
69
79
28
-26
-74
-132
-179
-170
-109
-52
-25
-8
34
103
159
166
128
72
25
-5
-8
40
148
290
416
466
427
347
309
332
374
378
335
260
178
116
84
90
118
149
166
173
178
192
209
215
193
146
101
97
133
182
198
160
66
-44
-112
-110
-66
-43
-49
-48
5
95
171
195
169
117
49
-25
-101
-176
-242
-290
-297
-279
-276
-318
-388
-440
-454
-428
-390
-354
-349
-364
-368
-321
-230
-138
-88
-83
-113
-161
-203
-198
-125
-5
112
186
221
243
256
244
189
117
62
31
20
54
152
288
403
468
511
538
533
485
425
380
359
324
260
199
208
278
326
278
157
61
48
107
183
233
241
219
175
108
11
-90
-145
-128
-81
-94
-233
-443
-598
-619
-556
-509
-535
-612
-688
-740
-770
-809
-876
-949
-973
-920
-810
-696
-600
-512
-419
-328
-237
-140
-57
1
53
127
182
165
96
44
30
24
32
88
194
298
364
395
408
414
414
417
422
434
465
528
596
624
621
628
645
624
542
425
285
133
-2
-73
-67
-28
-16
-53
-107
-130
-88
4
88
108
47
-45
-99
-80
-7
52
47
-21
-118
-219
-308
-356
-356
-335
-332
-364
-404
-438
-472
-504
-510
-450
-323
-178
-57
35
100
115
80
54
113
250
394
492
553
603
619
570
466
377
350
362
350
284
184
81
-12
-81
-87
-32
26
41
17
-3
10
53
124
201
256
261
227
183
179
219
273
274
197
77
-12
-31
-9
3
-51
-167
-310
-409
-437
-396
-314
-223
-170
-196
-281
-361
-361
-292
-225
-220
-248
-247
-215
-191
-178
-119
18
173
237
150
-43
-212
-241
-117
76
206
204
95
-26
-86
-73
-22
45
125
213
285
333
349
338
290
216
149
127
156
180
159
80
-12
-86
-141
-197
-232
-207
-145
-145
-249
-367
-389
-309
-222
-192
-215
-274
-364
-470
-570
-663
-746
-808
-836
-848
-835
-762
-612
-464
-422
-478
-519
-447
-299
-188
-179
-235
-286
-264
-147
43
234
364
430
474
535
602
640
615
545
487
503
592
687
727
715
698
698
689
648
598
589
645
730
774
758
746
828
982
1061
938
636
303
44
-156
-360
-594
-812
-958
-1015
-1033
-1056
-1064
-1026
-936
-822
-695
-562
-453
-371
-267
-110
25
43
-47
-120
-99
-27
9
-14
-49
-19
98
256
368
404
405
435
530
668
804
879
873
813
760
791
950
1222
1514
1712
1768
1749
1785
1925
2095
2130
1975
1715
1451
1060
141
-1591
-3732
-5163
-4961
-3400
-1814
-1374
-2129
-3072
-2969
-1310
1173
2975
3091
1844
436
-141
317
1320
2022
1757
559
-846
-1668
-1663
-1170
-773
-881
-1533
-2433
-3144
-3308
-2818
-1937
-1157
-839
-918
-1017
-784
-150
675
1327
1518
1276
928
780
843
880
683
223
-330
-699
-617
-65
667
1157
1174
884
718
1038
1793
2535
2787
2435
1721
978
410
88
-41
-148
-439
-976
-1565
-1884
-1714
-1138
-521
-206
-256
-431
-456
-218
215
678
959
906
535
111
-67
73
289
275
-53
-502
-790
-793
-585
-327
-154
-132
-206
-257
-197
-62
85
207
275
264
208
206
296
404
433
347
174
-41
-237
-337
-314
-302
-504
-845
-871
-230
748
1309
1076
436
128
597
1634
2476
2425
1510
475
50
315
807
1011
753
244
-161
-278
-234
-238
-355
-512
-667
-874
-1155
-1410
-1473
-1297
-1032
-918
-1115
-1601
-2138
-2346
-1998
-1344
-967
-1194
-1779
-2131
-1848
-1017
-177
86
-304
-836
-888
-350
420
972
1098
870
553
435
624
948
1107
939
554
210
90
187
393
632
901
1194
1460
1676
1912
2287
2797
3260
3459
3349
3096
2940
3036
3329
3542
3370
2730
1736
295
-1946
-4836
-7156
-7468
-5722
-3550
-2832
-4009
-5716
-5764
-2955
1573
4997
5283
3052
792
496
2198
4298
4952
3440
692
-1510
-2051
-1291
-562
-954
-2486
-4242
-5285
-5334
-4727
-3945
-3357
-3112
-3106
-3063
-2763
-2079
-898
742
2361
3197
2943
2130
1596
1690
2084
2157
1488
245
-792
-846
42
1075
1572
1549
1488
1850
2869
4359
5705
6304
6104
5545
5045
4726
4501
4219
3656
2665
1349
102
-716
-1307
-2506
-4843
-7482
-8657
-7523
-5216
-3780
-4221
-5659
-6057
-3929
187
3861
4906
3462
1688
1513
3073
5006
5754
4646
2364
404
-204
222
458
-430
-2352
-4405
-5687
-5988
-5791
-5644
-5597
-5314
-4587
-3544
-2448
-1456
-579
292
1269
2262
2947
3028
2536
1793
1109
551
22
-566
-1099
-1284
-878
7
912
1448
1746
2382
3719
5378
6505
6633
6139
5789
5882
6073
5874
5226
4348
3118
844
-2781
-6554
-8361
-7360
-5146
-4294
-5916
-8718
-10037
-7973
-3201
1190
2420
700
-1134
-524
2667
6434
8384
7547
5089
3265
3301
4356
4537
2753
-364
-3095
-4232
-4138
-4182
-5214
-6831
-7953
-7786
-6313
-4237
-2414
-1221
-395
486
1616
2926
4169
4939
4880
3929
2372
685
-620
-1252
-1364
-1409
-1650
-1913
-1897
-1458
-597
679
2235
3733
4790
5300
5516
5845
6474
7166
7424
6948
5947
4819
3484
1352
-1636
-4311
-5299
-4713
-4232
-5391
-8080
-10609
-10922
-8261
-4155
-1460
-1666
-3313
-3508
-819
3552
7031
7838
6350
4747
4939
6691
7888
6722
3377
-280
-2459
-2928
-2987
-4051
-6274
-8520
-9506
-8888
-7375
-5982
-5139
-4489
-3427
-1770
152
1914
3370
4548
5335
5435
4773
3798
3198
3209
3385
3031
1840
171
-1137
-1336
-341
1186
2366
2759
2636
2747
3693
5344
6847
7382
6918
6153
5645
5071
3484
564
-2571
-4240
-4016
-3301
-3921
-6366
-9319
-10617
-9038
-5615
-3062
-3197
-5003
-5643
-3364
903
4586
5762
4697
3526
4231
6683
8788
8628
6304
3621
2220
2036
1609
-285
-3344
-6135
-7533
-7626
-7344
-7482
-8026
-8283
-7597
-5987
-4046
-2294
-790
657
2096
3344
4180
4637
5054
5722
6435
6570
5736
4258
2989
2589
2967
3376
3127
2239
1398
1312
2107
3248
4004
4074
3784
3695
3923
3901
2870
798
-1288
-2180
-1835
-1548
-2718
-5402
-8150
-9106
-7658
-5233
-4235
-5650
-7869
-8196
-5594
-1626
1100
1344
286
371
2837
6361
8310
7457
5110
3617
3996
5098
4941
2771
-233
-2309
-2941
-3163
-4189
-6105
-7911
-8613
-8149
-7320
-6870
-6719
-6163
-4774
-2871
-1180
-110
581
1560
3232
5233
6650
6863
6147
5460
5617
6597
7550
7571
6479
4967
3988
4008
4626
4943
4405
3317
2440
2145
2007
1231
-465
-2320
-3106
-2482
-1616
-2101
-4248
-6683
-7586
-6353
-4206
-3235
-4441
-6545
-7062
-4872
-1447
678
508
-581
-356
2021
5164
6810
6077
4309
3597
4527
5651
5131
2776
226
-822
-410
-163
-1456
-4008
-6244
-6899
-6191
-5524
-5997
-7236
-7840
-6937
-5129
-3781
-3563
-3769
-3056
-854
1989
3979
4453
4162
4415
5769
7568
8712
8716
8047
7509
7433
7499
7165
6228
5004
4033
3521
3177
2536
1365
-242
-1898
-3010
-3209
-2856
-2903
-4028
-5913
-7423
-7550
-6342
-5025
-4935
-6118
-7117
-6465
-4284
-2142
-1349
-1604
-1413
290
2971
4950
5097
4033
3499
4444
5992
6405
4961
2708
1379
1652
2476
2150
55
-2741
-4593
-4894
-4470
-4574
-5651
-7092
-7934
-7735
-6882
-6178
-6018
-5964
-5214
-3518
-1530
-136
477
1000
2211
4141
6018
7057
7199
7096
7417
8165
8722
8465
7400
6078
5022
4270
3492
2369
866
-748
-2015
-2564
-2437
-2185
-2482
-3590
-5074
-6121
-6173
-5413
-4602
-4445
-4946
-5385
-4953
-3560
-1947
-969
-768
-721
-121
1075
2252
2818
2835
2897
3465
4365
4981
4880
4290
3850
3903
4098
3756
2575
928
-480
-1237
-1532
-1961
-2936
-4272
-5357
-5793
-5780
-5786
-5927
-5850
-5256
-4331
-3552
-3090
-2611
-1670
-215
1404
2825
3899
4668
5261
5835
6421
6848
6906
6555
5914
5176
4535
4083
3655
2959
1949
966
375
174
7
-455
-1162
-1705
-1747
-1424
-1238
-1505
-2028
-2330
-2112
-1491
-886
-713
-1069
-1649
-2006
-1948
-1704
-1669
-1999
-2458
-2641
-2288
-1444
-400
490
1032
1306
1534
1814
2015
1973
1702
1396
1183
970
489
-423
-1576
-2545
-3116
-3466
-3868
-4328
-4648
-4752
-4781
-4910
-5089
-5063
-4574
-3616
-2374
-1098
48
1005
1820
2559
3222
3742
3979
3785
3158
2389
1883
1761
1743
1497
1040
704
792
1218
1576
1521
1129
845
1015
1535
1975
2062
1919
1853
1960
2062
1923
1534
1082
764
591
425
133
-208
-441
-651
-1085
-1621
-1464
-135
1615
2284
1361
35
-72
1305
2728
2543
615
-1378
-1640
-207
1021
299
-1985
-3672
-3208
-1415
-612
-1958
-4227
-5345
-4706
-3536
-3214
-3799
-4214
-3573
-2088
-670
120
527
1099
1970
2770
3047
2702
2052
1535
1307
1104
633
-53
-604
-783
-655
-489
-468
-515
-368
83
608
854
805
864
1463
2518
3404
3529
3003
2505
2518
2815
2779
2116
1097
247
-163
-241
-225
-157
66
411
668
725
713
795
956
1054
978
684
219
-239
-501
-538
-550
-789
-1361
-2091
-2618
-2714
-2544
-2560
-3023
-3710
-4109
-3948
-3380
-2688
-1934
-1064
-169
523
960
1356
1902
2466
2694
2366
1656
1005
724
709
597
180
-424
-950
-1259
-1378
-1430
-1487
-1552
-1587
-1573
-1467
-1198
-765
-291
95
351
529
774
1236
1850
2251
2082
1412
710
416
542
675
404
-208
-631
-392
396
1180
1523
1485
1459
1697
2050
2136
1776
1179
687
427
260
-16
-499
-1099
-1597
-1871
-2061
-2445
-3085
-3699
-3906
-3658
-3295
-3142
-3110
-2828
-2118
-1194
-404
136
628
1331
2226
2966
3240
3078
2747
2396
2001
1535
1101
761
423
-40
-601
-1025
-1107
-869
-562
-395
-281
42
665
1358
1847
2098
2232
2308
2261
2076
1838
1597
1230
617
-139
-718
-908
-825
-750
-801
-804
-545
-51
398
589
602
699
969
1236
1325
1289
1280
1290
1128
699
173
-195
-363
-574
-1059
-1797
-2533
-2991
-3087
-2980
-2936
-3042
-3106
-2866
-2271
-1508
-800
-240
204
551
746
766
742
835
995
994
705
295
45
21
31
-139
-443
-633
-576
-465
-523
-631
-443
75
494
436
75
-39
391
1097
1577
1613
1393
1182
1025
830
549
235
-92
-435
-742
-858
-684
-282
68
46
-314
-575
-195
706
1432
1390
833
566
1065
1957
2387
1912
884
159
182
564
557
-108
-894
-1161
-906
-712
-1039
-1663
-1980
-1706
-1148
-792
-737
-718
-540
-331
-324
-518
-680
-596
-314
-85
-70
-190
-224
-85
126
288
374
402
310
58
-223
-269
2
338
408
230
171
472
955
1253
1269
1178
1128
1055
809
347
-220
-725
-1044
-1177
-1213
-1264
-1384
-1474
-1324
-826
-174
259
279
72
47
441
1067
1464
1373
1010
797
898
1063
958
552
159
94
302
450
293
-116
-555
-874
-1036
-1097
-1123
-1129
-1078
-987
-942
-973
-956
-741
-357
-29
41
-104
-243
-215
-66
75
173
298
436
460
289
63
55
375
801
920
588
127
-4
279
585
534
168
-124
-53
252
390
127
-370
-722
-751
-614
-597
-807
-1066
-1056
-636
1
474
582
479
508
883
1471
1902
1903
1562
1233
1151
1231
1215
1010
824
925
1262
1445
1181
604
91
-170
-259
-286
-258
-154
-58
-130
-423
-751
-841
-644
-397
-334
-422
-482
-494
-613
-887
-1093
-965
-553
-227
-296
-660
-960
-1006
-920
-934
-1121
-1368
-1458
-1240
-762
-276
-30
-85
-280
-382
-328
-269
-377
-611
-785
-802
-771
-847
-1041
-1180
-1043
-575
45
511
671
642
670
901
1217
1367
1194
799
446
329
406
477
392
218
137
232
383
440
423
430
449
365
157
-21
3
225
457
510
361
170
110
248
530
799
839
519
-22
-455
-551
-360
-141
-115
-291
-481
-487
-319
-85
102
183
110
-51
-98
80
364
493
382
174
71
98
118
-4
-271
-615
-973
-1245
-1343
-1269
-1104
-880
-541
-101
302
521
542
529
668
991
1276
1250
915
559
441
507
517
341
96
-22
9
-7
-236
-572
-766
-722
-576
-474
-395
-200
181
617
838
705
377
228
502
1075
1564
1666
1407
1071
882
846
819
696
459
167
-84
-178
-83
-20
-155
-485
-640
-404
100
473
458
182
-68
-44
173
342
158
-343
-864
-1184
-1343
-1549
-1831
-2040
-2059
-1894
-1684
-1490
-1230
-826
-347
-14
83
105
292
649
920
896
671
553
668
809
647
113
-533
-968
-1124
-1170
-1273
-1400
-1465
-1470
-1469
-1376
-1018
-381
276
633
615
448
425
657
980
1157
1060
788
541
481
636
850
872
542
-11
-462
-591
-490
-405
-502
-750
-983
-999
-709
-229
222
531
745
963
1197
1351
1289
945
416
-97
-443
-610
-699
-785
-889
-1001
-1093
-1123
-1037
-844
-582
-259
156
634
1042
1250
1290
1315
1435
1587
1630
1498
1256
1001
753
496
243
47
-93
-250
-508
-880
-1254
-1413
-1161
-560
39
306
269
312
742
1435
1957
2015
1735
1444
1309
1217
977
545
38
-370
-593
-678
-760
-937
-1185
-1365
-1355
-1139
-806
-465
-167
94
338
536
645
673
694
730
710
561
343
163
0
-290
-751
-1214
-1455
-1455
-1400
-1436
-1511
-1446
-1161
-728
-263
193
642
1026
1239
1252
1158
1096
1094
1058
903
639
375
186
53
-118
-400
-774
-1130
-1331
-1283
-1037
-773
-646
-617
-481
-83
469
918
1153
1251
1309
1253
1010
675
436
351
227
-133
-743
-1297
-1627
-1746
-1901
-2103
-2137
-1881
-1424
-1101
-1002
-1024
-834
-349
242
563
476
255
190
357
474
291
-162
-663
-960
-1060
-1108
-1177
-1199
-1043
-774
-573
-488
-369
15
629
1176
1356
1182
1002
1123
1519
1857
1839
1477
1051
825
787
714
436
25
-298
-410
-355
-249
-149
-47
83
260
489
793
1151
1490
1677
1629
1430
1263
1251
1299
1225
939
508
52
-371
-780
-1146
-1384
-1440
-1365
-1272
-1172
-1008
-754
-482
-258
-62
212
599
977
1158
1126
1071
1158
1324
1334
1053
541
-10
-448
-686
-739
-715
-770
-933
-1090
-1080
-857
-523
-249
-120
-13
238
631
948
1015
889
750
708
707
632
439
154
-146
-387
-507
-524
-545
-644
-795
-902
-901
-782
-552
-239
85
317
389
340
297
340
417
384
172
-163
-501
-801
-1098
-1420
-1723
-1944
-2100
-2248
-2393
-2432
-2281
-1995
-1709
-1511
-1316
-1001
-535
-37
388
731
1010
1189
1237
1210
1161
1085
935
757
620
536
417
199
-41
-122
67
418
706
781
692
606
694
995
1392
1654
1633
1400
1185
1140
1201
1166
939
615
370
281
280
268
201
130
110
161
225
267
297
334
317
198
34
-57
-37
11
6
-82
-212
-336
-452
-636
-951
-1341
-1660
-1826
-1898
-1975
-2074
-2130
-2077
-1922
-1691
-1413
-1101
-795
-519
-269
-11
274
547
730
744
626
486
393
323
209
50
-126
-249
-240
-14
362
664
681
462
296
451
929
1441
1674
1560
1341
1283
1423
1585
1578
1359
1016
704
533
509
542
532
432
296
232
292
411
482
460
385
307
227
159
148
223
307
259
14
-329
-601
-761
-915
-1134
-1354
-1452
-1408
-1308
-1257
-1299
-1397
-1450
-1336
-1023
-616
-310
-222
-277
-299
-209
-96
-67
-90
-61
39
131
149
110
51
-24
-126
-236
-290
-261
-185
-113
-43
71
237
410
528
575
595
659
776
876
869
733
533
350
245
234
307
421
493
449
275
75
-16
53
186
241
174
80
74
174
248
159
-81
-363
-616
-863
-1096
-1242
-1269
-1276
-1386
-1596
-1733
-1657
-1425
-1243
-1227
-1257
-1143
-853
-544
-349
-233
-69
186
444
615
706
782
866
934
980
1020
1052
1023
879
627
358
166
69
-5
-107
-191
-162
18
277
507
635
674
702
786
937
1086
1144
1088
997
987
1089
1224
1290
1237
1078
872
701
617
604
565
424
190
-33
-120
-64
0
-73
-263
-410
-422
-381
-446
-647
-899
-1091
-1196
-1248
-1276
-1313
-1389
-1530
-1678
-1713
-1569
-1303
-1051
-891
-800
-698
-518
-273
-47
76
99
138
259
401
413
267
83
30
119
220
240
235
297
388
383
259
163
222
385
462
375
252
308
583
905
1108
1171
1186
1203
1217
1225
1247
1265
1195
944
550
159
-58
-49
96
256
325
254
54
-185
-347
-390
-385
-415
-498
-587
-661
-789
-1029
-1370
-1631
-1653
-1354
-830
-250
148
165
-202
-708
-1011
-1019
-889
-927
-1203
-1600
-1812
-1656
-1069
-260
496
940
1015
850
605
322
-120
-779
-1528
-1983
-1840
-1056
3
901
1384
1581
1698
1773
1622
1156
511
-83
-540
-904
-1160
-1141
-624
402
1709
2844
3481
3517
3167
2611
1965
1225
450
-298
-920
-1265
-1194
-641
225
1191
1927
2247
2026
1443
721
38
-633
-1331
-1961
-2325
-2275
-1877
-1313
-818
-483
-318
-251
-303
-521
-980
-1633
-2282
-2657
-2553
-1964
-1043
-68
703
1138
1304
1320
1241
1031
711
373
116
-27
-60
20
211
445
567
422
-12
-564
-995
-1193
-1182
-1039
-785
-457
-123
147
342
509
693
915
1123
1242
1239
1149
1053
1022
1066
1123
1094
967
781
568
260
-201
-749
-1227
-1444
-1337
-958
-516
-231
-205
-300
-312
-155
4
-84
-530
-1185
-1691
-1800
-1546
-1221
-1036
-997
-911
-660
-313
-57
11
18
123
362
590
715
743
765
806
839
853
851
862
929
1103
1324
1386
1127
597
55
-325
-409
-242
94
441
744
1047
1327
1465
1286
817
286
7
138
536
908
996
846
683
730
936
991
678
0
-780
-1457
-1828
-1716
-1080
-203
393
397
-77
-674
-1132
-1395
-1424
-1292
-1030
-696
-282
119
242
-80
-776
-1489
-1825
-1636
-1093
-656
-529
-592
-439
-10
449
497
-63
-1055
-1977
-2227
-1628
-510
451
873
868
828
994
1154
973
336
-425
-893
-928
-697
-541
-534
-555
-246
455
1324
1842
1759
1144
416
-64
-5
570
1289
1615
1248
429
-418
-929
-939
-446
279
783
890
745
621
467
122
-454
-1148
-1633
-1686
-1124
-263
403
475
75
-309
-363
-98
93
-24
-530
-1193
-1584
-1381
-576
251
663
558
229
-102
-276
-70
506
1134
1322
912
220
-333
-408
-2
642
1154
1226
1010
683
644
784
1098
1318
1445
1354
941
367
-53
53
458
853
1044
1190
1343
1442
1414
1347
1296
1195
975
651
326
40
-268
-586
-822
-775
-369
196
479
166
-636
-1400
-1710
-1461
-891
-208
209
79
-717
-1749
-2318
-2050
-1120
-382
-359
-1055
-1573
-1411
-628
-145
-401
-1293
-1967
-1892
-1030
-70
346
-20
-631
-905
-557
-16
214
10
-287
-148
364
949
979
495
-225
-596
-581
-470
-584
-858
-936
-732
-426
-208
-147
-93
-133
-37
210
717
1138
1202
827
223
-179
-201
175
467
370
-46
-308
-52
379
557
215
-272
-544
-449
-174
90
192
38
-359
-800
-875
-422
410
1059
1166
767
273
19
-48
-103
-323
-565
-583
-248
173
210
-122
-435
-241
313
929
1307
1335
1033
535
292
445
900
1204
1163
924
804
992
1308
1431
1245
770
345
77
149
351
603
797
870
739
322
-103
-312
-110
291
751
941
730
63
-617
-946
-729
-253
249
479
350
-39
-368
-420
-353
-420
-768
-1201
-1378
-1037
-347
237
249
-289
-921
-1118
-746
-197
83
-115
-619
-1138
-1357
-1166
-855
-737
-904
-891
-511
105
430
175
-628
-1571
-2069
-1776
-795
347
1110
1282
1022
707
611
634
579
353
185
233
418
577
579
474
269
84
-100
-206
-233
-116
153
322
393
262
254
188
92
-173
-463
-698
-814
-625
-197
417
828
811
231
-621
-1218
-1249
-803
-322
-180
-490
-988
-1260
-1075
-624
-253
-69
-109
-238
-525
-638
-631
-397
-173
140
426
508
370
74
-107
-316
-494
-617
-450
-29
473
863
992
834
436
61
-14
301
856
1302
1499
1446
1353
1226
1087
936
837
764
729
774
836
791
601
494
558
775
898
842
557
173
-125
-263
-195
-25
250
502
746
835
711
299
-205
-542
-591
-392
-140
-41
-283
-721
-1028
-907
-535
-256
-385
-769
-1057
-920
-474
-50
-16
-356
-891
-1280
-1307
-949
-452
-274
-385
-487
-160
344
649
487
23
-424
-601
-382
-55
139
1
-194
-234
92
615
1125
1273
1075
615
205
-43
-107
-35
44
155
177
125
-70
-293
-441
-326
54
478
505
20
-625
-912
-677
-208
149
181
20
-121
-60
103
151
-2
-311
-505
-561
-418
-183
108
262
41
-421
-845
-937
-895
-773
-529
-77
339
431
247
-44
-253
-335
-214
-7
126
77
48
235
539
622
242
-337
-755
-720
-316
310
813
906
554
112
7
282
689
883
737
337
-25
-92
138
342
245
-101
-318
-131
389
808
796
261
-467
-1057
-1188
-874
-369
-47
-90
-326
-477
-371
-106
116
181
133
18
-139
-342
-457
-441
-373
-406
-553
-669
-551
-156
425
865
989
731
315
-26
-188
-236
-314
-391
-312
21
454
762
806
692
530
427
365
356
321
250
197
189
217
217
229
316
399
435
325
105
-148
-227
43
506
870
877
667
447
334
254
86
-174
-460
-589
-415
-70
158
38
-220
-327
-228
-52
-23
-82
-236
-334
-369
-280
-146
-104
-265
-521
-619
-392
44
417
494
223
-196
-515
-526
-327
-85
22
-9
-68
-80
-51
-55
-99
-85
29
261
464
565
457
214
-32
-136
-60
50
149
231
349
350
90
-349
-694
-689
-449
-219
-234
-362
-360
-110
222
309
63
-367
-606
-517
-177
134
273
207
-42
-365
-628
-673
-575
-388
-209
-71
20
-3
-79
-278
-420
-415
-181
95
266
223
34
-190
-240
-72
140
198
121
97
187
297
266
80
-234
-462
-489
-279
-64
32
-37
-98
-146
-123
-59
68
145
131
127
284
656
1058
1294
1145
708
232
5
69
207
236
43
-238
-464
-442
-156
254
560
605
428
203
135
335
654
818
699
423
281
270
294
103
-204
-543
-648
-616
-516
-519
-505
-375
-172
-37
-101
-281
-489
-593
-487
-147
324
709
839
697
369
93
15
135
237
236
193
189
226
260
267
204
82
79
183
366
343
175
-72
-199
-244
-301
-408
-465
-341
-139
-32
-110
-256
-324
-255
-123
-9
-25
-120
-251
-296
-258
-165
2
233
561
741
724
460
137
-244
-607
-850
-864
-703
-525
-338
-136
35
33
-167
-433
-673
-802
-806
-659
-430
-246
-153
-144
-112
-62
26
126
215
211
71
-153
-369
-527
-622
-607
-458
-251
-139
-122
-8
321
729
946
834
422
-38
-278
-119
254
527
543
397
329
415
590
625
394
4
-319
-379
-321
-283
-438
-615
-624
-360
68
331
341
93
-18
165
600
879
847
611
426
328
285
270
268
227
95
-8
-17
69
86
-34
-229
-360
-329
-263
-241
-373
-481
-472
-313
-116
-77
-112
-181
-89
23
46
-121
-375
-484
-352
1
319
448
336
178
147
303
488
499
287
20
-38
205
664
1036
1152
952
638
347
168
69
-47
-176
-266
-156
86
266
264
143
32
-31
-61
8
70
133
116
105
41
-48
-76
15
183
288
341
314
225
31
-232
-520
-769
-919
-961
-931
-914
-951
-1041
-1092
-1027
-799
-507
-297
-279
-385
-461
-429
-377
-381
-403
-316
-103
159
349
326
146
-59
6
229
376
230
0
-14
255
604
792
758
588
426
370
414
491
484
394
260
204
174
92
-74
-202
-153
-5
141
156
101
40
94
275
414
353
103
-123
-126
70
373
590
653
549
379
239
147
73
-75
-285
-507
-607
-611
-658
-816
-1022
-1065
-979
-886
-942
-1047
-1046
-887
-630
-418
-266
-276
-366
-463
-398
-195
34
213
346
431
450
366
315
345
486
604
621
532
386
270
231
326
486
574
509
364
326
452
623
690
559
349
167
158
234
352
382
398
412
530
736
959
1086
1003
779
493
268
93
-52
-149
-184
-164
-183
-292
-453
-572
-601
-663
-795
-926
-883
-662
-423
-300
-348
-468
-569
-552
-468
-410
-426
-418
-284
-79
16
-59
-246
-377
-426
-377
-241
-69
54
43
-81
-167
-108
154
454
657
617
386
121
0
114
266
313
177
16
-44
-12
107
190
288
324
392
423
428
390
315
244
141
71
-37
-140
-270
-330
-277
-125
49
93
35
-60
-56
13
60
50
-70
-194
-344
-424
-436
-377
-239
-87
101
170
129
-47
-136
-113
-8
-23
-189
-383
-409
-182
117
267
144
-13
31
299
504
412
89
-190
-256
-133
-57
-29
-88
-55
-36
14
41
86
123
122
69
-89
-332
-554
-594
-427
-127
189
441
485
285
-74
-365
-543
-636
-683
-582
-317
25
192
133
-95
-259
-250
-144
-86
-251
-514
-701
-605
-341
-112
-59
-110
-97
21
249
418
467
279
19
-214
-246
-116
76
168
85
-24
-23
157
383
494
433
229
41
50
291
745
1081
1185
929
623
437
520
758
945
920
628
262
-4
-72
18
148
259
297
282
215
129
86
124
213
301
321
274
189
130
108
82
62
26
-18
-143
-325
-534
-693
-728
-639
-522
-476
-498
-526
-562
-628
-672
-656
-667
-744
-750
-542
-207
7
26
-85
-204
-210
-98
106
159
75
-130
-244
-225
-73
91
144
147
149
276
455
661
797
780
608
368
239
326
570
794
752
457
106
-12
138
398
559
545
391
235
163
238
355
437
308
-13
-436
-720
-697
-410
-38
131
51
-177
-326
-354
-345
-431
-635
-891
-1139
-1252
-1195
-958
-728
-625
-696
-845
-923
-859
-691
-549
-513
-564
-601
-624
-599
-646
-665
-677
-531
-319
-113
-36
-110
-198
-257
-184
-36
148
247
233
120
62
88
249
441
634
723
672
582
564
709
783
790
677
600
548
559
644
690
675
619
656
767
846
798
657
512
449
502
657
787
813
685
453
221
98
264
493
637
435
148
-62
-77
-2
27
12
-78
-124
-141
-60
-17
-36
-146
-196
-71
194
486
563
416
75
-176
-197
8
167
58
-263
-507
-430
-163
13
-112
-343
-475
-363
-186
-97
-158
-284
-307
-274
-172
-149
-115
-148
-202
-275
-315
-308
-341
-372
-414
-418
-459
-495
-531
-536
-526
-477
-365
-218
-89
-58
-189
-417
-624
-690
-639
-541
-467
-449
-478
-492
-435
-322
-229
-199
-217
-201
-160
-118
-110
-117
-144
-198
-231
-165
66
349
534
483
287
94
49
182
381
526
445
190
-105
-158
76
451
672
587
315
106
168
399
583
550
383
246
286
482
674
699
518
292
186
227
332
361
342
259
220
99
-31
-207
-237
-199
-122
-77
-99
-175
-312
-304
-190
-29
-34
-117
-201
-230
-259
-316
-356
-400
-466
-523
-493
-345
-237
-313
-491
-605
-483
-302
-147
-140
-202
-280
-271
-64
255
527
563
435
271
217
231
220
81
-115
-203
-81
116
191
63
-76
-24
257
581
727
637
359
122
44
277
630
978
1078
960
739
572
582
628
630
420
165
-18
25
138
153
14
-105
-40
141
274
193
-22
-310
-450
-425
-194
38
175
72
-191
-492
-648
-610
-554
-537
-584
-550
-514
-568
-758
-905
-845
-528
-169
12
-63
-248
-338
-269
-147
-118
-199
-332
-443
-498
-439
-309
-244
-331
-497
-519
-319
32
362
506
461
258
146
238
582
966
1210
1196
934
537
218
193
402
655
759
700
508
261
130
150
253
261
185
42
-59
-54
66
168
87
-84
-161
-78
15
-57
-266
-475
-567
-537
-444
-352
-309
-353
-454
-576
-640
-634
-526
-395
-356
-452
-544
-445
-159
190
477
649
537
140
-376
-610
-519
-216
7
36
-148
-437
-601
-514
-148
250
450
308
-13
-222
-148
140
381
424
224
-54
-265
-283
-185
-66
37
118
177
147
86
0
-84
-214
-308
-261
-58
194
272
133
-169
-398
-437
-288
-39
168
296
261
105
-115
-273
-241
0
285
346
70
-307
-464
-240
152
445
472
289
59
-45
67
353
607
685
578
472
505
552
537
357
246
278
451
595
532
386
234
275
378
504
479
359
219
192
296
394
456
446
441
407
366
367
391
328
121
-97
-175
-69
83
175
114
-118
-424
-618
-571
-395
-264
-325
-506
-664
-629
-418
-195
-176
-369
-624
-798
-886
-934
-893
-721
-497
-347
-353
-408
-394
-285
-89
56
92
0
-73
67
330
549
474
227
-21
-33
164
374
416
201
-65
-269
-233
1
254
355
191
-52
-248
-246
-41
236
354
199
-56
-135
40
287
380
213
-76
-394
-558
-646
-552
-424
-316
-414
-669
-845
-840
-609
-470
-503
-819
-1102
-1118
-750
-331
-279
-612
-989
-910
-464
37
144
-133
-576
-865
-826
-593
-312
-197
-181
-225
-198
-48
220
501
696
788
861
887
899
825
784
775
870
981
1067
1121
1199
1328
1384
1306
1099
944
889
914
912
866
778
711
694
729
790
820
834
818
794
786
808
823
754
578
351
161
65
35
20
11
36
117
194
241
173
29
-174
-237
-242
-252
-458
-693
-852
-735
-410
-29
109
-150
-648
-1019
-971
-615
-256
-248
-500
-824
-921
-812
-649
-618
-791
-996
-1016
-784
-481
-376
-497
-692
-755
-648
-426
-181
-26
19
-79
-123
-63
112
253
261
208
87
32
-15
-56
-211
-385
-413
-226
74
221
212
14
-193
-353
-292
-42
175
115
-140
-310
-165
147
402
408
179
-183
-394
-351
-23
178
101
-278
-623
-720
-693
-605
-584
-432
-314
-287
-451
-637
-717
-573
-252
65
69
-159
-405
-327
-80
228
360
255
-73
-455
-529
-344
103
397
449
169
-130
-106
309
902
1241
1173
708
264
150
551
1153
1486
1200
471
-179
-259
163
695
914
695
227
-144
17
624
1196
1226
794
346
173
227
344
320
169
-96
-186
-122
104
292
460
586
684
768
845
842
626
266
-99
-232
-197
-9
121
210
117
-25
-225
-262
-136
47
102
-70
-280
-423
-328
-86
187
260
197
156
211
224
116
-103
-343
-560
-555
-339
-64
-5
-179
-432
-647
-726
-708
-629
-591
-571
-542
-549
-637
-721
-654
-451
-275
-197
-198
-271
-446
-687
-835
-872
-768
-601
-360
-203
-218
-424
-702
-838
-704
-274
136
267
49
-316
-596
-640
-348
72
221
-86
-572
-794
-698
-415
-94
150
253
192
220
348
426
341
220
213
228
242
319
406
373
167
63
178
507
900
1154
1171
872
496
225
187
262
250
197
92
44
-210
-520
-729
-522
47
762
1358
1444
1073
633
726
1152
1436
1240
870
494
135
-99
-18
423
772
784
357
-220
-687
-765
-496
-244
-310
-645
-848
-775
-575
-498
-547
-558
-357
79
512
554
-60
-993
-1577
-1345
-450
539
1095
983
518
390
1021
1970
2406
1944
1048
270
-156
-338
-403
-515
-714
-812
-568
-156
-135
-789
-1705
-2174
-2030
-1734
-1688
-1697
-1454
-993
-758
-778
-732
-159
856
1865
2330
2034
1311
841
1178
2060
2576
1959
313
-1390
-2122
-1506
-167
810
690
-334
-1428
-1913
-1671
-1134
-735
-791
-1215
-1736
-1926
-1689
-1179
-723
-497
-395
-300
-61
193
466
744
1033
1233
1209
1050
870
807
691
378
-118
-420
-241
236
609
621
571
638
784
821
686
524
324
216
176
202
172
121
151
291
465
541
477
269
48
-63
-15
110
178
229
260
224
-16
-324
-441
-236
91
253
185
5
-48
30
183
285
321
286
202
101
9
-108
-197
-217
-187
-218
-309
-341
-340
-440
-721
-1019
-1127
-950
-527
-32
348
455
256
-143
-502
-589
-415
-257
-298
-378
-190
272
709
876
827
850
1058
1336
1344
960
309
-313
-663
-675
-340
120
456
403
51
-253
-179
294
720
652
-63
-1088
-1896
-2181
-1881
-1249
-516
45
214
-110
-716
-1037
-676
217
901
769
-166
-1239
-1709
-1325
-456
320
570
280
-293
-734
-744
-333
207
479
348
-44
-358
-412
-233
49
386
734
964
914
543
-21
-571
-950
-1091
-1112
-1154
-1276
-1416
-1446
-1297
-900
-257
563
1442
2189
2581
2498
2086
1736
1813
2430
3283
3806
3545
2626
1633
1196
1435
2050
2555
2601
2127
1345
635
228
142
127
-102
-756
-1748
-2813
-3545
-3703
-3323
-2738
-2346
-2320
-2603
-2926
-3029
-2763
-2258
-1815
-1682
-1818
-1976
-1953
-1713
-1373
-1000
-546
66
788
1347
1510
1212
668
203
73
248
500
522
176
-449
-1038
-1197
-794
59
1026
1838
2296
2379
2210
2107
2351
3040
3971
4846
5411
5645
5692
5636
5219
4059
2195
280
-880
-1070
-803
-996
-2188
-4141
-5901
-6612
-6147
-5189
-4560
-4584
-5002
-5319
-5194
-4437
-3089
-1388
267
1508
2197
2431
2499
2653
3001
3435
3706
3601
2991
1862
332
-1319
-2709
-3669
-4336
-5035
-5907
-6780
-7333
-7353
-6798
-5710
-4173
-2373
-595
896
2044
3110
4460
6184
7895
9006
9232
8861
8513
8690
9343
10019
10169
9377
7387
4302
792
-2129
-3731
-4107
-4104
-4771
-6577
-9046
-10978
-11362
-10081
-7937
-5980
-4843
-4494
-4406
-3940
-2648
-413
2521
5506
7724
8612
8328
7579
7075
6954
6892
6505
5594
4051
1816
-928
-3696
-5881
-7177
-7756
-8119
-8647
-9323
-9784
-9623
-8601
-6680
-4071
-1245
1225
2972
4136
5234
6784
8796
10730
11864
11834
10889
9678
8854
8650
8837
8764
7645
4951
937
-3312
-6476
-7851
-7759
-7294
-7630
-9233
-11443
-12907
-12585
-10468
-7484
-4694
-2780
-1793
-1374
-912
176
2222
5063
7966
9920
10223
9012
7157
5632
4755
4167
3279
1790
-300
-2890
-5762
-8480
-10392
-11044
-10539
-9564
-8879
-8781
-8890
-8467
-6922
-4201
-818
2430
4859
6276
7054
7880
9229
11019
12615
13257
12542
10717
8554
6957
6386
6640
6862
5966
3141
-1405
-6289
-9679
-10577
-9490
-8007
-7728
-9183
-11424
-12652
-11616
-8516
-4717
-1579
278
972
1001
995
1590
3238
5870
8682
10436
10305
8544
6280
4603
3834
3497
2916
1677
-303
-2942
-5944
-8647
-10282
-10484
-9600
-8399
-7545
-7232
-7123
-6581
-5023
-2317
1098
4361
6671
7757
8031
8272
9069
10428
11758
12274
11505
9668
7536
5949
5303
5396
5433
4303
1216
-3479
-8193
-11055
-11210
-9424
-7580
-7416
-9233
-11611
-12469
-10728
-7029
-3003
-18
1469
1726
1373
1165
1836
3787
6683
9377
10555
9683
7414
5053
3555
3023
2854
2324
976
-1318
-4337
-7520
-10030
-11149
-10693
-9203
-7617
-6693
-6502
-6464
-5727
-3753
-662
2777
5597
7191
7671
7724
8109
9169
10641
11863
12005
10582
7906
5133
3511
3454
4310
4783
3597
145
-4909
-9712
-12284
-11877
-9510
-7259
-6875
-8543
-10745
-11457
-9683
-6041
-1973
1258
2967
2993
1802
522
559
2633
6086
9130
10128
8761
6050
3393
1633
859
699
612
0
-1669
-4474
-7726
-10214
-10948
-9821
-7632
-5548
-4409
-4328
-4626
-4251
-2402
855
4543
7378
8576
8345
7603
7349
8086
9624
11195
11744
10586
7961
5096
3368
3398
4594
5438
4248
335
-5183
-9904
-11792
-10638
-7994
-6042
-6172
-8179
-10357
-10740
-8476
-4324
68
3223
4392
3678
1965
682
1072
3399
6606
8956
9172
7157
3885
723
-1168
-1395
-584
-26
-831
-3253
-6615
-9647
-11115
-10510
-8378
-5887
-4112
-3486
-3728
-3967
-3135
-664
2984
6533
8775
9293
8562
7530
7112
7790
9398
11063
11470
9678
6071
2422
628
1261
3188
4364
3038
-1111
-6586
-10872
-12116
-10287
-7014
-4528
-4349
-6381
-8866
-9582
-7421
-3088
1616
4944
5921
4605
2100
146
201
2513
5879
8326
8340
5798
1898
-1693
-3727
-3830
-2602
-1410
-1649
-3836
-7216
-10239
-11506
-10462
-7633
-4315
-1938
-1249
-1920
-2749
-2351
91
4163
8252
10542
10353
8509
6585
5841
6638
8447
10095
10290
8335
4766
1221
-605
-125
1814
3474
3110
-81
-5236
-10048
-12121
-10660
-7003
-3707
-2814
-4542
-7189
-8385
-6762
-2743
2024
5755
7251
6198
3428
725
-113
1535
4687
7390
7926
5827
2086
-1591
-3807
-4130
-3123
-1975
-1887
-3438
-6236
-9063
-10541
-9908
-7423
-4138
-1355
-30
-295
-1272
-1481
218
3774
7839
10587
10917
9134
6654
5041
5100
6572
8340
9029
7687
4463
721
-1708
-1744
261
2803
3972
2356
-2075
-7519
-11231
-11366
-8329
-4395
-2115
-2678
-5239
-7529
-7444
-4472
207
4697
7337
7210
4590
1076
-1162
-783
1822
4872
6448
5650
2895
-570
-3340
-4380
-3499
-1698
-784
-2104
-5372
-8807
-10548
-9896
-7423
-4261
-1519
-15
-6
-964
-1642
-729
2249
6329
9533
10246
8457
5646
3628
3471
5139
7622
9342
8908
5995
1779
-1659
-2654
-1044
1889
4189
4167
1116
-4057
-9013
-11225
-9708
-5717
-1893
-486
-1920
-4663
-6365
-5475
-2089
2352
6032
7490
6162
2788
-673
-2152
-825
2349
5390
6571
5304
2267
-1093
-3271
-3448
-2072
-741
-1098
-3548
-6936
-9528
-10175
-8822
-6199
-3362
-1297
-616
-1231
-2260
-2375
-607
2820
6387
8284
7789
5677
3510
2637
3600
5955
8408
9383
7886
4281
266
-2118
-1829
627
3668
5483
4715
1010
-4419
-9052
-10504
-8315
-4321
-1268
-903
-2972
-5625
-6745
-5310
-1813
2306
5442
6368
4716
1474
-1375
-2076
-329
2640
5086
5820
4656
2228
-392
-2087
-2261
-1394
-870
-1909
-4477
-7307
-9015
-9047
-7732
-5700
-3555
-1911
-1273
-1620
-2166
-1762
261
3440
6366
7679
7061
5328
3747
3333
4450
6639
8661
9096
7274
3829
381
-1472
-1056
1165
3998
5927
5491
1992
-3536
-8426
-10072
-7962
-4007
-974
-568
-2559
-5228
-6638
-5780
-2905
840
3927
4950
3407
255
-2525
-3306
-1763
1219
4294
6239
6312
4533
1733
-750
-1824
-1398
-503
-507
-2041
-4614
-7122
-8582
-8467
-6778
-4112
-1611
-379
-671
-1669
-2081
-1070
1270
4030
6059
6641
5845
4432
3466
3776
5411
7466
8547
7689
4997
1665
-751
-1177
413
3157
5592
6089
3518
-1622
-6970
-9723
-8734
-5244
-1735
-257
-1380
-4161
-6792
-7615
-5979
-2541
1076
3094
2563
-48
-3077
-4699
-3877
-746
3553
7292
8890
7742
4664
1413
-427
-501
214
324
-927
-3267
-5832
-7750
-8478
-7867
-6183
-4054
-2242
-1257
-1142
-1503
-1680
-1000
808
3261
5314
6100
5562
4486
3925
4451
5793
7072
7353
6153
3737
1095
-501
-197
1957
4894
6859
6155
2304
-3213
-7638
-8801
-6600
-2875
-80
132
-2306
-5901
-8504
-8610
-6171
-2401
954
2414
1447
-1140
-3546
-4011
-1792
2455
7029
10009
10268
8020
4625
1766
471
596
1092
830
-741
-3439
-6526
-8990
-9938
-9041
-6733
-4000
-1936
-1226
-1826
-2901
-3224
-1904
980
4368
6846
7511
6458
4689
3511
3761
5261
6914
7398
6011
3155
180
-1358
-637
1984
5139
7020
6057
1947
-3650
-7768
-8178
-5110
-993
1305
318
-3359
-7569
-9996
-9469
-6434
-2441
735
1787
490
-2032
-3828
-3349
-347
4134
8387
10800
10497
7766
3994
1012
-32
596
1503
1221
-895
-4410
-8107
-10619
-11046
-9343
-6287
-3221
-1435
-1437
-2567
-3419
-2776
-314
3301
6742
8617
8229
6099
3705
2516
3047
4672
6185
6539
5293
2780
47
-1550
-1114
1247
4453
6893
7074
4369
-254
-4530
-6263
-4944
-2029
134
-165
-3071
-7158
-10283
-10911
-8961
-5664
-2644
-1102
-1335
-2653
-3696
-3184
-614
3466
7749
10750
11464
9856
6925
4190
2762
2599
2591
1413
-1474
-5408
-8938
-10774
-10556
-8877
-6786
-5201
-4557
-4609
-4625
-3875
-2087
515
3407
5892
7255
7143
5915
4483
3737
4086
5286
6562
6933
5781
3313
532
-1309
-1396
255
2894
5316
6217
4712
1073
-3028
-5434
-5067
-2797
-759
-764
-3113
-6581
-9383
-10248
-9021
-6473
-3721
-1724
-982
-1326
-1891
-1595
204
3338
6982
10008
11435
10852
8646
5835
3478
2032
1143
64
-1694
-4020
-6411
-8381
-9617
-9904
-9137
-7565
-5819
-4482
-3619
-2796
-1563
164
2120
3966
5424
6268
6308
5622
4664
4030
4016
4465
4952
4989
4251
2788
1161
172
487
2248
4929
7483
8653
7529
4100
-360
-3930
-5262
-4564
-3274
-3001
-4494
-7278
-9973
-11164
-10294
-7834
-4800
-2124
-415
203
155
296
1446
3913
7271
10464
12223
11702
8988
5116
1516
-830
-1845
-2176
-2684
-3974
-6137
-8711
-10880
-11888
-11359
-9445
-6743
-4036
-1931
-654
-25
426
1292
2896
4973
6737
7449
6946
5698
4409
3582
3333
3419
3426
3017
2160
1153
467
564
1739
3938
6606
8711
9067
7013
3054
-1179
-3919
-4504
-3723
-3074
-3711
-5883
-8898
-11442
-12276
-10976
-8161
-4942
-2260
-566
180
463
1091
2800
5726
9104
11550
11885
9929
6577
3109
403
-1353
-2427
-3232
-4232
-5868
-8274
-10897
-12642
-12587
-10678
-7679
-4594
-2129
-506
460
1168
2051
3436
5333
7310
8639
8781
7711
5929
4151
2983
2645
2856
3011
2616
1689
716
339
965
2666
5119
7705
9575
9883
8150
4713
802
-2197
-3661
-4100
-4549
-5814
-8009
-10583
-12582
-13089
-11715
-8837
-5410
-2449
-502
583
1442
2707
4634
7044
9427
11025
11139
9534
6694
3558
979
-720
-1804
-2810
-4238
-6330
-8913
-11359
-12808
-12647
-10852
-7987
-4906
-2336
-602
475
1391
2617
4318
6218
7758
8412
8027
6881
5455
4153
3203
2666
2470
2382
2159
1784
1532
1710
2377
3370
4585
6042
7650
8989
9391
8226
5258
954
-3564
-7055
-8885
-9281
-9067
-9128
-9926
-11245
-12241
-11979
-10067
-6861
-3107
444
3179
4735
5171
5032
5082
5832
7132
8218
8242
6852
4356
1381
-1519
-4012
-5887
-7083
-7833
-8608
-9686
-10798
-11292
-10658
-8846
-6239
-3388
-808
1157
2438
3231
3916
4822
6028
7229
7873
7527
6252
4593
3253
2719
3033
3814
4449
4490
3953
3291
3021
3414
4380
5540
6410
6609
6053
4875
3179
884
-2004
-4996
-7206
-8046
-7780
-7250
-7195
-7717
-8379
-8552
-7850
-6276
-4120
-1744
420
1868
2298
1985
1666
2020
3243
5006
6609
7281
6541
4500
1834
-590
-2237
-3111
-3525
-3797
-4187
-4926
-6096
-7449
-8427
-8474
-7404
-5501
-3297
-1237
454
1741
2696
3453
4166
4932
5775
6705
7730
8723
9354
9317
8611
7517
6289
4997
3640
2327
1252
458
-269
-1176
-2157
-2758
-2555
-1571
-179
1120
1840
1542
172
-1690
-3079
-3372
-2722
-1907
-1776
-2699
-4391
-6150
-7306
-7498
-6734
-5336
-3867
-2889
-2603
-2718
-2727
-2234
-1085
686
2779
4670
5838
6097
5692
5035
4372
3632
2618
1172
-745
-3034
-5390
-7292
-8223
-7997
-6903
-5476
-4172
-3154
-2282
-1181
541
2995
5779
8160
9508
9671
8977
7931
6903
6010
5134
4014
2387
219
-2165
-4161
-5214
-5123
-4159
-2853
-1683
-843
-242
427
1494
3037
4769
6163
6701
6084
4416
2193
29
-1691
-2892
-3749
-4545
-5513
-6644
-7718
-8568
-9251
-9806
-9970
-9285
-7581
-5212
-2789
-721
983
2511
3987
5390
6684
7814
8554
8559
7685
6253
4805
3653
2700
1719
660
-400
-1445
-2499
-3454
-4070
-4157
-3740
-3032
-2298
-1719
-1375
-1319
-1598
-2151
-2710
-2926
-2610
-1891
-1093
-461
-8
436
1032
1862
2914
4040
4925
5273
5101
4775
4692
4915
5174
5170
4840
4342
3867
3510
3309
3220
3021
2300
761
-1407
-3541
-4923
-5310
-5039
-4697
-4675
-5033
-5669
-6409
-6985
-7012
-6260
-4925
-3570
-2663
-2205
-1853
-1258
-257
1236
3268
5653
7811
9058
9170
8533
7698
6914
6119
5248
4353
3428
2191
292
-2259
-4963
-7194
-8661
-9469
-9888
-10113
-10208
-10181
-9999
-9561
-8704
-7382
-5716
-3857
-1854
258
2271
3838
4765
5228
5659
6377
7346
8329
9120
9591
9612
9071
8040
6850
5905
5392
5178
4986
4639
4093
3372
2415
1061
-843
-3202
-5630
-7659
-8979
-9498
-9336
-8789
-8193
-7696
-7211
-6544
-5565
-4293
-2819
-1276
193
1413
2270
2802
3209
3776
4704
5963
7272
8233
8506
7907
6476
4461
2282
434
-744
-1277
-1594
-2279
-3696
-5787
-8102
-9999
-10884
-10491
-9115
-7530
-6516
-6373
-6795
-7125
-6731
-5292
-2888
42
2871
5015
6223
6729
7074
7687
8641
9733
10667
11163
10995
10094
8667
7155
5993
5291
4768
4003
2729
974
-994
-2765
-3902
-4137
-3529
-2459
-1441
-920
-1119
-1928
-2913
-3505
-3288
-2256
-858
208
420
-264
-1471
-2743
-3821
-4595
-4971
-4887
-4460
-3988
-3709
-3572
-3253
-2454
-1177
308
1695
2849
3713
4206
4171
3604
2760
2007
1523
1221
902
368
-556
-1972
-3786
-5638
-7019
-7560
-7221
-6269
-5074
-3940
-3033
-2356
-1749
-933
323
1995
3737
5059
5690
5713
5431
5110
4906
4841
4830
4733
4449
3987
3473
3078
2915
3006
3262
3515
3579
3359
2920
2445
2126
2032
2068
2006
1649
926
-154
-1560
-3209
-4876
-6205
-6894
-6889
-6481
-6100
-5996
-6049
-5908
-5329
-4361
-3276
-2282
-1409
-612
41
452
672
937
1446
2167
2913
3554
4053
4287
4034
3204
2043
992
427
433
815
1238
1357
922
-124
-1548
-2874
-3649
-3756
-3500
-3377
-3705
-4417
-5196
-5710
-5734
-5143
-3983
-2527
-1158
-150
539
1203
2149
3439
4869
6163
7117
7645
7754
7531
7084
6459
5636
4594
3381
2141
1045
177
-475
-998
-1495
-2016
-2487
-2716
-2539
-1893
-869
326
1390
1977
1834
985
-190
-1161
-1545
-1292
-676
-166
-210
-1031
-2499
-4109
-5224
-5406
-4676
-3425
-2181
-1374
-1178
-1426
-1629
-1282
-170
1442
2995
3945
4048
3435
2504
1722
1396
1534
1803
1740
1060
-146
-1517
-2666
-3399
-3739
-3821
-3805
-3842
-4027
-4331
-4630
-4821
-4888
-4863
-4788
-4613
-4189
-3348
-2075
-545
1011
2419
3589
4513
5275
6041
6967
8021
8923
9320
8999
7983
6473
4800
3350
2432
2136
2264
2427
2231
1502
383
-732
-1405
-1379
-721
227
1067
1575
1671
1318
538
-463
-1327
-1814
-2002
-2278
-2980
-4129
-5393
-6325
-6648
-6343
-5656
-4865
-4157
-3558
-3043
-2531
-1903
-1092
-118
920
1962
2967
3865
4501
4657
4219
3260
2034
830
-192
-1016
-1721
-2363
-3012
-3741
-4564
-5295
-5605
-5262
-4339
-3170
-2122
-1408
-1070
-1072
-1324
-1627
-1721
-1430
-762
142
1123
2052
2817
3370
3789
4251
4925
5812
6740
7502
7999
8229
8190
7863
7279
6543
5765
4949
4004
2840
1465
-33
-1525
-2891
-4042
-4879
-5300
-5275
-4960
-4625
-4422
-4287
-4074
-3738
-3313
-2785
-2100
-1279
-509
-26
15
-372
-1051
-1823
-2485
-2875
-2933
-2793
-2706
-2844
-3121
-3259
-3030
-2406
-1526
-519
548
1613
2537
3183
3511
3582
3468
3190
2764
2245
1693
1097
391
-430
-1275
-2003
-2500
-2731
-2736
-2613
-2428
-2179
-1808
-1308
-770
-299
105
536
1024
1498
1880
2201
2605
3188
3902
4592
5143
5531
5731
5658
5252
4576
3801
3080
2464
1912
1351
748
114
-530
-1154
-1692
-2058
-2229
-2316
-2465
-2747
-3108
-3461
-3705
-3731
-3458
-2931
-2320
-1790
-1345
-851
-217
426
812
789
520
312
362
611
825
803
469
-72
-656
-1134
-1435
-1546
-1506
-1412
-1370
-1459
-1653
-1831
-1814
-1472
-826
-41
639
1037
1137
1083
1045
1114
1305
1572
1826
1920
1725
1243
633
90
-317
-658
-1038
-1488
-1971
-2468
-2950
-3313
-3370
-3036
-2420
-1778
-1296
-947
-548
81
967
2027
3104
3991
4471
4414
3903
3232
2769
2708
2919
3032
2686
1733
306
-1252
-2560
-3366
-3629
-3518
-3346
-3382
-3688
-4067
-4207
-3873
-3015
-1795
-478
670
1501
2044
2468
2962
3592
4265
4753
4791
4237
3206
2038
1116
628
455
285
-109
-697
-1320
-1852
-2276
-2561
-2630
-2439
-2088
-1811
-1745
-1811
-1767
-1447
-846
-84
695
1382
1875
2133
2206
2249
2407
2663
2812
2614
1998
1083
63
-865
-1547
-1888
-1916
-1747
-1564
-1514
-1678
-2031
-2483
-2866
-2993
-2761
-2241
-1602
-982
-421
88
524
845
1098
1479
2171
3119
3980
4378
4186
3593
2893
2295
1877
1634
1473
1231
748
25
-757
-1344
-1602
-1600
-1523
-1519
-1597
-1690
-1707
-1573
-1227
-677
-21
596
1050
1323
1486
1640
1830
2021
2131
2080
1846
1545
1360
1425
1626
1679
1326
516
-578
-1723
-2690
-3342
-3586
-3460
-3134
-2868
-2859
-3073
-3297
-3274
-2900
-2230
-1444
-742
-286
-149
-291
-549
-664
-428
156
817
1206
1142
694
73
-515
-944
-1175
-1261
-1300
-1387
-1526
-1630
-1597
-1435
-1250
-1144
-1129
-1170
-1223
-1266
-1261
-1138
-835
-377
116
550
945
1380
1897
2469
3016
3450
3672
3617
3310
2900
2573
2406
2310
2157
1888
1533
1119
658
206
-106
-170
-46
97
169
297
630
1152
1673
2051
2316
2577
2833
2957
2823
2452
1958
1439
931
459
94
-93
-130
-158
-320
-642
-1045
-1443
-1803
-2099
-2297
-2389
-2419
-2451
-2493
-2514
-2501
-2477
-2458
-2374
-2145
-1814
-1546
-1457
-1509
-1606
-1678
-1707
-1661
-1490
-1170
-762
-434
-322
-416
-556
-574
-418
-148
104
193
-1
-472
-1070
-1577
-1848
-1872
-1713
-1443
-1069
-589
-14
610
1223
1771
2228
2603
2941
3286
3624
3869
3911
3671
3121
2330
1495
898
708
846
1016
913
438
-265
-895
-1152
-841
23
1197
2311
3039
3254
3070
2752
2545
2524
2627
2712
2618
2211
1470
525
-370
-970
-1188
-1105
-921
-871
-1170
-1905
-2896
-3794
-4294
-4352
-4131
-3846
-3658
-3637
-3796
-4032
-4160
-3981
-3439
-2687
-1987
-1532
-1317
-1191
-980
-572
63
863
1621
2087
2147
1911
1588
1296
1018
671
195
-442
-1208
-2020
-2727
-3188
-3362
-3335
-3219
-3039
-2749
-2273
-1583
-700
283
1230
2035
2714
3402
4214
5104
5839
6155
5936
5288
4439
3599
2904
2403
2067
1801
1500
1119
722
430
318
366
503
715
1013
1345
1576
1611
1486
1348
1299
1318
1323
1266
1147
941
645
344
173
153
119
-127
-628
-1183
-1557
-1662
-1590
-1467
-1394
-1433
-1630
-1987
-2427
-2848
-3153
-3397
-3703
-4130
-4573
-4877
-4939
-4702
-4161
-3387
-2550
-1818
-1279
-862
-401
228
994
1713
2185
2305
2100
1672
1102
456
-180
-718
-1118
-1425
-1712
-2021
-2318
-2520
-2569
-2459
-2157
-1597
-773
142
914
1433
1797
2210
2791
3511
4234
4821
5153
5168
4870
4369
3848
3460
3247
3119
2923
2531
1922
1190
531
137
109
385
771
1048
1096
934
673
431
302
316
441
586
655
581
332
-75
-564
-1001
-1279
-1375
-1400
-1526
-1858
-2337
-2793
-3068
-3097
-2877
-2456
-1960
-1560
-1391
-1460
-1680
-1940
-2164
-2343
-2496
-2642
-2763
-2865
-2955
-3019
-3001
-2851
-2582
-2218
-1765
-1226
-664
-183
175
481
847
1316
1829
2314
2701
2939
2957
2702
2205
1620
1140
855
710
589
419
187
-79
-312
-399
-222
242
854
1419
1801
2019
2155
2290
2449
2636
2836
3008
3077
2957
2622
2141
1616
1143
762
464
194
-103
-445
-781
-982
-932
-598
-100
372
646
662
465
163
-126
-311
-343
-244
-133
-184
-517
-1085
-1689
-2102
-2229
-2150
-2029
-1993
-2049
-2141
-2199
-2163
-1983
-1638
-1195
-766
-463
-341
-407
-610
-853
-1047
-1135
-1138
-1104
-1095
-1141
-1238
-1317
-1266
-1000
-558
-80
317
611
829
1007
1170
1345
1528
1655
1623
1359
869
238
-392
-863
-1067
-1041
-963
-1006
-1203
-1420
-1473
-1254
-777
-132
574
1222
1718
2013
2157
2253
2401
2634
2886
3036
2980
2707
2300
1866
1473
1161
951
821
693
500
252
60
32
207
507
813
1041
1179
1247
1256
1213
1164
1170
1227
1240
1105
834
523
266
52
-179
-440
-703
-920
-1111
-1332
-1617
-1879
-1991
-1913
-1734
-1604
-1617
-1810
-2134
-2492
-2767
-2870
-2780
-2567
-2360
-2254
-2246
-2258
-2198
-2020
-1741
-1418
-1111
-875
-746
-721
-729
-711
-680
-686
-738
-785
-795
-779
-767
-757
-724
-612
-387
-77
225
470
708
992
1306
1576
1802
2009
2211
2375
2449
2408
2267
2064
1828
1598
1426
1342
1305
1250
1182
1171
1266
1421
1545
1582
1555
1518
1492
1452
1377
1283
1193
1092
938
724
509
381
357
350
272
134
2
-102
-199
-271
-264
-153
-7
79
50
-88
-302
-569
-851
-1100
-1261
-1339
-1409
-1590
-1903
-2244
-2481
-2551
-2477
-2291
-2017
-1713
-1482
-1417
-1505
-1622
-1598
-1357
-952
-529
-217
-84
-137
-326
-552
-694
-698
-611
-521
-480
-475
-477
-476
-473
-431
-263
70
495
858
1088
1237
1392
1551
1663
1698
1678
1624
1543
1453
1378
1331
1269
1177
1091
1123
1296
1499
1581
1518
1410
1370
1429
1542
1661
1764
1836
1812
1636
1349
1112
1037
1093
1156
1160
1125
1081
1006
855
651
476
402
379
302
109
-160
-440
-707
-958
-1168
-1309
-1433
-1664
-2106
-2717
-3309
-3694
-3809
-3739
-3598
-3457
-3351
-3294
-3291
-3314
-3332
-3285
-3124
-2845
-2501
-2152
-1838
-1575
-1357
-1153
-942
-735
-557
-399
-247
-114
-23
14
-2
-78
-206
-325
-339
-194
65
318
460
475
434
440
538
737
1022
1383
1779
2109
2304
2405
2553
2842
3241
3623
3920
4107
4163
4056
3809
3536
3339
3236
3135
2949
2650
2306
1968
1642
1321
1041
842
730
681
670
666
627
518
319
40
-263
-499
-605
-608
-611
-698
-868
-1052
-1209
-1340
-1440
-1471
-1419
-1346
-1345
-1451
-1597
-1703
-1748
-1790
-1884
-2039
-2226
-2431
-2669
-2939
-3193
-3366
-3440
-3445
-3398
-3292
-3120
-2878
-2584
-2260
-1903
-1467
-926
-331
199
582
831
1017
1170
1256
1224
1082
911
770
677
626
630
687
750
745
657
567
580
763
1090
1469
1792
2002
2110
2175
2270
2437
2644
2807
2826
2660
2337
1958
1635
1434
1361
1367
1392
1357
1219
997
774
639
629
718
844
940
933
785
502
138
-235
-549
-768
-924
-1075
-1271
-1519
-1802
-2057
-2184
-2101
-1830
-1485
-1202
-1082
-1110
-1201
-1257
-1269
-1300
-1408
-1623
-1919
-2242
-2500
-2641
-2658
-2597
-2514
-2447
-2386
-2297
-2155
-1934
-1606
-1160
-675
-286
-72
19
99
244
446
638
754
764
672
507
300
112
18
69
238
445
616
760
920
1116
1316
1480
1607
1714
1815
1889
1906
1855
1752
1638
1550
1514
1525
1556
1577
1556
1481
1369
1286
1301
1431
1614
1773
1854
1865
1839
1798
1743
1658
1556
1431
1262
1001
645
268
-19
-162
-197
-199
-228
-301
-400
-489
-527
-497
-415
-325
-287
-341
-488
-708
-983
-1281
-1574
-1861
-2159
-2455
-2706
-2873
-2983
-3071
-3116
-3043
-2805
-2461
-2110
-1808
-1545
-1306
-1105
-968
-881
-789
-657
-518
-443
-452
-503
-518
-477
-410
-356
-293
-178
-15
121
175
176
211
342
553
787
978
1089
1105
1052
975
923
919
944
941
852
671
472
362
396
552
748
934
1088
1235
1395
1591
1822
2067
2301
2477
2545
2459
2236
1926
1596
1286
1014
775
550
319
81
-132
-289
-376
-410
-408
-379
-334
-301
-301
-332
-351
-327
-298
-344
-497
-706
-922
-1147
-1416
-1714
-1973
-2144
-2245
-2322
-2381
-2390
-2328
-2216
-2085
-1937
-1760
-1556
-1359
-1196
-1037
-831
-572
-324
-170
-135
-192
-270
-336
-362
-339
-262
-166
-107
-106
-124
-100
-17
92
199
305
430
568
691
788
865
946
1041
1136
1206
1214
1156
1075
1031
1056
1151
1313
1542
1813
2078
2295
2455
2562
2628
2668
2689
2676
2585
2390
2104
1788
1498
1251
1044
875
750
640
516
359
187
21
-120
-234
-328
-419
-521
-619
-698
-749
-799
-873
-989
-1133
-1276
-1405
-1504
-1567
-1616
-1707
-1878
-2110
-2334
-2497
-2586
-2608
-2583
-2513
-2398
-2260
-2134
-2032
-1911
-1741
-1533
-1336
-1191
-1112
-1093
-1118
-1157
-1176
-1159
-1098
-1001
-869
-718
-563
-425
-300
-149
62
328
605
841
1003
1085
1103
1105
1145
1256
1422
1609
1788
1943
2052
2114
2160
2221
2293
2323
2291
2227
2176
2165
2178
2177
2121
1986
1800
1619
1502
1438
1388
1310
1200
1060
876
645
379
124
-86
-244
-391
-574
-805
-1080
-1368
-1633
-1828
-1930
-1952
-1952
-1990
-2101
-2272
-2436
-2519
-2485
-2351
-2150
-1911
-1666
-1443
-1251
-1086
-932
-762
-581
-431
-378
-424
-523
-614
-665
-668
-629
-577
-530
-516
-539
-567
-554
-474
-346
-217
-122
-59
-19
2
9
47
155
341
555
730
839
917
1012
1158
1352
1593
1872
2176
2462
2693
2867
2992
3056
3021
2870
2660
2475
2350
2229
2040
1762
1426
1068
700
337
0
-287
-531
-737
-894
-977
-991
-968
-932
-904
-886
-874
-850
-819
-810
-857
-963
-1087
-1170
-1175
-1108
-1026
-993
-1030
-1098
-1143
-1133
-1070
-958
-804
-637
-499
-427
-408
-390
-337
-271
-260
-363
-567
-810
-1028
-1203
-1333
-1425
-1492
-1567
-1643
-1660
-1548
-1283
-921
-547
-255
-64
71
217
387
559
719
872
1008
1102
1140
1139
1143
1180
1241
1297
1315
1283
1221
1178
1210
1332
1523
1737
1934
2064
2077
1935
1654
1318
1042
883
813
734
567
280
-100
-484
-771
-890
-869
-790
-724
-704
-726
-771
-781
-699
-499
-228
22
149
125
-1
-142
-228
-230
-155
-57
4
-18
-111
-231
-333
-393
-416
-431
-474
-562
-701
-904
-1179
-1489
-1736
-1840
-1810
-1734
-1699
-1705
-1705
-1673
-1609
-1520
-1414
-1288
-1122
-888
-593
-277
17
253
410
508
620
812
1075
1323
1475
1517
1465
1324
1125
932
835
856
960
1091
1200
1260
1254
1190
1103
1055
1084
1175
1247
1229
1089
860
597
332
88
-104
-216
-275
-338
-448
-583
-692
-753
-772
-752
-675
-537
-366
-211
-106
-53
-10
80
236
433
625
768
824
781
679
573
486
396
273
117
-54
-222
-365
-480
-567
-645
-715
-761
-777
-771
-757
-741
-739
-760
-799
-839
-845
-780
-633
-450
-287
-171
-78
33
168
307
435
568
722
880
1016
1105
1155
1165
1137
1077
980
838
661
469
265
36
-215
-442
-602
-693
-753
-823
-894
-941
-937
-913
-933
-1027
-1154
-1219
-1163
-1004
-826
-722
-723
-784
-827
-790
-651
-431
-175
64
256
382
461
508
551
614
713
832
925
954
922
854
759
618
428
240
109
44
16
-7
-29
-61
-126
-229
-330
-363
-323
-237
-154
-105
-85
-62
-3
94
202
301
388
466
516
527
504
476
456
438
425
426
434
427
400
364
327
287
240
181
110
30
-74
-233
-445
-680
-898
-1072
-1195
-1274
-1323
-1350
-1367
-1376
-1354
-1270
-1114
-915
-710
-526
-362
-218
-92
-3
45
81
154
272
389
458
498
570
713
904
1083
1205
1256
1257
1232
1207
1192
1189
1185
1184
1190
1199
1197
1156
1070
953
828
704
584
466
364
277
214
174
157
155
158
156
158
203
310
461
601
676
668
590
480
364
276
217
167
92
-21
-147
-272
-392
-527
-674
-810
-909
-952
-946
-919
-921
-996
-1162
-1391
-1635
-1841
-1981
-2074
-2157
-2249
-2323
-2329
-2248
-2090
-1895
-1680
-1435
-1147
-841
-549
-277
-9
236
417
515
558
585
602
591
546
494
455
413
333
210
102
48
38
27
-2
-9
38
149
310
488
649
756
806
829
866
955
1100
1275
1432
1544
1594
1577
1490
1354
1224
1134
1066
990
899
817
761
726
689
625
521
366
164
-78
-328
-563
-769
-938
-1066
-1172
-1285
-1432
-1616
-1811
-1973
-2051
-2004
-1821
-1549
-1268
-1057
-927
-838
-724
-534
-276
-8
195
307
352
364
382
445
563
692
762
771
779
841
946
1044
1100
1120
1133
1147
1152
1111
1016
887
760
659
591
551
521
491
471
474
488
478
437
393
369
358
349
354
385
442
522
617
690
714
697
682
657
593
485
372
265
150
4
-173
-388
-645
-915
-1143
-1275
-1317
-1323
-1349
-1407
-1470
-1512
-1523
-1514
-1503
-1499
-1503
-1499
-1468
-1400
-1291
-1176
-1084
-1025
-982
-949
-922
-873
-757
-572
-376
-217
-110
-37
9
22
13
7
19
50
97
162
236
301
352
388
420
465
532
626
736
839
902
914
913
958
1054
1145
1186
1175
1133
1062
959
838
710
589
481
378
253
106
-29
-130
-199
-258
-325
-405
-511
-618
-689
-666
-540
-339
-129
13
56
26
-7
17
114
258
401
499
533
506
436
334
202
51
-104
-237
-342
-429
-529
-653
-781
-886
-941
-936
-853
-699
-494
-262
-49
99
165
189
236
334
458
564
628
643
615
559
516
517
545
561
550
539
549
573
576
545
495
466
471
493
495
473
436
376
306
239
205
202
207
189
131
54
-8
-45
-85
-142
-180
-158
-83
-18
-8
-44
-87
-114
-144
-200
-289
-388
-463
-494
-490
-488
-509
-541
-554
-560
-593
-657
-712
-713
-662
-585
-502
-426
-357
-303
-254
-210
-155
-87
-17
41
101
189
300
391
427
397
300
179
99
105
161
189
141
32
-67
-122
-150
-209
-313
-438
-554
-660
-761
-835
-857
-827
-790
-756
-704
-609
-493
-420
-401
-399
-365
-289
-184
-60
58
133
153
141
138
152
178
220
289
376
449
487
491
495
539
624
714
778
822
852
850
799
713
615
516
432
392
391
383
325
236
165
133
140
179
251
334
411
473
526
571
596
610
621
619
558
410
207
13
-138
-251
-342
-422
-498
-568
-595
-558
-480
-427
-429
-457
-458
-412
-352
-328
-379
-482
-567
-592
-567
-535
-515
-515
-519
-509
-487
-481
-496
-502
-484
-453
-426
-394
-349
-295
-242
-201
-169
-134
-82
-26
-4
-27
-63
-65
-16
67
147
203
251
314
411
521
621
705
765
803
809
777
720
660
619
580
524
449
357
241
98
-37
-129
-169
-168
-116
-17
89
162
210
282
369
422
403
330
259
216
200
169
95
7
-48
-41
-1
34
33
-34
-164
-308
-398
-411
-374
-312
-248
-191
-155
-146
-164
-218
-303
-379
-404
-373
-322
-304
-322
-354
-354
-301
-190
-30
145
296
402
455
452
392
296
198
143
127
113
65
-24
-132
-246
-365
-491
-609
-693
-732
-751
-775
-797
-785
-703
-547
-345
-141
14
110
163
199
229
235
226
217
216
204
162
110
84
105
150
188
208
225
261
337
457
587
668
655
556
416
254
91
-47
-130
-169
-194
-222
-251
-272
-259
-199
-109
-23
23
38
37
39
56
98
178
283
385
457
481
457
389
304
238
189
121
6
-146
-294
-399
-441
-425
-379
-340
-352
-402
-438
-402
-289
-163
-83
-66
-87
-111
-119
-99
-66
-43
-51
-90
-145
-200
-249
-277
-278
-242
-179
-95
-1
72
93
72
77
167
347
560
736
822
819
763
704
675
683
702
689
634
570
539
542
550
541
519
494
475
456
417
347
277
245
256
261
204
88
-24
-76
-61
-10
28
11
-73
-203
-341
-464
-552
-592
-605
-642
-734
-846
-921
-936
-901
-852
-811
-799
-807
-807
-780
-721
-660
-638
-674
-722
-726
-677
-619
-580
-545
-498
-448
-418
-416
-430
-435
-388
-276
-126
4
85
138
178
186
137
46
-35
-83
-109
-141
-189
-234
-234
-162
-22
148
301
407
453
455
439
447
515
645
808
959
1069
1115
1098
1028
932
828
738
678
653
648
653
654
625
539
416
316
268
251
222
169
107
41
-35
-135
-259
-393
-495
-521
-472
-411
-417
-486
-550
-555
-504
-431
-359
-284
-210
-152
-144
-175
-206
-181
-89
18
73
44
-38
-125
-188
-225
-239
-214
-146
-42
55
111
118
93
73
103
208
357
464
474
404
329
308
349
436
516
514
396
204
10
-148
-246
-252
-163
-36
46
60
63
111
200
293
363
410
433
428
414
412
430
435
407
360
315
264
175
45
-85
-174
-225
-290
-420
-599
-759
-841
-844
-796
-711
-599
-494
-436
-441
-480
-509
-495
-452
-411
-386
-376
-395
-440
-481
-484
-451
-394
-311
-215
-129
-70
-26
10
50
106
192
291
355
373
369
364
336
279
222
208
248
314
349
302
165
-14
-171
-269
-306
-300
