144
162
108
29
-14
-3
49
88
86
40
-5
-4
58
145
205
228
241
254
229
168
133
185
289
360
370
358
370
403
420
385
281
130
-12
-73
-19
78
122
85
33
12
17
19
-3
-44
-103
-146
-149
-125
-99
-81
-79
-120
-197
-253
-223
-121
-30
-3
-33
-70
-80
-53
-4
43
66
54
22
-9
-25
-45
-71
-98
-113
-110
-89
-37
23
67
63
24
-4
27
107
184
214
201
170
127
88
69
80
92
75
24
-36
-105
-202
-319
-402
-408
-360
-297
-237
-200
-202
-231
-233
-180
-106
-57
-37
-23
11
67
116
118
61
-11
-53
-59
-60
-83
-146
-248
-361
-429
-423
-370
-307
-233
-120
0
81
102
106
131
179
226
251
230
168
98
83
143
226
250
180
62
-21
-20
41
89
79
7
-83
-146
-149
-93
-17
44
56
29
-2
2
68
155
216
210
161
115
108
120
123
97
48
6
7
51
89
64
-13
-75
-73
-24
15
15
-22
-80
-133
-147
-104
-32
4
-26
-96
-139
-124
-70
-19
15
34
38
34
34
47
62
68
78
102
133
168
228
319
397
407
332
234
187
225
304
368
385
378
372
381
397
414
407
347
238
111
0
-67
-70
-28
-8
-50
-123
-157
-117
-25
46
35
-59
-156
-175
-109
-36
-35
-150
-345
-535
-627
-598
-497
-392
-331
-313
-305
-266
-185
-111
-88
-133
-210
-264
-256
-197
-150
-163
-222
-279
-315
-331
-322
-287
-255
-231
-186
-92
42
167
244
266
255
239
219
201
192
201
216
220
213
222
273
336
352
280
155
63
65
134
181
140
16
-111
-174
-176
-166
-187
-226
-249
-236
-194
-153
-150
-200
-250
-233
-151
-77
-83
-168
-284
-378
-428
-437
-428
-414
-380
-315
-224
-146
-99
-82
-90
-101
-96
-70
-40
-19
-8
-22
-102
-235
-331
-313
-208
-111
-71
-58
-20
56
141
198
222
242
278
327
373
410
429
410
366
323
319
352
405
446
483
549
630
667
614
507
416
367
334
297
259
227
201
154
89
25
1
24
81
154
230
295
342
357
334
284
233
223
262
310
287
157
-27
-153
-144
-45
36
24
-51
-107
-101
-62
-39
-58
-81
-78
-55
-47
-72
-116
-163
-198
-217
-234
-262
-296
-296
-236
-132
-49
-35
-97
-207
-321
-381
-357
-274
-188
-124
-69
-19
24
54
64
36
-42
-154
-257
-311
-289
-200
-111
-105
-198
-312
-340
-282
-224
-255
-361
-461
-493
-443
-339
-225
-144
-102
-75
-44
-26
-28
-35
-36
-40
-42
-29
-5
2
-14
-19
3
16
-19
-81
-113
-98
-79
-90
-119
-115
-70
-27
-42
-108
-169
-179
-141
-87
-58
-70
-100
-120
-109
-75
-29
0
-22
-77
-107
-67
24
116
157
134
77
40
38
57
78
114
182
276
371
438
471
470
455
425
396
381
389
411
408
349
239
137
102
137
185
194
170
142
132
130
132
125
106
86
82
108
149
163
111
1
-100
-120
-63
21
69
78
67
52
39
32
50
99
171
249
318
362
357
302
221
144
104
119
190
280
338
349
338
323
278
194
95
27
-12
-42
-74
-88
-77
-61
-76
-135
-197
-219
-191
-138
-86
-62
-81
-127
-162
-176
-208
-274
-348
-383
-373
-343
-318
-302
-285
-255
-213
-178
-165
-177
-190
-193
-188
-179
-162
-161
-209
-295
-363
-361
-300
-212
-129
-77
-71
-89
-106
-112
-103
-75
-41
-33
-67
-135
-204
-257
-295
-321
-332
-328
-308
-279
-239
-191
-143
-112
-111
-130
-147
-160
-182
-219
-253
-260
-247
-256
-309
-429
-655
-945
-1036
-653
117
755
811
389
27
152
650
1061
1072
764
389
115
12
105
313
456
412
197
-54
-201
-154
24
165
158
52
-14
30
165
349
519
571
431
161
-61
-101
17
130
83
-114
-302
-335
-227
-92
-17
22
89
201
310
367
389
430
514
589
573
450
311
265
304
303
174
-16
-116
-68
56
152
176
150
99
56
51
112
205
261
244
200
184
172
116
24
-25
26
124
148
42
-100
-137
-37
112
223
281
286
235
140
42
-35
-102
-182
-286
-391
-457
-447
-364
-245
-143
-101
-118
-133
-92
5
91
121
80
-9
-97
-146
-145
-122
-93
-80
-97
-148
-207
-233
-218
-171
-105
-4
129
249
297
290
275
246
145
-38
-226
-334
-338
-312
-356
-510
-705
-831
-829
-723
-594
-506
-478
-465
-418
-332
-243
-187
-141
-92
-37
-5
-17
-70
-142
-188
-189
-168
-176
-235
-308
-339
-321
-305
-317
-302
-220
-115
-69
-91
-113
-94
-66
-67
-81
-69
-17
44
84
105
125
154
177
171
162
212
350
492
535
471
387
364
408
485
543
559
549
545
552
527
471
430
462
553
642
685
687
663
607
498
343
205
125
80
18
-69
-130
-145
-154
-187
-202
-128
19
151
188
154
102
50
-9
-63
-61
-16
-4
-105
-296
-455
-478
-369
-212
-91
-28
-13
-26
-38
-25
20
86
128
119
80
90
184
310
381
376
335
292
273
282
308
320
259
-17
-687
-1645
-2195
-1431
726
2897
3216
1225
-1359
-2132
-371
2262
3373
2079
-407
-2134
-2134
-913
325
680
38
-1042
-1848
-1986
-1474
-626
42
26
-708
-1469
-1388
-258
1197
1932
1453
164
-997
-1314
-761
71
461
58
-908
-1804
-2043
-1509
-633
-54
-92
-522
-786
-501
233
977
1349
1265
861
332
-118
-280
-83
220
186
-398
-1222
-1678
-1423
-669
22
283
180
26
64
329
740
1158
1407
1327
922
424
144
173
326
325
58
-361
-693
-751
-541
-198
116
303
344
347
489
819
1072
710
-692
-2803
-4173
-3138
360
3957
4660
1882
-1713
-2816
-722
2398
4021
3414
1422
-764
-2123
-1887
-31
2161
2807
1192
-1407
-2948
-2493
-787
640
710
-481
-1766
-1837
-346
1854
3425
3504
2209
503
-432
-36
1191
2101
1811
328
-1474
-2467
-2094
-852
116
27
-884
-1653
-1502
-418
956
1882
1953
1220
133
-691
-761
-94
690
754
-233
-1717
-2712
-2651
-1804
-891
-429
-456
-805
-1435
-2258
-2730
-2063
-190
1687
2042
562
-1373
-1911
-467
1761
2944
2274
499
-950
-1235
-598
138
506
725
1145
1530
1316
531
13
485
1633
2399
2072
940
-57
-237
269
767
778
490
356
458
445
98
-319
-363
66
626
923
879
769
978
1662
2506
2650
1182
-1825
-4678
-5160
-2846
-15
374
-2218
-5260
-5721
-3128
179
1606
656
-1160
-2083
-1444
251
1978
2846
2532
1360
135
-320
230
1108
1141
-350
-2825
-4823
-5182
-4024
-2575
-1993
-2367
-2835
-2518
-1254
475
2068
3138
3521
3369
3224
3650
4572
5169
4692
3296
1921
1378
1591
1782
1325
476
120
769
2016
3000
3328
3283
3287
3306
2913
1808
140
-1581
-2832
-3376
-3441
-3538
-4030
-4740
-5124
-4794
-3890
-2941
-2341
-2003
-1532
-685
403
1437
2279
3002
3650
4059
3936
3150
1892
552
-586
-1525
-2466
-3518
-4531
-5248
-5501
-5294
-4690
-3741
-2501
-1152
-10
733
1276
2023
3011
3694
3481
2383
1015
-21
-570
-824
-1005
-1242
-1590
-1906
-1832
-1063
239
1540
2441
3002
3529
4167
4774
5156
5297
5367
5462
5494
5307
4856
4175
3293
2279
1238
167
-1161
-2880
-4661
-5819
-5969
-5499
-5203
-5421
-5688
-5268
-3990
-2466
-1451
-1112
-934
-382
557
1463
2018
2290
2571
3072
3695
4049
3722
2626
1089
-402
-1519
-2189
-2587
-3016
-3698
-4532
-5064
-4882
-4027
-2958
-2089
-1435
-771
32
896
1682
2240
2303
1618
278
-1107
-1847
-1816
-1590
-1898
-2845
-3787
-3875
-2807
-1059
518
1387
1684
1998
2834
4247
5827
6955
7178
6569
5781
5603
6238
6964
6665
4866
2319
453
85
611
481
-1283
-4079
-6255
-6653
-5595
-4438
-4294
-5207
-6333
-6694
-5801
-3854
-1654
-161
207
17
383
1884
3950
5391
5569
4910
4315
4177
4066
3311
1757
-100
-1601
-2499
-3046
-3613
-4341
-5052
-5537
-5747
-5701
-5304
-4439
-3229
-2016
-1041
-217
668
1561
2120
2106
1740
1457
1393
1219
589
-344
-1016
-1056
-690
-414
-362
-115
781
2271
3840
5008
5621
5777
5704
5750
6244
7092
7577
6899
5063
3005
1652
912
-126
-1984
-4017
-5055
-4813
-4369
-4989
-6620
-7802
-7212
-5223
-3671
-3888
-5190
-5564
-3870
-1013
1165
1841
1841
2499
4150
5886
6592
6036
4902
3946
3307
2614
1538
102
-1485
-3035
-4345
-5177
-5471
-5517
-5690
-6009
-6096
-5624
-4709
-3709
-2733
-1566
-119
1245
2045
2279
2484
3110
3941
4308
3907
3183
2804
2881
2903
2422
1661
1301
1675
2304
2437
2026
1862
2647
4091
5181
5277
4740
4325
4085
3240
1331
-803
-1776
-1346
-829
-1597
-3606
-5701
-6831
-6627
-5186
-3239
-2275
-3519
-6180
-7421
-5119
-522
2629
2083
-454
-1261
1392
5602
8048
7261
4738
3121
3540
4761
4718
2678
-303
-2725
-4088
-4930
-5843
-6845
-7603
-7933
-7898
-7525
-6670
-5240
-3489
-1862
-577
540
1704
2849
3770
4445
5075
5709
6007
5506
4209
2793
2010
1913
1783
945
-466
-1660
-1988
-1483
-616
262
1100
1882
2472
2860
3350
4235
5265
5770
5418
4653
4162
3976
3413
1971
71
-1357
-1963
-2355
-3350
-4974
-6368
-6673
-5924
-5050
-4945
-5591
-6113
-5708
-4385
-2817
-1613
-766
184
1557
3113
4322
4959
5356
5909
6498
6590
5853
4516
3070
1779
550
-811
-2347
-3945
-5430
-6626
-7343
-7495
-7258
-6986
-6861
-6619
-5774
-4170
-2258
-752
39
497
1286
2701
4401
5753
6332
6165
5641
5217
5131
5248
5200
4682
3731
2737
2115
1899
1651
886
-427
-1739
-2387
-2232
-1820
-1844
-2342
-2601
-1917
-402
1092
1867
2024
2243
2997
4150
5179
5634
5389
4609
3607
2665
1910
1220
310
-1058
-2785
-4382
-5318
-5533
-5556
-5938
-6636
-7062
-6784
-5967
-5076
-4288
-3417
-2336
-1275
-567
-202
180
844
1592
1992
1905
1657
1634
1812
1857
1543
1008
485
12
-553
-1230
-1810
-2124
-2317
-2709
-3388
-4017
-4154
-3689
-2905
-2143
-1517
-911
-190
639
1482
2289
3133
4027
4777
5065
4828
4426
4291
4461
4559
4260
3581
2722
1843
1111
766
869
1093
974
460
45
228
924
1524
1536
1060
576
391
351
138
-302
-732
-1013
-1326
-1882
-2508
-2712
-2277
-1584
-1264
-1463
-1683
-1389
-674
-113
-61
-284
-379
-230
-6
168
336
529
639
552
398
488
913
1328
1249
599
-150
-437
-270
-248
-836
-1739
-2232
-2049
-1666
-1678
-2093
-2396
-2187
-1624
-1183
-1076
-1061
-812
-365
-61
-82
-179
21
533
959
991
794
782
1133
1617
1906
1883
1700
1582
1661
1932
2234
2370
2244
1981
1757
1600
1372
970
419
-204
-846
-1442
-1832
-1885
-1717
-1711
-2129
-2741
-2997
-2606
-1882
-1400
-1443
-1785
-2015
-1923
-1530
-918
-201
367
501
222
-40
211
1041
2007
2576
2594
2342
2170
2145
2104
1898
1556
1155
670
28
-735
-1403
-1770
-1833
-1783
-1744
-1646
-1375
-1004
-746
-706
-773
-769
-648
-506
-385
-159
306
885
1202
1007
508
197
369
863
1287
1399
1267
1105
1055
1146
1348
1638
1929
2054
1858
1384
884
571
329
-168
-998
-1733
-1829
-1275
-710
-799
-1553
-2353
-2604
-2263
-1756
-1499
-1581
-1822
-1988
-1950
-1718
-1423
-1217
-1117
-967
-573
47
643
966
1069
1238
1635
2057
2184
2012
1867
1935
1931
1475
718
294
583
1167
1242
511
-495
-950
-577
145
519
335
-20
-73
294
813
1186
1303
1232
1075
872
666
544
562
598
418
-84
-725
-1106
-959
-370
242
500
341
-45
-417
-569
-369
115
527
476
-73
-662
-699
-50
731
855
88
-1004
-1599
-1441
-999
-925
-1439
-2244
-2913
-3196
-3047
-2543
-1931
-1605
-1792
-2219
-2208
-1319
125
1306
1726
1645
1657
2003
2389
2410
1986
1393
920
615
380
168
-11
-214
-543
-947
-1202
-1143
-862
-595
-437
-266
66
527
965
1303
1588
1849
2038
2084
1983
1805
1623
1453
1251
1009
765
559
382
209
21
-188
-397
-523
-492
-359
-324
-536
-896
-1162
-1191
-1071
-977
-993
-1036
-938
-634
-221
108
264
270
211
158
207
382
538
395
-243
-1212
-2060
-2402
-2308
-2159
-2213
-2356
-2311
-1956
-1411
-895
-559
-349
-59
427
916
1070
846
633
853
1440
1917
1923
1532
1072
764
641
685
835
900
639
54
-480
-541
-96
445
676
582
473
566
744
795
768
928
1334
1638
1468
914
498
601
1082
1463
1399
929
343
-70
-188
-87
6
-112
-453
-809
-957
-843
-609
-453
-497
-714
-956
-1052
-961
-793
-757
-937
-1168
-1173
-857
-471
-374
-673
-1104
-1284
-1063
-619
-245
-58
3
46
137
322
555
633
379
-95
-404
-296
78
326
198
-185
-479
-436
-140
93
62
-156
-344
-389
-339
-266
-169
-26
142
285
439
721
1161
1639
1957
2007
1829
1613
1541
1600
1590
1335
866
320
-138
-357
-247
69
265
108
-297
-608
-604
-369
-152
-92
-116
-84
27
138
205
265
314
262
45
-239
-408
-361
-230
-260
-607
-1148
-1591
-1738
-1636
-1488
-1446
-1470
-1403
-1147
-769
-410
-162
-29
17
13
-15
-63
-136
-245
-364
-459
-507
-549
-653
-855
-1086
-1209
-1138
-952
-851
-949
-1124
-1135
-853
-412
-71
18
-45
-28
189
549
936
1285
1542
1613
1458
1167
913
776
675
479
184
-87
-237
-296
-316
-238
21
426
784
959
1024
1215
1630
2087
2289
2143
1824
1554
1429
1421
1466
1460
1285
950
636
537
594
519
134
-392
-697
-650
-485
-521
-777
-987
-920
-612
-284
-92
-44
-79
-137
-140
-25
135
113
-231
-735
-1063
-1050
-890
-883
-1117
-1377
-1388
-1069
-561
-124
29
-161
-525
-739
-577
-139
206
152
-269
-706
-807
-524
-159
-55
-275
-592
-748
-696
-558
-472
-470
-470
-364
-122
163
400
588
753
854
820
693
615
662
790
889
892
807
685
602
588
653
745
754
589
300
59
-27
-5
-3
-69
-135
-121
-37
16
-51
-227
-447
-665
-853
-976
-1019
-1028
-1032
-985
-815
-560
-310
-142
-59
-19
36
158
312
391
293
57
-118
-35
276
540
485
106
-336
-526
-328
114
449
405
28
-359
-466
-282
-10
103
-54
-390
-676
-725
-567
-389
-370
-546
-798
-928
-794
-428
-35
183
198
129
115
219
454
783
1059
1082
771
313
17
43
255
355
155
-268
-632
-700
-424
49
483
725
780
809
971
1292
1645
1842
1768
1458
1108
928
945
953
673
63
-610
-1007
-1040
-921
-908
-1047
-1133
-929
-417
155
506
585
578
694
965
1258
1383
1220
800
356
157
256
392
253
-195
-691
-953
-973
-968
-1115
-1357
-1500
-1444
-1255
-1040
-799
-463
-36
335
513
523
514
602
771
933
997
927
748
537
375
272
186
34
-224
-571
-931
-1227
-1403
-1447
-1382
-1264
-1155
-1070
-965
-770
-437
21
512
868
965
822
596
429
331
220
14
-306
-662
-923
-1004
-958
-957
-1118
-1385
-1553
-1475
-1177
-810
-512
-339
-263
-215
-96
148
498
829
957
798
485
311
403
577
541
228
-168
-393
-329
-51
259
433
429
326
236
240
367
588
805
916
893
820
811
904
1072
1271
1453
1513
1355
1022
709
562
543
503
349
101
-175
-411
-587
-749
-947
-1116
-1112
-871
-508
-226
-131
-154
-138
-14
142
216
178
95
31
-3
-27
-46
-75
-138
-246
-367
-443
-439
-403
-439
-602
-811
-914
-861
-769
-773
-864
-900
-784
-564
-346
-161
30
228
370
411
403
457
600
718
660
438
249
291
556
822
856
608
245
17
82
380
700
865
867
846
929
1134
1389
1594
1663
1551
1320
1103
1001
953
817
529
182
-83
-238
-358
-522
-710
-868
-989
-1104
-1193
-1183
-1071
-968
-989
-1068
-1034
-812
-567
-525
-701
-869
-832
-665
-612
-794
-1057
-1155
-1013
-769
-604
-559
-573
-588
-609
-611
-512
-279
-12
103
-20
-285
-478
-467
-303
-159
-162
-310
-494
-571
-481
-258
-10
180
254
209
135
166
345
534
549
349
95
23
228
596
903
988
852
644
556
688
942
1085
958
619
313
234
381
569
640
601
564
590
631
600
472
293
140
51
36
82
176
258
231
60
-146
-213
-74
146
254
176
-11
-159
-198
-174
-207
-347
-517
-594
-553
-500
-555
-721
-900
-977
-934
-856
-822
-814
-746
-616
-513
-505
-518
-432
-218
19
162
211
289
504
813
1063
1149
1108
1040
1000
951
839
650
433
278
260
372
529
633
647
612
589
593
597
565
482
360
251
226
329
494
588
530
357
179
66
-4
-76
-184
-323
-482
-622
-666
-564
-400
-367
-536
-718
-657
-347
-65
-58
-286
-496
-489
-298
-125
-180
-486
-856
-1063
-1008
-787
-589
-593
-822
-1099
-1171
-954
-645
-513
-611
-743
-705
-497
-273
-106
83
397
789
1063
1060
832
600
541
614
620
424
88
-218
-376
-386
-318
-263
-295
-405
-480
-418
-240
-89
-76
-172
-233
-130
120
379
542
652
794
925
916
738
513
371
323
249
54
-255
-529
-593
-391
-56
166
136
-83
-280
-276
-71
184
301
194
-101
-442
-656
-631
-417
-237
-284
-567
-896
-1068
-1011
-795
-585
-519
-634
-842
-972
-876
-527
-93
183
210
156
263
572
873
959
856
761
783
833
804
731
737
847
941
902
757
675
762
939
1021
917
706
531
476
542
672
791
855
899
981
1085
1129
1072
961
853
743
596
425
294
233
190
51
-233
-584
-865
-997
-1022
-1014
-1014
-1023
-1019
-972
-876
-740
-586
-420
-272
-173
-145
-173
-224
-283
-340
-405
-486
-591
-692
-745
-740
-716
-742
-841
-956
-993
-891
-671
-422
-226
-98
-5
70
96
83
89
173
298
352
280
134
16
-14
22
70
93
77
2
-122
-225
-210
-47
171
321
345
309
334
479
678
796
764
646
556
548
584
623
654
659
576
343
9
-274
-362
-272
-184
-283
-533
-727
-697
-470
-213
-58
-44
-120
-189
-186
-127
-100
-155
-257
-326
-336
-325
-333
-348
-324
-257
-219
-283
-426
-515
-434
-228
-78
-121
-298
-417
-362
-196
-66
-43
-76
-69
5
106
190
238
258
270
310
384
451
468
453
470
549
672
775
796
703
534
368
265
232
230
223
197
164
149
167
211
246
219
108
-27
-98
-76
-53
-139
-343
-542
-601
-509
-363
-273
-265
-286
-245
-104
120
373
575
674
661
574
458
347
282
278
278
190
-5
-217
-348
-381
-356
-318
-283
-261
-261
-267
-231
-121
17
99
101
92
148
276
403
441
353
188
47
-20
-36
-62
-129
-226
-319
-377
-406
-450
-533
-602
-582
-452
-262
-102
-54
-149
-294
-318
-132
158
347
346
256
231
319
431
459
375
219
41
-136
-274
-329
-303
-283
-345
-469
-535
-455
-285
-157
-174
-319
-476
-522
-433
-281
-150
-65
-4
46
92
135
164
150
70
-44
-125
-108
-3
117
168
137
80
70
129
230
319
352
337
311
308
312
299
267
244
228
196
116
-13
-145
-210
-164
-41
64
69
-7
-79
-79
-32
7
3
-31
-60
-72
-86
-112
-97
0
135
196
136
43
55
219
434
523
391
126
-70
-82
40
180
271
293
241
153
126
217
379
511
554
514
406
216
-48
-312
-468
-483
-447
-458
-518
-544
-480
-381
-357
-435
-533
-536
-427
-309
-304
-414
-510
-459
-266
-87
-74
-202
-296
-241
-98
-30
-108
-264
-355
-294
-150
-75
-143
-245
-237
-114
7
37
19
46
170
386
616
776
836
834
781
654
460
292
261
365
488
498
378
235
178
204
216
161
87
67
115
162
154
127
175
333
518
609
597
544
509
471
418
370
373
441
529
567
469
205
-193
-611
-920
-1016
-873
-533
-98
336
709
999
1159
1113
814
339
-136
-467
-623
-655
-583
-433
-259
-133
-97
-175
-417
-826
-1335
-1761
-1936
-1819
-1548
-1308
-1125
-898
-566
-274
-188
-337
-547
-637
-557
-405
-311
-275
-223
-115
-8
26
0
-11
43
124
173
171
177
261
414
556
632
682
746
770
694
574
547
688
870
920
770
541
403
403
472
422
149
-328
-759
-903
-726
-417
-226
-192
-252
-294
-317
-326
-305
-254
-171
-64
85
243
347
354
280
163
49
-41
-111
-202
-363
-556
-713
-744
-699
-645
-648
-681
-690
-652
-548
-400
-211
-59
6
-12
28
228
530
739
744
594
451
418
482
525
414
182
-15
-2
207
484
676
752
743
736
754
840
963
1080
1110
1085
1104
1231
1383
1401
1195
826
480
291
295
349
356
243
116
11
-18
-69
-184
-315
-397
-374
-383
-432
-573
-680
-747
-690
-514
-307
-193
-280
-370
-333
-95
74
3
-345
-759
-1042
-1140
-1101
-1051
-1015
-1062
-1118
-1188
-1152
-1024
-783
-530
-354
-296
-336
-335
-249
-31
203
386
425
357
274
292
431
560
524
216
-170
-417
-338
-106
75
70
-38
-40
73
310
435
458
327
146
10
-64
9
100
236
272
258
212
249
403
578
635
480
230
50
-10
-106
-317
-564
-648
-570
-454
-431
-458
-430
-263
-33
89
3
-232
-399
-415
-294
-200
-177
-236
-290
-331
-355
-353
-334
-289
-309
-362
-425
-442
-447
-455
-464
-419
-304
-94
114
256
268
242
245
247
257
241
323
347
303
129
13
26
173
402
618
824
887
846
669
564
569
746
932
1048
1016
919
814
722
740
874
1189
1415
1471
1261
1047
949
977
945
724
420
179
166
260
345
279
147
44
57
124
200
210
157
66
-4
-25
-46
-67
-166
-318
-546
-714
-803
-816
-848
-945
-1118
-1280
-1325
-1202
-1019
-948
-975
-1006
-880
-716
-544
-498
-494
-575
-692
-788
-791
-681
-585
-536
-523
-463
-356
-253
-214
-235
-267
-228
-180
-121
-148
-172
-215
-182
-106
-18
56
101
158
151
71
-101
-272
-412
-451
-400
-242
-84
45
77
38
-21
-15
117
324
530
581
434
146
-56
-55
90
169
53
-163
-315
-215
33
279
301
172
22
-30
-41
-97
-186
-255
-240
-166
-21
149
355
524
643
632
508
292
108
19
40
69
-3
-164
-312
-299
-167
7
106
145
127
141
182
245
232
139
71
89
263
433
548
488
387
354
462
615
615
536
430
487
561
648
660
627
565
462
400
265
135
-2
48
222
461
576
520
298
54
-53
-16
123
191
150
-45
-176
-147
54
174
107
-94
-293
-314
-208
-15
2
-122
-296
-306
-169
-33
3
-77
-157
-268
-335
-400
-351
-351
-446
-687
-856
-822
-638
-449
-458
-551
-708
-711
-665
-552
-467
-353
-181
-16
119
130
122
109
147
185
174
147
152
241
358
375
270
111
46
79
137
120
11
-121
-234
-246
-202
-117
-56
25
135
257
322
344
313
280
246
237
217
156
120
119
182
191
111
-50
-234
-309
-270
-155
-134
-249
-408
-454
-339
-237
-261
-430
-504
-422
-238
-142
-187
-264
-279
-191
-124
-111
-228
-369
-518
-598
-646
-679
-641
-539
-360
-243
-180
-167
-136
-104
-117
-154
-163
-81
2
14
-41
37
300
638
821
812
706
585
509
432
424
419
494
578
658
691
675
689
673
684
713
788
821
737
598
464
428
442
489
456
302
86
-88
-120
-70
3
-40
-202
-420
-521
-445
-282
-179
-242
-409
-538
-472
-204
61
154
65
-29
-62
-59
-117
-224
-340
-412
-398
-339
-244
-192
-162
-143
-83
28
106
113
5
-97
-132
-23
137
251
274
249
301
434
607
672
623
480
352
246
203
199
184
107
-25
-129
-206
-216
-174
-60
2
-26
-167
-271
-263
-106
57
94
38
-5
80
141
128
-25
-146
-169
-71
5
-119
-378
-681
-794
-805
-745
-745
-742
-685
-554
-404
-362
-382
-422
-337
-221
-136
-165
-198
-161
-17
117
146
-30
-308
-553
-622
-590
-567
-585
-588
-458
-261
-14
113
151
52
-19
-60
-13
-8
-62
-143
-126
72
304
487
471
397
299
299
338
399
403
344
201
53
-49
-77
-56
-32
21
87
206
334
494
575
575
403
251
180
313
477
556
511
391
377
408
573
682
762
704
620
626
701
797
757
646
530
447
391
309
237
185
188
196
175
127
12
-122
-351
-504
-577
-509
-446
-425
-395
-367
-311
-355
-335
-287
-185
-198
-341
-451
-473
-359
-370
-493
-657
-648
-441
-227
-119
-213
-330
-424
-375
-318
-295
-350
-348
-253
-138
-95
-152
-147
-78
86
185
233
236
253
306
306
282
158
45
-87
-134
-126
-94
-78
-144
-191
-234
-126
-35
52
22
38
105
194
234
177
105
12
31
109
265
337
379
372
320
159
-39
-103
-38
25
-102
-281
-413
-352
-251
-162
-158
-189
-208
-196
-115
-85
-131
-329
-485
-520
-389
-212
-60
62
94
63
-50
-113
-95
-12
-25
-204
-477
-640
-638
-525
-433
-399
-355
-241
-9
180
284
205
186
238
433
566
631
626
637
721
814
941
971
957
787
586
373
289
305
365
374
302
213
141
155
205
277
254
176
95
142
302
476
531
405
224
113
126
152
119
31
-68
-148
-176
-136
-88
-109
-222
-355
-435
-454
-461
-489
-534
-559
-539
-475
-336
-221
-161
-205
-241
-235
-244
-272
-342
-348
-338
-294
-313
-374
-433
-425
-312
-205
-114
-87
-14
109
219
233
163
173
260
347
290
123
-34
-60
4
66
54
14
-41
-136
-247
-297
-231
-94
25
56
-81
-281
-357
-155
151
311
224
111
142
362
578
642
523
340
235
203
163
54
-1
30
48
-52
-231
-260
-133
43
96
-41
-178
-199
-30
63
-26
-205
-274
-129
52
191
143
31
-81
-90
-79
-102
-166
-225
-310
-452
-571
-587
-425
-224
-31
50
100
155
244
354
378
401
398
474
521
515
441
355
376
427
455
294
67
-133
-202
-210
-203
-162
-108
-59
-19
62
159
199
133
46
36
129
240
271
169
8
-107
-132
-99
-91
-121
-183
-230
-193
-90
35
67
-10
-188
-376
-475
-445
-331
-283
-368
-531
-601
-502
-326
-267
-376
-536
-585
-506
-432
-484
-621
-679
-588
-450
-410
-447
-460
-390
-324
-330
-403
-397
-235
47
308
424
500
543
634
586
454
264
218
319
452
500
412
354
324
348
243
98
-28
24
185
320
359
336
395
512
635
643
572
479
458
521
616
676
674
643
613
578
516
428
335
290
291
283
243
213
247
271
231
151
155
237
298
254
166
146
252
350
346
146
-68
-192
-153
-73
-112
-234
-389
-362
-264
-113
-73
-40
2
47
-5
-191
-388
-528
-520
-446
-280
-109
66
165
159
-36
-357
-655
-726
-577
-376
-290
-350
-435
-456
-336
-175
-58
-109
-268
-425
-432
-292
-107
-32
-86
-109
3
225
309
199
-64
-237
-256
-190
-164
-254
-383
-542
-642
-658
-573
-488
-504
-589
-664
-647
-586
-523
-450
-354
-208
-133
-200
-406
-621
-676
-547
-261
-11
105
7
-148
-268
-274
-268
-281
-367
-485
-602
-643
-548
-394
-207
-112
-40
-39
42
204
433
544
528
481
576
793
978
1019
816
578
389
427
462
462
309
181
111
184
392
646
942
1074
1080
803
587
498
722
932
995
857
655
589
535
582
477
416
272
283
314
345
342
344
511
609
631
385
170
11
68
147
183
185
209
334
358
318
161
81
10
2
-34
-42
-72
-126
-220
-344
-386
-373
-267
-239
-241
-256
-176
-35
36
-11
-191
-295
-236
-18
128
26
-242
-520
-632
-632
-567
-498
-430
-298
-204
-183
-346
-497
-540
-381
-151
-53
-171
-486
-674
-644
-374
-123
4
15
-88
-216
-358
-355
-236
-111
-121
-330
-540
-612
-462
-268
-235
-327
-493
-515
-524
-460
-412
-307
-213
-177
-185
-270
-290
-281
-170
-137
-149
-218
-228
-161
-75
-13
-32
-37
-63
-75
-155
-230
-293
-337
-371
-399
-407
-414
-404
-315
-152
-17
-41
-157
-240
-210
-122
-53
20
75
117
127
84
52
36
98
168
247
348
480
571
489
277
29
-43
96
343
516
488
448
547
807
952
821
497
297
355
598
737
661
482
384
496
680
827
802
694
541
469
450
540
660
818
918
926
827
655
545
505
549
546
552
570
668
734
756
718
742
821
858
669
253
-197
-459
-477
-391
-320
-319
-309
-314
-351
-477
-572
-565
-429
-300
-253
-306
-379
-438
-459
-482
-499
-495
-470
-419
-418
-456
-578
-691
-749
-644
-424
-161
-27
-52
-251
-460
-605
-616
-549
-499
-472
-538
-577
-698
-778
-868
-844
-716
-540
-390
-354
-357
-375
-348
-352
-355
-330
-203
-72
2
-44
-122
-185
-162
-82
-14
-61
-252
-436
-482
-291
-54
150
180
175
111
51
-19
-51
-13
4
39
19
58
63
103
120
94
27
-88
-137
-141
-51
24
74
34
-6
19
148
304
360
303
199
221
358
590
654
514
206
42
144
350
476
369
204
44
60
145
233
243
273
370
426
352
138
-44
-145
-86
1
129
205
290
367
408
372
266
234
317
521
641
632
410
151
-7
68
265
415
459
449
458
451
438
370
312
242
168
81
-6
-30
-49
-57
-110
-152
-206
-274
-301
-260
-87
29
24
-172
-356
-377
-230
-13
93
62
-125
-295
-342
-186
46
234
299
277
206
138
79
65
67
69
-2
-120
-261
-343
-320
-234
-123
-132
-146
-187
-135
-136
-149
-184
-142
-49
-27
-117
-317
-452
-478
-413
-399
-438
-491
-462
-442
-462
-543
-577
-499
-345
-207
-219
-348
-487
-517
-425
-293
-150
-59
-51
-174
-350
-472
-450
-324
-211
-183
-231
-255
-186
-31
126
166
91
-54
-190
-315
-357
-284
-79
92
131
45
8
162
412
591
530
329
169
163
284
357
358
289
259
261
266
298
356
495
558
490
274
106
112
226
312
266
175
175
308
469
463
251
-8
-128
-45
93
202
252
331
443
486
370
136
0
128
430
657
637
394
98
-142
-185
-76
166
305
322
208
104
115
200
375
435
357
52
-287
-533
-602
-574
-589
-692
-834
-864
-698
-415
-154
-55
-36
-40
29
109
162
121
-24
-105
-63
177
325
349
186
33
-31
-10
66
29
-49
-176
-236
-314
-404
-501
-517
-448
-284
-82
110
210
207
131
32
15
60
168
203
206
140
47
-105
-193
-143
38
177
192
146
80
68
-13
-101
-223
-237
-121
55
218
250
271
253
266
222
201
229
251
195
1
-153
-228
-177
-144
-180
-273
-364
-336
-221
-41
52
54
-41
-152
-235
-253
-186
-114
-59
-76
-92
-131
-98
-39
78
109
41
-75
-180
-167
-200
-223
-369
-479
-528
-420
-216
-93
-72
-197
-265
-274
-114
118
359
494
457
297
68
-56
-21
140
250
188
33
-115
-117
8
230
429
460
358
188
128
142
268
369
396
272
97
-4
-7
32
81
118
154
130
17
-174
-347
-340
-194
-14
-29
-168
-396
-534
-566
-465
-316
-232
-184
-148
-9
123
214
155
63
-36
0
77
158
87
-52
-101
1
224
311
272
52
-96
-173
-77
54
179
258
248
143
-69
-216
-192
27
259
358
261
92
-12
1
87
128
84
-40
-187
-280
-318
-242
-174
-139
-168
-141
-10
131
185
139
89
89
110
110
106
117
168
199
289
389
529
565
487
371
277
317
354
402
335
249
115
0
-77
-58
86
251
365
308
217
154
222
224
115
-129
-338
-409
-395
-352
-414
-450
-443
-349
-300
-318
-390
-416
-379
-264
-122
20
142
160
105
-37
-52
7
154
133
13
-178
-339
-443
-616
-721
-803
-608
-359
-163
-204
-324
-337
-286
-190
-209
-184
-149
26
165
181
-10
-201
-227
-56
128
187
131
75
180
324
461
409
341
220
147
109
109
207
232
276
125
-25
-165
-49
178
301
219
-42
-177
-244
-168
-158
-106
-58
11
29
10
16
64
116
46
-131
-401
-544
-535
-379
-345
-437
-516
-358
-61
152
171
61
-46
-58
105
358
540
483
299
106
106
201
373
396
299
77
-97
-123
-54
94
130
169
88
59
-27
-9
116
282
372
201
12
-133
-24
136
274
268
152
128
145
209
94
-53
-118
-64
64
89
172
196
261
186
112
60
150
345
490
512
344
198
133
239
393
578
635
553
290
83
-49
-68
-98
-134
-155
-177
-72
12
106
51
50
105
190
210
139
98
87
86
1
-122
-170
-115
-76
-146
-254
-261
-189
-102
-174
-332
-530
-584
-511
-408
-338
-344
-322
-317
-274
-247
-232
-219
-207
-154
-181
-256
-359
-369
-347
-378
-484
-612
-587
-494
-335
-308
-349
-436
-471
-442
-439
-434
-485
-451
-411
-296
-214
-159
-112
-54
43
124
165
128
-26
-247
-368
-324
-75
54
116
-28
-58
-77
-28
-31
-116
-69
-51
126
125
247
300
459
493
407
195
-4
20
158
386
388
412
371
529
610
577
365
78
-22
-40
107
151
223
281
375
431
371
320
313
400
437
332
172
38
82
201
330
388
384
412
457
476
362
160
52
132
304
297
111
-131
-205
-137
-11
89
156
308
402
432
183
-82
-273
-227
-127
-133
-218
-252
-67
166
338
321
275
261
337
367
327
199
138
113
85
16
-62
-17
36
103
49
-5
-30
16
36
-67
-203
-258
-86
141
281
211
30
-122
-210
-205
-249
-310
-385
-354
-246
-205
-225
-278
-239
-202
-273
-382
-453
-380
-298
-312
-423
-596
-648
-654
-623
-684
-739
-733
-689
-592
-441
-190
34
83
-30
-212
-281
-245
-191
-193
-248
-301
-331
-335
-261
-131
-44
-110
-313
-465
-437
-226
-48
-1
-141
-229
-230
-63
36
48
-68
-125
14
257
514
476
321
56
-32
-21
83
178
165
140
42
50
11
59
58
109
138
186
206
214
211
154
51
-82
-87
8
221
420
633
806
926
901
765
608
463
290
92
-20
23
136
236
286
329
404
501
637
678
579
288
44
6
245
576
780
765
609
513
595
752
817
704
493
335
221
171
49
-47
-142
-134
-64
75
255
291
172
-124
-355
-427
-309
-74
96
100
-128
-428
-611
-597
-444
-290
-237
-275
-387
-467
-523
-533
-512
-517
-536
-586
-543
-464
-398
-412
-458
-457
-441
-392
-405
-363
-346
-290
-347
-425
-469
-430
-314
-219
-94
-41
-5
-69
-116
-115
-36
116
207
247
134
-12
-135
-203
-225
-335
-417
-477
-393
-263
-158
-48
8
148
209
282
298
329
369
346
357
338
310
169
-76
-365
-635
-747
-676
-440
-80
205
416
374
269
77
-71
-130
-128
-14
-42
-178
-484
-652
-612
-390
-156
-58
-83
-242
-383
-439
-332
-147
49
166
227
232
232
285
408
603
734
733
561
285
62
-42
36
133
221
290
347
460
510
559
416
223
84
174
400
467
326
55
-36
118
367
528
419
232
71
133
334
523
591
538
491
522
543
503
363
233
232
314
485
540
612
542
435
180
-57
-114
-59
125
157
134
-91
-326
-438
-274
77
340
303
-5
-393
-508
-335
37
161
0
-339
-488
-358
-143
7
-95
-251
-441
-391
-327
-329
-650
-969
-1033
-772
-442
-384
-497
-757
-834
-813
-610
-401
-215
-105
-109
-174
-224
-87
172
393
264
-58
-364
-333
-136
-18
-47
-218
-244
-292
-216
-284
-341
-479
-586
-626
-604
-413
-191
122
257
284
102
-27
-92
-35
62
183
319
357
290
99
37
116
319
391
287
63
-138
-214
-179
-88
-7
95
155
160
94
138
292
480
568
565
545
487
475
419
385
232
43
-136
-224
-80
155
526
635
566
229
-34
-45
174
487
474
227
-76
-56
316
731
947
738
344
-116
-439
-571
-529
-237
-36
66
-27
3
134
162
56
-279
-420
-495
-208
14
128
-21
-228
-299
-351
-310
-402
-423
-556
-592
-628
-516
-328
-141
-92
-228
-356
-372
-150
-7
89
5
105
330
715
896
749
274
-232
-390
-228
206
486
595
395
138
-58
47
267
438
303
3
-237
-319
-241
-167
-75
-2
160
315
357
180
-4
-19
156
266
264
174
228
316
342
229
64
-25
-184
-292
-433
-425
-363
-171
-42
-78
-300
-477
-527
-499
-521
-675
-851
-964
-832
-534
-196
-21
-64
-247
-326
-175
117
303
307
221
140
102
89
87
-36
-192
-263
-56
295
553
560
263
-143
-440
-381
45
577
818
584
57
-206
103
835
1263
988
165
-554
-674
-241
311
387
-88
-719
-902
-432
337
849
769
271
-203
-306
80
565
846
618
240
-37
48
379
640
698
416
191
-21
-90
-216
-270
-212
-237
-457
-948
-1197
-947
-241
381
502
258
-59
-81
219
799
1380
1562
1286
754
527
685
1017
1061
638
32
-451
-550
-539
-673
-1124
-1684
-2032
-2068
-1767
-1435
-1151
-1059
-1002
-911
-729
-379
58
525
768
776
520
206
-17
-52
19
33
25
15
95
85
-14
-312
-624
-899
-985
-911
-817
-816
-906
-900
-716
-332
72
281
164
-154
-331
-166
261
635
690
543
455
595
765
741
498
287
302
582
822
836
566
321
230
324
488
595
631
476
333
272
483
781
992
957
759
594
519
557
548
476
226
-125
-462
-562
-301
99
280
-108
-821
-1314
-1025
-24
912
1021
131
-864
-1008
-1
1362
2027
1641
753
198
366
911
1244
928
135
-623
-863
-587
-240
-285
-764
-1250
-1299
-929
-594
-744
-1292
-1732
-1634
-1019
-356
38
93
123
259
490
666
770
916
1099
1169
942
464
43
-111
-50
-80
-315
-608
-756
-770
-826
-979
-1141
-1105
-821
-412
-104
-47
-188
-373
-385
-104
352
714
722
402
-27
-296
-243
45
324
329
46
-335
-580
-614
-530
-451
-453
-481
-559
-636
-734
-702
-536
-258
-23
81
83
81
173
288
356
301
193
92
79
147
212
200
113
32
1
-38
-169
-360
-483
-441
-343
-312
-389
-413
-259
85
468
733
783
633
396
245
331
662
1063
1243
1031
499
-26
-240
-73
303
542
491
156
-208
-408
-391
-240
-91
35
88
57
-93
-257
-315
-164
152
498
696
648
361
-8
-218
-103
259
588
659
506
335
316
407
533
597
608
569
510
462
434
454
543
687
850
967
1005
991
969
1017
1117
1230
1278
1236
1107
935
734
572
436
295
58
-269
-618
-939
-1287
-1743
-2217
-2457
-2355
-2115
-2117
-2434
-2864
-3072
-2952
-2628
-2293
-2118
-2014
-1866
-1570
-1207
-897
-629
-340
89
625
1151
1469
1465
1235
954
818
824
886
816
490
-21
-485
-675
-588
-416
-241
-11
352
691
791
713
745
1119
1755
2411
2926
3240
3425
3551
3665
3705
3516
2913
1824
454
-798
-1589
-1904
-2077
-2493
-3263
-4103
-4674
-4861
-4736
-4365
-3789
-3161
-2691
-2425
-2140
-1519
-444
924
2267
3315
3924
4070
3799
3267
2676
2154
1618
866
-191
-1465
-2732
-3829
-4647
-5162
-5350
-5220
-4850
-4319
-3648
-2806
-1818
-731
510
1947
3505
4963
6129
6980
7597
8108
8532
8780
8680
8162
7317
6354
5379
4407
3324
1948
44
-2339
-4733
-6436
-7120
-7094
-7063
-7434
-8025
-8339
-8046
-7129
-5747
-4131
-2484
-994
258
1254
2151
3128
4255
5399
6307
6781
6690
6018
4815
3287
1745
441
-600
-1601
-2798
-4268
-5826
-7191
-8068
-8294
-7898
-7098
-6132
-5114
-4033
-2845
-1499
21
1616
3102
4343
5363
6222
6924
7399
7621
7632
7507
7246
6767
5997
4959
3782
2601
1518
667
206
84
-91
-910
-2577
-4610
-6101
-6431
-5754
-4782
-4231
-4266
-4640
-4993
-5138
-4855
-3928
-2421
-858
65
73
-450
-788
-430
624
2023
3302
4047
4001
3126
1759
475
-242
-395
-416
-768
-1571
-2697
-3896
-4935
-5517
-5434
-4729
-3782
-3066
-2742
-2531
-1977
-899
525
1902
2969
3662
4079
4318
4536
4908
5526
6221
6666
6642
6222
5650
5042
4333
3483
2661
2146
2052
2171
2019
1144
-484
-2333
-3671
-4077
-3764
-3356
-3438
-4099
-4958
-5520
-5488
-4838
-3693
-2339
-1101
-270
130
312
618
1303
2420
3800
5074
5870
5906
5191
3965
2639
1470
514
-368
-1291
-2322
-3448
-4572
-5521
-6126
-6312
-6114
-5624
-4981
-4292
-3612
-2865
-1941
-754
618
1954
3020
3708
4114
4401
4744
5152
5527
5667
5465
4965
4394
3942
3610
3232
2649
1898
1182
754
708
856
808
124
-1363
-3314
-4964
-5595
-5188
-4376
-3936
-4133
-4740
-5339
-5557
-5136
-3989
-2389
-804
305
797
832
806
1108
1938
3196
4486
5300
5290
4475
3121
1589
194
-825
-1450
-1902
-2527
-3506
-4770
-5962
-6692
-6706
-6054
-4991
-3803
-2700
-1804
-1108
-412
574
1929
3366
4432
4899
4913
4778
4645
4447
4138
3882
3831
3886
3752
3313
2717
2172
1738
1427
1321
1559
2136
2609
2295
756
-1521
-3471
-4229
-3829
-3013
-2534
-2684
-3294
-4088
-4758
-4892
-4157
-2658
-1005
109
433
261
151
503
1444
2798
4215
5219
5399
4611
3105
1443
65
-932
-1665
-2205
-2645
-3204
-4037
-5011
-5667
-5597
-4762
-3539
-2388
-1481
-750
-59
617
1288
1987
2735
3513
4190
4611
4646
4350
3904
3520
3281
3187
3147
3089
2979
2859
2688
2314
1706
1119
945
1348
2067
2509
2046
455
-1786
-3730
-4505
-4044
-3045
-2501
-2884
-3930
-5012
-5603
-5482
-4604
-3129
-1447
-88
551
504
228
395
1398
3074
4745
5706
5640
4648
3057
1191
-582
-1934
-2690
-3022
-3359
-4091
-5247
-6451
-7199
-7148
-6272
-4756
-2953
-1261
-33
668
1084
1572
2348
3432
4637
5599
5916
5450
4467
3442
2713
2311
2045
1770
1453
1136
810
464
130
-123
-237
-138
266
1087
2202
3059
2896
1415
-726
-2380
-2849
-2402
-1867
-1838
-2268
-2851
-3404
-3877
-4002
-3465
-2252
-852
142
452
275
111
391
1241
2435
3615
4442
4622
3915
2321
300
-1438
-2426
-2745
-2841
-3099
-3639
-4376
-5102
-5479
-5133
-3927
-2162
-420
853
1588
2029
2400
2794
3225
3753
4341
4679
4390
3372
2031
926
377
280
378
489
556
512
354
239
409
927
1579
2123
2645
3455
4553
5262
4730
2878
609
-977
-1541
-1584
-1758
-2330
-3130
-4071
-5185
-6348
-6993
-6607
-5343
-3921
-2974
-2483
-2077
-1417
-453
826
2409
4126
5482
5869
5022
3346
1616
351
-517
-1319
-2166
-2959
-3655
-4412
-5214
-5703
-5407
-4235
-2616
-1131
-76
674
1423
2326
3271
4044
4519
4715
4617
4211
3551
2861
2333
1937
1507
937
376
47
96
440
897
1280
1538
1715
1937
2363
3174
4363
5468
5665
4367
1898
-648
-2195
-2556
-2407
-2569
-3368
-4583
-5937
-7199
-8077
-8125
-7102
-5339
-3585
-2456
-1929
-1526
-730
635
2434
4335
5932
6844
6805
5817
4154
2291
681
-434
-1048
-1409
-1867
-2688
-3819
-4896
-5486
-5363
-4575
-3351
-1962
-644
438
1213
1719
2110
2555
3121
3731
4205
4355
4046
3264
2135
937
13
-403
-308
86
501
759
861
980
1304
1901
2710
3650
4650
5588
6190
6051
4857
2740
353
-1527
-2577
-3069
-3603
-4589
-5981
-7373
-8343
-8693
-8407
-7574
-6372
-5032
-3702
-2367
-933
656
2380
4147
5793
7065
7715
7561
6650
5215
3641
2243
1116
123
-988
-2307
-3759
-5128
-6191
-6780
-6795
-6264
-5324
-4198
-3085
-2073
-1168
-331
482
1341
2280
3236
4013
4369
4173
3531
2743
2058
1594
1311
1129
949
725
495
380
594
1301
2448
3644
4445
4676
4604
4625
4940
5377
5478
4745
2922
323
-2349
-4373
-5505
-5964
-6202
-6566
-7159
-7910
-8599
-8874
-8291
-6649
-4174
-1437
998
2814
4018
4853
5636
6582
7689
8712
9238
8899
7532
5297
2586
-47
-2097
-3313
-3871
-4271
-4990
-6148
-7393
-8169
-8095
-7171
-5622
-3735
-1825
-244
768
1299
1711
2363
3276
4172
4726
4856
4655
4203
3482
2545
1632
992
678
514
366
262
325
585
1019
1603
2378
3289
4167
4795
5069
5084
4979
4751
4089
2648
417
-2081
-4200
-5615
-6531
-7316
-8122
-8790
-9076
-8932
-8341
-7243
-5548
-3463
-1407
309
1757
3227
4840
6446
7750
8619
9022
8970
8374
7168
5415
3291
987
-1360
-3540
-5321
-6585
-7483
-8289
-9107
-9713
-9755
-9044
-7691
-5971
-4135
-2318
-589
1000
2387
3571
4580
5426
6028
6258
6077
5575
4949
4300
3597
2736
1720
677
-216
-827
-1131
-1137
-816
-113
892
1926
2692
3145
3553
4212
5098
5891
6135
5486
3785
1268
-1412
-3545
-4741
-5187
-5318
-5571
-6100
-6823
-7537
-7972
-7821
-6808
-4953
-2614
-321
1555
2944
4002
4970
6042
7304
8589
9511
9592
8591
6634
4121
1455
-1076
-3219
-4793
-5814
-6601
-7492
-8555
-9496
-9914
-9564
-8459
-6781
-4745
-2586
-536
1188
2506
3509
4418
5435
6529
7442
7845
7569
6665
5333
3846
2478
1406
641
55
-501
-1124
-1749
-2154
-2045
-1231
204
1921
3466
4507
4966
5015
4963
5052
5337
5632
5518
4496
2325
-659
-3672
-5930
-7134
-7523
-7560
-7582
-7716
-7977
-8231
-8118
-7203
-5358
-2891
-322
1947
3750
5096
6077
6837
7517
8146
8544
8360
7314
5376
2817
-6
-2794
-5326
-7375
-8761
-9475
-9778
-10001
-10279
-10416
-10057
-8990
-7220
-4903
-2245
438
2704
4229
5037
5544
6162
6985
7718
7999
7656
6765
5526
4081
2534
1022
-216
-1017
-1452
-1741
-2005
-2123
-1905
-1279
-317
897
2319
3828
5117
5848
5948
5703
5474
5400
5348
5016
4127
2500
258
-2267
-4612
-6449
-7646
-8301
-8593
-8659
-8580
-8287
-7584
-6248
-4310
-2058
196
2291
4172
5718
6817
7471
7845
8035
7954
7357
6098
4270
2095
-219
-2562
-4744
-6508
-7694
-8457
-9089
-9687
-10013
-9735
-8776
-7310
-5538
-3489
-1175
1200
3296
4892
6048
6921
7547
7813
7677
7265
6710
5962
4858
3385
1762
282
-888
-1735
-2301
-2655
-2809
-2738
-2369
-1644
-555
852
2451
4026
5295
6049
6289
6256
6227
6295
6290
5989
5246
4025
2289
79
-2356
-4569
-6147
-7030
-7461
-7739
-7917
-7867
-7495
-6851
-6012
-4923
-3480
-1704
175
1867
3210
4274
5196
6015
6619
6870
6685
5984
4684
2805
541
-1754
-3786
-5420
-6683
-7632
-8280
-8655
-8817
-8852
-8727
-8287
-7329
-5830
-4006
-2225
-762
344
1222
2028
2818
3627
4444
5208
5736
5806
5371
4654
4054
3814
3868
3908
3683
3152
2435
1681
1010
552
408
553
839
1126
1414
1772
2211
2692
3183
3690
4140
4424
4478
4391
4289
4119
3613
2474
660
-1533
-3678
-5448
-6716
-7474
-7768
-7734
-7587
-7535
-7583
-7539
-7125
-6177
-4677
-2721
-539
1552
3231
4387
5102
5569
5913
6145
6179
5865
5065
3704
1854
-283
-2443
-4365
-5854
-6813
-7307
-7519
-7619
-7668
-7631
-7434
-6963
-6084
-4711
-2899
-878
1080
2779
4225
5515
6721
7809
8717
9430
9906
10054
9683
8683
7095
5178
3259
1610
381
-438
-983
-1468
-2024
-2572
-2852
-2564
-1628
-241
1245
2537
3523
4205
4642
4863
4879
4701
4342
3825
3067
1930
301
-1762
-4010
-6102
-7706
-8675
-9055
-9000
-8671
-8176
-7642
-7126
-6589
-5903
-4952
-3725
-2254
-649
971
2453
3683
4613
5229
5566
5650
5476
5010
4215
3125
1770
249
-1301
-2691
-3791
-4596
-5200
-5744
-6269
-6702
-6898
-6754
-6236
-5333
-4125
-2741
-1418
-313
573
1437
2502
3787
5089
6108
6706
6899
6802
6545
6275
6137
6109
5995
5545
4715
3733
2908
2424
2227
2176
2111
1922
1500
748
-299
-1446
-2373
-2874
-2973
-2828
-2555
-2164
-1721
-1358
-1129
-934
-696
-532
-644
-1071
-1672
-2291
-2894
-3471
-3954
-4263
-4415
-4543
-4757
-5051
-5283
-5262
-4851
-3979
-2633
-862
1127
2992
4413
5307
5828
6189
6498
6714
6724
6369
5487
4026
2154
232
-1417
-2711
-3769
-4764
-5779
-6828
-7808
-8506
-8665
-8142
-6996
-5422
-3639
-1838
-176
1261
2510
3713
5026
6460
7855
8969
9631
9774
9408
8606
7548
6477
5560
4774
3978
3027
1856
490
-958
-2279
-3250
-3716
-3700
-3379
-3013
-2790
-2758
-2795
-2699
-2301
-1577
-692
96
591
705
481
-24
-715
-1509
-2270
-2825
-3051
-2997
-2849
-2726
-2561
-2225
-1703
-1137
-663
-344
-189
-222
-436
-694
-755
-476
28
459
596
454
199
-35
-241
-466
-724
-963
-1165
-1370
-1637
-1966
-2303
-2579
-2746
-2753
-2564
-2193
-1760
-1435
-1334
-1417
-1503
-1401
-1014
-387
384
1202
1979
2623
3084
3438
3843
4438
5245
6137
6931
7411
7414
6896
6000
4985
4052
3233
2423
1517
454
-762
-2096
-3449
-4650
-5506
-5917
-5959
-5765
-5414
-4913
-4289
-3586
-2777
-1757
-455
1001
2351
3345
3907
4078
3872
3264
2280
1169
227
-422
-935
-1534
-2259
-2983
-3611
-4199
-4760
-5134
-5071
-4486
-3520
-2381
-1172
107
1412
2606
3542
4236
4835
5420
5853
5893
5424
4547
3478
2379
1309
270
-742
-1753
-2833
-4044
-5301
-6355
-6931
-6922
-6440
-5671
-4765
-3778
-2718
-1584
-365
954
2357
3770
5057
6111
6863
7282
7351
7079
6531
5806
5002
4129
3134
1964
656
-697
-1993
-3145
-4048
-4638
-4923
-4982
-4931
-4844
-4723
-4482
-4015
-3262
-2217
-948
411
1675
2689
3428
3978
4481
4933
5193
5063
4483
3550
2406
1190
0
-1031
-1829
-2430
-2969
-3563
-4169
-4649
-4851
-4690
-4154
-3272
-2170
-1008
19
801
1350
1775
2195
2603
2934
3128
3127
2849
2179
1152
-34
-1094
-1889
-2497
-3058
-3645
-4184
-4564
-4719
-4654
-4406
-3967
-3303
-2425
-1440
-504
292
965
1605
2250
2873
3456
3996
4475
4781
4807
4543
4114
3675
3262
2839
2372
1881
1354
710
-113
-1028
-1799
-2176
-2098
-1721
-1317
-1088
-1092
-1228
-1312
-1153
-657
122
994
1723
2171
2339
2359
2381
2534
2798
2994
2874
2350
1546
689
-90
-732
-1193
-1428
-1471
-1499
-1733
-2271
-3006
-3695
-4115
-4118
-3639
-2734
-1602
-565
146
497
669
888
1247
1650
1907
1900
1629
1129
414
-461
-1344
-2037
-2471
-2772
-3136
-3611
-4048
-4253
-4195
-4019
-3844
-3635
-3247
-2646
-1926
-1241
-624
-7
691
1476
2313
3171
4029
4800
5310
5427
5183
4781
4406
4061
3610
2958
2180
1414
672
-134
-1028
-1827
-2326
-2479
-2450
-2396
-2310
-2048
-1548
-956
-483
-130
297
974
1876
2880
3917
4943
5849
6360
6242
5485
4372
3263
2350
1636
1022
425
-261
-1136
-2237
-3476
-4621
-5457
-5886
-5954
-5742
-5281
-4590
-3716
-2742
-1705
-593
570
1668
2501
2955
3058
2921
2614
2148
1521
771
-60
-952
-1937
-3023
-4130
-5098
-5780
-6135
-6174
-5920
-5391
-4647
-3773
-2840
-1868
-823
305
1431
2421
3213
3836
4326
4669
4821
4772
4543
4162
3659
3043
2349
1601
821
36
-659
-1151
-1370
-1347
-1153
-846
-490
-123
231
599
972
1327
1613
1835
2034
2244
2460
2641
2750
2732
2539
2146
1613
1086
701
487
356
163
-147
-533
-874
-1121
-1285
-1384
-1394
-1322
-1259
-1274
-1377
-1483
-1545
-1558
-1581
-1664
-1829
-2026
-2141
-2077
-1828
-1488
-1168
-924
-768
-690
-694
-766
-849
-890
-874
-889
-1043
-1392
-1871
-2333
-2638
-2688
-2493
-2135
-1773
-1582
-1660
-1942
-2197
-2163
-1726
-969
-47
928
1869
2707
3385
3888
4192
4287
4215
4043
3820
3537
3163
2670
2042
1298
505
-215
-730
-962
-931
-758
-578
-444
-288
-9
424
990
1654
2381
3086
3654
4000
4138
4136
4064
3937
3734
3461
3133
2752
2254
1588
762
-122
-955
-1641
-2129
-2441
-2639
-2787
-2879
-2882
-2768
-2576
-2365
-2205
-2109
-2036
-1927
-1772
-1615
-1502
-1455
-1454
-1494
-1561
-1663
-1788
-1945
-2139
-2339
-2453
-2377
-2094
-1691
-1295
-993
-818
-747
-730
-694
-599
-455
-339
-295
-318
-332
-332
-391
-572
-842
-1076
-1187
-1186
-1146
-1092
-981
-748
-372
118
659
1222
1806
2400
2961
3430
3800
4068
4214
4198
4009
3697
3298
2809
2200
1507
822
243
-208
-556
-814
-948
-920
-757
-547
-384
-255
-38
379
990
1672
2305
2842
3287
3590
3644
3353
2759
2012
1231
447
-369
-1197
-1992
-2704
-3362
-4021
-4703
-5315
-5696
-5764
-5596
-5300
-4886
-4273
-3451
-2544
-1684
-918
-201
489
1119
1600
1890
2033
2111
2130
1981
1560
867
28
-830
-1650
-2409
-3050
-3503
-3738
-3796
-3707
-3438
-2947
-2276
-1582
-968
-422
191
952
1854
2780
3608
4282
4789
5116
5215
5094
4837
4530
4193
3796
3344
2898
2502
2120
1661
1127
648
365
268
218
120
-17
-91
-47
124
394
780
1320
1974
2563
2879
2868
2660
2444
2283
2141
1966
1768
1547
1261
855
305
-362
-1120
-1942
-2798
-3634
-4378
-4980
-5425
-5705
-5791
-5621
-5219
-4701
-4241
-3913
-3640
-3329
-2931
-2480
-1985
-1430
-814
-216
222
391
320
156
22
-77
-191
-331
-474
-602
-761
-973
-1221
-1433
-1527
-1466
-1288
-1086
-904
-730
-500
-177
246
725
1208
1624
1927
2104
2198
2284
2419
2632
2896
3149
3295
3287
3116
2856
2599
2444
2415
2495
2631
2735
2710
2481
2064
1546
1045
671
480
443
450
383
184
-135
-506
-834
-1038
-1071
-970
-823
-722
-721
-833
-1015
-1170
-1199
-1086
-915
-802
-811
-938
-1146
-1388
-1631
-1833
-1961
-2006
-2031
-2139
-2396
-2763
-3106
-3283
-3212
-2900
-2420
-1851
-1259
-674
-112
438
974
1474
1874
2114
2190
2146
2042
1919
1788
1653
1484
1238
893
477
56
-315
-598
-778
-867
-881
-833
-728
-597
-477
-359
-210
9
297
663
1098
1544
1904
2129
2255
2345
2426
2478
2491
2432
2263
1944
1508
1033
607
283
62
-68
-151
-233
-344
-466
-554
-576
-527
-416
-241
-37
119
162
107
40
46
127
224
261
220
127
23
-79
-206
-357
-507
-620
-728
-874
-1049
-1180
-1247
-1289
-1340
-1346
-1267
-1155
-1122
-1214
-1371
-1494
-1532
-1492
-1388
-1215
-966
-688
-456
-342
-348
-422
-484
-494
-469
-464
-505
-587
-699
-848
-1025
-1161
-1193
-1116
-1004
-912
-844
-769
-666
-541
-389
-207
11
244
464
646
766
838
915
1047
1238
1447
1642
1813
1950
2017
1984
1878
1774
1757
1843
1993
2116
2159
2110
1991
1818
1607
1411
1269
1187
1104
959
759
558
392
241
87
-37
-86
-62
-27
-52
-158
-300
-409
-444
-406
-309
-188
-87
-50
-102
-241
-450
-705
-987
-1258
-1481
-1627
-1713
-1791
-1895
-2021
-2112
-2119
-2031
-1931
-1886
-1865
-1767
-1558
-1329
-1210
-1237
-1353
-1446
-1459
-1407
-1334
-1253
-1135
-997
-882
-806
-739
-639
-519
-398
-290
-170
-2
220
492
836
1321
1952
2612
3134
3438
3566
3582
3527
3440
3377
3365
3362
3278
3033
2620
2108
1592
1137
744
382
9
-370
-706
-936
-1022
-979
-832
-595
-288
25
272
421
498
549
598
648
696
747
786
772
654
409
56
-359
-783
-1162
-1462
-1696
-1898
-2102
-2308
-2488
-2622
-2712
-2796
-2868
-2901
-2858
-2741
-2563
-2329
-2030
-1671
-1290
-955
-734
-632
-584
-522
-427
-324
-246
-213
-216
-233
-240
-223
-181
-75
112
347
553
710
902
1192
1519
1744
1823
1848
1904
1955
1891
1703
1497
1399
1407
1402
1308
1160
1059
1008
918
743
580
579
745
923
962
874
792
797
851
852
778
693
651
578
354
-7
-337
-482
-466
-432
-459
-486
-453
-405
-465
-645
-816
-826
-671
-472
-335
-256
-164
-31
66
12
-223
-516
-740
-881
-1034
-1241
-1432
-1549
-1598
-1667
-1787
-1908
-1937
-1868
-1775
-1694
-1557
-1253
-782
-277
103
319
471
673
926
1130
1194
1143
1036
861
556
147
-230
-446
-500
-483
-460
-413
-303
-134
44
202
371
602
891
1152
1306
1372
1435
1543
1646
1678
1629
1513
1334
1088
797
478
162
-93
-215
-187
-82
29
134
258
375
442
481
587
787
1004
1141
1168
1115
1010
856
629
344
64
-135
-256
-354
-461
-576
-678
-775
-920
-1157
-1414
-1520
-1372
-1062
-779
-626
-550
-473
-406
-421
-505
-539
-424
-205
-21
29
-53
-206
-391
-581
-758
-897
-973
-983
-964
-984
-1066
-1163
-1194
-1124
-968
-747
-495
-266
-124
-116
-236
-403
-479
-372
-133
88
198
227
236
232
176
88
33
88
263
493
686
809
892
953
974
956
941
966
1003
990
907
799
742
770
833
838
752
628
532
457
332
159
48
94
221
270
176
32
-58
-70
-45
-20
22
105
237
360
413
391
349
303
215
66
-82
-137
-107
-85
-160
-312
-473
-618
-769
-936
-1071
-1128
-1123
-1120
-1162
-1230
-1284
-1296
-1273
-1242
-1205
-1148
-1049
-904
-714
-490
-244
9
237
380
386
294
212
222
313
428
535
627
696
713
671
597
522
478
484
545
629
706
755
750
696
637
653
753
856
901
924
1005
1152
1268
1246
1068
832
650
559
499
411
319
292
345
394
373
316
315
388
457
457
411
385
387
351
229
34
-169
-330
-425
-473
-509
-554
-613
-722
-911
-1151
-1335
-1394
-1362
-1327
-1328
-1333
-1305
-1265
-1272
-1315
-1311
-1174
-969
-845
-904
-1090
-1241
-1225
-1035
-773
-560
-433
-348
-280
-261
-310
-352
-291
-123
30
69
11
-39
-30
22
81
150
230
313
377
414
438
474
555
685
847
990
1072
1088
1073
1073
1086
1069
978
821
624
408
185
7
-69
-23
94
197
233
207
181
200
267
339
380
394
394
395
406
433
481
532
561
555
519
452
341
210
114
55
-36
-226
-485
-713
-834
-861
-854
-883
-940
-970
-929
-828
-715
-613
-529
-460
-410
-378
-355
-306
-196
-44
80
122
100
73
71
92
121
156
191
229
281
375
513
661
746
732
632
489
329
176
58
1
9
60
121
154
135
80
33
5
-27
-83
-141
-176
-197
-205
-164
-41
137
317
472
601
692
732
719
687
673
724
846
993
1060
987
792
546
319
128
-37
-200
-359
-482
-561
-643
-764
-884
-920
-843
-728
-664
-673
-674
-588
-399
-173
49
256
431
519
478
359
256
250
333
428
447
352
164
-89
-401
-739
-1036
-1225
-1303
-1323
-1333
-1368
-1406
-1417
-1379
-1326
-1285
-1231
-1101
-885
-653
-485
-386
-304
-199
-91
-30
-53
-151
-281
-387
-462
-549
-664
-741
-681
-492
-297
-189
-131
-22
160
345
488
615
761
876
872
741
592
546
638
793
910
947
940
923
877
753
570
443
477
663
868
981
1021
1074
1185
1310
1410
1489
1579
1670
1697
1622
1471
1332
1241
1132
904
526
86
-293
-551
-712
-816
-875
-863
-790
-716
-702
-729
-710
-596
-428
-283
-171
-39
137
283
294
129
-149
-445
-687
-869
-1029
-1200
-1358
-1455
-1499
-1554
-1642
-1705
-1666
-1519
-1327
-1151
-1011
-887
-742
-566
-379
-187
-2
179
343
502
650
767
840
880
909
933
961
977
961
902
823
760
708
649
589
543
523
509
508
541
617
691
712
666
593
542
533
552
563
553
545
562
595
592
505
335
143
-7
-102
-163
-205
-218
-190
-157
-183
-314
-513
-694
-796
-849
-915
-1034
-1182
-1315
-1427
-1522
-1601
-1636
-1582
-1445
-1267
-1103
-968
-840
-707
-581
-477
-380
-274
-182
-151
-202
-302
-380
-389
-338
-261
-156
-33
46
16
-78
-109
-14
155
330
498
659
757
735
623
510
470
505
568
621
659
701
729
718
661
624
689
867
1068
1185
1216
1226
1266
1297
1268
1204
1179
1216
1233
1163
1024
895
810
728
593
402
219
115
85
30
-134
-384
-621
-773
-860
-946
-1060
-1177
-1252
-1268
-1247
-1204
-1136
-1031
-901
-788
-717
-671
-605
-521
-457
-433
-427
-420
-446
-547
-702
-826
-834
-721
-571
-469
-439
-417
-375
-333
-323
-325
-283
-186
-45
105
225
304
351
396
460
549
654
760
831
834
769
677
619
630
697
757
748
669
582
550
559
553
507
447
398
359
336
362
461
595
694
694
577
391
227
156
169
207
235
240
226
173
93
8
-57
-106
-154
-214
-288
-374
-474
-582
-686
-784
-888
-1010
-1136
-1256
-1381
-1510
-1617
-1678
-1701
-1685
-1610
-1468
-1280
-1074
-860
-645
-434
-213
34
285
460
513
478
410
348
303
309
378
479
536
504
401
275
172
101
45
6
15
84
159
185
172
179
236
324
416
505
601
691
740
735
706
709
767
843
870
822
740
694
686
661
582
501
493
550
599
580
528
498
512
551
597
658
711
695
552
298
31
-147
-225
-276
-389
-584
-819
-1057
-1283
-1502
-1682
-1782
-1769
-1665
-1529
-1397
-1259
-1095
-924
-764
-583
-346
-68
185
356
447
488
503
475
392
294
259
302
354
315
169
-11
-144
-224
-305
-408
-500
-539
-529
-500
-445
-327
-131
115
359
556
691
796
901
1020
1127
1201
1252
1294
1312
1249
1078
851
662
553
511
526
574
593
510
321
103
-58
-111
-76
-5
43
62
74
87
71
-12
-128
-196
-172
-109
-90
-127
-182
-226
-279
-360
-447
-507
-518
-505
-512
-565
-652
-743
-829
-918
-1012
-1090
-1123
-1092
-1017
-922
-822
-714
-607
-518
-419
-265
-68
100
170
171
161
170
182
166
118
49
-8
-30
1
66
133
204
297
388
397
275
71
-103
-190
-209
-215
-214
-191
-157
-153
-198
-249
-244
-171
-97
-84
-114
-97
13
161
262
305
362
478
617
691
676
615
573
551
511
430
332
260
220
172
69
-82
-217
-288
-312
-315
-311
-283
-240
-203
-183
-176
-148
-60
88
242
348
394
409
383
295
154
21
-52
-76
-94
-137
-178
-178
-135
-102
-119
-161
-139
-1
203
383
487
536
577
630
685
714
697
637
543
438
336
257
194
121
37
-58
-150
-235
-299
-328
-332
-333
-353
-386
-399
-378
-320
-255
-196
-154
-130
-139
-187
-236
-227
-149
-78
-77
-108
-88
-23
-2
-73
-163
-152
-16
158
261
270
249
256
298
340
359
384
451
559
634
593
438
253
122
35
-87
-274
-446
-504
-482
-514
-662
-835
-900
-835
-728
-667
-654
-639
-606
-591
-605
-592
-478
-268
-51
90
148
189
254
325
358
345
336
382
454
471
386
258
190
200
218
174
93
42
32
4
-101
-258
-365
-350
-256
-219
-319
-483
-564
-505
-393
-319
-263
-146
27
140
85
-101
-273
-319
-247
-148
-75
-5
97
193
196
85
-47
-79
12
129
191
210
263
356
414
381
305
277
306
324
265
146
48
29
55
68
63
113
259
446
562
529
391
272
263
340
415
441
431
407
339
200
15
-121
-130
-33
87
158
186
221
297
401
493
579
709
870
959
886
692
519
456
462
415
256
40
-125
-224
-333
-501
-680
-789
-816
-824
-868
-948
-1012
-1030
-1018
-997
-947
-827
-653
-503
-445
-460
-472
-413
-294
-195
-170
-197
-213
-207
-216
-269
-338
-351
-279
-157
-49
24
90
178
286
392
487
574
663
752
830
880
908
950
1009
1026
924
725
514
343
159
-97
-369
-519
-484
-358
-284
-306
-344
-310
-198
-59
73
193
290
348
376
401
439
474
479
430
337
235
160
108
30
-110
-286
-425
-495
-550
-655
-797
-907
-954
-980
-1008
-1015
-988
-963
-982
-1025
-1043
-1025
-979
-928
-884
-852
-818
-765
-716
-730
-811
-872
-824
-680
-543
-467
-410
-311
-172
-30
109
283
501
720
863
928
975
1046
1085
1023
882
762
747
798
826
782
704
651
629
611
605
634
712
831
969
1091
1159
1164
1134
1094
1041
962
890
858
851
803
679
518
383
305
256
194
97
-19
-121
-185
-228
-274
-327
-371
-390
-375
-321
-238
-160
-135
-181
-285
-386
-427
-399
-364
-394
-494
-617
-723
-830
-949
-1058
-1124
-1156
-1189
-1235
-1273
-1259
-1167
-985
-739
-475
-210
41
241
335
327
320
401
532
588
504
364
298
332
376
350
282
255
313
422
533
617
671
679
658
652
697
783
862
876
807
693
589
505
414
298
165
28
-103
-221
-310
-360
-348
-278
-221
-239
-348
-483
-576
-588
-538
-451
-357
-260
-163
-84
-51
-75
-116
-146
-176
-262
-410
-562
-661
-729
-841
-1005
-1152
-1203
-1152
-1063
-1011
-1024
-1039
-984
-848
-708
-626
-563
-445
-264
-96
-3
20
50
133
250
333
357
362
376
387
367
339
355
418
480
498
509
572
707
856
937
916
843
811
873
981
1042
1045
1064
1145
1204
1132
920
675
496
397
315
208
92
15
-11
-27
-73
-129
-136
-73
-12
-34
-135
-226
-243
-214
-195
-196
-169
-95
-33
-60
-183
-313
-376
-376
-395
-458
-508
-480
-400
-330
-295
-259
-199
-133
-97
-101
-104
-49
76
213
279
257
209
204
223
197
119
50
14
-54
-222
-443
-593
-596
-492
-388
-342
-334
-298
-223
-146
-86
-9
117
269
371
375
310
251
236
235
220
210
253
335
393
370
267
123
-16
-109
-137
-123
-98
-73
-41
-26
-55
-101
-113
-104
-136
-244
-381
-473
-492
-477
-488
-548
-629
-693
-747
-810
-854
-814
-662
-471
-337
-283
-250
-171
-32
124
248
319
345
339
291
210
129
88
87
104
112
93
49
-16
-74
-111
-132
-154
-190
-227
-235
-167
-14
175
326
423
503
597
699
762
758
698
644
643
690
726
687
566
408
272
190
145
119
112
135
178
185
120
8
-85
-128
-126
-88
-19
68
143
188
202
196
180
146
74
-35
-157
-265
-344
-383
-387
-386
-411
-457
-495
-519
-537
-543
-513
-461
-426
-421
-416
-366
-254
-108
21
85
84
77
133
247
338
343
278
201
134
80
46
53
93
136
154
128
87
78
128
177
157
91
84
189
313
326
215
102
88
157
203
174
105
76
110
163
180
173
191
233
239
160
61
34
104
193
210
141
51
15
19
2
-57
-91
-48
30
58
4
-89
-178
-261
-348
-433
-497
-517
-504
-515
-572
-625
-603
-509
-419
-392
-423
-463
-478
-463
-431
-383
-309
-220
-164
-177
-244
-286
-246
-131
-28
-10
-47
-63
-35
-28
-85
-164
-166
-50
142
306
368
359
364
420
464
448
408
431
525
608
601
511
427
406
413
376
304
271
314
388
436
447
456
463
435
340
201
96
86
164
252
272
204
109
63
86
134
162
171
178
169
100
-42
-209
-325
-354
-332
-328
-374
-436
-464
-449
-433
-451
-493
-523
-506
-458
-428
-441
-466
-442
-390
-366
-388
-403
-379
-357
-388
-457
-487
-448
-375
-332
-319
-292
-226
-131
-41
28
73
99
121
151
180
179
146
123
155
240
328
383
409
429
448
449
434
432
468
520
526
467
400
399
457
501
489
451
434
442
438
384
289
201
166
178
169
96
-12
-90
-107
-89
-83
-112
-157
-189
-191
-164
-118
-78
-61
-73
-117
-188
-258
-285
-270
-267
-309
-381
-437
-448
-409
-362
-344
-339
-297
-213
-131
-85
-60
-14
52
119
167
208
251
264
218
144
103
116
125
69
-69
-230
-331
-341
-314
-320
-365
-392
-358
-268
-161
-65
19
83
105
61
-1
16
162
368
499
513
482
491
531
537
476
381
297
239
191
134
78
40
31
36
24
-18
-53
-44
-10
-8
-46
-69
-31
31
37
-54
-202
-324
-364
-368
-408
-497
-554
-514
-415
-324
-267
-219
-171
-157
-219
-363
-513
-561
-470
-334
-277
-320
-399
-451
-491
-540
-550
-435
-185
44
93
-45
-211
-261
-194
-106
-82
-105
-81
46
218
331
370
407
477
528
494
407
358
400
483
512
458
391
392
444
448
350
210
143
183
247
236
157
115
180
311
421
478
523
581
628
620
560
496
462
429
347
229
142
147
213
269
262
201
110
7
-87
-138
-128
-63
49
175
263
286
274
278
293
282
228
167
130
115
91
32
-41
-95
-132
-203
-324
-422
-411
-311
-244
-302
-435
-508
-443
-290
-170
-142
-158
-145
-93
-62
-86
-150
-218
-290
-398
-540
-637
-607
-461
-305
-249
-292
-360
-366
-308
-249
-244
-281
-312
-316
-313
-321
-325
-301
-230
-149
-115
-139
-179
-197
-231
-332
-469
-542
-516
-460
-455
-500
-510
-424
-279
-173
-190
-292
-344
-260
-77
83
158
170
190
240
268
212
90
-3
-19
5
12
28
113
238
293
210
50
-69
-102
-92
-96
-112
-73
45
176
237
227
227
285
393
507
590
630
638
640
631
574
472
382
353
354
329
284
263
278
297
287
279
309
389
465
500
513
550
619
668
662
619
579
537
461
348
242
188
185
197
173
90
-28
-127
-173
-174
-170
-176
-186
-188
-187
-191
-191
-173
-142
-138
-179
-218
-173
-39
95
120
23
-105
-153
-106
-32
2
-4
-1
33
78
91
41
-50
-119
-133
-113
-89
-59
-12
22
10
-46
-118
-165
-156
-103
-37
10
32
38
22
-31
-115
-187
-207
-175
-135
-130
-174
-240
-294
-324
-361
-434
-531
-599
-594
-531
-457
-398
-363
-350
-356
-379
-427
-508
-605
-668
-666
-616
-579
-579
-571
-532
-500
-542
-643
-701
-640
-492
-364
-310
-288
-233
-149
-122
-214
-369
-456
-415
-317
-280
-324
-350
-276
-129
-17
9
-12
14
121
271
408
529
680
854
986
999
921
850
849
891
912
892
865
873
901
907
882
875
928
1009
1045
991
871
747
679
677
701
708
687
653
580
420
179
-40
-138
-126
-111
-165
-252
-282
-218
-121
-65
-57
-26
61
144
150
92
64
120
195
156
-21
-200
-243
-178
-157
-251
-378
-433
-417
-424
-506
-619
-672
-655
-648
-714
-813
-855
-802
-707
-657
-675
-677
-557
-344
-187
-187
-266
-253
-100
67
92
-21
-107
-46
102
177
127
49
73
193
292
280
213
216
309
390
381
338
386
539
676
661
522
435
505
636
639
485
329
301
350
322
157
-62
-228
-323
-401
-491
-543
-483
-316
-152
-108
-184
-247
-203
-94
-40
-86
-166
-185
-130
-105
-206
-405
-542
-524
-418
-372
-438
-526
-536
-482
-464
-522
-591
-574
-474
-371
-317
-268
-171
-61
-32
-107
-196
-189
-91
-16
-59
-189
-283
-264
-170
-94
-90
-129
-157
-158
-145
-120
-52
88
275
421
458
403
364
422
539
605
587
562
600
665
669
602
544
573
677
749
702
546
