0
-58
-86
-99
-108
-100
-67
-30
-21
-48
-84
-113
-149
-211
-280
-341
-379
-379
-320
-207
-103
-43
-16
-4
-16
-54
-82
-68
-33
-25
-76
-158
-220
-222
-184
-168
-221
-315
-376
-369
-332
-331
-375
-418
-420
-371
-287
-182
-86
-32
-36
-95
-185
-275
-353
-436
-542
-651
-696
-630
-472
-300
-199
-198
-264
-303
-259
-138
3
133
245
320
338
295
241
204
201
245
337
440
466
383
236
128
106
138
176
202
226
241
247
258
296
330
309
226
140
114
154
213
248
260
276
316
362
373
324
236
145
81
62
88
141
193
228
260
295
324
324
284
206
106
19
-2
66
182
268
281
258
251
246
185
49
-87
-125
-54
68
156
154
55
-93
-225
-316
-356
-348
-303
-248
-206
-171
-139
-114
-124
-168
-204
-184
-126
-88
-124
-192
-226
-177
-73
40
127
166
149
86
25
0
3
-14
-85
-203
-308
-336
-255
-115
13
75
57
-17
-104
-150
-144
-97
-32
35
90
117
123
116
88
13
-108
-233
-317
-340
-322
-300
-302
-313
-316
-317
-326
-320
-269
-190
-133
-93
-32
64
162
214
216
177
136
98
50
-21
-81
-90
-57
-37
-45
-55
-41
-33
-46
-49
-31
3
26
42
47
29
-5
-38
-45
-19
48
136
190
166
76
2
12
107
238
353
415
401
318
203
107
53
40
56
92
134
172
192
172
114
54
37
63
92
91
54
9
-9
32
106
148
114
38
-22
-50
-64
-40
32
128
199
231
232
197
132
52
-20
-69
-100
-133
-161
-178
-172
-160
-145
-127
-119
-127
-131
-89
7
130
237
272
196
14
-206
-394
-509
-546
-524
-471
-420
-384
-347
-284
-196
-104
-45
-28
-42
-71
-108
-135
-138
-133
-158
-208
-213
-122
23
125
129
59
-25
-85
-118
-130
-104
-41
24
51
44
29
27
29
31
56
108
177
246
297
300
253
193
177
224
297
358
399
446
523
595
600
500
338
183
87
44
26
10
4
41
145
309
481
604
624
535
375
209
86
5
-63
-132
-186
-203
-157
-38
127
254
291
261
233
215
178
107
39
2
-1
22
56
96
130
151
136
79
0
-71
-119
-146
-146
-117
-78
-66
-88
-128
-179
-259
-356
-422
-412
-351
-304
-317
-368
-405
-404
-380
-359
-330
-285
-265
-317
-436
-557
-610
-577
-487
-406
-394
-445
-516
-576
-620
-638
-615
-558
-505
-464
-424
-363
-285
-209
-167
-163
-165
-134
-63
18
78
89
52
5
-13
-9
-34
-115
-222
-288
-276
-206
-129
-84
-89
-135
-194
-231
-222
-178
-107
-14
109
251
389
479
486
416
324
265
259
285
318
331
321
301
278
244
185
119
82
96
157
263
398
532
632
698
725
696
612
528
519
588
660
665
595
502
432
404
397
392
387
390
398
396
375
357
370
421
486
539
582
623
658
674
644
560
439
338
284
251
202
137
96
96
124
154
156
121
54
-1
-35
-53
-79
-105
-114
-110
-107
-107
-96
-66
-32
-34
-110
-261
-454
-622
-712
-719
-685
-662
-667
-685
-688
-659
-584
-504
-463
-486
-536
-579
-611
-637
-661
-702
-782
-862
-873
-796
-688
-604
-555
-524
-504
-467
-400
-318
-268
-275
-342
-439
-519
-546
-523
-470
-412
-358
-323
-310
-282
-191
-36
134
258
323
340
320
278
227
186
168
174
185
170
108
22
-47
-66
-30
33
85
102
91
79
76
64
32
4
10
58
99
89
23
-37
-24
69
189
283
330
326
288
252
251
277
302
300
295
314
367
423
437
397
330
265
210
152
104
101
170
292
405
457
438
390
355
354
400
486
604
707
761
755
720
681
631
534
373
181
46
13
59
107
112
86
63
76
134
232
328
402
430
415
363
294
217
132
44
-35
-108
-178
-239
-279
-302
-322
-327
-301
-262
-254
-272
-274
-252
-254
-330
-451
-542
-556
-507
-433
-355
-283
-223
-177
-138
-106
-75
-36
12
38
-7
-132
-295
-433
-512
-526
-487
-426
-367
-313
-246
-180
-136
-113
-89
-58
-30
-5
8
-14
-91
-207
-314
-390
-428
-434
-398
-320
-243
-207
-197
-175
-127
-83
-84
-124
-162
-151
-101
-62
-77
-131
-165
-126
-21
87
139
133
118
119
121
100
68
38
-4
-83
-199
-307
-361
-349
-299
-229
-128
-9
75
92
74
86
153
244
305
317
278
212
151
126
139
153
142
100
57
48
70
81
48
-11
-46
-38
19
115
225
284
258
193
160
192
265
366
479
564
580
541
480
412
316
195
78
-15
-87
-145
-161
-126
-68
-41
-60
-105
-141
-143
-92
5
100
153
164
169
194
230
260
283
290
279
242
194
158
154
189
254
308
316
283
257
263
283
295
282
254
210
147
68
-10
-58
-71
-86
-127
-184
-217
-240
-262
-265
-242
-220
-259
-367
-496
-582
-580
-510
-433
-393
-374
-332
-242
-132
-33
31
59
52
11
-49
-106
-153
-185
-200
-189
-161
-114
-44
37
94
114
107
88
62
51
74
114
155
195
244
265
225
161
135
175
245
320
370
346
215
25
-116
-136
-70
0
25
8
-29
-81
-135
-176
-209
-252
-318
-389
-443
-452
-406
-323
-257
-247
-289
-359
-439
-511
-535
-511
-483
-494
-506
-463
-364
-287
-282
-308
-284
-176
-62
-25
-64
-92
-47
50
123
108
16
-91
-145
-130
-72
-14
18
37
76
140
195
223
243
274
293
286
288
345
459
579
648
638
565
483
453
489
539
531
459
379
347
364
405
455
493
478
376
229
148
184
284
343
335
311
307
311
282
207
95
-25
-124
-159
-98
43
182
227
161
36
-73
-140
-173
-190
-182
-135
-62
-6
10
-1
-22
-55
-99
-141
-164
-166
-165
-158
-147
-141
-168
-231
-289
-309
-317
-372
-482
-580
-582
-476
-325
-230
-224
-263
-269
-210
-130
-79
-76
-86
-100
-118
-127
-89
9
111
159
124
33
-80
-184
-252
-266
-220
-160
-156
-238
-356
-427
-415
-344
-280
-277
-328
-346
-266
-130
-35
-15
-36
-64
-111
-171
-186
-113
26
142
173
127
55
11
23
83
149
177
174
197
247
256
178
64
15
71
194
310
387
435
484
529
535
476
377
280
218
186
177
188
229
287
313
262
138
15
-46
-26
50
144
213
225
180
96
3
-59
-66
-22
31
47
-4
-88
-131
-84
22
97
71
-45
-188
-281
-284
-205
-102
-39
-28
-21
34
148
262
306
263
171
91
35
-2
-17
0
28
14
-64
-170
-252
-295
-330
-391
-447
-405
-182
162
405
377
171
58
176
406
540
503
378
288
291
368
457
498
477
398
263
98
-50
-139
-170
-186
-235
-338
-473
-566
-529
-357
-158
-84
-170
-317
-397
-366
-301
-279
-328
-423
-537
-658
-744
-773
-753
-726
-712
-698
-678
-627
-520
-352
-196
-162
-291
-505
-651
-623
-432
-190
-35
-20
-75
-98
-50
6
22
30
98
214
301
329
357
448
574
643
622
580
602
695
802
877
891
837
751
713
766
859
924
936
935
936
903
805
694
647
666
650
516
292
78
-52
-97
-82
-42
-52
-231
-697
-1414
-2096
-2362
-2085
-1575
-1284
-1372
-1574
-1515
-1062
-401
180
504
562
453
317
283
387
542
618
517
226
-191
-642
-1020
-1221
-1174
-941
-712
-632
-628
-468
-5
654
1250
1596
1718
1772
1878
2041
2197
2313
2414
2527
2590
2506
2282
2044
1899
1819
1687
1432
1110
823
532
-63
-1238
-2776
-3902
-3953
-3102
-2267
-2172
-2644
-2886
-2353
-1231
-93
668
1028
1101
964
718
535
529
611
537
139
-520
-1238
-1828
-2233
-2491
-2671
-2813
-2879
-2748
-2312
-1583
-713
100
703
1052
1199
1264
1314
1294
1094
673
117
-434
-861
-1110
-1167
-1058
-833
-557
-241
175
730
1352
1863
2136
2186
2169
2199
2213
2035
1600
1082
719
580
523
410
261
190
225
269
243
209
282
458
605
586
393
118
-129
-316
-484
-694
-946
-1197
-1393
-1480
-1429
-1252
-1025
-781
-456
29
610
1086
1333
1397
1393
1359
1267
1117
953
788
555
181
-318
-790
-1013
-849
-395
14
67
-235
-588
-675
-470
-209
-157
-360
-657
-817
-746
-557
-448
-526
-683
-740
-640
-488
-376
-266
-75
150
275
250
185
266
585
1018
1287
1216
925
697
677
735
657
376
27
-215
-312
-359
-436
-513
-561
-633
-766
-890
-872
-705
-514
-425
-473
-619
-818
-983
-991
-783
-500
-389
-553
-811
-845
-501
60
497
579
343
37
-109
-44
106
171
59
-218
-569
-869
-1027
-1039
-989
-982
-1070
-1179
-1161
-909
-489
-112
56
42
28
156
394
580
584
439
328
418
714
1070
1336
1475
1547
1617
1735
1962
2304
2647
2812
2749
2614
2586
2642
2567
2201
1639
1130
845
751
597
-7
-1295
-2895
-3889
-3565
-2265
-1188
-1271
-2250
-2945
-2449
-998
359
824
537
226
372
828
1151
1134
926
729
532
219
-200
-588
-891
-1223
-1684
-2178
-2476
-2412
-1999
-1398
-832
-500
-461
-555
-466
1
642
1026
926
592
453
638
883
911
769
720
908
1258
1639
2032
2499
3078
3696
4160
4282
4086
3805
3660
3571
3282
2660
1746
509
-1195
-3173
-4701
-5080
-4520
-4086
-4599
-5708
-6215
-5368
-3585
-1939
-1095
-880
-710
-246
387
883
1094
1086
943
645
169
-369
-803
-1144
-1605
-2346
-3201
-3762
-3724
-3153
-2424
-1835
-1377
-852
-180
519
1107
1548
1818
1806
1434
778
24
-678
-1288
-1799
-2188
-2381
-2325
-2035
-1548
-871
-4
948
1794
2418
2900
3449
4135
4795
5174
5199
5010
4764
4556
4460
4496
4516
4263
3644
2889
2368
2234
2329
2369
2031
935
-1082
-3404
-4753
-4385
-3143
-2821
-4210
-6130
-6626
-5045
-2624
-1089
-973
-1393
-1180
36
1701
3000
3523
3475
3333
3345
3385
3160
2535
1575
383
-923
-2127
-2880
-3001
-2727
-2554
-2755
-3035
-2845
-2036
-1087
-576
-556
-610
-469
-318
-476
-917
-1303
-1404
-1356
-1415
-1559
-1472
-929
-67
804
1561
2311
3112
3802
4179
4298
4453
4839
5318
5525
5225
4531
3876
3625
3617
3090
1382
-1114
-2996
-3198
-2306
-2090
-3596
-5905
-7063
-6173
-4284
-3195
-3613
-4605
-4741
-3523
-1702
-383
46
101
492
1335
2128
2398
2130
1606
966
150
-830
-1720
-2232
-2361
-2399
-2582
-2797
-2737
-2300
-1722
-1251
-857
-368
228
668
697
351
-56
-282
-417
-711
-1228
-1714
-1881
-1701
-1394
-1149
-960
-677
-159
654
1688
2706
3453
3946
4532
5493
6608
7268
7124
6528
6137
6050
5485
3641
851
-1437
-2140
-1777
-1914
-3376
-5293
-6099
-5248
-3745
-2959
-3247
-3772
-3544
-2406
-1038
-154
201
566
1367
2422
3175
3306
3002
2660
2411
2073
1435
538
-405
-1205
-1818
-2293
-2654
-2873
-2910
-2769
-2423
-1841
-1085
-370
84
293
455
734
1044
1155
937
477
10
-290
-368
-289
-141
23
234
568
1085
1757
2469
3072
3469
3668
3798
4058
4562
5195
5596
5330
4206
2565
1189
676
759
416
-1066
-3195
-4648
-4685
-4024
-4025
-5152
-6459
-6729
-5791
-4562
-3901
-3724
-3271
-2037
-311
1172
1925
2100
2206
2544
2926
2908
2297
1307
349
-344
-826
-1281
-1776
-2221
-2547
-2786
-2994
-3102
-3016
-2781
-2551
-2382
-2145
-1700
-1091
-525
-152
70
329
765
1308
1742
1933
1960
2036
2241
2443
2448
2261
2136
2297
2707
3104
3349
3570
3984
4595
5062
4926
4089
3007
2330
2147
1842
789
-847
-2254
-2876
-3018
-3406
-4306
-5296
-5810
-5744
-5399
-5110
-4943
-4718
-4133
-3044
-1639
-336
578
1187
1782
2481
3071
3277
3100
2858
2806
2806
2451
1576
503
-312
-806
-1304
-2001
-2655
-2884
-2643
-2306
-2286
-2599
-2819
-2493
-1632
-718
-198
-32
184
724
1466
2123
2590
3007
3475
3889
4041
3941
3837
3956
4244
4429
4299
3919
3540
3312
3093
2617
1880
1253
1063
1117
875
87
-892
-1552
-1848
-2167
-2810
-3683
-4490
-5045
-5300
-5271
-5030
-4689
-4283
-3677
-2763
-1698
-863
-475
-340
-73
478
1118
1550
1673
1609
1492
1363
1233
1192
1320
1534
1571
1275
788
384
84
-386
-1174
-2052
-2620
-2760
-2701
-2713
-2822
-2840
-2594
-2076
-1401
-667
48
682
1182
1556
1861
2139
2385
2544
2599
2600
2644
2777
2964
3136
3224
3185
3002
2713
2375
1999
1573
1112
668
252
-160
-579
-954
-1288
-1665
-2183
-2769
-3191
-3263
-3057
-2849
-2812
-2864
-2815
-2638
-2473
-2401
-2290
-1908
-1198
-412
109
285
370
651
1175
1779
2247
2420
2286
2040
1951
2084
2164
1812
942
-94
-801
-1022
-1068
-1372
-2036
-2792
-3275
-3352
-3140
-2839
-2576
-2369
-2199
-2011
-1720
-1235
-572
129
694
1066
1333
1618
1979
2406
2800
2991
2857
2506
2246
2269
2445
2481
2282
2044
2011
2195
2370
2294
1938
1507
1228
1123
1003
704
284
-56
-205
-247
-369
-665
-1065
-1395
-1508
-1401
-1186
-988
-842
-695
-480
-159
235
590
773
790
836
1142
1679
2142
2200
1859
1424
1173
1101
944
474
-322
-1219
-1946
-2389
-2633
-2874
-3221
-3597
-3761
-3565
-3150
-2844
-2798
-2769
-2386
-1596
-785
-390
-410
-412
-26
603
977
850
500
360
485
587
491
386
570
1046
1500
1648
1534
1429
1504
1652
1664
1475
1213
1041
977
929
787
527
206
-67
-212
-232
-221
-289
-481
-729
-886
-854
-691
-559
-536
-512
-308
106
556
816
816
684
631
786
1076
1260
1138
717
219
-137
-296
-410
-680
-1146
-1631
-1914
-1953
-1891
-1864
-1870
-1846
-1770
-1650
-1437
-1078
-591
-86
326
571
638
593
556
616
693
591
220
-236
-464
-356
-173
-224
-519
-727
-574
-122
340
634
851
1165
1595
1959
2088
1980
1786
1620
1460
1211
815
327
-106
-349
-356
-214
-81
-45
-77
-52
109
375
609
654
474
184
-17
-7
170
326
301
103
-131
-317
-494
-731
-1010
-1255
-1416
-1502
-1541
-1570
-1617
-1679
-1681
-1522
-1189
-819
-589
-496
-352
7
473
781
807
710
730
897
1014
883
532
184
25
46
89
19
-136
-247
-177
106
510
847
948
818
658
708
1000
1339
1499
1463
1360
1283
1181
980
718
509
380
245
13
-270
-444
-400
-179
56
167
132
69
139
365
582
620
491
331
199
29
-241
-581
-917
-1226
-1488
-1660
-1712
-1669
-1617
-1623
-1696
-1767
-1739
-1547
-1255
-1026
-988
-1082
-1108
-906
-529
-156
63
92
-12
-129
-113
90
355
487
397
164
-49
-130
-77
-4
-8
-60
-53
24
117
256
607
1190
1730
1916
1767
1616
1685
1852
1831
1491
955
417
-1
-273
-435
-530
-577
-543
-386
-115
210
536
851
1113
1233
1170
994
843
795
843
903
854
644
352
93
-120
-364
-651
-920
-1149
-1375
-1607
-1745
-1680
-1443
-1228
-1187
-1249
-1168
-818
-354
-58
-58
-217
-310
-248
-159
-222
-450
-673
-730
-653
-618
-733
-925
-1019
-943
-774
-624
-481
-220
212
720
1138
1413
1621
1852
2086
2228
2181
1916
1480
984
536
178
-120
-386
-568
-572
-405
-231
-171
-134
66
430
753
890
934
1050
1255
1372
1243
920
608
446
345
146
-155
-409
-505
-521
-634
-893
-1157
-1229
-1077
-892
-890
-1091
-1294
-1315
-1195
-1122
-1214
-1399
-1527
-1523
-1408
-1257
-1122
-1011
-874
-655
-376
-149
-65
-91
-104
-29
86
160
178
208
318
498
669
793
906
1054
1199
1289
1347
1430
1522
1500
1277
928
649
590
701
770
650
395
206
182
252
271
189
85
87
263
527
709
703
569
459
480
608
731
746
600
296
-85
-424
-610
-641
-620
-663
-793
-884
-785
-507
-228
-138
-241
-409
-520
-559
-615
-795
-1118
-1462
-1667
-1669
-1542
-1408
-1333
-1285
-1222
-1134
-1033
-917
-780
-627
-451
-240
5
259
511
739
910
1009
1055
1050
960
791
612
501
479
521
544
432
152
-151
-283
-192
-12
93
79
34
91
287
531
681
697
668
687
738
701
500
220
16
-65
-112
-210
-320
-339
-203
41
283
421
461
498
584
668
651
506
278
47
-146
-306
-460
-589
-638
-581
-479
-440
-517
-671
-819
-914
-961
-969
-930
-849
-764
-693
-606
-440
-183
145
495
825
1070
1173
1136
1042
982
975
971
924
835
695
495
284
187
248
341
265
11
-204
-185
51
299
393
312
172
117
196
338
439
442
363
281
272
338
359
245
41
-100
-90
21
94
34
-145
-318
-380
-321
-218
-147
-143
-183
-213
-208
-188
-203
-262
-361
-502
-672
-810
-849
-805
-780
-847
-971
-1044
-1015
-917
-818
-739
-649
-493
-254
-4
180
296
413
555
668
725
752
756
685
523
349
246
177
31
-245
-562
-775
-818
-743
-644
-547
-408
-183
96
345
511
578
555
463
337
199
23
-231
-531
-761
-836
-792
-753
-789
-863
-887
-800
-621
-410
-229
-96
-11
54
128
240
369
463
476
418
351
311
259
130
-68
-237
-316
-350
-401
-435
-360
-171
34
167
254
397
640
901
1045
1030
973
1006
1140
1251
1207
990
705
508
462
490
481
400
299
247
283
395
511
550
504
452
477
578
650
623
546
562
725
935
1008
850
551
295
199
192
134
-18
-168
-222
-202
-202
-277
-388
-458
-451
-392
-333
-318
-361
-430
-474
-458
-374
-256
-175
-195
-299
-426
-545
-684
-873
-1089
-1268
-1362
-1369
-1318
-1240
-1162
-1109
-1101
-1127
-1125
-1036
-854
-610
-359
-145
-33
-24
-52
-1
151
304
318
151
-85
-250
-288
-263
-243
-243
-208
-98
70
217
280
272
309
456
660
788
767
653
551
520
507
445
324
199
97
-2
-117
-226
-295
-349
-433
-543
-605
-580
-512
-470
-457
-394
-225
8
200
276
256
231
270
359
411
337
139
-69
-159
-135
-127
-242
-434
-565
-569
-498
-437
-386
-280
-78
167
362
472
545
657
805
908
886
759
625
550
524
521
558
657
781
843
786
617
402
242
218
331
476
525
444
347
367
518
669
685
567
419
330
311
313
281
191
54
-99
-231
-317
-350
-360
-417
-536
-630
-554
-281
30
190
182
168
304
576
818
866
718
522
411
364
265
60
-185
-371
-460
-498
-573
-716
-851
-858
-716
-551
-496
-543
-535
-359
-89
95
111
60
71
153
224
225
169
126
125
118
5
-245
-538
-726
-725
-582
-432
-387
-442
-483
-437
-328
-240
-224
-264
-306
-308
-286
-289
-342
-415
-470
-505
-558
-653
-785
-924
-1016
-1003
-860
-646
-459
-333
-210
-12
275
596
866
1013
1015
923
816
737
655
503
235
-115
-448
-657
-723
-720
-739
-792
-821
-763
-599
-364
-120
33
42
-43
-89
11
232
438
508
436
323
257
245
233
204
201
253
351
462
564
629
632
596
585
630
705
764
797
809
789
713
592
479
447
500
573
550
409
232
131
106
76
5
-53
-52
-24
-28
-75
-110
-71
38
145
172
100
1
-49
-29
1
-51
-192
-352
-453
-512
-592
-695
-755
-727
-670
-693
-853
-1058
-1165
-1099
-926
-749
-614
-488
-340
-162
20
192
360
520
663
762
799
749
624
481
403
430
526
613
644
662
748
906
1056
1111
1062
967
878
787
653
473
323
265
263
228
148
82
68
58
-11
-141
-278
-378
-436
-465
-469
-444
-414
-413
-443
-470
-482
-504
-562
-636
-706
-778
-858
-938
-1005
-1088
-1214
-1372
-1484
-1485
-1390
-1285
-1244
-1238
-1200
-1115
-1031
-977
-913
-786
-592
-387
-231
-129
-20
140
322
462
525
551
614
742
894
993
1019
1005
1019
1077
1156
1212
1227
1217
1187
1123
994
833
714
704
775
841
826
727
596
497
474
507
512
413
225
43
-38
6
106
154
94
-40
-153
-180
-119
-51
-78
-260
-527
-736
-785
-703
-613
-615
-707
-805
-839
-810
-766
-742
-755
-789
-827
-810
-696
-489
-258
-111
-92
-133
-106
55
267
381
345
264
279
409
527
517
394
314
390
575
719
733
660
602
607
636
627
563
475
404
373
377
391
382
342
288
238
201
175
143
67
-84
-277
-410
-420
-328
-211
-105
-10
62
98
105
104
115
136
141
106
21
-85
-179
-237
-258
-258
-264
-310
-397
-487
-520
-481
-425
-429
-496
-560
-571
-552
-556
-586
-579
-484
-323
-169
-79
-21
70
195
262
210
91
12
4
15
-2
-29
-24
30
105
166
214
247
256
207
118
62
110
243
355
371
299
203
133
93
44
-50
-159
-216
-179
-91
-9
38
67
85
89
66
30
4
-9
-38
-107
-191
-247
-256
-238
-214
-220
-259
-321
-380
-446
-536
-639
-710
-705
-621
-489
-375
-327
-343
-365
-334
-245
-147
-102
-124
-174
-202
-201
-197
-198
-165
-71
82
232
321
332
288
206
74
-77
-149
-12
336
745
991
954
695
417
304
406
652
958
1270
1566
1813
1935
1873
1566
1025
276
-570
-1343
-1812
-1827
-1410
-734
-2
675
1228
1603
1728
1595
1261
855
522
377
423
542
589
499
305
40
-314
-779
-1280
-1711
-1988
-2106
-2071
-1889
-1582
-1199
-793
-428
-149
31
187
377
583
710
704
606
485
353
132
-239
-738
-1224
-1552
-1663
-1581
-1341
-960
-486
-9
356
544
545
415
242
105
46
66
156
301
513
784
1057
1227
1198
984
672
370
106
-123
-312
-419
-407
-298
-143
-31
-15
-115
-267
-409
-490
-454
-282
3
276
453
494
476
449
424
333
132
-143
-392
-533
-591
-627
-733
-909
-1082
-1121
-977
-731
-542
-488
-540
-575
-519
-339
-90
161
373
521
639
721
797
834
874
879
833
677
467
323
332
504
706
835
784
637
488
470
542
690
836
1006
1137
1221
1205
1096
956
816
753
666
568
380
190
33
-21
25
82
79
-79
-335
-599
-803
-879
-920
-890
-930
-975
-1057
-1086
-1076
-1109
-1129
-1216
-1180
-1149
-1032
-1026
-1060
-1118
-1076
-895
-754
-702
-827
-864
-739
-453
-200
-117
-157
-233
-248
-191
-123
-37
13
86
198
317
371
192
51
22
352
639
741
527
194
58
73
336
486
616
581
627
733
905
974
885
772
682
721
682
694
597
535
305
51
-191
-238
-117
79
279
384
433
355
288
220
223
154
68
-122
-203
-259
-118
25
174
211
109
24
-67
-44
-123
-206
-333
-377
-463
-544
-629
-569
-448
-317
-292
-276
-205
-84
16
11
43
106
253
291
257
160
134
78
43
7
135
306
454
475
420
428
425
485
396
357
246
236
180
126
77
52
170
316
518
541
446
230
56
-121
-294
-485
-563
-555
-462
-428
-480
-653
-877
-972
-874
-520
-217
-52
-286
-600
-899
-806
-601
-360
-410
-642
-941
-1133
-1069
-992
-853
-952
-933
-970
-787
-654
-481
-382
-293
-251
-266
-289
-223
-9
219
320
197
26
-95
-16
169
441
659
782
788
687
519
328
215
217
296
409
511
704
883
1037
917
747
568
654
796
928
915
807
695
547
389
180
170
327
611
582
321
-78
-201
-163
8
32
56
47
131
202
251
288
268
264
204
226
233
315
316
243
24
-276
-552
-722
-712
-551
-314
-66
141
329
463
519
550
609
721
745
665
458
269
60
-122
-258
-178
173
660
926
838
496
236
148
166
226
260
296
179
24
-263
-426
-567
-508
-386
-271
-211
-371
-562
-807
-805
-681
-461
-357
-393
-473
-621
-621
-718
-733
-827
-807
-703
-611
-447
-387
-275
-391
-485
-723
-803
-893
-887
-862
-825
-644
-523
-364
-405
-361
-351
-212
-227
-308
-446
-458
-267
-57
226
331
416
265
108
3
105
285
367
272
53
-104
-142
-32
56
109
92
65
56
109
185
239
247
282
387
507
616
659
624
469
172
-188
-509
-606
-469
-193
-14
54
37
73
107
183
202
234
166
123
55
70
131
185
188
28
-76
-106
79
265
344
278
118
65
84
224
367
551
730
813
716
476
305
277
425
591
790
878
914
776
614
480
491
590
630
645
526
445
280
257
278
392
433
417
359
295
219
131
67
28
89
153
262
294
382
434
456
388
260
111
-94
-309
-505
-613
-634
-544
-412
-290
-304
-329
-384
-354
-436
-527
-653
-687
-635
-572
-502
-574
-725
-897
-969
-991
-1031
-1103
-1056
-917
-694
-584
-508
-524
-526
-593
-699
-781
-873
-799
-711
-488
-395
-352
-400
-383
-249
-74
81
82
27
-69
-118
-218
-297
-345
-204
-16
147
125
-5
-174
-253
-167
-20
161
216
323
313
299
170
106
135
168
224
109
77
-23
2
-126
-207
-179
81
435
633
702
626
637
682
725
624
416
278
238
277
235
228
226
315
327
278
162
75
109
226
405
501
558
430
258
22
27
183
415
496
454
370
338
358
418
486
546
560
508
398
328
410
662
955
1065
946
635
365
201
240
246
200
-68
-239
-259
82
487
736
645
243
-97
-234
28
399
734
823
676
377
67
-141
-217
-227
-264
-475
-795
-1086
-1115
-924
-689
-534
-573
-644
-752
-681
-538
-304
-199
-147
-191
-240
-317
-403
-407
-453
-473
-639
-722
-854
-827
-881
-898
-987
-1048
-1104
-1204
-1205
-1175
-994
-852
-677
-580
-384
-99
234
375
248
-7
-199
-245
-200
-185
-207
-292
-346
-460
-511
-494
-247
69
386
587
670
653
593
604
628
619
554
533
593
677
684
542
250
-33
-234
-209
-108
82
174
185
99
35
102
177
243
142
100
64
227
395
539
522
372
269
252
409
514
576
434
256
-26
-209
-282
-151
101
274
341
250
216
138
146
126
272
436
560
495
357
305
333
360
349
355
355
340
277
290
319
408
376
280
75
-48
-44
136
325
380
269
97
70
151
279
219
7
-237
-340
-241
-109
-63
-317
-641
-884
-814
-651
-504
-446
-383
-278
-159
-58
-38
-46
-54
14
30
-37
-207
-303
-321
-254
-208
-169
-185
-217
-253
-277
-310
-313
-261
-164
-119
-178
-274
-284
-201
-113
-133
-206
-279
-250
-131
-9
10
-121
-237
-288
-156
2
116
-23
-274
-413
-294
-13
117
74
-149
-273
-300
-104
58
203
160
128
112
199
328
343
283
97
88
121
274
306
344
311
249
161
75
42
-5
35
85
169
121
83
33
75
134
203
220
153
97
24
-4
-125
-216
-348
-392
-391
-279
-164
-138
-150
-178
-117
-165
-170
-197
-116
-109
-86
-54
37
107
69
-24
-149
-62
158
428
462
346
192
194
297
415
419
285
211
306
549
688
570
356
134
72
51
115
187
247
294
271
282
220
225
175
197
169
127
15
-111
-150
-163
-104
-112
-63
-79
-81
-180
-239
-336
-349
-355
-347
-377
-479
-496
-513
-448
-491
-475
-448
-302
-224
-207
-277
-286
-217
-123
-119
-209
-289
-278
-169
-40
79
172
185
114
-44
-190
-265
-265
-171
-75
31
107
154
155
39
-21
-58
72
168
236
216
64
-14
-161
-138
-240
-239
-335
-342
-356
-318
-225
-154
-66
-86
-4
130
446
597
605
353
173
129
308
605
873
1034
918
652
313
163
116
123
18
-189
-409
-506
-418
-295
-245
-305
-293
-173
100
329
504
449
303
72
-90
-107
-39
184
335
520
560
577
494
448
470
556
626
548
388
206
142
121
81
-22
-99
-88
21
138
208
226
224
186
72
-106
-275
-319
-277
-233
-328
-430
-425
-216
-17
39
-133
-369
-563
-601
-445
-182
109
231
248
108
38
-34
9
-32
-84
-184
-237
-250
-306
-388
-619
-805
-985
-910
-749
-494
-398
-480
-716
-908
-891
-733
-543
-449
-378
-326
-262
-234
-182
-146
-99
-92
-99
-91
-51
65
97
19
-198
-379
-448
-388
-184
26
193
132
-23
-223
-320
-301
-143
102
309
386
299
140
7
93
376
756
943
847
531
203
102
174
365
454
522
582
698
827
894
888
756
631
472
440
402
461
416
398
324
353
408
497
551
491
370
188
137
195
416
600
678
587
485
460
550
651
709
674
618
563
540
480
361
154
-120
-409
-610
-643
-587
-510
-501
-456
-449
-459
-555
-598
-578
-482
-394
-330
-343
-380
-426
-415
-346
-257
-173
-210
-259
-343
-357
-445
-523
-546
-424
-215
-93
-53
-128
-147
-188
-199
-261
-291
-297
-266
-245
-231
-229
-212
-211
-184
-236
-290
-378
-353
-299
-264
-280
-327
-318
-327
-348
-409
-405
-327
-163
-51
61
117
232
273
262
209
184
205
143
-10
-265
-477
-588
-574
-514
-473
-489
-562
-638
-673
-571
-388
-168
-30
2
-30
-46
60
219
373
388
340
296
302
321
278
272
353
491
540
418
272
225
349
512
573
497
364
297
301
339
394
435
426
308
119
-62
-89
60
276
347
247
130
144
306
505
607
519
216
-87
-219
-80
153
343
362
287
185
198
284
374
416
376
339
285
304
313
287
183
57
14
148
414
618
526
227
-52
-60
79
228
298
303
295
196
97
-28
-30
60
242
315
217
-49
-290
-426
-438
-438
-480
-513
-461
-304
-226
-293
-491
-577
-542
-432
-393
-365
-323
-295
-377
-566
-700
-674
-467
-282
-178
-153
-106
-38
-64
-166
-348
-449
-489
-444
-369
-312
-278
-335
-375
-375
-267
-168
-147
-190
-233
-216
-232
-280
-402
-451
-413
-261
-130
-94
-164
-256
-263
-185
-25
88
156
86
17
-47
-30
-62
-120
-156
-61
132
285
358
361
377
407
448
443
386
297
275
328
387
401
346
269
203
184
213
252
263
244
209
172
181
230
335
426
458
398
279
165
134
157
176
73
-82
-203
-183
-89
-29
-32
-104
-114
-94
-12
40
67
95
179
345
556
672
646
508
457
516
603
540
317
57
-116
-101
30
247
352
354
175
-5
-153
-218
-221
-205
-91
-10
59
83
131
187
155
50
-74
-65
20
170
250
271
184
75
-3
-10
-39
-130
-238
-291
-245
-221
-227
-306
-370
-399
-409
-435
-514
-592
-651
-693
-782
-897
-984
-964
-888
-779
-725
-660
-642
-592
-571
-529
-469
-325
-97
107
188
125
34
-55
-70
-39
98
274
411
434
353
262
202
156
91
33
40
68
87
62
47
-1
-70
-113
-63
83
213
283
260
202
166
147
194
238
344
375
337
199
75
74
152
303
376
426
345
234
75
-26
-79
-92
-70
-91
-121
-216
-229
-210
-102
-70
-80
-165
-175
-97
32
118
130
141
136
110
5
-67
-58
92
259
428
484
493
407
305
187
112
175
292
420
382
356
318
324
219
52
-111
-149
-52
58
25
-179
-413
-486
-343
-93
76
61
-59
-155
-135
-106
-119
-203
-169
-77
22
-39
-120
-100
28
134
115
50
14
16
23
25
60
134
201
213
74
-137
-341
-341
-267
-189
-200
-183
-122
-60
-25
-15
3
49
96
82
-25
-169
-222
-220
-175
-146
-72
-36
-19
-47
-13
2
-12
-9
87
275
399
453
393
294
149
104
137
206
197
121
128
205
372
436
429
304
181
82
-14
-82
-181
-186
-184
-133
-95
-58
-8
30
81
109
116
144
187
238
180
43
-161
-310
-385
-399
-458
-597
-697
-703
-620
-609
-598
-577
-486
-407
-336
-255
-199
-156
-165
-125
-79
-7
-6
-53
-90
-39
80
120
66
-35
-74
-85
-85
-54
-27
-2
-2
35
78
99
97
58
-12
-132
-147
-60
198
384
482
395
257
122
41
32
39
49
0
43
159
354
387
287
132
115
209
320
289
122
-136
-326
-353
-235
-33
78
124
63
1
-84
-130
-158
-182
-235
-279
-296
-267
-232
-185
-134
-59
33
105
129
133
188
265
304
243
122
0
-81
-97
-16
118
271
322
268
138
43
84
214
360
388
335
215
126
104
189
302
341
252
165
208
476
763
854
637
298
121
155
363
504
544
345
59
-240
-376
-361
-234
-104
-61
-95
-129
-94
-89
-111
-185
-144
-92
-31
-107
-203
-308
-343
-341
-327
-304
-332
-321
-329
-266
-215
-130
-128
-167
-254
-285
-319
-371
-481
-632
-749
-753
-510
-144
195
309
228
64
-68
-91
-81
-47
-75
-107
-148
-152
-122
-86
-96
-147
-185
-165
-107
-96
-105
-178
-248
-399
-485
-463
-278
-53
83
114
24
-98
-228
-258
-185
-51
35
80
124
191
176
39
-138
-169
-24
177
229
149
8
-70
-51
20
178
295
461
531
610
566
525
459
380
274
101
17
-41
21
48
50
85
184
384
418
344
134
20
-56
-72
-53
-51
25
65
210
248
269
189
182
229
349
435
430
365
303
337
342
309
177
123
96
85
-26
-178
-216
-138
21
-3
-157
-381
-482
-422
-298
-129
-48
23
-16
-95
-203
-333
-377
-401
-278
-180
-105
-124
-136
-48
78
218
228
196
106
91
144
226
226
95
-84
-193
-209
-177
-160
-126
-35
92
204
226
208
165
195
256
351
359
288
153
50
11
25
57
11
-64
-143
-110
-52
15
61
93
88
22
37
128
260
243
117
-45
-114
-102
-93
-144
-245
-284
-266
-169
-80
-10
-20
-115
-238
-322
-354
-355
-394
-407
-464
-465
-473
-408
-347
-344
-361
-399
-330
-279
-234
-224
-172
-84
-65
-101
-92
36
233
317
279
107
-48
-126
-90
5
28
-22
-119
-158
-152
-141
-124
-106
-92
-128
-208
-279
-329
-306
-262
-201
-210
-250
-259
-185
-36
17
9
-112
-120
-140
-82
-70
2
87
174
261
330
440
513
594
597
627
555
469
287
254
328
468
482
335
208
125
213
290
421
454
485
453
381
257
138
102
133
220
287
336
285
187
46
-8
18
131
281
401
458
393
338
322
395
399
308
130
-32
-123
-209
-272
-358
-362
-307
-242
-229
-302
-344
-289
-97
94
176
70
-114
-274
-352
-312
-216
-85
-62
-133
-233
-284
-262
-251
-193
-170
-136
-201
-296
-388
-404
-257
-61
103
96
6
-71
-142
-206
-316
-374
-408
-350
-274
-171
-131
-119
-130
-135
-79
-18
96
93
91
3
2
1
17
32
10
105
175
301
301
292
237
179
119
39
44
-4
24
0
142
215
225
26
-157
-256
-207
-73
47
175
208
223
121
25
-93
-93
-40
90
152
101
-36
-170
-227
-301
-327
-288
-83
121
223
169
40
-29
-37
35
63
31
-71
-222
-324
-405
-372
-392
-425
-523
-451
-307
-128
-95
-101
-99
-129
-146
-145
16
124
175
40
-33
-87
-11
63
168
261
301
277
132
13
-84
-18
84
228
272
248
174
113
106
77
29
-73
-141
-183
-190
-162
-106
49
213
378
431
427
398
383
384
330
236
164
189
293
376
446
504
530
411
183
-23
-78
31
180
317
339
289
172
118
175
332
478
555
524
384
176
-1
-71
-110
-194
-316
-345
-232
-85
-58
-159
-296
-268
-139
25
22
-46
-144
-143
-86
-7
-12
-176
-279
-278
-41
80
117
-37
-140
-185
-110
-42
-148
-374
-615
-597
-424
-116
71
166
56
-80
-210
-270
-288
-350
-367
-411
-330
-247
-130
-113
-126
-156
-182
-204
-195
-158
-162
-269
-376
-383
-248
-9
200
339
289
161
39
-12
55
116
193
109
-62
-306
-469
-434
-221
87
242
257
69
-166
-429
-531
-469
-295
-213
-319
-488
-574
-439
-278
-90
36
198
315
370
343
243
80
-89
-171
-133
6
126
208
175
83
-43
-120
-90
-4
136
152
101
-67
-124
-57
143
296
257
114
-44
-11
47
194
281
459
607
767
807
727
554
396
387
388
450
431
569
666
777
703
581
416
340
366
429
437
243
19
-206
-192
-81
87
131
64
-82
-211
-264
-257
-218
-233
-214
-226
-191
-186
-185
-234
-286
-289
-295
-332
-428
-393
-241
-65
-55
-232
-392
-404
-181
85
292
360
354
260
90
-90
-189
-159
-65
57
116
67
-49
-140
-124
-51
29
80
103
115
132
110
40
-81
-173
-186
-195
-171
-195
-92
7
112
53
-57
-59
65
271
311
259
109
50
78
216
407
498
393
112
-107
-122
-15
9
-60
-170
-156
-143
-130
-231
-366
-475
-504
-426
-340
-241
-181
-115
-90
-106
-170
-285
-430
-588
-691
-669
-502
-298
-152
-202
-353
-540
-617
-568
-459
-361
-304
-291
-247
-211
-119
-31
82
140
148
137
106
95
9
-105
-232
-266
-100
202
520
637
527
285
96
19
29
-5
-80
-161
-153
-71
53
162
230
292
324
372
354
301
262
294
381
394
300
148
27
5
53
76
63
8
22
61
130
203
275
294
283
281
298
284
256
282
418
532
602
513
398
305
329
417
447
414
318
235
141
133
139
177
104
35
-57
-57
-17
74
122
69
-21
-72
43
193
375
425
382
238
97
67
91
173
198
188
96
16
-9
-20
-36
-165
-255
-420
-442
-428
-315
-230
-203
-161
-203
-181
-237
-185
-296
-392
-599
-677
-648
-516
-333
-302
-322
-513
-622
-731
-635
-466
-281
-145
-153
-138
-213
-230
-271
-268
-275
-277
-233
-202
-248
-400
-497
-460
-315
-224
-228
-308
-351
-334
-298
-268
-284
-248
-197
-107
-62
-99
-202
-305
-298
-142
101
289
342
291
272
332
472
582
551
346
45
-76
-24
231
451
717
904
1007
905
685
506
480
549
561
473
342
226
105
16
-15
79
193
336
354
207
-101
-331
-331
-149
7
34
-43
-140
-162
-130
-24
36
86
105
191
262
247
119
-36
-68
7
177
279
245
171
83
134
118
110
-30
-122
-208
-185
-97
8
129
108
113
107
264
382
371
159
-75
-161
-85
27
-41
-214
-428
-483
-379
-147
57
95
-53
-191
-198
-109
-47
-36
-14
11
5
-74
-154
-251
-251
-189
-84
51
132
219
223
178
80
-68
-185
-266
-232
-225
-224
-302
-331
-343
-355
-329
-289
-138
25
114
122
18
-1
3
55
28
-63
-190
-276
-227
-163
-61
-87
-70
-82
-44
9
13
-6
-16
64
160
115
73
32
199
236
255
167
196
265
246
191
56
76
56
155
73
6
-155
-142
-82
-10
-16
-94
-175
-282
-312
-294
-221
-136
-157
-183
-326
-362
-353
-247
-96
-43
32
-21
41
-11
52
12
38
-18
-83
-133
-169
-122
-117
-92
-157
-132
-70
108
273
322
289
128
-6
-172
-273
-283
-225
-153
-149
-114
-96
-32
-33
70
164
304
355
394
433
478
553
498
485
426
508
495
391
241
103
174
233
357
321
273
198
125
88
-33
-4
9
128
32
-86
-224
-150
2
116
71
-120
-252
-268
-23
275
575
557
423
188
181
256
303
141
-181
-375
-418
-229
-72
160
282
358
310
183
145
137
250
185
10
-317
-549
-650
-637
-506
-367
-167
-100
-93
-195
-216
-136
-5
65
-6
1
67
184
134
-64
-283
-416
-366
-278
-176
-215
-244
-266
-169
-69
-22
-67
-80
22
189
210
25
-214
-241
-13
304
466
400
203
-15
-162
-280
-325
-293
-159
-33
-1
-49
-111
-149
-167
-206
-145
-72
16
-84
-292
-450
-456
-284
-122
24
82
80
-18
-157
-200
-158
-18
60
137
177
132
-16
-220
-292
-119
175
416
428
307
132
-20
-192
-280
-262
-139
-44
-93
-206
-357
-320
-162
104
180
87
-131
-249
-267
-184
-87
-54
-98
-182
-133
-32
150
204
218
17
-237
-443
-410
-179
-7
68
-10
-8
96
283
461
542
610
626
603
575
514
514
443
445
410
382
290
165
64
-32
-31
14
143
201
167
26
-89
-54
92
263
290
258
107
72
86
301
450
483
374
232
201
167
206
189
157
17
-190
-347
-402
-319
-238
-207
-218
-229
-124
-53
11
-83
-197
-257
-174
46
144
98
-133
-208
-175
10
84
83
-32
-147
-157
-90
11
-10
-63
-132
-119
-56
4
-22
-195
-336
-373
-246
-58
108
202
196
194
235
334
383
347
206
11
-157
-188
-100
-2
-29
-133
-212
-155
-16
117
95
-66
-271
-381
-337
-257
-193
-277
-390
-495
-445
-359
-342
-407
-422
-269
-125
-68
-119
-150
-120
-72
36
122
210
154
67
-64
-39
19
109
144
129
127
65
16
-53
-107
-238
-446
-627
-598
-366
-80
27
-72
-229
-195
48
354
531
526
390
172
-53
-229
-279
-212
-40
103
197
136
-4
-166
-277
-337
-445
-502
-519
-372
-176
9
97
134
302
577
900
1032
928
712
606
755
971
1076
988
821
660
507
417
407
461
467
390
229
24
-182
-320
-365
-362
-320
-261
-170
-145
-189
-270
-265
-121
67
214
220
150
33
-66
-153
-254
-377
-495
-528
-456
-297
-134
-77
-190
-404
-528
-409
-113
125
159
23
-33
141
541
968
1197
1152
905
655
538
532
578
571
523
383
199
2
-184
-390
-667
-961
-1214
-1354
-1387
-1307
-1193
-1046
-883
-622
-352
-149
-64
2
114
235
293
309
375
539
680
689
528
318
101
-140
-448
-720
-824
-740
-609
-582
-610
-568
-373
-153
-39
-70
-179
-273
-310
-247
-102
81
249
371
374
227
-6
-132
-66
130
311
448
531
568
500
367
239
169
125
1
-210
-469
-685
-846
-963
-1046
-1098
-1111
-1126
-1144
-1166
-1186
-1207
-1270
-1331
-1334
-1189
-910
-622
-426
-336
-237
-28
275
577
812
1011
1242
1487
1672
1757
1801
1869
1995
2125
2210
2213
2164
2101
1998
1840
1665
1570
1562
1583
1573
1562
1598
1677
1720
1583
1145
383
-508
-1219
-1554
-1590
-1589
-1770
-2114
-2506
-2806
-2968
-2953
-2756
-2463
-2218
-2143
-2201
-2190
-1867
-1155
-183
812
1630
2177
2441
2523
2509
2460
2338
2116
1818
1441
928
172
-765
-1720
-2519
-3082
-3412
-3524
-3480
-3324
-3083
-2732
-2197
-1457
-583
305
1139
1947
2765
3615
4483
5321
6005
6400
6432
6189
5840
5468
4884
3798
2150
330
-1155
-2090
-2685
-3273
-4031
-4931
-5854
-6672
-7213
-7272
-6775
-5886
-4938
-4171
-3514
-2748
-1669
-333
1130
2535
3753
4633
5054
4988
4571
4047
3563
3101
2519
1695
577
-768
-2135
-3266
-3978
-4357
-4616
-4913
-5168
-5190
-4887
-4256
-3395
-2406
-1401
-433
514
1494
2569
3699
4784
5667
6266
6568
6648
6574
6388
6079
5649
5141
4594
3890
2729
920
-1296
-3192
-4150
-4160
-3875
-4013
-4741
-5629
-6153
-6091
-5530
-4589
-3429
-2280
-1444
-1027
-805
-335
637
2016
3414
4457
4901
4738
4091
3219
2413
1908
1622
1227
407
-818
-2122
-3199
-3928
-4398
-4633
-4667
-4558
-4434
-4271
-3884
-3080
-1834
-366
1013
2052
2745
3238
3715
4300
5020
5814
6426
6659
6421
5866
5215
4679
4376
4075
3293
1504
-1168
-3920
-5707
-6106
-5625
-5160
-5310
-5944
-6669
-7050
-6852
-5902
-4328
-2527
-1001
29
649
1195
1971
3164
4638
6010
6785
6677
5751
4327
2850
1647
825
125
-790
-2116
-3674
-5144
-6230
-6800
-6778
-6202
-5286
-4365
-3559
-2702
-1538
-14
1742
3470
4923
5878
6298
6401
6475
6675
6879
6935
6772
6372
5672
4622
3339
2137
1294
718
-167
-1935
-4449
-6751
-7810
-7458
-6456
-5731
-5538
-5533
-5376
-5037
-4504
-3513
-1919
-57
1385
2062
2237
2466
3023
3836
4695
5388
5591
5023
3680
1968
421
-686
-1481
-2259
-3157
-4142
-5104
-5935
-6445
-6453
-5886
-4882
-3737
-2683
-1772
-858
180
1417
2744
3939
4717
5009
4993
4943
5012
5122
5176
5093
4945
4711
4363
3803
3060
2255
1638
1292
912
-127
-2091
-4371
-5850
-5907
-5012
-4183
-4031
-4340
-4573
-4480
-4097
-3451
-2452
-1194
2
782
1144
1388
1826
2552
3458
4350
4918
4898
4187
2998
1671
545
-273
-922
-1643
-2540
-3501
-4312
-4807
-4942
-4735
-4202
-3376
-2394
-1432
-580
255
1229
2368
3437
4148
4386
4350
4293
4329
4375
4355
4333
4432
4635
4749
4556
4002
3218
2476
1920
1353
257
-1642
-3898
-5553
-5972
-5429
-4743
-4508
-4631
-4740
-4636
-4375
-3898
-2997
-1657
-254
716
1144
1309
1608
2219
3111
4041
4642
4567
3721
2309
730
-626
-1580
-2236
-2806
-3443
-4186
-4992
-5687
-5978
-5610
-4560
-3110
-1684
-570
222
886
1657
2653
3799
4786
5294
5243
4883
4498
4238
4052
3914
3862
3896
3903
3700
3153
2289
1346
728
558
380
-611
-2649
-4937
-6254
-6100
-5087
-4184
-3781
-3615
-3454
-3370
-3377
-3106
-2204
-802
505
1256
1458
1447
1518
1823
2417
3202
3806
3759
2850
1337
-258
-1554
-2484
-3190
-3795
-4368
-4963
-5512
-5792
-5473
-4441
-2902
-1309
35
1083
1936
2608
3189
3875
4757
5541
5718
5126
4152
3382
3038
2988
3075
3293
3537
3547
3114
2367
1642
1218
1128
1135
788
-407
-2452
-4635
-5866
-5659
-4474
-3292
-2737
-2769
-3046
-3265
-3228
-2668
-1517
-58
1103
1594
1495
1272
1351
1956
2957
3952
4353
3812
2452
756
-787
-1913
-2594
-2961
-3245
-3703
-4439
-5206
-5483
-4860
-3436
-1744
-324
667
1382
1983
2570
3250
4120
4925
5140
4437
3178
2114
1706
1800
1981
2071
2143
2200
2092
1748
1349
1104
1085
1271
1534
1435
311
-1985
-4563
-5979
-5532
-3874
-2374
-1887
-2250
-2838
-3203
-3161
-2547
-1318
177
1302
1630
1343
1016
1150
1869
2978
4090
4710
4430
3150
1269
-597
-1994
-2892
-3475
-3882
-4172
-4410
-4606
-4559
-3976
-2758
-1158
418
1671
2497
2894
2984
3023
3224
3479
3368
2630
1541
672
348
398
530
676
919
1186
1298
1314
1520
2020
2432
2434
2199
2074
1755
457
-1891
-4098
-4693
-3561
-2043
-1586
-2379
-3567
-4371
-4646
-4512
-3878
-2657
-1129
94
634
689
843
1518
2718
4103
5186
5506
4797
3152
1049
-902
-2295
-3090
-3439
-3533
-3573
-3734
-4000
-4063
-3595
-2532
-1158
180
1248
1946
2231
2169
2002
1987
2159
2282
2132
1694
1144
692
519
786
1481
2308
2851
2999
3082
3459
3966
4071
3595
3059
2962
2892
1792
-633
-3284
-4650
-4400
-3563
-3371
-4076
-5080
-5798
-6059
-5807
-4822
-3049
-954
668
1410
1537
1737
2483
3762
5131
6012
5998
4954
3081
830
-1181
-2484
-3073
-3329
-3673
-4167
-4629
-4816
-4588
-3859
-2621
-1074
389
1389
1842
1935
1912
1905
1977
2150
2311
2208
1651
826
214
177
644
1261
1748
2046
2245
2480
2852
3299
3603
3596
3458
3614
4113
4218
2931
226
-2686
-4413
-4756
-4677
-5102
-6033
-6809
-7030
-6811
-6331
-5351
-3586
-1234
984
2479
3230
3678
4250
5074
5964
6517
6269
4982
2885
569
-1388
-2759
-3613
-4091
-4274
-4334
-4536
-4933
-5113
-4550
-3209
-1646
-447
255
647
841
845
833
1158
1876
2496
2409
1538
453
-224
-305
32
622
1346
1929
2034
1691
1464
1953
3163
4470
5278
5595
5833
5959
5254
3017
-369
-3575
-5440
-5986
-6068
-6359
-6823
-7082
-6983
-6522
-5589
-3910
-1544
964
2823
3711
3952
4199
4789
5525
5982
5886
5221
4013
2342
404
-1421
-2817
-3760
-4485
-5140
-5572
-5542
-5063
-4426
-3901
-3493
-2961
-2045
-723
747
1988
2772
3116
3192
3142
2951
2558
1999
1446
1035
737
490
298
298
533
925
1404
2102
3208
4600
5763
6193
5888
5358
5065
4828
3897
1670
-1510
-4562
-6471
-7097
-6982
-6752
-6619
-6454
-6121
-5510
-4445
-2717
-461
1772
3369
4095
4136
3894
3757
3982
4544
5053
4921
3798
1835
-444
-2558
-4232
-5330
-5798
-5758
-5622
-5774
-6196
-6359
-5719
-4197
-2235
-369
1105
2129
2694
2830
2753
2808
3141
3444
3215
2283
1024
-8
-505
-519
-187
419
1191
1890
2322
2567
2959
3773
4926
5983
6421
6023
4990
3851
2953
2089
592
-1856
-4633
-6621
-7257
-6994
-6590
-6254
-5610
-4537
-3489
-2932
-2583
-1645
199
2292
3646
3937
3681
3542
3689
3881
3919
3766
3308
2240
390
-1977
-4228
-5824
-6575
-6615
-6193
-5608
-5147
-4931
-4736
-4104
-2769
-914
910
2268
3046
3413
3522
3443
3197
2842
2428
1963
1443
915
452
133
46
293
881
1625
2268
2710
3074
3556
4189
4786
5058
4889
4397
3830
3415
3097
2423
788
-1757
-4299
-5721
-5798
-5287
-5068
-5294
-5462
-5161
-4453
-3614
-2644
-1356
247
1730
2582
2696
2535
2701
3375
4143
4400
3863
2672
1099
-698
-2579
-4245
-5356
-5830
-5868
-5739
-5559
-5336
-4993
-4383
-3333
-1842
-148
1430
2697
3660
4323
4613
4486
4103
3771
3637
3568
3222
2412
1267
179
-492
-586
-197
417
1015
1487
1871
2218
2587
3084
3780
4538
5049
5142
4996
4953
4925
4199
2075
-1204
-4369
-6166
-6417
-5980
-5759
-5950
-6221
-6352
-6404
-6333
-5785
-4441
-2520
-690
521
1138
1579
2194
3104
4181
5126
5497
4962
3528
1556
-502
-2332
-3776
-4773
-5317
-5523
-5550
-5473
-5146
-4358
-3058
-1454
160
1600
2866
3997
4926
5539
5779
5668
5157
4169
2747
1171
-174
-1075
-1570
-1830
-1936
-1876
-1610
-1141
-475
386
1394
2479
3545
4540
5341
5773
5727
5372
5069
4983
4735
3616
1228
-1985
-4966
-6815
-7432
-7419
-7386
-7486
-7553
-7588
-7686
-7661
-6919
-5038
-2364
194
1963
3047
3955
4975
5960
6675
7010
6892
6134
4570
2342
-91
-2191
-3670
-4541
-4931
-4942
-4670
-4257
-3801
-3197
-2220
-733
1094
2854
4148
4757
4652
3923
2805
1667
880
587
586
460
-123
-1108
-2067
-2515
-2253
-1458
-485
378
1016
1389
1484
1449
1727
2780
4532
6197
6836
6199
4926
3879
3412
3223
2751
1558
-496
-3173
-5905
-7936
-8743
-8365
-7414
-6594
-6249
-6257
-6230
-5733
-4411
-2206
512
3009
4637
5209
5085
4833
4868
5293
5916
6385
6287
5348
3626
1556
-300
-1603
-2344
-2750
-3066
-3537
-4264
-5131
-5755
-5741
-4987
-3770
-2540
-1548
-736
74
876
1491
1786
1841
1829
1772
1572
1191
816
667
727
750
588
415
549
1089
1817
2451
2940
3399
3898
4334
4562
4518
4244
3844
3421
3069
2821
2587
2093
989
-891
-3271
-5504
-6980
-7557
-7560
-7427
-7336
-7173
-6723
-5882
-4672
-3191
-1541
135
1699
3082
4344
5536
6575
7261
7424
7067
6315
5310
4082
2591
810
-1167
-3149
-4917
-6297
-7177
-7522
-7454
-7210
-6968
-6692
-6213
-5445
-4471
-3397
-2209
-852
576
1792
2580
3018
3374
3825
4269
4494
4419
4173
3883
3496
2847
1957
1113
654
655
909
1178
1435
1793
2275
2787
3267
3811
4468
5045
5167
4669
3808
3096
2826
2751
2284
1058
-681
-2331
-3482
-4177
-4640
-4989
-5247
-5488
-5796
-6026
-5846
-5011
-3652
-2124
-668
740
2175
3515
4561
5282
5857
6389
6684
6390
5298
3516
1336
-933
-3029
-4731
-5923
-6703
-7345
-8049
-8710
-8972
-8555
-7505
-6074
-4477
-2817
-1209
198
1345
2388
3553
4842
5966
6606
6744
6602
6329
5831
4971
3854
2811
2043
1380
505
-595
-1512
-1824
-1505
-835
-48
850
1841
2737
3351
3752
4189
4750
5238
5389
5148
4612
3772
2452
594
-1478
-3250
-4434
-5138
-5633
-6089
-6532
-6967
-7399
-7749
-7757
-7203
-6097
-4724
-3357
-2098
-935
132
1092
2037
3073
4156
5059
5573
5611
5139
4144
2702
1080
-387
-1496
-2315
-3071
-3979
-5060
-6149
-6981
-7304
-6970
-5985
-4609
-3210
-2073
-1207
-413
489
1519
2570
3577
4564
5522
6306
6744
6804
6619
6321
5946
5504
5051
4619
4121
3433
2538
1576
722
50
-470
-842
-1020
-1016
-950
-923
-851
-558
11
724
1380
1879
2187
2213
1789
832
-455
-1667
-2437
-2731
-2839
-3117
-3696
-4400
-4951
-5135
-4933
-4448
-3826
-3210
-2707
-2345
-1979
-1377
-346
1070
2562
3746
4430
4732
4831
4717
4237
3362
2325
1390
599
-224
-1205
-2261
-3262
-4173
-5045
-5782
-6143
-5999
-5544
-5133
-4885
-4589
-3959
-2910
-1577
-96
1423
2881
4096
4943
5483
5901
6309
6636
6771
6671
6370
5857
5067
3996
2782
1644
694
-158
-1037
-1910
-2573
-2876
-2865
-2681
-2360
-1789
-909
170
1277
2385
3541
4675
5478
5605
4933
3636
2073
536
-798
-1918
-2910
-3913
-5017
-6199
-7297
-8048
-8240
-7838
-6984
-5921
-4867
-3945
-3060
-1990
-539
1210
2932
4258
5052
5417
5479
5237
4642
3769
2770
1709
524
-840
-2260
-3518
-4494
-5288
-6077
-6867
-7479
-7730
-7603
-7155
-6357
-5094
-3326
-1202
1019
3120
5002
6622
7888
8724
9145
9280
9192
8791
7946
6679
5254
3968
2951
2127
1390
720
128
-419
-947
-1366
-1506
-1259
-690
-6
571
940
1114
1129
1003
798
636
612
698
731
508
-126
-1194
-2542
-3858
-4773
-5059
-4803
-4389
-4210
-4392
-4753
-5033
-5044
-4718
-4080
-3248
-2439
-1845
-1540
-1416
-1291
-963
-339
513
1404
2133
2607
2800
2783
2658
2528
2424
2317
2129
1752
1094
150
-942
-1952
-2713
-3176
-3387
-3383
-3186
-2845
-2448
-2015
-1426
-518
715
2074
3309
4296
5060
5681
6203
6663
7067
7357
7361
6926
6088
5098
4256
3655
3092
2292
1169
-156
-1548
-2966
-4358
-5531
-6254
-6442
-6243
-5852
-5354
-4694
-3802
-2696
-1465
-247
822
1595
1953
1858
1329
443
-703
-1868
-2772
-3242
-3401
-3541
-3788
-4026
-4038
-3799
-3420
-2936
-2264
-1366
-438
294
810
1353
2125
3088
4043
4785
5235
5357
5153
4641
3898
3040
2118
1141
107
-923
-1878
-2710
-3385
-3873
-4149
-4252
-4215
-4001
-3542
-2850
-2021
-1139
-230
664
1492
2214
2869
3503
4097
4551
4795
4864
4853
4823
4756
4577
4199
3572
2720
1726
688
-282
-1077
-1670
-2137
-2596
-3101
-3618
-4061
-4318
-4319
-4034
-3487
-2757
-2033
-1526
-1335
-1345
-1332
-1132
-742
-266
204
663
1124
1563
1895
2082
2199
2369
2619
2778
2636
2113
1293
287
-844
-2014
-3053
-3731
-3931
-3744
-3399
-3069
-2774
-2424
-1898
-1129
-143
938
1964
2800
3341
3515
3321
2881
2430
2137
1952
1627
952
-90
-1353
-2634
-3743
-4486
-4715
-4426
-3848
-3290
-2901
-2519
-1847
-748
650
2125
3520
4706
5558
6027
6223
6327
6404
6341
5949
5134
3945
2516
983
-532
-1864
-2897
-3622
-4191
-4737
-5246
-5540
-5451
-4970
-4191
-3206
-2024
-700
597
1659
2381
2840
3154
3380
3480
3445
3319
3132
2803
2195
1293
250
-681
-1374
-1841
-2196
-2515
-2823
-3100
-3295
-3336
-3175
-2851
-2480
-2142
-1848
-1537
-1154
-673
-115
479
1087
1671
2183
2572
2833
2960
2923
2660
2141
1407
588
-172
-781
-1236
-1587
-1906
-2254
-2635
-2979
-3175
-3153
-2913
-2493
-1949
-1378
-882
-475
-89
356
876
1449
2062
2692
3286
3736
3954
3892
3599
3174
2728
2300
1857
1318
612
-239
-1130
-1943
-2628
-3161
-3470
-3504
-3321
-3071
-2840
-2547
-2054
-1296
-364
604
1500
2280
2922
3385
3660
3783
3814
3702
3342
2762
2142
1616
1093
418
-399
-1149
-1639
-1866
-1967
-2024
-2032
-1988
-1955
-1959
-1926
-1753
-1444
-1113
-875
-747
-657
-521
-316
-52
229
458
512
328
-5
-258
-276
-103
79
108
-49
-365
-771
-1195
-1552
-1774
-1839
-1766
-1604
-1424
-1330
-1393
-1552
-1623
-1421
-911
-231
453
1053
1545
1904
2086
2150
2232
2443
2756
3067
3276
3298
3070
2602
2025
1521
1193
985
773
478
132
-246
-668
-1122
-1464
-1522
-1246
-738
-153
405
907
1370
1807
2225
2620
2934
3059
2915
2531
2006
1378
631
-184
-903
-1398
-1704
-1970
-2265
-2543
-2703
-2743
-2726
-2686
-2550
-2229
-1770
-1327
-997
-706
-387
-121
-53
-205
-450
-690
-906
-1115
-1295
-1399
-1439
-1503
-1708
-2041
-2350
-2456
-2338
-2120
-1924
-1760
-1585
-1407
-1242
-1017
-591
97
895
1525
1794
1758
1646
1653
1849
2176
2523
2745
2720
2432
1991
1586
1349
1294
1336
1361
1279
1023
597
84
-367
-613
-616
-436
-201
-11
93
118
113
155
357
749
1247
1693
1976
2066
1994
1834
1653
1488
1318
1083
718
167
-528
-1251
-1859
-2274
-2477
-2502
-2413
-2267
-2087
-1852
-1514
-1057
-538
-91
161
217
160
88
13
-85
-238
-451
-707
-982
-1244
-1487
-1701
-1864
-1938
-1885
-1689
-1372
-977
-559
-153
205
528
869
1267
1639
1822
1722
1395
1024
756
645
660
758
910
1051
1075
932
692
529
555
763
1048
1340
1592
1755
1783
1674
1503
1357
1292
1287
1265
1159
916
543
80
-366
-693
-876
-963
-1014
-1025
-968
-824
-609
-342
-44
285
621
892
983
825
479
98
-178
-338
-454
-630
-911
-1291
-1715
-2103
-2360
-2408
-2248
-1925
-1503
-1076
-740
-536
-400
-250
-84
20
-3
-160
-425
-771
-1163
-1591
-2032
-2418
-2664
-2734
-2683
-2584
-2432
-2203
-1906
-1584
-1235
-756
-70
792
1640
2294
2692
2915
3068
3190
3271
3283
3152
2769
2076
1178
312
-337
-717
-931
-1106
-1297
-1438
-1404
-1101
-529
195
940
1614
2172
2594
2877
3054
3160
3214
3200
3057
2751
2320
1884
1519
1192
816
346
-172
-673
-1121
-1504
-1797
-1948
-1945
-1829
-1632
-1342
-931
-444
28
383
589
665
628
476
186
-225
-710
-1187
-1585
-1890
-2146
-2397
-2630
-2825
-2986
-3121
-3153
-2975
-2559
-2025
-1529
-1111
-686
-210
213
438
460
431
498
641
744
757
750
755
711
522
228
-4
-40
92
234
306
372
547
849
1219
1610
2024
2443
2795
2999
3031
2951
2850
2773
2687
2521
2244
1849
1349
796
288
-76
-311
-501
-707
-891
-1003
-1045
-1045
-988
-823
-544
-226
40
214
311
343
319
258
192
126
4
-243
-601
-945
-1124
-1147
-1182
-1372
-1679
-1922
-1980
-1854
-1648
-1452
-1308
-1256
-1350
-1629
-2025
-2409
-2637
-2650
-2466
-2151
-1789
-1453
-1195
-1022
-878
-663
-329
84
465
729
854
868
841
852
946
1088
1213
1277
1289
1273
1250
1236
1231
1218
1195
1185
1199
1239
1291
1365
1464
1547
1545
1421
1196
924
662
454
299
135
-109
-433
-747
-929
-912
-730
-499
-349
-310
-320
-287
-185
-59
36
111
246
467
694
819
823
805
853
933
924
758
487
188
-128
-473
-790
-984
-1041
-1035
-1053
-1116
-1195
-1268
-1325
-1335
-1230
-977
-650
-421
-376
-436
-439
-320
-138
34
188
344
494
602
646
646
648
667
673
646
635
704
858
1042
1202
1295
1291
1179
1010
866
799
816
877
908
831
643
435
309
273
248
163
-1
-251
-600
-1001
-1331
-1480
-1450
-1353
-1274
-1193
-1056
-883
-731
-599
-420
-155
142
399
595
762
914
993
942
786
618
497
365
122
-269
-717
-1096
-1361
-1531
-1659
-1743
-1793
-1829
-1886
-1943
-1927
-1814
-1655
-1538
-1433
-1224
-836
-366
2
183
248
290
309
242
98
-31
-72
-45
-32
-53
-45
79
318
563
719
787
855
992
1202
1457
1733
1989
2144
2122
1939
1709
1528
1386
1222
1038
898
838
799
686
488
307
241
244
178
-9
-184
-202
-80
47
86
44
-62
-235
-449
-616
-667
-615
-553
-576
-703
-845
-895
-840
-767
-744
-711
-594
-416
-282
-243
-254
-255
-231
-212
-216
-239
-305
-446
-640
-793
-824
-752
-651
-567
-493
-418
-359
-340
-337
-292
-156
64
304
503
633
702
744
796
901
1084
1312
1513
1624
1641
1600
1547
1517
1525
1529
1457
1254
972
720
567
487
415
322
237
212
252
290
205
-58
-473
-922
-1313
-1595
-1756
-1796
-1740
-1644
-1556
-1483
-1399
-1326
-1309
-1368
-1448
-1483
-1440
-1308
-1086
-830
-648
-633
-773
-956
-1049
-987
-802
-571
-352
-162
7
144
223
264
319
422
552
662
726
727
671
621
675
853
1049
1120
1029
872
760
741
754
752
722
693
690
714
765
841
934
1019
1077
1101
1138
1221
1322
1358
1287
1149
1010
903
806
682
489
223
-71
-339
-552
-731
-908
-1114
-1335
-1500
-1528
-1418
-1257
-1149
-1143
-1211
-1274
-1270
-1205
-1121
-1050
-996
-984
-1031
-1121
-1232
-1361
-1510
-1613
-1598
-1449
-1219
-980
-777
-626
-508
-375
-179
125
538
998
1394
1660
1817
1906
1927
1878
1813
1798
1815
1773
1611
1344
1064
865
793
794
761
616
363
80
-135
-204
-105
131
407
575
546
366
174
88
116
205
288
308
226
27
-239
-483
-641
-708
-734
-777
-860
-981
-1099
-1168
-1147
-1059
-956
-857
-736
-611
-564
-633
-753
-820
-821
-813
-862
-967
-1060
-1070
-1000
-924
-880
-808
-608
-293
-2
137
160
217
397
645
839
940
975
980
946
872
815
823
889
961
1000
1017
1033
1073
1128
1171
1166
1101
984
829
674
575
572
610
589
492
411
435
530
588
543
432
335
310
366
454
474
339
49
-301
-590
-764
-839
-844
-802
-758
-781
-915
-1114
-1275
-1300
-1165
-931
-712
-599
-609
-674
-716
-685
-568
-374
-134
63
144
106
10
-89
-181
-253
-268
-220
-159
-175
-309
-491
-614
-609
-504
-351
-171
36
262
452
568
615
636
676
739
792
763
600
322
38
-143
-171
-91
8
47
-4
-113
-188
-141
32
269
506
722
921
1076
1126
1045
859
664
544
493
434
281
24
-302
-658
-1012
-1316
-1498
-1509
-1379
-1181
-996
-862
-779
-721
-637
-482
-265
-45
98
130
81
-7
-122
-293
-525
-783
-992
-1083
-1052
-961
-870
-766
-593
-344
-86
110
249
412
622
818
905
875
795
719
631
491
340
252
267
330
373
374
353
307
227
154
205
451
816
1121
1251
1235
1175
1139
1111
1057
986
958
980
992
915
752
568
414
300
218
188
214
256
235
117
-52
-192
-255
-254
-191
-80
33
84
76
87
151
228
247
178
46
-98
-233
-379
-570
-775
-935
-1026
-1092
-1176
-1247
-1229
-1070
-834
-642
-567
-561
-522
-398
-246
-136
-85
-75
-91
-152
-270
-401
-483
-482
-412
-304
-176
-55
26
66
92
124
135
81
-39
-163
-217
-177
-114
-123
-224
-349
-419
-452
-518
-638
-760
-817
-797
-728
-625
-457
-220
29
194
256
302
415
581
701
714
658
618
637
670
669
633
564
408
126
-207
-455
-547
-530
-487
-465
-486
-514
-489
-380
-235
-125
-63
-36
-34
-39
-8
92
239
384
468
461
373
271
205
167
115
25
-83
-177
-236
-255
-239
-210
-158
-64
70
191
264
316
380
453
510
568
648
732
752
674
512
311
131
36
65
170
273
314
305
287
289
312
350
434
565
705
775
733
628
560
602
733
864
931
938
913
860
765
628
457
271
94
-35
-89
-85
-82
-136
-250
-375
-457
-493
-514
-555
-612
-646
-630
-569
-484
-378
-240
-86
33
57
-8
-82
-84
-22
41
58
36
-29
-182
-428
-703
-915
-1056
-1177
-1304
-1384
-1372
-1300
-1215
-1116
-946
-701
-446
-267
-205
-218
-236
-187
-67
80
186
219
184
103
1
-74
-69
3
64
24
-127
-326
-487
-551
-505
-397
-281
-196
-151
-141
-134
-55
124
340
486
519
477
402
318
256
252
309
353
311
173
8
-106
-138
-113
-74
-56
-67
-102
-140
-138
-75
28
96
85
16
-19
38
175
327
443
510
510
422
238
3
-191
-265
-205
-76
45
125
167
182
176
175
227
337
471
573
618
622
592
526
435
350
305
295
289
255
176
71
-12
-22
48
139
201
238
291
363
419
431
419
424
458
504
545
574
591
578
525
450
392
378
416
485
536
515
393
190
-51
-279
-452
-559
-646
-777
-959
-1120
-1185
-1145
-1037
-892
-724
-538
-360
-223
-161
-158
-155
-107
-39
-21
-103
-255
-418
-560
-696
-835
-936
-965
-954
-973
-1036
-1067
-1008
-869
-705
-548
-388
-215
-28
166
364
560
731
833
831
734
594
468
386
357
364
364
315
204
75
4
39
159
288
377
436
477
500
513
558
656
774
842
847
820
802
767
670
497
296
107
-74
-257
-430
-560
-640
-679
-698
-723
-772
-836
-889
-908
-886
-813
-703
-586
-484
-422
-394
-389
-379
-365
-355
-347
-350
-378
-440
-490
-477
-396
-291
-220
-220
-272
-314
-276
-154
4
153
278
373
404
349
219
90
37
89
213
357
489
618
773
965
1184
1400
1584
1694
1693
1576
1375
1160
1013
968
985
982
931
859
791
719
631
542
466
408
364
328
282
196
58
-96
-189
-199
-186
-248
-426
-644
-785
-782
-674
-577
-582
-681
-777
-776
-676
-558
-510
-554
-654
-771
-914
-1092
-1268
-1376
-1401
-1410
-1453
-1488
-1429
-1267
-1062
-870
-686
-501
-332
-206
-133
-109
-123
-169
-210
-210
-151
-64
30
127
221
295
325
341
402
556
778
981
1097
1119
1071
949
752
548
446
486
581
593
459
248
101
100
215
343
407
413
411
423
426
413
415
451
497
512
486
419
304
155
16
-74
-109
-109
-85
-69
-89
-153
-222
-254
-267
-308
-400
-515
-623
-729
-841
-912
-898
-816
-737
-704
-699
-671
-609
-539
-486
-464
-485
-533
-551
-474
-292
-86
32
26
-53
-117
-126
-82
-15
50
104
157
227
326
429
508
561
627
743
898
1049
1130
1117
1029
897
750
615
527
505
516
506
458
407
405
449
501
519
511
497
489
489
505
525
529
496
437
376
321
268
208
149
70
-74
-295
-537
-725
-835
-905
-948
-947
-898
-850
-844
-856
-823
-713
-576
-488
-489
-551
-624
-693
-760
-822
-861
-870
-868
-885
-911
-931
-945
-976
-1016
-1022
-969
-877
-777
-674
-568
-448
-316
-155
54
332
658
959
1132
1123
984
850
824
897
980
997
946
866
774
663
528
394
325
358
453
528
536
511
491
491
521
584
652
670
630
585
570
567
531
453
356
275
238
242
259
266
270
296
329
294
132
-117
-351
-505
-587
-633
-660
-679
-700
-722
-759
-811
-854
-842
-765
-670
-608
-582
-575
-587
-612
-609
-546
-463
-425
-434
-428
-358
-227
-84
26
81
75
24
-41
-92
-114
-96
-13
130
270
331
300
235
212
267
380
505
579
558
447
323
275
304
333
299
207
113
64
83
159
244
266
199
77
-26
-65
-38
14
51
72
108
175
247
283
249
148
21
-51
-33
39
70
17
-73
-144
-194
-257
-318
-321
-254
-183
-175
-230
-294
-313
-265
-175
-94
-43
-13
28
86
141
162
132
46
-72
-180
-255
-299
-344
-390
-414
-386
-308
-220
-152
-93
-5
133
288
400
429
376
265
146
67
45
52
49
29
9
15
57
108
128
109
108
197
373
568
714
792
820
800
743
667
635
681
773
819
770
668
564
463
332
176
29
-75
-144
-215
-319
-459
-633
-815
-961
-991
-861
-614
-354
-188
-160
-224
-291
-316
-319
-341
-387
-424
-426
-403
-386
-384
-370
-313
-227
-152
-122
-141
-201
-254
-234
-107
65
206
282
295
256
183
106
33
-48
-134
-208
-259
-293
-309
-324
-344
-370
-406
-460
-527
-547
-470
-305
-132
-12
55
109
179
256
322
353
340
301
285
315
349
339
261
138
7
-100
-189
-293
-438
-601
-751
-861
-933
-958
-928
-840
-708
-560
-430
-345
-273
-153
37
227
334
348
326
315
318
310
276
226
172
131
120
146
196
231
241
258
327
436
518
533
517
561
686
814
846
778
686
649
684
745
774
745
688
642
626
651
731
858
967
987
903
752
572
391
238
129
42
-63
-206
-359
-468
-501
-474
-422
-379
-353
-338
-313
-259
-179
-78
22
80
61
-32
-124
-145
-83
4
53
56
40
17
-14
-44
-65
-82
-131
-239
-394
-548
-661
-719
-736
-738
-736
-747
-776
-804
-780
-687
-559
-449
-365
-273
-159
-55
-8
-16
-49
-75
-91
-118
-151
-165
-118
-13
105
178
189
162
138
129
110
60
-10
-45
-12
75
161
194
169
96
27
-5
4
17
8
-10
-2
52
120
139
76
-48
-169
-253
-294
-309
-288
-224
-149
-123
-174
-263
-329
-338
-291
-199
-95
-12
19
17
-7
-28
-35
-21
6
29
23
-29
-127
