428
428
451
447
395
329
280
234
168
103
83
92
87
59
24
-21
-92
-181
-261
-327
-388
-459
-544
-625
-681
-692
-683
-693
-742
-794
-777
-660
-491
-357
-298
-310
-373
-466
-555
-610
-628
-636
-631
-567
-389
-131
116
271
339
366
370
337
256
143
36
-28
-27
11
35
29
5
-24
-65
-91
-34
125
305
407
417
402
401
412
401
326
165
-41
-187
-200
-86
81
216
253
198
124
122
202
281
255
107
-77
-190
-199
-164
-155
-194
-262
-337
-385
-352
-225
-79
-6
-8
1
89
221
313
299
180
13
-129
-211
-210
-139
-38
35
59
92
189
353
502
590
611
605
597
602
627
648
637
571
471
388
361
359
326
234
112
12
-28
-19
4
-10
-59
-111
-141
-162
-197
-240
-285
-333
-386
-420
-423
-415
-426
-475
-555
-653
-735
-754
-685
-574
-516
-581
-737
-893
-981
-1004
-1013
-1039
-1062
-1044
-960
-854
-784
-769
-768
-730
-654
-538
-371
-161
33
141
144
92
69
132
280
440
541
579
600
603
558
468
414
437
483
480
427
381
370
375
383
386
381
371
387
464
594
712
727
614
439
316
300
360
424
455
487
560
661
734
747
704
605
458
293
184
173
232
293
302
244
124
-27
-147
-189
-156
-90
-16
74
183
298
390
444
463
468
491
537
562
502
358
193
77
20
-26
-74
-99
-68
-7
46
84
128
177
193
155
89
27
-18
-51
-97
-164
-261
-346
-372
-326
-246
-164
-92
-23
28
45
23
-32
-108
-203
-325
-468
-583
-595
-498
-384
-369
-493
-681
-833
-894
-882
-831
-748
-652
-597
-659
-831
-1010
-1071
-986
-848
-783
-836
-938
-985
-924
-777
-599
-453
-375
-360
-357
-339
-323
-315
-281
-180
-56
5
-24
-85
-103
-62
31
158
310
461
575
610
563
476
422
421
423
357
233
145
175
314
487
636
757
881
998
1063
1023
890
744
648
591
514
386
245
140
106
139
206
263
273
247
216
212
232
243
191
52
-138
-289
-330
-261
-155
-98
-113
-154
-161
-122
-57
22
112
186
202
138
0
-161
-295
-377
-415
-406
-333
-193
-31
108
202
253
287
334
411
498
575
640
692
725
727
690
581
391
192
111
183
289
277
123
-53
-111
-4
175
284
251
113
-43
-159
-196
-132
-16
64
59
-4
-65
-93
-83
-55
-50
-102
-206
-312
-381
-415
-429
-434
-439
-477
-558
-638
-660
-626
-595
-602
-630
-634
-603
-549
-510
-493
-485
-478
-482
-504
-498
-420
-301
-222
-224
-280
-337
-358
-336
-278
-221
-201
-209
-195
-148
-126
-162
-215
-216
-164
-100
-32
52
151
224
262
304
389
498
562
558
505
452
436
483
559
582
502
368
261
218
234
292
365
403
379
301
213
147
131
139
133
87
36
21
40
70
105
158
209
219
167
77
-6
-36
-1
70
130
172
222
288
330
306
212
93
-1
-39
-30
-10
10
24
36
25
1
-4
36
114
176
172
84
-41
-141
-194
-220
-225
-175
-48
105
198
173
53
-64
-84
26
185
282
274
213
141
41
-109
-273
-369
-370
-314
-274
-296
-365
-433
-451
-434
-430
-471
-521
-525
-442
-315
-208
-169
-190
-226
-233
-194
-125
-64
-49
-79
-119
-117
-64
12
69
106
125
133
153
202
269
306
303
287
290
325
365
378
329
221
100
41
79
163
196
137
56
41
123
257
368
392
338
276
275
326
359
334
267
199
146
99
54
19
8
1
-28
-71
-89
-57
1
44
55
42
-1
-100
-255
-399
-423
-313
-153
-59
-55
-99
-166
-263
-401
-562
-717
-827
-869
-845
-781
-716
-659
-597
-495
-356
-220
-155
-166
-196
-192
-166
-170
-221
-283
-314
-300
-245
-164
-71
36
175
349
527
656
707
685
618
527
436
392
415
463
457
362
245
185
183
157
53
-65
-86
18
154
204
146
35
-55
-100
-117
-127
-114
-38
84
185
205
157
102
68
37
-20
-110
-225
-332
-381
-351
-288
-262
-310
-379
-394
-319
-189
-79
-26
-26
-57
-113
-169
-184
-135
-34
103
277
467
625
723
758
770
762
739
700
629
506
358
289
376
576
736
750
637
496
411
404
447
500
527
530
513
475
422
377
350
310
219
71
-93
-247
-358
-404
-393
-359
-356
-392
-458
-518
-538
-502
-443
-428
-486
-596
-697
-747
-731
-687
-667
-686
-706
-672
-578
-489
-470
-538
-633
-665
-605
-480
-356
-265
-221
-206
-194
-177
-163
-152
-136
-111
-84
-54
-11
28
48
55
76
133
202
242
231
161
43
-82
-145
-104
13
140
212
215
173
135
130
142
147
104
5
-107
-145
-75
32
75
41
-3
-11
3
0
-8
8
54
105
131
105
27
-75
-151
-177
-180
-172
-156
-112
-47
25
94
161
231
288
313
307
299
302
300
268
200
115
39
15
69
195
364
526
634
643
571
471
396
365
383
429
467
458
414
371
324
249
141
57
48
120
223
283
251
148
28
-91
-211
-328
-401
-408
-369
-322
-305
-339
-415
-487
-509
-470
-376
-221
-32
121
158
99
38
16
-24
-142
-307
-413
-393
-285
-166
-93
-62
-66
-108
-175
-240
-263
-222
-108
49
190
264
253
163
43
-29
-10
49
66
34
25
83
178
256
285
270
229
170
109
78
111
192
237
185
68
-14
-15
29
52
40
51
132
264
364
389
374
351
324
283
245
189
88
-36
-112
-112
-103
-157
-286
-428
-504
-451
-291
-96
32
45
-29
-110
-150
-175
-235
-344
-451
-524
-560
-591
-642
-713
-780
-784
-705
-582
-514
-528
-578
-572
-479
-356
-279
-288
-350
-401
-394
-319
-193
-46
90
184
205
177
164
234
379
531
628
656
646
622
607
599
573
512
404
292
243
291
389
467
499
478
392
246
111
65
99
136
126
79
41
37
95
181
187
52
-148
-247
-188
-69
-12
-53
-120
-151
-128
-84
-68
-84
-125
-168
-236
-337
-441
-492
-470
-412
-379
-391
-415
-395
-313
-204
-116
-81
-77
-89
-86
-64
-22
13
20
-19
-78
-87
-6
137
271
392
532
685
775
756
667
578
536
543
575
566
469
321
220
218
274
311
311
302
327
378
447
501
498
412
272
144
53
1
-23
-27
-51
-141
-294
-458
-558
-556
-464
-325
-182
-68
-14
-21
-56
-66
-25
50
126
161
122
15
-107
-191
-228
-230
-203
-149
-101
-101
-131
-122
-44
20
-11
-118
-192
-193
-170
-187
-244
-283
-255
-161
-59
-5
2
17
61
98
83
35
17
76
175
209
109
-77
-217
-255
-244
-280
-374
-462
-481
-438
-403
-418
-445
-418
-350
-322
-394
-537
-671
-730
-699
-635
-574
-501
-366
-187
-50
-13
-61
-101
-39
153
371
451
340
162
85
154
272
299
184
16
-58
36
210
295
191
-38
-220
-230
-109
8
31
-5
-20
26
94
139
169
220
329
477
595
620
544
433
343
250
121
-11
-70
-32
59
135
127
13
-134
-191
-114
16
100
114
79
10
-65
-110
-116
-109
-101
-73
-6
94
203
320
421
486
498
472
427
379
346
334
309
251
190
183
252
349
406
396
362
347
348
322
257
176
98
49
57
140
248
333
393
445
474
451
405
368
320
213
72
-18
-13
67
156
215
226
199
146
90
35
-23
-79
-106
-96
-99
-176
-310
-440
-541
-636
-729
-782
-778
-742
-712
-708
-745
-824
-908
-933
-888
-812
-754
-722
-694
-668
-669
-723
-808
-886
-928
-953
-986
-1024
-1054
-1040
-956
-824
-728
-709
-731
-724
-649
-506
-319
-145
-23
79
239
491
791
1042
1164
1160
1130
1197
1377
1563
1618
1492
1276
1136
1201
1420
1625
1661
1532
1346
1221
1205
1260
1309
1296
1213
1068
866
642
488
466
420
-75
-1303
-2874
-3783
-3344
-2038
-1184
-1652
-2947
-3644
-2814
-951
577
888
296
-264
-198
395
1046
1389
1366
1102
693
209
-183
-279
-136
-171
-777
-1823
-2628
-2567
-1676
-667
-238
-431
-658
-366
434
1308
1875
2086
2032
1789
1437
1151
1093
1190
1141
769
308
231
749
1564
2155
2269
2110
2112
2523
3203
3760
3915
3731
3469
3278
3059
2627
1932
1146
506
-37
-978
-2788
-5081
-6580
-6296
-4693
-3405
-3659
-5049
-5905
-4935
-2534
-347
362
-199
-809
-498
737
2125
2868
2728
2045
1259
574
76
-147
-196
-505
-1507
-3061
-4391
-4729
-4033
-3018
-2438
-2399
-2382
-1826
-652
773
1973
2672
2864
2732
2529
2467
2566
2535
1877
404
-1329
-2290
-1940
-839
-169
-604
-1674
-2179
-1291
661
2471
3171
2881
2504
2848
3953
5228
5934
5737
4899
4001
3496
3373
3290
2794
1676
139
-1237
-1890
-1779
-1558
-2187
-4038
-6284
-7337
-6313
-4078
-2562
-2909
-4353
-5021
-3730
-1050
1308
2079
1412
519
491
1537
3009
4014
4057
3285
2282
1560
1324
1432
1467
898
-522
-2367
-3727
-3907
-3092
-2191
-2030
-2605
-3115
-2789
-1599
-233
592
707
454
295
471
939
1444
1664
1415
835
329
315
862
1613
2032
1850
1337
1097
1557
2593
3647
4193
4161
3971
4126
4731
5338
5364
4635
3555
2677
2196
1771
804
-1062
-3524
-5654
-6539
-6108
-5320
-5348
-6457
-7661
-7611
-5934
-3665
-2258
-2176
-2583
-2293
-906
972
2391
2890
2806
2824
3274
3912
4260
4019
3155
1794
209
-1209
-2144
-2625
-3035
-3747
-4692
-5346
-5197
-4294
-3235
-2615
-2439
-2135
-1189
268
1564
2172
2204
2208
2555
3090
3339
3037
2386
1867
1743
1862
1919
1823
1714
1744
1988
2483
3201
3977
4578
4889
4990
5058
5189
5332
5296
4891
4053
2822
1259
-554
-2315
-3549
-4038
-4175
-4729
-6051
-7612
-8358
-7737
-6317
-5307
-5299
-5663
-5231
-3529
-1223
573
1320
1498
2047
3405
5068
6061
5843
4706
3455
2699
2381
1912
744
-1077
-2935
-4152
-4520
-4381
-4285
-4566
-5113
-5440
-5025
-3748
-2089
-809
-325
-341
-75
1032
2758
4242
4746
4324
3766
3856
4633
5347
5184
4095
2866
2374
2741
3319
3417
2981
2548
2591
3042
3449
3492
3299
3180
3157
2817
1737
57
-1440
-1993
-1689
-1542
-2584
-4736
-6716
-7211
-6209
-5015
-4887
-5763
-6449
-5944
-4365
-2638
-1516
-994
-494
487
1909
3293
4204
4570
4572
4382
4062
3592
2928
2051
1014
-95
-1175
-2115
-2819
-3321
-3776
-4264
-4648
-4709
-4398
-3935
-3602
-3464
-3245
-2605
-1462
-165
810
1286
1591
2243
3385
4575
5194
5061
4601
4392
4635
5047
5222
4988
4493
4015
3755
3740
3802
3715
3365
2854
2400
2130
1893
1274
-20
-1713
-3012
-3373
-3144
-3287
-4360
-5873
-6727
-6331
-5229
-4573
-4932
-5698
-5753
-4641
-2982
-1729
-1224
-985
-320
983
2487
3542
3887
3839
3852
4014
4004
3536
2687
1813
1178
727
201
-583
-1571
-2571
-3395
-3937
-4161
-4125
-4009
-4034
-4258
-4441
-4226
-3506
-2571
-1825
-1364
-885
-40
1166
2341
3077
3355
3573
4108
4918
5588
5826
5742
5636
5612
5540
5326
5050
4821
4568
4099
3325
2425
1706
1269
847
62
-1147
-2381
-3112
-3201
-3059
-3288
-4062
-4909
-5140
-4586
-3818
-3572
-3902
-4108
-3537
-2358
-1343
-953
-842
-295
916
2213
2782
2392
1640
1315
1620
2022
1867
1042
26
-626
-784
-790
-1061
-1679
-2386
-2860
-3007
-2979
-3002
-3196
-3503
-3722
-3672
-3312
-2770
-2248
-1870
-1580
-1174
-516
298
1017
1471
1729
2028
2543
3190
3640
3638
3282
2990
3094
3522
3893
3891
3578
3291
3301
3509
3572
3271
2763
2388
2286
2264
2055
1578
957
394
42
-102
-211
-474
-906
-1306
-1502
-1470
-1322
-1163
-1034
-900
-716
-473
-229
-96
-152
-354
-562
-683
-782
-1025
-1460
-1937
-2253
-2344
-2343
-2386
-2463
-2445
-2230
-1866
-1540
-1455
-1688
-2115
-2478
-2547
-2293
-1911
-1651
-1622
-1699
-1667
-1421
-1038
-698
-499
-407
-317
-149
122
437
678
759
739
797
1063
1474
1800
1848
1644
1428
1437
1686
1975
2112
2101
2096
2198
2356
2457
2430
2280
2045
1781
1572
1437
1298
1045
698
421
346
415
431
292
104
59
185
304
215
-72
-370
-536
-621
-785
-1122
-1555
-1926
-2096
-2051
-1910
-1856
-1990
-2219
-2342
-2248
-2025
-1843
-1802
-1855
-1853
-1633
-1159
-595
-207
-119
-175
-90
269
762
1127
1193
1000
749
667
819
1071
1188
1083
832
569
353
190
73
-25
-114
-186
-225
-243
-244
-196
-51
185
446
650
766
836
970
1237
1596
1914
2069
2042
1889
1690
1538
1523
1674
1873
1924
1715
1339
1034
957
1027
971
622
80
-383
-625
-751
-992
-1444
-1955
-2291
-2357
-2296
-2302
-2402
-2467
-2409
-2318
-2379
-2616
-2793
-2623
-2120
-1632
-1460
-1518
-1431
-962
-263
275
412
299
347
801
1522
2146
2455
2501
2462
2430
2372
2211
1899
1423
816
167
-383
-718
-836
-844
-878
-989
-1092
-1057
-827
-488
-204
-73
-73
-71
69
404
804
1058
1095
1077
1228
1542
1832
1935
1878
1741
1550
1312
1111
1043
1049
930
536
-32
-499
-668
-606
-575
-794
-1280
-1845
-2252
-2376
-2278
-2161
-2209
-2447
-2722
-2814
-2610
-2218
-1906
-1885
-2121
-2336
-2225
-1715
-1063
-645
-652
-878
-920
-507
243
951
1327
1397
1429
1612
1898
2101
2126
2029
1900
1745
1528
1262
1073
1047
1122
1093
816
372
-1
-68
189
553
755
707
597
686
1053
1479
1654
1485
1205
1114
1280
1525
1649
1593
1442
1347
1409
1564
1587
1301
776
284
31
-14
-111
-496
-1185
-1924
-2391
-2465
-2300
-2167
-2187
-2273
-2257
-2074
-1792
-1561
-1512
-1638
-1781
-1755
-1545
-1307
-1200
-1237
-1325
-1357
-1285
-1129
-941
-730
-465
-145
153
366
521
712
993
1311
1550
1637
1629
1649
1744
1826
1789
1614
1371
1136
937
782
668
543
341
63
-181
-282
-223
-95
7
67
145
285
450
595
707
820
960
1125
1253
1235
1012
684
427
334
323
228
-20
-338
-588
-723
-796
-869
-958
-1044
-1095
-1074
-1011
-986
-1076
-1278
-1522
-1710
-1750
-1608
-1361
-1166
-1131
-1203
-1239
-1134
-929
-738
-651
-680
-764
-804
-710
-476
-190
20
95
94
160
396
738
995
1022
864
713
737
938
1144
1175
977
648
337
179
214
342
387
230
-32
-199
-115
173
513
788
999
1190
1354
1451
1490
1545
1626
1645
1527
1340
1235
1264
1293
1149
808
432
223
230
310
222
-141
-645
-1009
-1051
-841
-624
-598
-758
-927
-930
-749
-523
-404
-433
-572
-782
-1018
-1177
-1173
-1059
-1025
-1172
-1384
-1429
-1218
-900
-708
-726
-819
-795
-579
-285
-64
37
76
118
160
173
159
138
111
58
-14
-78
-116
-135
-164
-225
-328
-429
-450
-360
-214
-122
-111
-80
93
403
704
884
968
1080
1283
1507
1623
1599
1505
1408
1279
1057
764
473
224
4
-198
-334
-330
-156
105
290
286
151
107
295
630
862
830
595
355
267
312
334
202
-34
-213
-259
-243
-257
-299
-325
-340
-400
-523
-665
-746
-715
-606
-543
-609
-728
-739
-597
-465
-510
-702
-825
-726
-494
-383
-562
-948
-1290
-1385
-1232
-995
-850
-856
-947
-978
-824
-458
-14
309
387
282
190
300
630
960
1021
729
318
117
249
537
689
558
259
40
57
255
459
530
422
158
-155
-338
-252
38
282
280
90
-11
191
620
973
1019
817
623
620
757
831
723
478
249
143
150
150
33
-194
-395
-433
-324
-201
-182
-243
-279
-215
-46
191
427
584
596
488
362
328
409
522
536
367
38
-326
-562
-571
-414
-284
-322
-470
-517
-348
-55
146
116
-103
-327
-382
-234
19
227
307
263
168
100
60
-11
-171
-395
-601
-720
-737
-698
-666
-680
-729
-755
-683
-471
-143
213
498
668
751
832
980
1164
1273
1244
1145
1093
1108
1102
982
737
423
127
-68
-132
-129
-187
-392
-683
-900
-889
-637
-290
-41
26
-2
9
107
238
301
226
-8
-362
-740
-1027
-1149
-1138
-1116
-1187
-1338
-1428
-1321
-1033
-725
-564
-573
-632
-580
-356
-50
167
179
12
-185
-259
-165
-20
16
-121
-324
-433
-388
-252
-155
-156
-217
-261
-245
-147
47
304
518
609
586
542
555
651
789
893
911
872
868
905
892
752
545
388
343
342
257
29
-261
-427
-361
-146
3
-64
-310
-576
-721
-679
-493
-276
-143
-115
-105
3
227
446
495
344
119
-6
25
150
239
198
33
-166
-305
-364
-350
-286
-187
-94
-34
3
50
136
258
373
394
280
125
123
352
643
734
560
312
201
261
402
532
612
623
582
570
670
879
1077
1122
984
783
699
795
942
950
742
432
192
109
142
227
308
311
152
-167
-510
-708
-730
-716
-799
-954
-1022
-885
-612
-403
-424
-654
-930
-1069
-987
-753
-531
-462
-543
-651
-681
-634
-588
-624
-776
-1012
-1231
-1330
-1284
-1159
-1042
-964
-882
-759
-615
-473
-331
-181
-61
-18
-36
-29
82
269
393
329
119
-38
32
308
613
786
806
760
741
812
971
1140
1209
1136
982
871
877
945
911
661
282
13
13
218
413
443
323
168
43
-77
-203
-265
-224
-163
-213
-379
-540
-617
-620
-610
-594
-544
-440
-314
-241
-257
-341
-427
-466
-448
-391
-327
-276
-231
-185
-154
-166
-203
-204
-106
69
207
236
199
181
170
102
4
-32
32
92
26
-154
-298
-281
-142
-25
-2
-6
56
191
340
469
581
671
706
688
699
846
1129
1382
1392
1112
734
510
519
633
695
653
547
418
322
347
534
768
836
641
319
109
108
207
215
58
-173
-334
-396
-470
-648
-883
-1058
-1123
-1117
-1072
-1008
-932
-874
-880
-951
-1029
-1029
-938
-805
-696
-620
-548
-469
-422
-476
-625
-732
-668
-460
-297
-339
-552
-737
-748
-634
-574
-652
-747
-675
-429
-203
-159
-220
-167
106
475
722
793
830
992
1239
1394
1344
1160
1011
983
1036
1038
925
749
623
592
614
664
756
859
872
734
551
512
673
874
918
768
583
525
572
545
301
-80
-371
-437
-329
-195
-127
-162
-321
-582
-855
-1017
-1045
-1031
-1084
-1188
-1238
-1163
-1010
-892
-877
-921
-936
-884
-822
-794
-796
-807
-863
-979
-1065
-1012
-861
-786
-877
-1014
-1000
-800
-564
-438
-401
-317
-127
100
282
432
587
726
786
772
774
844
955
1016
968
829
661
539
503
562
675
770
774
679
586
604
746
892
918
816
697
694
832
1001
1054
940
765
682
745
874
912
763
473
215
124
166
167
13
-217
-371
-393
-354
-338
-338
-303
-232
-176
-171
-205
-241
-253
-237
-204
-184
-195
-253
-347
-446
-496
-477
-427
-435
-531
-627
-609
-468
-317
-242
-237
-233
-212
-186
-158
-111
-42
1
-18
-95
-154
-132
-28
64
58
-56
-181
-195
-80
45
29
-106
-208
-158
2
134
153
80
24
65
175
245
189
41
-97
-145
-79
85
303
481
528
435
285
201
208
215
97
-144
-371
-443
-362
-240
-163
-123
-94
-100
-173
-283
-357
-373
-387
-463
-594
-705
-743
-718
-699
-739
-836
-953
-1013
-972
-831
-648
-485
-379
-314
-240
-113
53
210
317
351
326
298
321
401
484
522
488
368
217
143
212
357
473
557
659
791
887
892
811
709
634
569
471
344
277
334
463
563
575
530
473
425
387
367
402
482
514
388
116
-129
-201
-120
-56
-137
-346
-553
-622
-518
-332
-187
-133
-135
-143
-152
-195
-297
-416
-492
-494
-488
-538
-629
-657
-557
-374
-207
-113
-61
-9
49
86
78
23
-72
-185
-267
-250
-122
47
145
127
17
-64
7
251
538
697
708
666
675
739
780
735
602
449
323
225
144
99
109
147
171
167
153
176
253
342
349
226
58
-18
69
239
345
309
165
-17
-196
-354
-466
-525
-543
-544
-558
-587
-583
-489
-325
-222
-296
-519
-729
-785
-708
-657
-767
-984
-1147
-1155
-1077
-1016
-959
-829
-650
-546
-573
-608
-516
-327
-206
-238
-325
-304
-132
105
290
390
454
528
584
575
522
518
603
698
713
640
551
472
383
272
175
144
188
275
363
432
506
614
757
882
919
874
784
673
527
341
164
46
1
-10
-58
-188
-367
-458
-360
-133
28
9
-97
-111
14
145
127
-71
-327
-501
-533
-460
-386
-388
-528
-760
-942
-913
-654
-311
-47
79
131
208
366
546
602
488
293
186
180
181
64
-158
-342
-329
-107
120
142
-63
-298
-362
-230
-23
147
305
533
818
1043
1115
1104
1154
1296
1409
1351
1130
893
780
781
754
562
204
-181
-439
-500
-445
-407
-472
-597
-666
-629
-558
-564
-682
-805
-798
-604
-285
76
401
637
738
717
628
516
353
93
-241
-541
-718
-756
-700
-609
-543
-589
-784
-1073
-1295
-1326
-1199
-1077
-1076
-1109
-995
-664
-254
-3
25
-60
-63
77
274
391
369
312
329
485
645
718
639
483
342
276
307
361
389
342
230
111
22
-21
-56
-118
-200
-268
-286
-267
-237
-193
-141
-94
-65
-61
-69
-144
-231
-281
-191
-24
111
151
123
148
207
240
143
-10
-76
-29
42
-28
-197
-362
-405
-301
-130
52
133
86
-108
-347
-512
-538
-466
-408
-424
-509
-562
-508
-376
-297
-365
-441
-377
-100
160
257
145
37
48
168
322
444
571
631
607
491
385
375
426
434
316
156
98
184
302
337
290
278
329
434
521
551
543
482
482
487
573
645
672
560
311
147
148
322
392
284
84
-4
115
305
458
485
488
548
687
828
840
703
466
295
269
365
443
404
256
100
35
50
53
-51
-247
-394
-397
-298
-247
-318
-410
-434
-356
-282
-279
-331
-340
-226
-23
83
-2
-260
-475
-553
-538
-500
-534
-580
-703
-772
-804
-728
-627
-574
-580
-709
-828
-990
-1023
-978
-824
-722
-786
-891
-945
-797
-694
-681
-803
-829
-692
-496
-356
-341
-289
-197
-41
95
229
325
322
226
112
103
224
395
546
562
461
284
212
321
571
823
899
767
464
151
-42
-52
123
314
388
261
107
61
177
331
400
341
191
70
16
79
198
322
356
313
270
218
123
-38
-105
14
233
365
272
83
-107
-178
-152
-40
104
144
43
-186
-295
-177
149
435
531
461
358
309
270
186
49
-87
-146
-179
-221
-281
-277
-155
-10
59
-12
-119
-130
-26
182
398
571
613
543
411
284
191
195
294
372
335
191
115
208
453
619
523
204
-45
2
293
535
495
197
-29
38
353
543
440
141
-24
33
196
268
230
215
217
214
44
-205
-451
-565
-575
-641
-772
-915
-887
-765
-668
-709
-811
-821
-761
-695
-771
-833
-757
-452
-143
-60
-260
-591
-809
-874
-796
-693
-578
-522
-522
-507
-445
-315
-205
-89
61
232
359
298
85
-182
-357
-367
-239
2
179
214
105
58
212
477
657
588
429
362
497
665
720
645
595
659
775
839
837
841
882
864
738
497
322
288
404
525
516
335
83
-157
-293
-410
-427
-407
-363
-410
-543
-659
-696
-619
-495
-385
-374
-437
-516
-511
-430
-330
-268
-302
-388
-453
-437
-331
-258
-234
-298
-346
-350
-292
-179
-29
159
302
355
307
212
178
259
397
510
486
430
354
394
511
704
822
779
641
514
520
600
696
713
617
509
382
310
165
81
26
69
105
97
96
110
203
240
208
90
-32
-97
-131
-144
-196
-296
-424
-551
-662
-795
-1016
-1240
-1400
-1379
-1288
-1220
-1274
-1327
-1196
-830
-372
-123
-115
-279
-365
-343
-294
-314
-435
-481
-478
-382
-309
-140
63
278
364
327
318
407
612
728
754
747
839
991
1086
1074
1035
1109
1277
1393
1271
953
609
439
474
589
662
626
555
456
357
229
170
170
271
329
415
405
365
230
139
120
115
86
-29
-96
-140
-103
-135
-225
-366
-456
-500
-586
-693
-824
-880
-953
-980
-982
-928
-864
-832
-793
-803
-790
-836
-804
-748
-609
-461
-346
-232
-167
-56
-14
-14
-103
-181
-209
-207
-208
-244
-290
-297
-228
-48
186
436
626
741
793
839
920
1045
1058
930
618
414
344
482
605
682
656
616
566
523
465
375
249
83
-47
-112
-73
-20
10
-103
-301
-515
-546
-434
-275
-228
-268
-333
-348
-319
-341
-485
-804
-1116
-1302
-1275
-1126
-982
-888
-886
-885
-882
-817
-782
-696
-565
-327
-100
51
135
157
171
93
-42
-236
-416
-520
-563
-459
-285
-3
198
351
473
703
980
1134
1086
883
721
678
751
890
1020
1156
1206
1191
1064
942
859
870
924
940
888
733
557
402
381
435
456
345
163
74
111
254
334
307
153
23
23
137
256
210
60
-158
-301
-383
-434
-466
-539
-596
-668
-685
-641
-544
-468
-475
-528
-521
-424
-299
-246
-282
-337
-313
-220
-142
-239
-435
-638
-703
-747
-800
-860
-774
-585
-386
-297
-285
-203
-12
273
455
523
497
522
607
712
756
654
464
258
190
248
313
255
30
-162
-231
-139
-60
-7
-3
53
107
135
72
-17
-69
-106
-184
-287
-313
-203
-105
-86
-175
-286
-416
-558
-627
-577
-450
-346
-324
-328
-327
-271
-234
-239
-274
-267
-165
-89
-12
-10
21
13
62
153
266
309
240
134
49
16
-21
-121
-288
-390
-348
-132
81
226
239
184
85
1
-67
-93
-83
-1
77
125
126
181
311
439
492
453
415
409
420
411
356
341
305
303
232
168
65
2
20
80
125
102
133
250
402
446
376
231
138
101
97
89
100
167
228
235
212
224
277
307
282
260
280
358
415
382
325
302
406
454
390
160
-27
-108
-67
-5
-28
-71
-123
-65
-36
-51
-106
-108
-53
-83
-239
-482
-640
-647
-528
-449
-504
-696
-836
-850
-721
-601
-484
-422
-385
-405
-408
-310
-129
93
182
144
58
35
116
112
55
-165
-338
-456
-430
-394
-433
-538
-624
-657
-620
-532
-414
-273
-172
-50
21
100
150
222
298
340
334
212
64
-87
-88
2
113
120
14
-18
32
230
319
387
340
405
458
562
539
485
432
503
664
742
677
460
306
185
145
77
13
-55
-147
-182
-242
-267
-340
-372
-400
-415
-387
-328
-201
-175
-183
-265
-221
-131
26
62
-17
-204
-329
-322
-249
-220
-319
-442
-561
-600
-624
-629
-654
-634
-528
-322
-72
147
296
362
388
416
461
588
769
999
1116
1064
881
645
508
433
534
757
1046
1201
1103
890
710
690
705
639
524
456
545
613
544
306
86
15
97
192
184
47
-45
35
288
492
534
384
187
-19
-228
-411
-550
-530
-469
-450
-612
-818
-840
-618
-311
-237
-375
-602
-676
-646
-654
-759
-887
-814
-623
-432
-468
-639
-813
-842
-777
-750
-846
-1032
-1134
-1095
-903
-675
-453
-318
-251
-263
-280
-282
-202
-45
104
194
169
131
137
232
307
296
196
199
243
310
190
5
-91
-35
144
169
142
79
112
107
44
-27
-40
74
178
265
207
184
175
278
323
307
104
-150
-367
-362
-247
-120
-101
-89
-94
-110
-213
-282
-257
-104
46
133
147
170
267
436
570
587
412
128
-209
-369
-272
23
300
350
261
84
-7
-1
171
444
688
808
773
666
584
631
754
859
816
796
816
916
910
792
689
653
759
761
707
515
344
197
89
58
55
193
336
370
153
-145
-245
-124
45
41
-94
-184
-153
-7
69
-32
-284
-519
-461
-229
-5
-105
-426
-764
-880
-801
-634
-523
-459
-437
-478
-620
-775
-825
-724
-566
-370
-152
57
109
-63
-357
-548
-485
-182
95
226
137
-43
-194
-313
-267
-236
-76
29
216
271
156
-83
-299
-268
-164
-38
-87
-180
-260
-218
-135
-57
-29
-28
-96
-280
-506
-698
-731
-620
-432
-266
-205
-154
-117
-50
-84
-142
-231
-275
-310
-385
-481
-605
-548
-373
-76
42
-27
-253
-390
-331
-145
43
111
165
185
251
231
123
-33
-97
46
207
265
152
81
154
300
365
281
152
150
302
535
652
633
567
594
730
835
853
739
626
530
464
402
341
340
359
411
509
651
769
770
648
504
424
471
590
713
684
475
167
4
46
185
204
77
-145
-300
-389
-356
-293
-215
-174
-276
-491
-732
-745
-570
-381
-365
-459
-522
-474
-402
-386
-418
-409
-304
-194
-216
-371
-574
-570
-430
-171
-60
-33
-44
41
181
249
191
49
-13
2
64
41
17
33
144
272
389
430
411
364
355
371
275
126
-38
-7
117
287
367
375
372
373
408
396
393
395
449
505
526
441
250
52
-43
-17
-41
-146
-386
-573
-668
-566
-356
-152
-73
-168
-310
-428
-428
-328
-177
-63
-97
-207
-317
-349
-374
-434
-543
-697
-840
-910
-827
-601
-339
-126
-76
-152
-348
-451
-400
-211
-85
-182
-339
-509
-460
-421
-270
-213
-150
-248
-432
-605
-661
-496
-322
-188
-238
-318
-316
-248
-202
-351
-540
-616
-436
-143
54
105
62
100
213
407
549
528
380
250
316
469
562
514
456
493
641
769
845
886
981
1133
1200
1109
882
742
752
816
815
759
774
799
744
514
286
184
244
398
479
502
352
222
107
103
154
151
129
-6
-26
16
209
340
311
128
-134
-210
-206
-113
-203
-343
-553
-705
-826
-853
-789
-687
-620
-662
-758
-775
-566
-284
-145
-288
-460
-503
-358
-157
-15
2
-151
-315
-420
-406
-339
-242
-178
-249
-376
-426
-265
9
212
206
54
-35
65
228
294
194
105
110
254
462
590
524
220
-15
52
456
901
1074
923
550
264
200
434
674
734
478
142
-13
84
270
260
71
-142
-203
-188
-212
-267
-259
-98
83
134
-67
-396
-600
-584
-437
-391
-491
-657
-807
-888
-958
-957
-879
-669
-433
-312
-373
-539
-648
-670
-660
-632
-605
-514
-486
-463
-459
-288
-28
198
178
-26
-200
-156
-13
11
-172
-379
-435
-312
-131
-60
-95
-164
-43
180
354
340
243
222
227
255
316
532
816
963
790
388
89
184
641
1068
1165
957
683
520
417
364
325
377
543
758
805
536
83
-208
-120
258
646
805
662
350
113
165
494
801
800
419
-96
-400
-402
-154
44
135
82
-2
-67
-110
-67
70
292
466
496
355
147
-9
9
131
195
67
-171
-300
-282
-288
-489
-802
-901
-740
-418
-272
-252
-352
-404
-420
-398
-319
-201
-28
43
-47
-276
-459
-483
-386
-299
-368
-555
-734
-718
-510
-238
-65
-20
-90
-209
-364
-451
-431
-316
-244
-312
-513
-650
-599
-359
-67
129
191
89
-99
-274
-382
-318
-197
-9
60
37
-100
-231
-245
-122
117
284
315
166
-44
-167
-106
144
334
359
213
149
241
431
579
621
594
583
685
792
824
671
500
346
331
380
502
537
426
225
104
143
275
384
445
393
277
119
134
245
393
332
210
77
63
34
-57
-197
-361
-517
-652
-706
-596
-393
-188
-149
-231
-326
-378
-404
-533
-701
-810
-735
-514
-326
-226
-256
-203
-20
307
539
504
226
-119
-342
-400
-368
-317
-300
-244
-157
-34
75
202
338
471
554
535
453
352
320
330
312
283
237
241
216
178
159
184
245
240
196
129
160
273
422
387
110
-224
-344
-152
35
8
-220
-391
-295
-72
156
124
-54
-376
-606
-723
-667
-510
-400
-436
-671
-879
-883
-638
-368
-228
-185
-77
105
268
280
176
27
-38
-24
19
21
6
-1
38
149
370
583
655
577
471
459
463
507
492
490
403
310
208
198
324
563
772
739
447
58
-167
-144
41
211
272
261
225
259
401
614
738
638
357
84
-26
101
344
526
498
278
37
-149
-191
-162
-76
-92
-173
-295
-351
-394
-489
-659
-875
-983
-921
-758
-660
-688
-731
-751
-808
-974
-1178
-1273
-1207
-1053
-902
-768
-652
-543
-499
-495
-547
-599
-604
-583
-552
-591
-554
-448
-228
-58
92
173
248
303
388
447
416
249
84
31
145
311
464
522
492
385
304
309
425
589
702
703
617
563
597
651
665
628
632
667
706
679
559
371
184
131
170
190
77
-49
-89
60
255
420
387
215
-1
-151
-175
-126
-9
35
-12
-124
-155
-108
-66
-89
-119
-79
20
112
156
115
64
59
185
319
384
326
264
238
239
171
76
-21
-20
51
148
205
224
314
542
809
930
789
507
272
140
78
0
-47
-79
-100
-166
-239
-308
-272
-160
26
64
-32
-240
-319
-297
-172
-72
-29
-92
-177
-237
-256
-341
-415
-477
-430
-381
-342
-375
-504
-639
-757
-780
-828
-821
-788
-690
-653
-687
-720
-675
-530
-376
-270
-174
-38
165
307
293
155
52
67
98
21
-132
-194
-91
97
237
281
281
250
161
6
-132
-176
-128
-31
55
117
99
82
67
140
190
256
238
230
172
123
28
-116
-232
-288
-215
-121
-72
-138
-321
-478
-571
-550
-504
-425
-327
-314
-409
-603
-659
-550
-226
78
309
358
376
441
537
561
380
34
-340
-485
-292
99
410
508
538
598
755
824
818
755
761
827
833
794
734
776
839
871
841
838
930
1034
1041
874
659
508
469
498
541
585
579
545
456
368
269
221
203
181
98
-90
-320
-524
-580
-550
-496
-487
-456
-401
-415
-502
-588
-553
-420
-293
-217
-322
-526
-821
-1018
-1098
-996
-744
-511
-452
-628
-865
-1019
-984
-798
-543
-331
-172
-88
-73
-162
-245
-277
-221
-205
-272
-398
-517
-568
-560
-476
-349
-206
-67
34
66
9
-78
-97
-1
132
203
200
183
200
204
208
196
280
404
619
750
757
527
197
-44
-58
83
227
238
110
-154
-417
-547
-396
-52
352
617
660
493
185
-77
-249
-257
-171
16
172
207
118
32
68
168
215
192
176
225
179
-2
-284
-367
-249
46
290
412
388
274
207
185
269
369
526
629
649
554
395
223
113
136
340
575
703
581
327
61
13
175
463
598
460
82
-364
-605
-561
-267
10
153
143
5
-209
-453
-521
-372
-138
-70
-274
-525
-682
-632
-548
-429
-343
-266
-274
-450
-751
-1090
-1187
-1040
-714
-450
-319
-320
-407
-433
-389
-261
-185
-152
-190
-230
-255
-191
-72
124
287
407
366
300
256
303
310
188
26
-48
72
242
387
422
423
403
444
577
778
920
834
542
259
254
559
948
1111
898
459
77
-54
46
229
403
462
399
225
72
16
85
179
139
-109
-485
-766
-794
-560
-227
-29
-45
-215
-383
-469
-469
-459
-473
-556
-608
-640
-565
-490
-362
-320
-339
-432
-471
-373
-249
-110
-47
78
165
266
303
345
366
364
327
238
146
121
207
337
357
237
-17
-183
-214
-2
249
470
511
383
190
26
75
208
362
367
299
249
239
234
128
-3
-102
-142
-226
-458
-708
-901
-861
-749
-560
-436
-373
-393
-524
-643
-771
-710
-570
-394
-350
-367
-287
-174
-12
-62
-164
-355
-366
-218
27
231
269
229
103
10
-65
-76
-12
45
130
168
257
303
305
233
76
-39
-39
204
482
653
626
543
540
610
720
745
675
567
464
461
429
428
340
344
371
463
550
543
460
194
22
-14
196
434
551
505
347
216
154
159
187
147
62
-106
-211
-290
-251
-262
-308
-465
-618
-689
-659
-520
-408
-360
-393
-402
-294
-99
86
243
267
266
118
14
-119
-146
-172
-190
-202
-230
-259
-419
-587
-668
-474
-132
239
452
479
390
260
278
310
420
412
366
253
163
202
183
117
-80
-87
73
292
309
91
-198
-447
-554
-553
-456
-385
-415
-507
-542
-384
-188
-66
-89
-98
-41
40
42
11
-33
45
128
160
-3
-266
-428
-453
-296
-285
-419
-797
-1053
-1065
-736
-337
-89
-104
-294
-406
-373
-159
47
166
161
35
-70
-114
9
186
335
297
56
-297
-521
-527
-328
-174
-109
-110
-44
110
208
226
111
-3
-53
31
214
371
423
406
393
432
443
362
196
22
-70
-56
-27
53
114
265
327
327
257
268
368
424
376
255
279
467
752
882
813
608
462
414
400
357
316
314
300
195
-7
-192
-228
-95
44
-5
-208
-359
-254
98
422
607
558
508
446
397
288
174
94
22
-94
-170
-140
72
248
317
215
151
184
242
202
-15
-223
-353
-378
-398
-400
-284
-111
4
-31
-132
-175
-107
19
54
-5
-114
-41
40
56
-128
-270
-215
-32
80
-76
-329
-496
-424
-264
-173
-196
-303
-385
-442
-417
-365
-361
-378
-373
-274
-252
-295
-426
-505
-608
-734
-766
-636
-331
-166
-154
-298
-336
-259
-77
94
153
86
-55
-175
-141
-7
251
392
425
286
213
330
555
687
489
207
17
33
58
-81
-223
-325
-206
-127
-143
-308
-396
-243
-30
88
-74
-312
-521
-534
-407
-251
-175
-176
-192
-228
-264
-265
-151
-65
-143
-425
-645
-568
-235
49
36
-192
-280
-100
273
450
390
165
52
110
243
372
439
497
540
562
648
723
914
984
1005
835
750
771
837
717
415
226
340
670
919
894
675
380
229
265
510
709
771
703
685
634
455
143
-91
-63
81
240
139
-48
-329
-449
-506
-419
-285
-136
-87
-198
-393
-528
-530
-369
-271
-232
-350
-495
-639
-718
-633
-516
-406
-431
-484
-439
-263
2
68
-60
-292
-361
-245
-158
-121
-292
-424
-644
-674
-574
-259
35
143
111
69
104
102
96
229
447
546
367
148
120
304
582
723
732
527
372
327
330
191
-74
-215
-174
-135
-188
-353
-368
-329
-288
-370
-477
-503
-510
-538
-579
-544
-419
-312
-319
-482
-737
-919
-906
-660
-305
-51
-8
-237
-620
-942
-973
-695
-323
-19
170
267
252
119
-30
-39
196
523
670
606
486
450
390
276
170
126
162
246
415
528
492
334
248
377
545
528
313
87
92
221
322
212
4
-95
-31
92
61
-46
-186
-250
-265
-226
-141
-126
-195
-355
-455
-435
-309
-193
-170
-198
-259
-328
-392
-314
-33
324
467
351
142
152
286
411
298
113
-23
-13
41
58
136
318
572
714
669
512
377
370
430
521
603
760
930
1002
914
766
731
835
964
964
752
385
30
-159
-122
-21
55
47
40
18
-16
-63
-178
-396
-717
-965
-1026
-832
-551
-389
-537
-818
-917
-661
-246
14
4
-198
-416
-531
-517
-391
-246
-171
-214
-307
-257
-13
270
379
258
131
83
145
140
65
-18
-57
-85
-270
-539
-698
-434
280
1151
1689
1527
831
128
-25
385
876
866
142
-887
-1600
-1620
-1176
-863
-1039
-1623
-2202
-2582
-2757
-2828
-2776
-2577
-2221
-1752
-1213
-681
-185
224
616
1084
1669
2232
2485
2345
1949
1652
1561
1604
1543
1319
970
570
169
-174
-351
-310
-86
202
446
535
479
320
319
576
1096
1629
2003
2178
2249
2409
2633
2649
2073
894
-437
-1317
-1454
-1042
-642
-699
-1331
-2223
-3054
-3498
-3441
-2928
-2330
-2067
-2263
-2606
-2589
-2037
-1132
-179
756
1678
2443
2727
2361
1579
945
876
1309
1748
1706
1071
91
-846
-1560
-2011
-2270
-2343
-2307
-2261
-2251
-2208
-1977
-1504
-840
-101
651
1375
2005
2523
3018
3661
4477
5346
6027
6367
6317
5974
5518
5136
4899
4731
4471
3848
2548
434
-2147
-4443
-5759
-5977
-5665
-5634
-6291
-7321
-8154
-8415
-8059
-7042
-5448
-3651
-2247
-1571
-1359
-939
246
2181
4321
6004
6834
6801
6065
4865
3559
2535
1950
1499
691
-716
-2556
-4386
-5840
-6722
-7056
-6978
-6661
-6290
-5937
-5550
-4881
-3717
-2038
-153
1584
2977
4080
5014
5837
6568
7213
7827
8344
8571
8236
7292
6008
4862
4201
4030
4061
3945
3446
2372
558
-1927
-4516
-6349
-6883
-6332
-5545
-5389
-6094
-7145
-7773
-7510
-6335
-4524
-2547
-963
-173
-155
-384
-138
1081
3121
5284
6698
6925
6130
4884
3718
2872
2310
1755
898
-441
-2173
-4011
-5606
-6667
-7087
-6943
-6430
-5745
-5037
-4365
-3702
-2884
-1708
-75
1758
3336
4322
4789
5045
5367
5887
6591
7360
7938
7992
7327
6039
4536
3328
2728
2769
3094
3296
2994
2004
225
-2230
-4866
-6905
-7693
-7249
-6264
-5658
-5881
-6676
-7346
-7338
-6441
-4719
-2438
-171
1327
1651
1200
928
1594
3214
5173
6714
7285
6720
5227
3327
1593
377
-368
-1000
-1950
-3418
-5243
-6955
-8035
-8204
-7519
-6334
-5049
-3929
-2990
-2057
-953
364
1804
3228
4504
5406
5729
5486
5035
4870
5191
5843
6368
6395
5747
4593
3221
2030
1449
1741
2688
3591
3837
3203
1738
-519
-3266
-5707
-6898
-6528
-5362
-4669
-5192
-6496
-7476
-7400
-6347
-4705
-2723
-676
846
1310
914
583
1232
2987
5167
6853
7480
6975
5593
3740
1873
405
-525
-1170
-2020
-3431
-5284
-7030
-8014
-7976
-7117
-5888
-4648
-3547
-2569
-1562
-387
1033
2605
4126
5322
5909
5754
5025
4246
4050
4694
5808
6572
6354
5168
3549
2076
1061
691
1070
2061
3161
3806
3787
3192
2009
91
-2361
-4532
-5545
-5299
-4696
-4822
-5931
-7229
-7743
-7148
-5756
-3975
-2046
-271
890
1140
836
873
1926
3802
5646
6647
6563
5629
4178
2471
741
-682
-1670
-2448
-3463
-4932
-6590
-7872
-8339
-7913
-6831
-5385
-3882
-2577
-1563
-623
668
2443
4325
5616
5931
5394
4458
3565
3109
3377
4310
5342
5704
5071
3780
2477
1571
1177
1337
2077
3177
4093
4347
3872
2858
1293
-894
-3393
-5358
-6133
-5870
-5520
-5902
-6960
-7833
-7777
-6760
-5146
-3137
-872
1200
2394
2519
2213
2491
3826
5744
7306
7884
7449
6214
4352
2077
-134
-1788
-2797
-3614
-4730
-6193
-7565
-8361
-8417
-7803
-6652
-5063
-3265
-1553
-89
1278
2777
4403
5798
6548
6461
5681
4562
3597
3269
3783
4761
5373
4980
3669
2110
931
346
306
792
1765
2887
3606
3588
2969
1943
392
-1843
-4370
-6263
-6864
-6477
-6134
-6578
-7533
-8078
-7644
-6340
-4543
-2427
-156
1833
2996
3225
3166
3652
4965
6542
7612
7781
7086
5619
3402
672
-1976
-3901
-4947
-5574
-6318
-7317
-8271
-8851
-8906
-8359
-7067
-5015
-2516
-96
1894
3472
4809
5963
6799
7168
7029
6476
5703
4991
4627
4694
4889
4732
3937
2693
1405
351
-395
-690
-266
939
2480
3626
3923
3346
1994
-136
-2784
-5186
-6407
-6222
-5421
-5147
-5835
-6882
-7352
-6821
-5476
-3608
-1399
825
2445
3008
2784
2652
3328
4661
5916
6443
6158
5163
3476
1102
-1564
-3815
-5171
-5777
-6207
-6859
-7662
-8270
-8437
-8079
-7119
-5433
-3089
-446
2018
4036
5604
6753
7409
7517
7199
6657
6011
5337
4774
4518
4557
4589
4181
3215
2000
996
410
183
288
887
2018
3366
4398
4709
4059
2299
-432
-3426
-5616
-6324
-5804
-5066
-5046
-5862
-6885
-7360
-6961
-5641
-3479
-828
1545
2793
2719
1917
1392
1782
3025
4519
5525
5536
4322
1978
-1021
-3862
-5741
-6424
-6357
-6248
-6519
-7129
-7764
-8016
-7547
-6148
-3931
-1295
1198
3207
4679
5762
6510
6840
6695
6160
5498
4920
4529
4293
4182
4119
3953
3513
2762
1830
927
269
57
440
1427
2763
4049
4811
4591
3022
208
-3054
-5606
-6695
-6442
-5651
-5159
-5260
-5669
-5958
-5836
-5083
-3438
-936
1777
3665
4106
3392
2473
2212
2892
4220
5524
6052
5266
3102
28
-3107
-5488
-6703
-6902
-6600
-6369
-6532
-7052
-7547
-7516
-6601
-4787
-2364
243
2657
4619
5961
6621
6686
6421
6024
5479
4660
3684
2956
2820
3168
3503
3414
2841
2001
1098
323
-59
245
1294
2742
4079
4938
5093
4217
2054
-1063
-4121
-5994
-6278
-5554
-4865
-4880
-5475
-6113
-6321
-5814
-4418
-2188
389
2537
3622
3554
2806
2130
2169
3137
4615
5694
5507
3773
948
-2148
-4751
-6411
-7029
-6845
-6407
-6260
-6610
-7146
-7279
-6581
-5006
-2824
-382
2010
4083
5636
6561
6907
6828
6437
5789
4932
4066
3445
3222
3358
3627
3733
3452
2771
1871
989
385
382
1194
2664
4174
5052
4861
3461
953
-2166
-5026
-6783
-7124
-6462
-5646
-5396
-5786
-6308
-6360
-5612
-4027
-1770
723
2839
4043
4215
3714
3161
3068
3585
4413
4946
4544
2938
343
-2634
-5307
-7151
-7958
-7852
-7232
-6624
-6360
-6360
-6201
-5498
-4149
-2266
-10
2416
4686
6412
7392
7653
7313
6442
5198
3911
2972
2561
2551
2684
2746
2629
2272
1722
1140
756
673
919
1504
2453
3636
4696
5127
4454
2481
-522
-3783
-6375
-7628
-7466
-6473
-5568
-5366
-5709
-5909
-5381
-3999
-2000
275
2425
4032
4771
4618
3973
3491
3652
4377
5020
4897
3717
1643
-1032
-3911
-6418
-7905
-8126
-7494
-6756
-6392
-6302
-6120
-5568
-4563
-3039
-938
1563
3951
5632
6396
6476
6196
5663
4860
3901
3023
2409
2072
1998
2177
2527
2792
2735
2340
1816
1373
1138
1265
1983
3324
4895
5970
5834
4161
1141
-2457
-5635
-7526
-7853
-7036
-6020
-5645
-6014
-6478
-6265
-5053
-2984
-447
2038
3972
5020
5175
4732
4231
4150
4616
5238
5426
4749
3115
637
-2354
-5290
-7470
-8459
-8326
-7574
-6766
-6220
-5898
-5528
-4780
-3423
-1461
875
3200
5155
6467
7025
6840
6062
4941
3745
2665
1784
1170
922
1110
1591
1981
1909
1372
737
375
418
834
1640
2877
4385
5766
6497
6154
4489
1584
-1965
-5177
-7152
-7668
-7265
-6831
-6869
-7174
-7198
-6589
-5386
-3695
-1568
822
2984
4313
4578
4154
3750
3855
4431
5057
5288
4829
3496
1223
-1742
-4720
-6911
-7918
-7946
-7493
-6941
-6469
-6112
-5789
-5234
-4112
-2273
97
2562
4717
6300
7160
7185
6366
4940
3378
2181
1653
1769
2257
2718
2780
2242
1283
401
82
400
1060
1799
2617
3611
4681
5624
6240
6322
5455
3299
84
-3245
-5595
-6569
-6626
-6556
-6707
-6890
-6805
-6439
-5863
-4854
-3045
-487
2127
3926
4557
4384
4097
4154
4592
5190
5679
5701
4787
2641
-474
-3702
-6143
-7373
-7565
-7149
-6540
-6064
-5931
-6074
-6078
-5392
-3733
-1285
1447
3957
5832
6737
6480
5226
3510
2005
1226
1314
2016
2767
2986
2367
1070
-325
-1152
-1009
-67
1121
2017
2528
2918
3509
4425
5592
6721
7249
6528
4233
773
-2832
-5468
-6585
-6401
-5722
-5311
-5470
-6015
-6597
-6801
-6121
-4250
-1477
1246
2933
3248
2699
2196
2404
3437
4921
6224
6656
5699
3313
60
-3147
-5506
-6671
-6784
-6336
-5920
-6006
-6669
-7516
-7842
-7038
-4936
-1899
1358
4048
5574
5744
4842
3521
2477
2159
2598
3482
4251
4286
3196
1159
-1052
-2484
-2598
-1547
46
1481
2350
2593
2523
2673
3544
5217
7214
8677
8781
7068
3793
-36
-3091
-4572
-4670
-4295
-4307
-5018
-6177
-7279
-7813
-7381
-5868
-3597
-1299
316
1007
1090
1113
1543
2599
4204
5913
7016
6868
5346
2941
431
-1564
-2806
-3381
-3635
-4055
-5015
-6440
-7773
-8341
-7783
-6201
-3990
-1650
346
1642
2169
2216
2296
2780
3646
4532
5043
4924
4101
2707
1113
-162
-765
-699
-289
141
461
728
1003
1327
1795
2633
3990
5716
7344
8390
8576
7784
5957
3279
332
-2092
-3586
-4368
-5000
-5778
-6544
-7038
-7324
-7614
-7792
-7361
-6058
-4220
-2488
-1146
-40
1070
2221
3395
4696
6183
7548
8186
7659
6099
4030
1898
-157
-2078
-3644
-4652
-5220
-5744
-6436
-7111
-7436
-7263
-6631
-5494
-3727
-1381
1101
3114
4236
4411
3851
2942
2159
1903
2223
2747
2907
2385
1338
255
-374
-294
488
1728
2992
3798
3896
3526
3319
3845
5173
6820
8044
8166
6809
4077
625
-2533
-4516
-5101
-4826
-4595
-5052
-6255
-7846
-9340
-10253
-10171
-8954
-6955
-4857
-3239
-2146
-1188
120
1971
4241
6621
8676
9888
9817
8396
6068
3584
1588
317
-405
-961
-1760
-3089
-4973
-7072
-8769
-9435
-8794
-7052
-4788
-2644
-1089
-334
-297
-608
-698
-106
1210
2809
4084
4656
4583
4211
3928
3943
4251
4674
4974
4956
4587
4025
3539
3341
3510
3992
4637
5208
5423
5162
4556
3787
2823
1444
-334
-2145
-3526
-4399
-5086
-5919
-6898
-7776
-8447
-9016
-9495
-9608
-8965
-7465
-5345
-2958
-554
1682
3504
4761
5559
6257
7108
8064
8850
9203
8956
7994
6285
4032
1731
-103
-1294
-2112
-2963
-4058
-5360
-6739
-8042
-8992
-9246
-8647
-7418
-6028
-4847
-3990
-3336
-2681
-1759
-310
1747
4152
6338
7815
8426
8368
7934
7393
6979
6880
7116
7396
7228
6247
4561
2701
1236
413
124
133
193
43
-598
-1870
-3621
-5395
-6690
-7231
-7178
-6969
-6970
-7215
-7445
-7392
-6943
-6100
-4895
-3425
-2003
-1010
-632
-613
-450
268
1563
3132
4607
5755
6491
6800
6715
6380
5951
5469
4770
3687
2219
548
-1124
-2724
-4246
-5679
-6934
-7892
-8447
-8575
-8361
-7918
-7279
-6391
-5248
-3956
-2636
-1306
99
1563
2948
4136
5195
6286
7399
8285
8684
8611
8341
8127
7935
7531
6770
5763
4723
3774
2928
2209
1691
1379
1131
738
46
-982
-2321
-3834
-5240
-6151
-6298
-5762
-4974
-4421
-4309
-4538
-4923
-5325
-5559
-5394
-4726
-3692
-2564
-1512
-544
411
1426
2566
3930
5490
6971
7909
7970
7215
5987
4611
3204
1825
600
-361
-1142
-2033
-3285
-4908
-6615
-8015
-8818
-8925
-8423
-7551
-6640
-5984
-5664
-5494
-5115
-4228
-2713
-645
1769
4176
6137
7310
7667
7526
7317
7325
7586
7952
8193
8052
7361
6217
4979
4029
3506
3274
3092
2757
2182
1340
298
-760
-1598
-2107
-2456
-2950
-3762
-4807
-5851
-6702
-7229
-7286
-6768
-5774
-4680
-3884
-3564
-3581
-3647
-3483
-2932
-1959
-686
651
1818
2723
3423
4027
4621
5265
5928
6475
6689
6365
5388
3802
1884
24
-1478
-2582
-3471
-4371
-5433
-6714
-8130
-9399
-10070
-9782
-8530
-6715
-4903
-3503
-2600
-1982
-1294
-220
1376
3370
5413
7097
8140
8530
8478
8292
8203
8286
8467
8534
8253
7488
6296
4879
3472
2263
1379
833
509
178
-345
-1036
-1648
-1927
-1852
-1692
-1750
-2117
-2674
-3282
-3911
-4556
-5157
-5658
-6056
-6378
-6560
-6472
-6025
-5260
-4310
-3255
-2058
-635
982
2569
3858
4716
5224
5485
5502
5253
4824
4378
3896
3140
1902
283
-1383
-2852
-4146
-5392
-6609
-7654
-8381
-8726
-8641
-8051
-6945
-5531
-4144
-3031
-2163
-1351
-430
631
1800
3044
4296
5396
6107
6303
6082
5733
5509
5477
5540
5577
5498
5275
4954
4685
4627
4807
5031
5006
4554
3712
2683
1680
844
205
-294
-761
-1313
-2017
-2897
-3889
-4838
-5507
-5662
-5204
-4285
-3248
-2417
-1950
-1799
-1852
-1964
-2011
-1883
-1560
-1179
-967
-1055
-1322
-1456
-1206
-543
368
1299
1981
2159
1753
960
207
-173
-120
165
423
517
353
-130
-916
-1820
-2525
-2818
-2724
-2548
-2605
-3009
-3636
-4261
-4690
-4778
-4473
-3809
-2902
-1903
-937
-43
876
1951
3284
4817
6360
7667
8536
8886
8750
8268
7600
6865
6175
5587
5077
4486
3681
2676
1645
804
256
-32
-149
-168
-167
-256
-476
-790
-1136
-1572
-2204
-3070
-4055
-4917
-5475
-5694
-5715
-5693
-5739
-5915
-6170
-6340
-6191
-5641
-4842
-4021
-3313
-2641
-1875
-905
269
1574
2880
4018
4826
5181
5068
4611
3967
3249
2439
1461
269
-1042
-2251
-3157
-3662
-3856
-3937
-4140
-4576
-5186
-5749
-5981
-5716
-4974
-3928
-2761
-1606
-549
398
1300
2290
3453
4722
5915
6842
7429
7702
7732
7594
7391
7197
7041
6873
6606
6157
5511
4759
3994
3282
2656
2180
1862
1572
1088
266
-824
-1916
-2687
-2945
-2804
-2650
-2914
-3770
-5067
-6419
-7423
-7788
-7420
-6473
-5269
-4181
-3457
-3129
-3033
-2912
-2554
-1900
-1075
-329
178
473
775
1276
2014
2853
3640
4282
4687
4695
4172
3164
1978
984
397
126
-94
-524
-1242
-2132
-2973
-3561
-3803
-3720
-3431
-3103
-2895
-2869
-2983
-3111
-3107
-2826
-2178
-1169
53
1246
2187
2808
3246
3759
4506
5425
6297
6939
7313
7477
7512
7487
7478
7531
7559
7313
6505
5034
3053
905
-1072
-2633
-3683
-4309
-4730
-5171
-5637
-5972
-6002
-5726
-5351
-5140
-5282
-5744
-6301
-6628
-6446
-5697
-4517
-3265
-2297
-1885
-2069
-2654
-3306
-3629
-3364
-2514
-1339
-158
855
1656
2274
2790
3348
4095
5067
6132
6994
7329
6920
5787
4155
2352
699
-565
-1391
-2021
-2873
-4181
-5753
-7072
-7705
-7538
-6776
-5715
-4609
-3593
-2708
-1911
-1060
32
1525
3386
5366
7084
8218
8652
8512
8096
7712
7548
7593
7668
7574
7161
6367
5203
3827
2495
1424
677
146
-309
-812
-1400
-2064
-2730
-3290
-3663
-3871
-4042
-4313
-4730
-5244
-5785
-6296
-6680
-6815
-6613
-6073
-5285
-4355
-3369
-2346
-1253
-64
1154
2195
2838
2987
2748
2343
1953
1683
1544
1468
1315
984
490
-36
-481
-782
-938
-981
-993
-1084
-1274
-1482
-1577
-1497
-1262
-952
-672
-507
-500
-621
-771
-847
-814
-751
-713
-660
-492
-196
117
354
561
882
1375
1940
2456
2922
3421
3983
4519
4895
5043
4996
4838
4647
4442
4186
3799
3187
2262
1062
-215
-1300
-2051
-2510
-2798
-3016
-3204
-3370
-3457
-3408
-3212
-2942
-2692
-2492
-2295
-2049
-1758
-1508
-1398
-1503
-1794
-2155
-2388
-2360
-2065
-1627
-1236
-993
-907
-877
-812
-650
-337
150
769
1364
1778
1938
1937
1927
1985
2084
2179
2252
2251
2059
1618
1033
485
60
-291
-640
-946
-1122
-1153
-1155
-1284
-1584
-1959
-2259
-2418
-2431
-2285
-1946
-1457
-1006
-751
-632
-422
20
569
1015
1311
1635
2129
2761
3388
3939
4411
4773
4931
4820
4480
4014
3489
2903
2271
1641
1020
332
-477
-1364
-2196
-2851
-3278
-3506
-3619
-3689
-3734
-3697
-3468
-2971
-2241
-1406
-620
13
451
705
815
842
851
899
983
1053
1045
930
680
261
-279
-798
-1069
-931
-407
316
990
1450
1641
1569
1312
1014
861
907
1022
1007
733
232
-395
-1013
-1542
-1943
-2206
-2365
-2484
-2650
-2873
-3070
-3118
-2936
-2540
-1993
-1386
-805
-345
-40
137
248
359
515
754
1078
1438
1756
1922
1882
1685
1519
1567
1889
2356
2756
2936
2847
2553
2154
1756
1416
1158
979
850
685
359
-170
-802
-1351
-1671
-1755
-1721
-1720
-1817
-1972
-2087
-2064
-1845
-1418
-843
-237
255
557
688
697
604
418
219
113
120
158
117
3
-134
-258
-394
-515
-489
-183
393
1004
1382
1398
1120
698
253
-113
-334
-426
-534
-856
-1486
-2330
-3148
-3737
-4045
-4098
-3906
-3460
-2845
-2226
-1736
-1390
-1098
-759
-304
272
894
1435
1769
1855
1767
1664
1701
1910
2213
2490
2679
2787
2814
2751
2613
2483
2458
2576
2762
2870
2768
2431
1971
1517
1115
734
383
105
-84
-252
-511
-937
-1514
-2123
-2584
-2775
-2689
-2382
-1893
-1250
-540
85
506
735
880
1064
1317
1624
1959
2302
2534
2456
1938
1089
192
-519
-986
-1316
-1586
-1791
-1879
-1858
-1799
-1723
-1545
-1176
-635
-79
334
504
422
118
-317
-778
-1133
-1299
-1321
-1372
-1665
-2269
-3058
-3797
-4302
-4495
-4368
-3951
-3315
-2597
-1924
-1322
-697
66
998
2031
3038
3839
4270
4301
4066
3788
3602
3525
3471
3307
2916
2253
1406
563
-68
-368
-361
-210
-102
-125
-237
-331
-327
-189
65
367
624
750
726
590
423
287
206
157
75
-138
-523
-991
-1349
-1414
-1144
-638
-62
443
782
890
765
491
266
259
490
822
1073
1125
918
423
-316
-1152
-1871
-2310
-2464
-2488
-2573
-2788
-3083
-3333
-3421
-3259
-2865
-2359
-1938
-1751
-1831
-2055
-2206
-2100
-1708
-1155
-610
-193
65
170
167
128
158
325
626
998
1386
1777
2178
2595
3013
3393
3706
3949
4139
4264
4261
4082
3696
3151
2543
1982
1518
1078
561
-50
-626
-1007
-1127
-1049
-891
-713
-527
-341
-169
11
275
671
1161
1631
1970
2119
2048
1788
1429
1124
967
909
805
527
81
-440
-909
-1254
-1452
-1506
-1459
-1362
-1307
-1325
-1399
-1500
-1602
-1684
-1688
-1611
-1522
-1528
-1665
-1860
-2029
-2138
-2255
-2446
-2710
-2969
-3133
-3162
-3048
-2800
-2462
-2105
-1765
-1400
-952
-440
27
337
496
589
697
830
975
1150
1350
1548
1687
1733
1699
1643
1626
1635
1619
1561
1489
1431
1374
1318
1308
1358
1418
1395
1257
1057
916
920
1046
1161
1122
877
511
168
-29
-21
180
492
806
1035
1149
1170
1150
1141
1159
1164
1086
874
548
183
-144
-376
-484
-467
-390
-362
-457
-682
-964
-1243
-1471
-1628
-1692
-1633
-1474
-1313
-1291
-1434
-1628
-1711
-1607
-1398
-1237
-1247
-1466
-1864
-2387
-2897
-3202
-3143
-2740
-2195
-1729
-1432
-1272
-1197
-1167
-1107
-920
-594
-247
-28
39
55
136
308
556
880
1293
1745
2123
2332
2376
2363
2410
2558
2763
2973
3169
3305
3271
2985
2509
2029
1685
1476
1333
1209
1107
1010
899
771
658
590
583
634
729
824
870
850
779
697
643
639
675
706
697
677
674
683
643
518
297
-16
-421
-869
-1263
-1536
-1701
-1811
-1865
-1849
-1800
-1846
-2062
-2388
-2685
-2886
-3046
-3250
-3501
-3702
-3773
-3730
-3649
-3553
-3396
-3150
-2856
-2567
-2258
-1840
-1284
-653
-50
487
948
1316
1532
1580
1541
1561
1740
2012
2210
2209
2041
1816
1636
1551
1598
1778
2040
2304
2508
2631
2680
2676
2616
2489
2288
2052
1826
1634
1472
1320
1152
959
798
722
705
619
356
-64
-491
-740
-706
-413
-13
284
336
171
-60
-189
-138
63
291
381
214
-232
-877
-1563
-2105
-2358
-2341
-2199
-2131
-2249
-2557
-2966
-3309
-3427
-3243
-2829
-2339
-1919
-1667
-1612
-1696
-1801
-1783
-1573
-1195
-776
-465
-369
-491
-726
-923
-924
-677
-230
280
724
1012
1113
1101
1134
1363
1797
2289
2633
2718
2580
2337
2119
2006
2019
2124
2277
2443
2581
2635
2555
2359
2140
1998
1968
1997
1992
1859
1537
1044
489
34
-227
-318
-372
-521
-816
-1216
-1618
-1916
-2033
-1950
-1715
-1442
-1229
-1116
-1062
-1008
-887
-643
-288
82
309
323
148
-127
-431
-688
-827
-847
-814
-862
-1082
-1450
-1825
-2030
-1990
-1760
-1457
-1189
-1017
-974
-1035
-1143
-1206
-1112
-827
-432
-91
109
182
196
198
211
271
390
549
700
814
910
1029
1201
1392
1557
1677
1769
1831
1833
1767
1675
1609
1597
1615
1646
1675
1675
1582
1309
853
333
-71
-299
-434
-596
-814
-1047
-1239
-1336
-1298
-1131
-891
-648
-457
-342
-313
-344
-404
-434
-386
-230
-33
90
89
14
-14
57
181
288
355
405
450
454
405
354
390
533
705
756
610
297
-94
-465
-764
-933
-984
-983
-1038
-1193
-1390
-1542
-1593
-1541
-1395
-1144
-851
-643
-620
-727
-775
-634
-345
-89
-4
-91
-231
-321
-343
-343
-367
-403
-401
-316
-186
-98
-115
-196
-247
-211
-123
-43
-9
6
45
142
297
473
629
738
842
972
1108
1167
1111
983
854
765
696
614
509
387
260
128
15
-40
19
216
500
779
966
1045
1050
1040
1049
1083
1139
1241
1405
1591
1681
1619
1482
1382
1343
1287
1154
926
602
201
-225
-604
-894
-1073
-1177
-1301
-1510
-1777
-1971
-2015
-1940
-1852
-1832
-1867
-1869
-1742
-1464
-1119
-839
-720
-755
-861
-937
-931
-844
-715
-615
-580
-596
-614
-613
-584
-509
-352
-113
152
364
472
488
463
458
508
628
813
1021
1182
1233
1142
956
773
689
713
763
730
559
307
76
-26
44
271
577
869
1069
1150
1114
1003
892
836
856
919
984
993
919
797
682
606
555
502
420
268
40
-252
-565
-845
-1036
-1112
-1101
-1068
-1064
-1103
-1167
-1227
-1249
-1219
-1148
-1080
-1055
-1099
-1200
-1340
-1500
-1649
-1740
-1739
-1686
-1641
-1629
-1619
-1569
-1445
-1225
-908
-558
-279
-158
-224
-408
-560
-523
-246
179
589
868
982
966
858
720
632
660
801
993
1180
1363
1546
1708
1818
1894
1987
2120
2241
2245
2079
1787
1506
1328
1257
1226
1156
1000
738
407
68
-196
-330
-311
-164
46
233
336
380
446
600
842
1102
1324
1465
1491
1387
1202
1009
822
598
279
-156
-688
-1231
-1665
-1916
-2025
-2093
-2157
-2178
-2129
-2034
-1929
-1797
-1616
-1417
-1259
-1159
-1094
-1046
-1035
-1067
-1116
-1142
-1125
-1080
-1022
-955
-871
-768
-665
-602
-585
-562
-453
-253
-35
128
238
325
399
448
506
600
723
829
876
858
789
694
576
440
317
240
208
192
179
187
231
298
350
348
281
169
68
30
75
175
281
358
366
301
235
280
498
820
1113
1262
1237
1068
843
654
562
564
606
632
616
553
421
204
-51
-239
-286
-246
-236
-335
-521
-722
-847
-860
-801
-775
-844
-980
-1098
-1109
-991
-798
-633
-584
-659
-778
-826
-745
-593
-495
-525
-645
-764
-815
-762
-587
-294
57
368
565
655
722
849
1047
1269
1444
1532
1499
1346
1109
880
743
713
736
731
629
404
105
-164
-312
-337
-318
-324
-360
-379
-351
-293
-220
-125
10
157
262
319
389
529
741
974
1177
1319
1401
1428
1410
1335
1209
1034
814
569
342
190
131
132
107
-6
-215
-470
-721
-946
-1139
-1267
-1319
-1320
-1323
-1351
-1397
-1460
-1541
-1616
-1625
-1516
-1296
-1035
-823
-715
-695
-691
-631
-502
-369
-300
-306
-315
-268
-155
-21
97
173
208
221
225
227
230
232
214
147
15
-131
-191
-87
147
356
385
222
-24
-210
-257
-183
-103
-124
-248
-376
-416
-349
-205
-32
131
271
382
437
421
367
372
500
749
1042
1240
1206
917
511
210
127
229
394
511
535
465
331
176
30
-66
-80
-13
87
159
179
172
154
123
84
54
29
-36
-157
-309
-431
-496
-508
-486
-453
-412
-354
-285
-248
-277
-361
-437
-445
-358
-208
-66
17
74
150
237
295
313
340
417
554
726
890
1008
1039
975
839
669
512
396
319
238
93
-131
-384
-602
-773
-926
-1058
-1129
-1117
-1048
-985
-956
-947
-891
-724
-440
-102
194
403
547
665
763
844
915
1003
1099
1169
1155
1032
803
506
182
-116
-345
-462
-447
-334
-198
-119
-116
-161
-200
-217
-250
-366
-588
-844
-1038
-1123
-1124
-1059
-935
-760
-603
-543
-587
-658
-627
-440
-140
169
403
553
665
803
979
1168
1334
1444
1467
1395
1275
1153
1021
834
601
374
207
91
-11
-131
-266
-386
-474
-541
-618
-702
-736
-650
-420
-109
151
254
193
63
-7
26
114
161
111
-46
-272
-502
-651
-668
-597
-523
-502
-517
-532
-518
-472
-413
-368
-343
-306
-228
-121
-43
-29
-61
-77
-42
44
152
253
316
314
253
161
66
-13
-72
-97
-86
-47
5
53
95
134
170
176
125
33
-48
-73
-36
63
219
394
522
569
554
531
531
565
624
690
731
722
670
607
556
498
414
300
187
104
36
-62
-245
-508
-782
-972
-1028
-995
-979
-1067
-1250
-1461
-1627
-1721
-1726
-1640
-1504
-1393
-1344
-1308
-1206
-1002
-723
-399
-72
220
442
608
729
805
829
791
697
578
507
518
574
594
530
413
325
335
427
521
537
440
256
51
-95
-135
-78
44
189
329
462
616
802
1010
1218
1423
1603
1709
1704
1617
1526
1486
1492
1494
1456
1386
1311
1236
1154
1058
967
885
822
757
643
430
119
-225
-504
-645
-647
-585
-558
-606
-730
-901
-1079
-1218
-1300
-1339
-1348
-1322
-1271
-1228
-1212
-1198
-1160
-1119
-1100
-1105
-1096
-1047
-961
-865
-798
-791
-836
-888
-908
-896
-870
-855
-891
-1014
-1218
-1425
-1509
-1388
-1079
-705
-389
-179
-42
97
281
509
723
862
884
801
650
486
357
288
268
269
276
299
358
452
544
573
524
444
424
508
671
826
891
855
800
819
912
986
990
968
981
1027
1039
969
819
620
435
348
404
565
728
807
762
619
447
316
249
213
131
-82
-443
-867
-1235
-1467
-1566
-1588
-1608
-1689
-1839
-1999
-2072
-1997
-1778
-1469
-1148
-880
-699
-577
-473
-358
-245
-143
-45
52
134
178
186
190
229
300
361
369
329
274
228
209
237
315
411
493
550
591
609
605
608
656
764
898
1016
1069
1044
974
911
890
906
949
982
950
843
736
728
837
979
1069
1070
1010
940
880
809
696
564
450
355
255
136
0
-141
-270
-377
-453
-502
-521
-503
-489
-534
-673
-857
-1011
-1094
-1104
-1080
-1052
-1033
-1026
-1016
-1014
-1031
-1071
-1115
-1144
-1171
-1228
-1324
-1426
-1495
-1522
-1517
-1477
-1381
-1224
-1035
-874
-765
-674
-537
-341
-139
9
87
139
208
290
339
349
392
542
780
1011
1154
1205
1202
1169
1130
1115
1143
1175
1146
1010
765
444
120
-110
-169
-45
193
457
679
845
983
1123
1260
1347
1360
1306
1218
1114
1008
911
835
777
718
646
546
421
287
161
33
-125
-312
-491
-636
-754
-861
-977
-1120
-1294
-1473
-1613
-1675
-1651
-1591
-1565
-1614
-1696
-1736
-1675
-1519
-1296
-1061
-884
-819
-846
-866
-769
-538
-234
66
323
507
614
683
749
812
837
828
802
769
718
660
605
558
534
565
659
760
826
842
803
692
538
433
447
566
700
760
708
575
452
419
506
683
890
1053
1123
1097
1020
924
825
742
683
609
442
150
-230
-610
-913
-1087
-1151
-1174
-1249
-1398
-1559
-1645
-1612
-1499
-1351
-1207
-1066
-925
-790
-663
-556
-476
-406
-313
-179
-23
102
152
99
-39
-194
-260
-190
-26
132
227
270
296
314
313
294
277
282
295
285
232
166
152
219
331
427
464
448
405
358
330
329
331
299
226
132
37
-60
-150
-187
-133
-4
126
201
210
178
131
77
26
-16
-37
-69
-152
-316
-544
-784
-976
-1069
-1064
-1003
-931
-870
-806
-717
-573
-351
-72
192
332
314
211
167
266
481
705
836
830
722
572
429
316
247
228
217
145
-14
-179
-248
-188
-48
127
327
518
652
696
669
599
515
453
436
453
456
409
294
146
37
15
34
6
-99
-217
-260
-209
-96
26
115
138
89
28
19
66
92
41
-70
-184
-284
-361
-407
-417
-435
-525
-699
-896
-1019
-1036
-965
-834
-653
-444
-246
-85
18
47
37
58
128
177
142
44
-34
-32
51
179
302
392
454
506
577
683
812
930
1011
1053
1038
933
751
546
380
249
128
21
-20
17
95
144
152
141
136
128
102
65
14
-64
-177
-284
-333
-322
-305
-330
-407
-504
-594
-653
-698
-756
-823
-869
-858
-820
-798
-831
-894
-908
-818
-635
-420
-208
1
174
262
252
192
131
75
-4
-130
-302
-487
-642
-719
-697
-609
-496
-360
-180
36
238
375
422
400
344
281
215
141
85
73
96
109
84
41
28
74
159
251
348
440
510
541
550
589
678
789
849
811
706
625
625
659
647
557
431
324
253
202
144
43
-129
-376
-635
-802
-791
-615
-376
-191
-121
-129
-142
-106
-11
109
229
321
369
367
329
261
172
70
-25
-86
-94
-64
-19
38
141
314
532
734
870
916
861
706
485
257
81
-2
-7
-3
-68
-217
-391
-506
-526
-480
-441
-448
-489
-511
-463
-323
-133
24
62
-19
-138
-200
-176
-115
-66
-45
-44
-61
-118
-213
-316
-371
-339
-235
-108
-2
77
141
200
238
228
157
43
-57
-94
-42
78
217
316
332
266
140
-12
-157
-264
-314
-320
-323
-367
-434
-456
-386
-258
-148
-98
-81
-48
11
64
98
145
235
367
501
583
574
489
393
317
240
112
-77
-304
-564
-841
-1073
-1182
-1152
-1050
-952
-900
-898
-933
-964
-947
-867
-758
-676
-658
-702
-777
-836
-837
-771
-669
-584
-524
-451
-357
-259
-176
-77
63
242
452
693
942
1120
1164
1072
933
843
874
1030
1247
1422
1477
1406
1250
1058
863
713
653
676
710
668
522
322
157
109
210
402
576
638
578
446
311
207
140
103
66
17
-41
-84
-106
-110
-80
-10
71
114
105
69
20
-46
-137
-231
-308
-363
-408
-450
-482
-481
-437
-355
-265
-205
-188
-185
-164
-115
-72
-56
-53
-29
28
89
115
103
85
84
96
103
116
145
194
243
273
278
266
248
223
167
88
33
43
99
131
118
101
123
175
227
267
284
274
242
212
187
160
107
10
-126
-268
-371
-432
-473
-511
-528
-521
-520
-557
-630
-680
-664
-592
-547
-592
-720
-881
-1027
-1151
-1237
-1280
-1263
-1194
-1108
-1071
-1104
-1171
-1191
-1103
-897
-619
-366
-230
-223
-274
-279
-184
-1
204
348
402
393
387
425
499
568
577
490
324
158
77
92
140
143
109
102
170
280
375
431
481
565
700
856
989
1085
1153
1200
1200
1141
1046
969
961
1017
1082
1100
1043
925
781
642
543
497
491
504
512
515
521
535
554
577
597
589
527
406
250
105
6
-44
-83
-159
-264
-340
-343
-299
-272
-294
-346
-388
-392
-349
-270
-202
-200
-288
-428
-554
-613
-587
-501
-406
-340
-307
-301
-323
-355
-357
-296
-181
-50
46
51
-64
-263
-445
-513
-451
-347
-296
-311
-332
-316
-288
-290
-341
-433
-554
-668
-761
-848
-953
-1064
-1135
-1140
-1090
-1008
-926
-873
-847
-821
-752
-636
-471
-259
-17
202
326
332
255
150
53
-17
-52
-62
-55
-46
-39
-20
31
125
243
350
401
384
321
266
241
221
174
122
121
181
234
215
122
22
-13
53
200
365
501
589
643
665
681
738
884
1099
1292
1378
1320
1172
1032
967
973
1002
1008
963
881
793
721
665
623
585
521
413
275
174
157
210
262
243
159
58
-25
-82
-102
-87
-70
-91
-158
-269
-417
-579
-696
-715
-641
-511
-387
-307
-267
-230
-159
-76
-33
-71
-166
-231
-217
-150
-102
-83
-57
-12
-12
-125
-335
-544
-652
-644
-594
-605
-711
-869
-1014
-1097
-1105
-1048
-997
-1010
-1071
-1110
-1089
-1047
-1016
-1000
-995
-1009
-1047
-1069
-1027
-923
-814
-741
-692
-646
-577
-485
-358
-190
18
236
418
537
611
658
676
643
557
459
388
358
346
334
324
322
336
354
384
423
453
455
446
467
519
561
570
581
622
685
731
753
781
849
974
1120
1233
1271
1253
1229
1234
1252
1259
1238
1177
1070
923
779
694
689
717
685
552
374
252
229
257
254
170
10
-181
-320
-346
-264
-159
-123
-194
-333
-463
-528
-506
-444
-405
-425
-474
-493
-464
-412
-359
-309
-287
-331
