-110
-84
-61
-48
-41
-31
-14
15
56
102
143
157
144
111
80
70
80
98
108
106
101
99
93
65
13
-43
-91
-138
-189
-241
-285
-319
-331
-327
-334
-358
-381
-384
-374
-370
-388
-428
-480
-507
-477
-395
-306
-232
-180
-156
-173
-217
-252
-244
-173
-65
38
94
110
136
199
279
322
290
202
126
111
141
155
120
53
8
-8
-34
-101
-175
-183
-115
-47
-57
-139
-215
-218
-154
-80
-32
-29
-65
-123
-160
-155
-145
-162
-184
-153
-65
25
66
79
114
197
296
351
342
301
279
288
289
252
193
169
216
293
325
290
253
290
377
440
437
384
310
250
255
341
450
511
500
430
331
243
233
292
359
371
353
347
349
328
295
300
358
428
454
419
349
263
178
98
26
-35
-85
-115
-113
-86
-58
-62
-106
-151
-163
-138
-115
-126
-168
-214
-244
-261
-279
-294
-283
-241
-190
-174
-225
-322
-423
-488
-527
-562
-601
-628
-628
-615
-611
-607
-565
-480
-391
-343
-343
-377
-423
-436
-388
-293
-199
-124
-58
7
63
95
97
84
79
99
119
125
117
106
85
39
-37
-117
-159
-144
-107
-89
-96
-108
-102
-59
28
139
240
312
353
361
325
255
186
139
112
69
4
-68
-116
-141
-175
-226
-279
-294
-263
-202
-133
-72
-33
-38
-93
-159
-175
-117
-17
52
59
14
-49
-110
-168
-204
-209
-184
-134
-53
59
161
206
194
170
167
193
241
308
365
386
370
356
361
378
404
447
501
537
525
455
350
256
211
218
248
272
282
278
281
301
347
409
474
515
513
471
425
408
406
394
367
331
284
230
188
158
118
61
5
-16
-12
-16
-55
-119
-174
-204
-230
-290
-389
-488
-536
-519
-453
-370
-286
-221
-177
-154
-160
-199
-256
-291
-290
-270
-266
-294
-334
-356
-346
-307
-257
-219
-220
-257
-301
-305
-261
-204
-184
-212
-260
-292
-301
-300
-310
-334
-371
-427
-483
-511
-479
-412
-349
-308
-287
-276
-269
-255
-247
-266
-307
-329
-292
-204
-104
-25
31
88
168
268
338
333
267
193
172
222
320
399
401
346
298
293
304
301
289
281
293
316
334
315
251
169
106
71
44
25
22
38
53
59
61
67
80
101
114
106
67
21
6
28
53
52
46
49
54
41
12
5
37
108
195
280
349
388
369
299
220
173
165
159
139
116
108
125
142
131
74
-5
-55
-50
-9
25
22
-4
-16
-1
29
71
138
212
240
188
94
24
-1
-21
-66
-118
-126
-67
18
53
-14
-144
-265
-320
-328
-330
-345
-363
-378
-386
-404
-426
-448
-450
-421
-369
-330
-324
-335
-318
-264
-186
-102
-25
49
132
240
344
412
424
403
365
329
287
230
166
124
127
168
221
248
225
151
55
-27
-61
-48
-33
-54
-83
-68
-8
34
7
-80
-183
-253
-270
-243
-197
-141
-83
-47
-53
-91
-115
-113
-85
-37
16
36
6
-26
1
70
124
149
174
207
217
191
143
84
14
-65
-129
-161
-168
-158
-141
-115
-79
-57
-62
-84
-96
-100
-108
-114
-99
-61
-17
36
85
119
137
175
250
323
354
330
284
249
238
219
159
68
-26
-121
-228
-313
-332
-294
-242
-186
-125
-77
-68
-74
-48
21
80
60
-49
-194
-284
-299
-261
-218
-179
-143
-116
-104
-96
-63
0
66
104
121
146
190
236
253
238
200
152
92
28
-12
6
94
202
278
300
277
211
108
-7
-86
-100
-51
15
68
102
133
142
116
88
111
179
215
178
98
25
-25
-48
-27
9
22
4
-19
-48
-98
-144
-136
-73
4
65
95
93
64
26
-26
-108
-202
-251
-233
-172
-113
-52
39
123
131
38
-85
-162
-178
-147
-77
23
113
154
142
100
54
19
-1
-27
-88
-180
-242
-228
-140
-44
18
19
-28
-79
-75
5
106
161
138
81
27
-18
-65
-114
-156
-200
-262
-331
-361
-312
-210
-123
-92
-109
-141
-159
-143
-88
-32
-11
-28
-62
-78
-59
-5
49
69
49
21
39
123
217
235
160
47
-43
-115
-184
-229
-232
-193
-144
-104
-73
-27
51
143
206
199
133
57
26
61
118
130
72
-6
-45
-30
22
85
134
140
106
71
90
165
253
310
315
289
250
209
157
85
7
-65
-126
-175
-191
-166
-121
-93
-99
-117
-141
-143
-112
-34
62
126
129
75
9
-43
-65
-72
-70
-51
-15
20
22
-29
-110
-178
-197
-167
-99
-3
100
171
179
127
68
68
140
233
266
230
180
193
290
412
481
453
365
273
224
220
220
179
100
45
59
113
164
189
187
166
147
152
175
190
182
145
75
-18
-109
-161
-143
-65
12
14
-81
-209
-285
-257
-165
-81
-55
-70
-97
-101
-62
30
128
167
133
64
10
-18
-39
-86
-146
-189
-192
-175
-154
-118
-63
-31
-74
-157
-180
-88
38
95
51
-37
-85
-67
-15
-10
-94
-238
-362
-395
-338
-261
-253
-338
-465
-587
-671
-698
-643
-527
-429
-416
-477
-534
-530
-464
-372
-272
-181
-112
-97
-139
-195
-181
-66
75
145
130
104
116
150
168
164
135
65
-42
-117
-76
87
280
378
326
172
55
85
244
407
454
388
291
244
251
275
276
226
135
44
9
40
91
109
85
45
15
5
8
35
81
138
179
187
182
194
231
246
208
137
75
61
104
175
216
190
131
100
114
134
142
149
155
147
120
93
54
-7
-73
-101
-60
17
77
79
38
-15
-47
-49
-31
-4
11
14
31
76
113
98
40
-14
-23
10
61
97
114
121
123
107
82
95
174
277
311
235
101
22
45
103
85
-29
-149
-160
-31
147
249
251
212
200
192
136
24
-86
-147
-188
-257
-353
-401
-348
-232
-149
-153
-204
-233
-233
-243
-284
-334
-358
-360
-355
-348
-319
-250
-151
-74
-67
-138
-248
-334
-360
-336
-295
-271
-276
-313
-361
-377
-327
-242
-176
-143
-123
-102
-95
-112
-148
-182
-181
-138
-79
-53
-59
-49
13
103
151
136
97
101
161
208
153
-11
-160
-180
-88
-12
-27
-91
-84
27
141
124
-50
-243
-306
-212
-60
52
101
116
127
139
166
209
266
299
271
200
189
302
469
529
403
167
-27
-68
22
136
164
101
33
64
202
359
429
402
363
372
410
433
451
493
528
489
363
243
243
363
472
458
350
272
284
325
300
207
127
140
222
273
247
194
181
198
193
143
83
56
63
57
11
-32
-16
40
48
-31
-143
-224
-279
-356
-468
-531
-460
-278
-120
-103
-199
-305
-339
-294
-229
-209
-266
-365
-440
-447
-402
-369
-415
-549
-711
-797
-733
-524
-260
-87
-92
-225
-350
-372
-305
-225
-188
-203
-219
-184
-102
-27
5
3
-19
-53
-64
-1
146
289
331
258
178
222
392
545
505
265
7
-73
24
132
125
56
44
115
178
148
54
-10
-11
-26
-142
-330
-476
-501
-431
-364
-360
-400
-402
-334
-254
-207
-176
-86
66
228
342
373
308
158
-28
-181
-276
-371
-613
-1107
-1698
-1942
-1574
-891
-518
-741
-1227
-1388
-941
-155
460
646
574
517
576
766
1091
1493
1751
1685
1360
1061
1050
1308
1540
1420
962
534
509
906
1389
1630
1586
1487
1553
1799
2085
2311
2425
2328
1932
1340
844
581
247
-624
-2029
-3260
-3539
-2916
-2336
-2648
-3645
-4249
-3671
-2231
-1002
-709
-1053
-1139
-426
810
1889
2366
2287
1983
1763
1735
1806
1744
1267
255
-1026
-1995
-2257
-2013
-1872
-2262
-3001
-3494
-3264
-2429
-1580
-1194
-1194
-1126
-693
44
850
1493
1769
1633
1356
1351
1746
2237
2372
2008
1462
1235
1526
2001
2204
2088
2010
2242
2696
3090
3264
3255
3197
3218
3348
3476
3387
2956
2317
1779
1528
1346
716
-672
-2464
-3856
-4382
-4384
-4600
-5379
-6376
-6946
-6747
-5994
-5147
-4451
-3828
-3142
-2337
-1366
-169
1189
2444
3308
3678
3777
3951
4293
4463
3990
2820
1410
308
-376
-988
-1905
-3117
-4226
-4840
-4933
-4821
-4771
-4713
-4411
-3805
-3091
-2426
-1740
-884
76
859
1279
1499
1875
2581
3396
3900
3910
3663
3568
3782
4093
4209
4081
3928
3959
4130
4180
3927
3490
3192
3212
3389
3379
3025
2544
2286
2286
2118
1320
-14
-1242
-1835
-1971
-2327
-3341
-4687
-5588
-5598
-5111
-4956
-5481
-6149
-6140
-5217
-3903
-2898
-2386
-1898
-888
619
2052
2953
3410
3779
4229
4626
4754
4540
4088
3517
2837
1991
983
-93
-1148
-2137
-3037
-3771
-4265
-4541
-4762
-5017
-5142
-4864
-4135
-3246
-2570
-2208
-1886
-1213
-93
1128
1984
2371
2673
3327
4358
5310
5726
5615
5447
5642
6132
6425
6133
5408
4755
4470
4309
3807
2839
1760
969
430
-244
-1287
-2460
-3331
-3765
-4040
-4495
-5141
-5661
-5764
-5497
-5187
-5072
-5090
-5005
-4677
-4133
-3453
-2676
-1841
-1003
-189
638
1493
2307
2953
3362
3555
3609
3560
3362
2953
2363
1711
1097
518
-93
-769
-1471
-2143
-2742
-3272
-3718
-4021
-4108
-3982
-3751
-3498
-3184
-2701
-2038
-1342
-810
-497
-245
189
875
1647
2265
2649
2939
3334
3883
4438
4822
4985
5036
5071
5083
4984
4712
4289
3795
3282
2718
2039
1269
525
-94
-609
-1107
-1629
-2130
-2544
-2818
-2944
-2954
-2914
-2875
-2846
-2799
-2708
-2616
-2572
-2578
-2512
-2255
-1813
-1354
-1021
-798
-544
-176
203
446
535
571
642
730
755
651
406
68
-297
-652
-1013
-1390
-1725
-1927
-1967
-1927
-1939
-2058
-2194
-2195
-2000
-1714
-1503
-1384
-1218
-896
-494
-172
36
257
630
1118
1557
1847
2044
2274
2560
2839
3053
3221
3390
3542
3583
3426
3100
2749
2478
2281
2062
1749
1381
1074
907
809
648
397
177
108
153
146
-47
-374
-633
-687
-603
-572
-694
-889
-1014
-996
-919
-930
-1118
-1401
-1565
-1456
-1103
-719
-527
-597
-809
-979
-1001
-930
-886
-930
-1022
-1076
-1045
-957
-870
-801
-708
-558
-384
-250
-183
-153
-118
-80
-69
-89
-96
-60
-16
-43
-174
-342
-428
-355
-189
-53
-17
-13
65
241
439
555
582
581
618
679
727
737
715
667
588
495
420
378
340
259
145
98
219
490
755
848
766
666
695
797
777
505
67
-326
-555
-693
-919
-1298
-1715
-1973
-2005
-1907
-1825
-1813
-1813
-1741
-1570
-1355
-1171
-1046
-960
-887
-831
-775
-658
-432
-127
143
312
446
672
1027
1399
1636
1682
1635
1622
1674
1700
1594
1342
1044
808
648
477
255
57
-19
28
93
91
45
55
189
393
510
431
235
139
270
509
639
599
528
559
651
675
612
604
777
1078
1314
1343
1240
1182
1249
1310
1182
857
522
338
242
19
-446
-1003
-1387
-1498
-1492
-1610
-1902
-2190
-2266
-2134
-2010
-2072
-2281
-2423
-2338
-2085
-1859
-1755
-1644
-1319
-780
-241
107
311
582
1031
1534
1858
1920
1885
1976
2212
2383
2281
1938
1570
1341
1203
961
537
78
-182
-206
-180
-304
-590
-872
-967
-827
-581
-433
-442
-479
-391
-167
70
209
241
229
221
217
228
312
498
688
726
583
411
370
423
391
157
-218
-563
-785
-949
-1216
-1619
-1981
-2108
-2017
-1925
-1964
-2056
-2032
-1846
-1634
-1574
-1703
-1838
-1762
-1459
-1116
-917
-865
-830
-682
-419
-152
37
186
401
708
1010
1197
1279
1367
1537
1726
1826
1816
1770
1743
1698
1573
1362
1130
971
921
934
908
793
621
484
445
483
542
591
633
683
764
924
1167
1403
1502
1420
1271
1194
1211
1209
1071
818
588
495
517
507
357
112
-96
-199
-268
-402
-623
-869
-1064
-1178
-1235
-1299
-1394
-1490
-1516
-1455
-1372
-1359
-1446
-1575
-1664
-1684
-1678
-1692
-1704
-1655
-1522
-1360
-1238
-1130
-935
-601
-202
148
423
673
939
1194
1370
1403
1306
1179
1110
1083
1023
896
745
593
436
274
140
64
42
53
68
88
145
269
427
545
602
661
799
973
1068
1029
934
907
972
1040
1013
896
767
674
603
499
350
176
1
-157
-288
-399
-512
-625
-698
-713
-693
-676
-705
-799
-961
-1139
-1245
-1251
-1216
-1247
-1366
-1515
-1610
-1622
-1577
-1535
-1532
-1550
-1502
-1311
-979
-611
-343
-236
-229
-183
-30
166
283
271
205
205
302
397
369
226
80
-4
-53
-116
-185
-226
-228
-212
-209
-225
-231
-169
-14
197
413
641
880
1066
1140
1156
1235
1404
1564
1629
1612
1603
1671
1772
1792
1658
1424
1219
1101
1024
900
703
504
376
343
315
189
-60
-298
-365
-260
-184
-313
-584
-746
-626
-340
-175
-305
-607
-793
-713
-499
-396
-526
-782
-961
-930
-733
-527
-425
-415
-415
-398
-389
-409
-451
-500
-547
-560
-507
-386
-264
-219
-307
-487
-637
-649
-514
-355
-280
-298
-316
-262
-161
-82
-46
13
156
338
462
496
516
612
771
912
965
945
912
929
999
1052
1019
896
764
687
651
555
335
35
-232
-385
-443
-487
-583
-719
-811
-796
-698
-603
-561
-536
-455
-284
-69
117
223
247
221
170
91
-26
-151
-218
-201
-157
-158
-222
-307
-367
-381
-359
-339
-377
-470
-544
-510
-371
-216
-144
-173
-247
-297
-275
-187
-101
-91
-150
-185
-129
-16
71
93
108
182
316
461
544
546
485
423
431
508
590
612
559
456
331
213
139
114
119
107
67
20
17
64
103
91
47
24
36
59
67
58
38
9
-18
-33
-13
54
150
224
226
152
42
-66
-147
-193
-162
-44
90
120
-2
-194
-321
-322
-251
-194
-190
-206
-186
-111
-15
30
-17
-126
-225
-262
-252
-233
-236
-268
-325
-390
-433
-418
-310
-122
58
133
108
86
176
376
577
664
615
500
413
370
340
276
156
11
-88
-102
-89
-134
-256
-392
-466
-444
-349
-255
-211
-178
-94
23
99
140
229
398
565
617
537
414
353
376
435
459
419
319
177
10
-162
-310
-413
-473
-531
-591
-609
-531
-361
-164
2
116
211
312
403
440
395
306
251
272
302
224
9
-234
-373
-382
-331
-304
-307
-296
-240
-165
-123
-103
-45
86
252
396
476
488
457
420
396
366
307
216
119
27
-68
-171
-284
-408
-547
-692
-831
-928
-937
-832
-636
-404
-177
27
204
353
479
576
639
657
626
547
430
298
177
83
-27
-205
-443
-648
-726
-696
-684
-813
-1045
-1223
-1211
-1047
-889
-844
-859
-786
-548
-237
-16
62
90
179
362
523
526
350
155
128
270
412
356
92
-201
-260
-13
356
561
488
293
199
309
512
648
640
529
403
341
387
500
575
510
299
37
-133
-143
-63
-38
-135
-250
-242
-72
149
304
380
457
595
753
858
887
881
873
840
756
615
469
381
358
318
165
-83
-305
-389
-357
-317
-350
-414
-410
-313
-207
-202
-301
-405
-427
-383
-358
-367
-348
-244
-112
-31
-17
-10
23
49
20
-81
-210
-293
-273
-182
-131
-205
-327
-360
-250
-112
-57
-86
-120
-92
-14
57
58
-2
-37
19
118
168
155
140
164
203
225
220
205
205
240
291
315
303
297
323
347
308
206
102
73
145
269
351
329
241
168
146
139
105
37
-36
-97
-149
-208
-283
-365
-448
-539
-632
-690
-687
-654
-650
-704
-786
-846
-856
-835
-826
-833
-829
-787
-711
-632
-573
-546
-531
-494
-431
-364
-318
-279
-230
-165
-121
-135
-218
-331
-408
-415
-377
-336
-325
-339
-345
-302
-195
-53
73
165
249
358
491
621
716
769
787
781
757
713
666
640
627
618
630
708
848
978
1037
1046
1064
1109
1151
1151
1112
1063
1019
978
935
890
822
731
639
568
518
475
424
328
159
-50
-204
-248
-226
-207
-227
-272
-319
-345
-331
-301
-298
-335
-379
-392
-372
-354
-374
-428
-485
-533
-629
-797
-921
-839
-588
-461
-629
-940
-1059
-832
-430
-240
-478
-916
-1072
-736
-256
-89
-350
-705
-770
-453
25
352
383
196
15
62
424
802
739
78
-615
-519
545
1796
2116
1172
-178
-607
316
1644
1971
915
-566
-1180
-533
660
1353
1047
64
-808
-918
-212
714
1081
489
-683
-1496
-1234
-103
822
679
-397
-1368
-1366
-530
170
3
-726
-1123
-686
124
481
18
-815
-1254
-1025
-501
-233
-417
-823
-1067
-910
-437
-3
42
-332
-785
-943
-632
-9
587
785
460
-68
-296
26
608
940
731
214
-108
90
599
922
803
434
182
210
416
629
729
674
485
258
159
279
551
767
758
543
305
227
307
406
413
361
364
471
618
672
545
283
35
-55
-8
29
-66
-272
-440
-446
-261
-56
-36
-256
-529
-608
-477
-340
-394
-558
-605
-448
-259
-255
-433
-611
-626
-488
-334
-273
-307
-375
-435
-467
-420
-274
-120
-107
-239
-339
-223
84
368
450
342
240
313
572
833
917
815
682
659
745
862
920
868
709
508
377
368
416
382
213
16
-48
54
188
185
-18
-307
-475
-396
-166
-4
-35
-181
-288
-286
-223
-181
-193
-251
-323
-366
-323
-177
-23
-11
-208
-465
-578
-498
-398
-480
-766
-1086
-1225
-1101
-839
-651
-655
-783
-858
-776
-597
-481
-473
-471
-382
-252
-187
-194
-184
-96
16
110
160
185
146
59
-1
76
341
706
1012
1110
1017
860
758
700
604
451
301
246
306
462
622
679
541
240
-66
-232
-185
17
258
410
416
304
129
-52
-163
-130
86
437
814
1089
1191
1147
1021
817
469
-41
-608
-1073
-1327
-1333
-1117
-746
-355
-46
128
187
115
-132
-547
-1002
-1299
-1291
-976
-479
44
487
800
968
957
736
298
-272
-803
-1123
-1111
-774
-226
351
795
1020
1039
904
696
480
298
159
66
41
105
228
340
387
371
345
359
397
417
363
255
129
32
-32
-71
-108
-122
-60
108
334
527
634
639
528
305
36
-183
-323
-437
-559
-630
-585
-416
-219
-82
-75
-204
-402
-589
-703
-780
-863
-938
-900
-680
-365
-142
-140
-325
-561
-681
-644
-538
-517
-634
-768
-742
-501
-223
-118
-260
-481
-595
-480
-199
106
285
324
340
400
494
520
462
296
89
-53
-20
172
360
389
251
53
-38
6
149
192
73
-175
-308
-131
363
926
1239
1201
915
654
570
722
932
1014
838
523
320
372
587
687
541
175
-247
-584
-761
-745
-637
-513
-473
-502
-563
-626
-620
-593
-539
-588
-650
-660
-537
-344
-219
-142
-135
-119
-88
-38
63
102
135
68
-69
-252
-323
-199
-4
96
61
-41
-67
15
186
308
243
31
-192
-243
-74
255
619
810
820
654
522
424
469
636
789
812
621
444
353
321
286
226
249
327
459
556
497
238
-134
-337
-243
126
425
428
126
-188
-286
-241
-111
-82
-115
-221
-255
-176
-96
-46
-83
-168
-355
-537
-679
-703
-739
-693
-606
-393
-248
-323
-627
-957
-1026
-879
-660
-552
-454
-300
-98
10
-57
-160
-212
-141
-69
27
163
262
262
132
51
21
99
236
446
573
546
417
315
298
422
590
681
560
393
384
493
561
487
397
320
311
305
335
276
150
-19
-207
-375
-477
-332
-114
-30
-219
-427
-342
-70
178
2
-403
-840
-861
-486
59
393
369
154
47
181
485
621
492
133
-150
-224
-164
-61
-89
-122
-251
-346
-496
-569
-494
-320
-198
-330
-584
-738
-587
-206
112
159
-102
-405
-589
-596
-488
-329
-126
-143
-338
-641
-655
-373
39
266
130
-256
-537
-470
-55
387
719
850
822
598
318
43
-109
-147
-62
48
49
23
94
301
509
612
564
330
3
-191
-41
289
585
634
519
342
219
197
195
219
296
492
650
697
633
627
747
883
919
747
493
309
223
196
134
61
-24
-112
-137
-69
57
106
21
-188
-419
-580
-545
-306
-25
96
-54
-356
-576
-549
-390
-307
-461
-623
-666
-435
-153
52
25
-31
89
409
586
337
-206
-618
-589
-248
71
65
-234
-530
-526
-196
190
371
279
18
-206
-288
-177
-51
-7
-103
-189
-192
-64
62
92
-24
-166
-180
-84
37
87
132
250
400
517
518
457
376
305
220
120
-12
-154
-293
-367
-346
-218
-80
-84
-293
-533
-582
-410
-263
-278
-468
-656
-769
-703
-482
-208
-22
-21
-182
-459
-724
-816
-694
-442
-274
-256
-274
-222
-41
106
140
-37
-340
-615
-710
-528
-262
-39
12
30
104
253
468
605
612
485
340
351
454
617
667
607
472
395
456
541
532
441
413
524
671
740
664
576
581
758
966
995
863
696
693
736
695
564
412
287
180
112
99
29
-79
-200
-190
-129
-35
-39
-120
-261
-342
-297
-212
-184
-275
-390
-406
-319
-166
-116
-171
-351
-512
-659
-741
-732
-656
-565
-633
-781
-950
-968
-861
-675
-465
-287
-165
-221
-411
-670
-735
-568
-189
175
386
432
399
476
591
742
760
751
677
611
514
478
504
584
616
590
537
516
542
522
446
378
414
460
374
166
-24
-36
142
438
662
675
560
416
335
201
10
-191
-326
-318
-226
-190
-289
-524
-704
-803
-780
-752
-719
-726
-719
-729
-737
-775
-799
-771
-686
-597
-573
-662
-820
-970
-1028
-990
-861
-672
-534
-532
-619
-617
-435
-162
63
139
83
-38
-114
-33
159
334
353
232
107
102
256
500
688
730
645
574
550
535
466
395
322
194
36
-36
142
472
724
710
454
241
228
496
797
955
864
640
455
388
395
390
295
184
104
159
288
388
374
193
-12
-274
-466
-663
-739
-701
-577
-375
-231
-106
-99
-87
-103
-104
-164
-266
-392
-447
-355
-125
138
295
263
119
-34
-24
75
167
98
-101
-299
-376
-265
-81
98
201
294
356
387
386
387
415
458
488
511
450
415
425
500
514
411
308
255
287
325
291
161
-49
-219
-290
-265
-205
-150
-129
-85
-63
-49
-61
-2
107
147
4
-246
-382
-285
-43
70
-117
-510
-808
-777
-548
-367
-375
-420
-347
-241
-197
-302
-400
-428
-348
-244
-205
-222
-232
-200
-159
-165
-251
-422
-622
-733
-695
-536
-394
-301
-314
-338
-355
-328
-301
-364
-468
-582
-572
-441
-215
4
152
203
234
296
430
570
706
821
886
866
761
658
545
489
450
491
501
489
413
334
254
260
332
425
368
220
93
146
321
422
380
200
121
140
206
199
110
57
-44
-115
-207
-170
-90
-57
-152
-404
-597
-686
-533
-348
-215
-229
-311
-315
-240
-147
-196
-364
-500
-504
-421
-408
-489
-658
-782
-756
-516
-231
-121
-218
-368
-380
-253
-56
56
15
-134
-181
-31
218
356
350
268
278
380
576
743
823
819
704
639
586
694
747
833
812
807
712
554
346
153
88
122
237
303
284
213
153
184
268
359
399
306
193
21
-2
0
89
102
44
-21
-58
5
72
131
144
90
62
90
210
263
244
177
173
214
237
158
-71
-390
-661
-757
-702
-551
-403
-291
-271
-317
-375
-447
-529
-582
-529
-449
-437
-587
-698
-671
-477
-261
-141
-130
-221
-314
-355
-292
-131
85
224
207
41
-97
-188
-220
-285
-304
-293
-208
-103
-10
-18
-180
-422
-598
-575
-329
-70
67
-24
-88
-77
43
16
-136
-368
-480
-426
-214
31
153
167
86
85
91
185
228
245
159
40
-36
-10
69
144
181
154
100
6
4
8
20
-64
-115
-142
-80
-54
7
-10
-8
-30
78
258
462
544
524
431
336
230
104
32
23
116
208
354
471
598
633
657
603
498
322
205
152
166
131
153
219
350
396
385
303
248
159
152
178
250
279
189
57
-75
3
209
433
476
415
303
202
26
-177
-293
-213
66
370
430
187
-211
-384
-273
-6
170
161
17
-203
-372
-504
-540
-592
-598
-626
-589
-493
-352
-257
-261
-309
-346
-379
-459
-596
-721
-746
-661
-507
-380
-292
-245
-230
-208
-154
-5
157
168
61
-70
38
242
393
326
162
122
248
452
489
333
117
44
150
244
230
104
-25
-125
-115
-6
151
218
188
104
50
69
178
219
165
-30
-177
-241
-239
-205
-232
-229
-291
-325
-359
-290
-136
33
124
96
1
-34
40
228
322
258
32
-167
-292
-357
-392
-388
-353
-386
-498
-586
-567
-435
-352
-374
-470
-499
-351
-132
84
164
167
64
-74
-180
-147
20
190
268
231
195
224
322
403
424
448
521
493
261
-123
-389
-362
-66
321
521
403
135
-17
73
258
381
454
525
619
683
626
462
215
71
103
310
520
624
507
278
47
37
187
381
435
367
229
110
41
-7
-41
-107
-105
-89
36
127
170
31
-195
-399
-476
-464
-360
-225
14
144
186
42
-69
-114
-69
-8
-28
-108
-211
-123
114
326
276
69
-63
5
109
167
53
-61
-264
-327
-328
-150
0
59
-42
-150
-113
41
187
131
16
-142
-184
-168
-41
100
123
44
-78
-108
-104
-43
-1
7
-49
-119
-140
-208
-308
-532
-668
-682
-439
-166
-95
-304
-648
-746
-582
-191
61
147
16
-87
-120
-31
7
-83
-269
-467
-590
-622
-580
-496
-472
-407
-300
-126
-28
-57
-86
-59
106
179
94
-130
-273
-171
22
204
220
234
349
548
698
598
377
117
6
-14
41
116
116
113
-8
16
21
132
162
189
261
355
471
508
509
472
432
346
242
192
293
450
537
452
327
191
166
122
131
73
31
7
49
176
231
202
21
-81
-101
40
165
288
268
157
-88
-210
-186
36
181
197
66
-106
-164
-138
-27
-12
-69
-230
-374
-449
-391
-304
-271
-334
-343
-284
-152
-131
-200
-357
-506
-612
-620
-551
-480
-505
-532
-474
-262
-57
83
121
168
277
398
493
407
311
202
207
210
147
95
75
232
439
580
606
430
244
9
-31
24
183
285
332
308
233
194
238
371
454
379
210
20
-6
101
258
345
279
205
130
149
128
73
-171
-422
-586
-490
-276
-88
48
83
10
-268
-531
-643
-521
-419
-464
-626
-837
-883
-813
-505
-203
57
157
93
-24
-208
-305
-476
-543
-515
-285
-107
-88
-190
-251
-201
-118
-77
-78
-39
66
163
160
106
158
379
617
671
459
187
-7
-34
-100
-182
-254
-153
-33
32
-10
-22
-1
51
113
218
340
408
342
149
-60
-133
-10
101
71
-81
-109
21
155
163
113
131
302
492
562
443
213
46
-5
-2
5
-57
-138
-191
-184
-82
10
46
46
-37
-154
-289
-256
-21
253
314
98
-242
-376
-218
145
380
340
70
-192
-228
-47
257
439
495
354
186
44
72
217
371
443
424
385
393
442
466
376
239
156
199
317
444
551
458
185
-228
-463
-431
-218
25
116
130
96
115
161
184
180
82
-42
-116
-11
175
281
250
83
-71
-271
-339
-381
-322
-367
-451
-548
-592
-505
-456
-398
-483
-553
-656
-741
-767
-713
-474
-263
-71
-99
-151
-252
-249
-292
-348
-412
-316
-116
59
0
-174
-331
-187
66
313
210
-46
-376
-522
-539
-369
-81
222
333
163
-209
-479
-566
-429
-296
-178
-117
-70
-12
-10
-12
-80
-23
-7
91
83
200
267
331
248
184
181
289
372
332
177
-21
-76
34
240
392
381
346
344
427
421
310
161
64
82
130
286
441
583
527
323
74
-17
120
336
391
138
-232
-430
-304
22
301
355
214
-31
-207
-322
-344
-285
-169
-61
-55
-101
-147
-123
-25
141
288
397
391
357
245
166
164
303
451
435
203
-26
-78
90
272
295
146
-35
-93
2
42
-17
-184
-258
-185
22
250
370
309
134
-56
-107
22
272
453
458
293
134
15
-19
-95
-196
-309
-326
-289
-247
-317
-378
-448
-401
-362
-251
-205
-163
-240
-356
-461
-418
-188
46
187
170
116
23
-91
-250
-358
-349
-121
135
288
187
47
-74
-143
-250
-318
-335
-234
-151
-65
-146
-217
-213
67
368
553
388
142
-104
-152
-125
-25
114
197
184
-14
-204
-300
-179
42
236
280
167
-35
-225
-276
-129
155
401
427
237
-101
-344
-463
-378
-261
-172
-210
-301
-362
-387
-404
-405
-308
-108
122
252
213
50
-103
-140
-62
12
66
82
110
70
-39
-121
-78
122
299
303
102
-143
-212
-201
-103
-41
150
279
290
151
-9
-84
-56
94
275
355
300
259
295
443
464
385
189
110
160
230
206
58
-32
-18
115
271
360
357
224
50
-138
-211
-213
-76
114
290
337
263
166
108
66
80
92
145
141
128
106
84
45
-32
-67
-12
129
232
178
45
-75
-63
-11
53
54
16
-22
-80
-126
-230
-310
-343
-274
-146
-63
-113
-297
-483
-560
-499
-352
-192
-54
-35
-67
-148
-196
-225
-208
-119
-21
-11
-82
-172
-142
-52
50
50
-51
-182
-232
-160
-47
36
66
142
252
368
321
112
-179
-336
-288
-151
-59
9
139
322
369
259
82
26
99
142
96
-65
-134
-138
-56
-56
-68
-44
127
323
400
276
99
-82
-204
-359
-411
-382
-235
-155
-153
-235
-225
-90
102
202
165
65
-49
-135
-194
-136
-77
-17
-118
-163
-185
-90
-35
-40
-118
-227
-282
-236
-113
35
99
95
-5
-61
-93
-84
-71
-50
40
48
-3
-188
-278
-199
28
190
129
-19
-62
36
151
129
74
48
210
417
547
454
249
128
156
273
358
399
372
335
235
171
116
189
341
482
458
283
130
143
206
149
-41
-155
-111
38
55
-16
-116
-1
280
553
604
421
252
203
245
208
92
-47
-128
-165
-161
-142
-127
-139
-221
-341
-408
-307
-50
209
310
181
-57
-263
-301
-266
-190
-198
-247
-339
-356
-179
69
272
233
98
-14
-38
0
23
111
177
201
85
-116
-268
-286
-163
-93
-216
-513
-701
-668
-478
-424
-500
-545
-383
-96
85
95
16
50
105
135
-10
-128
-153
-29
85
60
-19
-52
67
172
170
91
99
287
436
330
-117
-512
-565
-275
-11
-65
-285
-415
-230
57
197
95
-56
-31
133
246
211
55
-82
-194
-245
-274
-235
-131
-36
13
-22
-28
-40
-90
-206
-284
-246
-63
130
267
276
171
43
-56
-38
-21
-23
-55
-14
59
56
-44
-101
65
384
552
404
65
-108
26
312
500
444
273
106
36
0
-1
-1
44
26
-22
-110
-30
159
401
432
324
150
164
271
395
365
244
151
175
261
299
249
205
198
256
333
459
534
434
134
-209
-309
-195
28
11
-191
-491
-530
-294
71
305
328
189
44
-50
29
92
136
39
8
-27
5
-3
19
11
-77
-235
-410
-457
-387
-252
-166
-124
-119
-105
-148
-211
-313
-374
-409
-370
-307
-200
-156
-141
-248
-392
-557
-591
-480
-260
-104
-67
-88
-61
25
26
-34
-105
-66
14
30
-76
-196
-183
-34
92
70
-31
-60
21
157
199
114
-85
-242
-272
-195
-121
-79
-92
-154
-219
-233
-143
-72
4
28
114
252
462
609
566
368
132
25
56
201
311
275
88
-79
-94
17
125
129
92
43
102
156
198
113
59
42
107
68
-34
-157
-112
51
251
309
267
165
187
254
327
288
196
51
-137
-276
-182
67
321
288
91
-111
-116
84
209
173
-104
-314
-396
-260
-70
102
164
165
87
-28
-150
-152
0
221
279
72
-299
-530
-457
-201
-40
-106
-287
-352
-302
-163
-59
61
141
154
86
-25
-54
-36
12
-14
-39
0
106
176
134
-25
-161
-252
-247
-254
-261
-260
-238
-107
23
95
-64
-239
-258
-53
155
190
147
144
220
302
265
252
230
288
256
155
31
36
167
282
246
106
72
132
237
163
21
-120
-103
12
126
166
181
268
401
463
343
110
-82
-118
-36
64
134
149
147
101
80
17
-31
-69
-64
-40
-44
-59
-150
-328
-454
-388
-78
201
241
8
-242
-314
-179
-54
-18
-75
-130
-238
-370
-465
-348
-178
-80
-193
-348
-414
-328
-217
-118
-150
-200
-281
-260
-212
-170
-161
-161
-168
-238
-319
-367
-311
-228
-121
-40
43
69
83
67
81
49
-43
-165
-138
75
358
478
395
256
201
287
423
556
587
537
398
313
298
356
335
214
60
-4
14
89
98
106
13
-64
-203
-234
-204
-69
0
-34
-160
-224
-173
-4
162
287
316
269
156
43
-60
-82
-70
-23
-93
-232
-348
-337
-212
-143
-99
-155
-158
-150
-49
12
10
-56
-82
-24
65
121
95
72
93
218
342
415
405
364
317
192
15
-57
45
298
375
295
43
-153
-237
-123
99
274
286
180
45
-104
-239
-289
-215
-109
-54
-52
-21
18
23
-26
-62
-43
85
232
350
250
21
-202
-161
60
279
280
128
-67
-177
-196
-108
25
134
86
-70
-247
-279
-206
-91
21
84
129
22
-108
-286
-286
-183
-30
-65
-299
-538
-619
-478
-260
-51
35
-59
-221
-333
-280
-174
-109
-119
-195
-255
-259
-194
-175
-155
-169
-22
52
107
-85
-329
-616
-701
-612
-379
-201
-162
-283
-479
-554
-454
-287
-221
-293
-301
-157
132
364
425
336
286
329
377
304
127
32
-28
19
59
200
307
375
366
380
390
413
458
533
631
634
586
504
466
522
577
575
411
257
240
375
456
396
259
218
254
324
379
451
521
471
314
61
-61
-82
35
59
-12
-140
-166
-77
30
65
53
-10
-39
-37
52
112
60
-81
-206
-200
-94
81
189
146
0
-60
39
149
89
-70
-232
-220
-122
61
206
284
285
171
88
48
124
106
-18
-217
-321
-281
-144
-13
43
-27
-138
-311
-437
-530
-488
-439
-486
-639
-805
-813
-720
-528
-466
-498
-644
-693
-699
-674
-698
-726
-680
-529
-235
62
218
182
-65
-243
-316
-78
213
348
126
-342
-670
-695
-384
-95
65
23
15
54
104
108
60
98
163
278
315
254
145
82
160
254
316
250
161
64
76
118
175
151
190
304
501
569
476
239
31
-19
83
277
419
465
387
249
176
194
261
289
330
398
482
436
256
8
-210
-247
-206
-20
142
357
503
525
362
47
-210
-306
-216
-199
-292
-456
-449
-308
-200
-122
-75
130
287
389
364
289
290
300
362
244
141
72
243
415
498
384
189
24
-105
-146
-171
-101
-21
92
86
-7
-166
-230
-148
-7
71
-2
-108
-110
45
213
221
63
-113
-179
-166
-114
-61
-15
-2
-37
-75
-117
-78
-39
-24
-217
-434
-627
-591
-495
-390
-368
-359
-274
-134
61
159
169
-9
-198
-290
-184
-5
46
-21
-183
-227
-213
-168
-106
-97
-9
-77
-107
-156
-27
171
420
618
616
343
-78
-388
-484
-375
-170
29
104
35
-86
-175
-183
-144
-94
-2
17
-68
-343
-493
-357
-30
172
91
-54
-100
-84
-123
-284
-369
-291
5
263
313
115
-90
-153
-127
-153
-263
-313
-284
-212
-167
-208
-212
-225
-132
-71
77
258
445
472
309
146
101
263
424
513
474
325
119
-97
-156
-38
180
367
411
441
460
528
366
82
-196
-122
167
441
402
115
-215
-273
-45
342
565
556
382
253
185
196
165
-9
-334
-741
-741
-263
614
1213
1058
305
-415
-426
280
1059
1298
651
-333
-947
-673
132
728
572
-161
-863
-1040
-709
-423
-489
-840
-1042
-827
-350
108
95
-404
-1100
-1507
-1295
-596
333
1000
1192
952
749
997
1651
2263
2403
1956
1130
234
-388
-582
-340
66
363
109
-614
-1526
-2091
-2206
-2034
-1777
-1624
-1504
-1347
-992
-582
-187
160
619
1112
1496
1590
1463
1150
786
454
304
372
540
561
258
-339
-862
-1015
-709
-281
39
104
-17
-262
-551
-736
-809
-667
-312
131
407
349
120
-84
-238
-468
-720
-881
-642
-143
429
455
-34
-596
-432
642
1954
2464
1639
150
-717
-336
809
1554
1370
451
-372
-423
191
685
385
-383
-807
-497
52
89
-563
-1387
-1570
-920
4
419
91
-532
-799
-500
115
497
371
-78
-433
-422
-180
-75
-169
-375
-365
-188
-6
-67
-322
-452
-245
151
354
234
-45
-147
-20
246
393
394
303
230
143
16
-182
-344
-422
-283
12
348
495
386
197
90
161
218
215
128
30
-87
-236
-298
-157
238
689
985
1009
828
624
495
473
377
218
36
-44
-85
-163
-316
-621
-982
-1117
-685
161
678
353
-636
-1269
-963
-105
335
-78
-570
-476
159
522
347
64
42
241
245
108
58
285
472
265
-195
-366
38
602
720
295
-212
-329
-60
269
429
535
775
1101
1342
1384
1358
1296
1281
1296
1345
1355
1210
1011
779
617
376
31
-428
-889
-1241
-1493
-1687
-1908
-2136
-2281
-2245
-2128
-2142
-2343
-2479
-2311
-1960
-1670
-1495
-1268
-901
-564
-322
-162
94
319
452
427
436
500
591
619
618
590
419
35
-508
-939
-1144
-1141
-1088
-972
-714
-253
350
980
1592
2142
2625
2977
3147
3103
2947
2932
3263
3900
4474
4646
4311
3663
2833
1830
691
-338
-1019
-1425
-1903
-2746
-3802
-4678
-5064
-5112
-5091
-4996
-4595
-3832
-3075
-2656
-2478
-2058
-1104
179
1371
2207
2754
3074
3162
2931
2480
2072
1824
1560
875
-280
-1632
-2751
-3541
-4112
-4540
-4760
-4719
-4578
-4421
-4174
-3565
-2569
-1370
-258
656
1456
2302
3283
4422
5672
6939
7972
8530
8451
7854
7001
6215
5661
5357
5200
4922
4023
2063
-779
-3589
-5374
-5870
-5651
-5624
-6235
-7326
-8254
-8607
-8187
-7079
-5330
-3305
-1556
-583
-273
13
886
2480
4389
6078
7108
7285
6638
5415
4010
2803
1910
1137
157
-1194
-2865
-4650
-6307
-7494
-7950
-7648
-6989
-6428
-6142
-5814
-5002
-3521
-1564
481
2287
3703
4694
5347
5826
6426
7351
8499
9407
9569
8809
7373
5712
4342
3623
3617
3800
3277
1368
-1804
-5234
-7688
-8457
-7844
-6847
-6390
-6726
-7491
-8139
-8174
-7250
-5244
-2512
121
1776
2157
1860
1815
2580
3980
5561
6850
7438
6867
5006
2410
126
-1029
-1231
-1344
-2177
-3787
-5685
-7302
-8319
-8570
-7974
-6672
-5131
-3930
-3251
-2752
-1828
-170
2059
4329
6092
7029
7148
6776
6392
6419
7004
7886
8508
8249
6920
4901
2973
1741
1415
1725
2047
1551
-331
-3328
-6372
-8191
-8256
-7035
-5629
-4973
-5296
-6181
-6873
-6712
-5321
-2803
140
2504
3522
3312
2667
2497
3190
4583
6178
7380
7628
6549
4297
1609
-539
-1648
-2001
-2370
-3328
-4867
-6555
-7921
-8617
-8393
-7174
-5270
-3353
-2035
-1437
-1101
-390
1076
3117
5202
6711
7303
7033
6295
5672
5549
6020
6805
7430
7332
6190
4182
2033
613
430
1240
2059
1681
-472
-3805
-6886
-8430
-8047
-6423
-4750
-4031
-4451
-5509
-6395
-6407
-5119
-2620
329
2629
3502
3067
2201
1955
2822
4573
6457
7634
7471
5813
3102
276
-1782
-2740
-3006
-3269
-4040
-5350
-6913
-8275
-8997
-8681
-7247
-5080
-2979
-1627
-1095
-813
-53
1487
3545
5505
6785
7087
6489
5441
4565
4390
5030
6104
6925
6839
5573
3435
1262
17
207
1478
2648
2341
7
-3591
-6794
-8240
-7653
-5872
-4198
-3591
-4189
-5477
-6618
-6770
-5354
-2567
537
2686
3289
2769
2076
2023
2937
4685
6734
8208
8191
6367
3365
450
-1450
-2245
-2572
-3030
-3840
-4949
-6234
-7465
-8108
-7612
-5898
-3638
-1741
-699
-281
86
847
2114
3739
5418
6661
6985
6265
4996
3989
3815
4436
5388
6151
6336
5666
4098
2113
632
431
1538
3050
3618
2300
-658
-3994
-6301
-6942
-6218
-5055
-4393
-4717
-5877
-7252
-8053
-7603
-5693
-2856
-179
1389
1729
1470
1495
2320
3992
6060
7790
8365
7341
4992
2203
-61
-1418
-2104
-2634
-3358
-4362
-5584
-6827
-7716
-7765
-6750
-5020
-3309
-2128
-1420
-835
-115
801
2001
3475
4979
5935
5910
4989
3851
3259
3531
4442
5519
6297
6315
5256
3327
1416
559
1242
2950
4412
4268
2054
-1401
-4551
-6229
-6274
-5384
-4563
-4552
-5469
-6866
-8013
-8185
-6963
-4500
-1601
758
2050
2470
2632
3085
4070
5522
7034
7933
7574
5848
3294
755
-1187
-2407
-3109
-3570
-4059
-4791
-5822
-6884
-7450
-7115
-5878
-4162
-2447
-1117
-311
24
204
678
1732
3203
4494
5033
4647
3662
2628
2077
2291
3261
4637
5793
6097
5317
3887
2662
2408
3360
5005
6175
5597
2832
-1255
-5040
-7248
-7648
-6972
-6237
-6123
-6746
-7824
-8764
-8740
-7164
-4206
-829
1945
3642
4426
4703
4916
5481
6604
7964
8768
8303
6440
3650
643
-1978
-3867
-4968
-5453
-5708
-6105
-6812
-7610
-8031
-7648
-6310
-4269
-2049
-316
555
707
780
1368
2558
3920
4909
5197
4743
3730
2533
1700
1719
2717
4240
5511
5934
5423
4421
3603
3547
4445
5846
6667
5667
2456
-1985
-5898
-8036
-8390
-7844
-7317
-7277
-7716
-8412
-8909
-8521
-6623
-3291
504
3585
5405
6250
6635
6910
7227
7692
8250
8512
7938
6167
3364
86
-2979
-5332
-6770
-7356
-7407
-7362
-7606
-8092
-8379
-7887
-6396
-4157
-1751
243
1544
2196
2517
2862
3462
4289
5094
5503
5185
4106
2685
1622
1426
2128
3350
4548
5282
5296
4693
3947
3724
4464
5796
6564
5479
2298
-1920
-5586
-7748
-8474
-8403
-8152
-8065
-8271
-8730
-9079
-8606
-6668
-3358
388
3455
5334
6230
6634
6907
7219
7622
8017
8054
7261
5367
2535
-703
-3726
-6022
-7388
-7956
-8123
-8255
-8520
-8738
-8567
-7697
-6105
-3973
-1598
631
2276
3081
3256
3309
3669
4347
5018
5233
4696
3507
2168
1291
1195
1806
2849
3986
4885
5246
5018
4502
4256
4706
5719
6419
5654
2903
-1123
-5010
-7664
-8859
-9016
-8719
-8428
-8295
-8249
-8055
-7327
-5628
-2920
202
2922
4871
6195
7126
7702
7906
7874
7800
7643
7041
5568
3159
179
-2811
-5364
-7239
-8347
-8773
-8758
-8617
-8468
-8187
-7470
-6115
-4088
-1627
841
2829
4026
4457
4450
4461
4717
5074
5185
4802
3926
2763
1669
1011
1040
1776
3033
4442
5582
6086
5902
5380
5123
5472
6055
5856
3964
481
-3453
-6575
-8388
-9144
-9236
-8901
-8305
-7685
-7218
-6748
-5783
-3863
-1107
1860
4413
6310
7534
8108
8087
7695
7231
6867
6404
5399
3546
944
-1982
-4770
-7042
-8534
-9156
-9050
-8609
-8198
-7893
-7394
-6325
-4556
-2276
128
2254
3720
4383
4394
4201
4155
4321
4471
4323
3701
2596
1245
88
-418
-50
1075
2619
4182
5372
5821
5455
4658
4165
4428
5056
4919
3028
-503
-4493
-7606
-9287
-9731
-9379
-8591
-7704
-7076
-6832
-6627
-5770
-3838
-1094
1760
4177
5978
7103
7449
7108
6507
6183
6213
6081
5130
3155
521
-2292
-4986
-7311
-8887
-9390
-8946
-8112
-7423
-6944
-6305
-5127
-3356
-1217
996
2987
4442
5146
5204
5020
5003
5217
5364
5046
4159
2959
1841
1138
1021
1552
2569
3799
4944
5739
5974
5619
5002
4612
4722
4981
4551
2710
-473
-4080
-7036
-8724
-9183
-8783
-7982
-7136
-6498
-6118
-5739
-4892
-3255
-939
1619
3974
5803
6899
7205
6956
6606
6477
6468
6146
5120
3296
830
-2015
-4869
-7228
-8628
-9012
-8758
-8339
-7930
-7396
-6533
-5274
-3630
-1657
500
2494
3919
4630
4882
5091
5413
5649
5473
4791
3777
2713
1839
1347
1363
1787
2319
2684
2909
3216
3670
3985
3875
3439
3168
3360
3646
3134
1216
-1792
-4857
-6998
-7923
-7932
-7478
-6869
-6312
-5997
-5923
-5739
-4919
-3216
-923
1383
3230
4487
5223
5594
5761
5846
5881
5696
5030
3657
1642
-708
-2998
-4988
-6577
-7740
-8457
-8702
-8449
-7719
-6649
-5447
-4242
-2995
-1597
-51
1472
2803
3922
4919
5795
6361
6338
5672
4676
3871
3539
3528
3446
3057
2454
1850
1328
874
657
991
1875
2778
3176
3117
3161
3513
3644
2675
395
-2425
-4672
-5793
-6022
-5860
-5638
-5490
-5499
-5640
-5608
-4990
-3625
-1857
-207
1141
2397
3722
4839
5356
5240
4878
4546
4149
3460
2501
1444
266
-1294
-3359
-5522
-7098
-7682
-7407
-6667
-5769
-4884
-4133
-3534
-2858
-1734
54
2299
4492
6166
7125
7390
7067
6330
5471
4797
4427
4193
3767
2866
1381
-522
-2397
-3667
-3942
-3154
-1557
376
2013
2871
2931
2696
2807
3443
4080
3888
2558
511
-1584
-3401
-4898
-5923
-6221
-5777
-5081
-4783
-5076
-5456
-5206
-4140
-2620
-1066
425
1816
2932
3594
3934
4273
4764
5193
5186
4491
3086
1081
-1283
-3628
-5469
-6519
-6884
-6908
-6834
-6620
-6154
-5325
-4088
-2383
-259
2082
4285
5975
6940
7201
6963
6449
5836
5176
4379
3220
1582
-409
-2390
-3997
-5000
-5294
-4891
-3946
-2719
-1380
72
1652
3174
4381
5228
6024
6976
7762
7562
5868
3112
383
-1537
-2724
-3643
-4528
-5277
-5811
-6313
-6950
-7586
-7767
-7173
-5922
-4324
-2505
-426
1729
3552
4796
5642
6350
6923
7061
6551
5394
3765
1805
-369
-2535
-4331
-5498
-6084
-6312
-6288
-5941
-5242
-4272
-3120
-1732
-36
1844
3565
4815
5529
5780
5587
4912
3842
2632
1497
447
-623
-1687
-2607
-3272
-3729
-3932
-3724
-2975
-1763
-251
1497
3395
5140
6315
6834
7065
7517
8187
8471
7597
5434
2592
-122
-2343
-4107
-5510
-6563
-7349
-8033
-8720
-9250
-9339
-8832
-7811
-6409
-4634
-2467
-66
2217
4088
5446
6396
7036
7413
7534
7378
6803
5612
3740
1409
-984
-3055
-4582
-5500
-5865
-5813
-5560
-5288
-5055
-4747
-4213
-3301
-1931
-183
1585
2845
3208
2725
1839
1061
686
713
995
1289
1334
933
135
-716
-1178
-997
-250
804
1947
3117
4330
5498
6423
6970
7218
7396
7618
7678
7104
5556
3214
673
-1550
-3345
-4840
-6106
-7133
-7957
-8670
-9298
-9706
-9692
-9143
-8100
-6647
-4804
-2555
-45
2426
4556
6262
7578
8486
8882
8736
8192
7407
6364
4898
2933
626
-1747
-3978
-5979
-7614
-8680
-9036
-8808
-8302
-7748
-7162
-6414
-5405
-4091
-2478
-665
1120
2546
3386
3655
3622
3590
3712
3953
4186
4268
4046
3469
2676
1965
1593
1616
1953
2506
3216
3969
4548
4811
4860
4975
5324
5827
6179
6007
4992
3102
662
-1834
-3998
-5704
-6979
-7914
-8561
-8976
-9243
-9388
-9288
-8680
-7443
-5707
-3771
-1823
82
1914
3647
5305
6962
8514
9615
9868
9147
7708
5949
4131
2306
469
-1344
-3055
-4640
-6128
-7480
-8523
-9038
-8957
-8418
-7650
-6813
-5932
-4920
-3708
-2319
-838
703
2316
3967
5511
6742
7516
7853
7894
7759
7455
6906
6070
4992
3814
2701
1768
1098
814
1013
1607
2251
2547
2345
1869
1499
1490
1826
2252
2357
1756
368
-1496
-3327
-4707
-5482
-5750
-5813
-5946
-6299
-6831
-7424
-7863
-7914
-7477
-6589
-5344
-3782
-2012
-214
1470
3085
4739
6365
7682
8443
8628
8380
7750
6668
5088
3152
1097
-914
-2858
-4741
-6478
-7923
-8968
-9564
-9687
-9285
-8365
-7018
-5409
-3676
-1910
-203
1365
2793
4152
5491
6768
7845
8546
8776
8545
7884
6828
5473
4058
2804
1774
899
156
-356
-537
-409
-108
228
547
838
1099
1303
1487
1794
2292
2802
2903
2268
897
-914
-2831
-4636
-6198
-7406
-8160
-8442
-8400
-8225
-8013
-7659
-7030
-6049
-4665
-2777
-333
2451
5129
7226
8525
9017
8884
8340
7647
6989
6374
5577
4289
2371
-8
-2508
-4814
-6686
-7944
-8576
-8784
-8885
-9031
-9115
-8852
-8018
-6563
-4595
-2328
-49
1908
3342
4263
4874
5398
5980
6637
7261
7659
7621
7021
5942
4640
3410
2400
1626
1090
827
803
857
868
880
979
1074
945
589
292
409
1000
1833
2552
2841
2501
1542
214
-1114
-2172
-2894
-3420
-3912
-4449
-4993
-5546
-6105
-6540
-6581
-6060
-5070
-3789
-2303
-591
1262
3040
4501
5525
6130
6389
6364
6120
5719
5164
4348
3148
1556
-294
-2271
-4277
-6147
-7628
-8533
-8909
-8951
-8803
-8442
-7794
-6866
-5758
-4527
-3121
-1516
140
1578
2679
3572
4475
5459
6424
7229
7768
7926
7562
6617
5267
3908
2904
2328
2014
1784
1588
1437
1347
1367
1556
1903
2268
2466
2403
2150
1852
1600
1374
1080
612
-142
-1198
-2434
-3564
-4310
-4544
-4378
-4116
-4021
-4185
-4514
-4883
-5203
-5348
-5201
-4696
-3887
-2846
-1639
-353
894
2010
2982
3848
4551
4888
4633
3781
2587
1347
222
-760
-1575
-2232
-2843
-3637
-4733
-5968
-6923
-7235
-6831
-5935
-4874
-3925
-3272
-2958
-2839
-2589
-1873
-599
1007
2522
3655
4396
4987
5691
6617
7722
8809
9600
9793
9249
8069
6518
4881
3355
2049
995
144
-611
-1326
-1918
-2224
-2144
-1731
-1101
-351
508
1465
2464
3376
4003
4132
3604
2454
918
-709
-2223
-3544
-4592
-5322
-5755
-6069
-6499
-7148
-7885
-8352
-8273
-7596
-6439
-4914
-3090
-1139
666
2116
3276
4387
5535
6504
6953
6799
6150
5112
3698
2042
429
-949
-2195
-3550
-5047
-6422
-7350
-7768
-7846
-7729
-7335
-6533
-5381
-4115
-2835
-1426
237
2042
3732
5162
6362
7353
8051
8368
8384
8245
7981
7433
6493
5286
4075
2988
1965
963
118
-386
-518
-455
-363
-250
-27
366
866
1387
1816
2061
2032
1715
1223
674
71
-735
-1868
-3271
-4745
-6069
-7108
-7770
-7965
-7662
-6969
-6165
-5519
-5163
-4989
-4779
-4303
-3447
-2234
-815
599
1850
2863
3644
4241
4706
5065
5286
5312
5101
4612
3832
2788
1614
455
-603
-1570
-2476
-3354
-4224
-5069
-5807
-6294
-6398
-6079
-5384
-4461
-3455
-2458
-1464
-415
754
2087
3530
4923
6060
6820
7226
7413
7504
7537
7465
7256
6912
6474
5937
5263
4467
3637
2882
2183
1388
323
-986
-2322
-3448
-4241
-4661
-4656
-4234
-3543
-2817
-2205
-1671
-1147
-713
-556
-741
-1133
-1591
-2108
-2718
-3308
-3660
-3657
-3427
-3248
-3313
-3660
-4196
-4750
-5055
-4771
-3696
-1944
76
1944
3455
4581
5342
5768
5984
6190
6480
6680
6449
5566
4083
2264
341
-1524
-3231
-4691
-5892
-6885
-7679
-8172
-8241
-7878
-7194
-6288
-5155
-3741
-2079
-336
1312
2827
4293
5727
6999
7960
8603
9010
9183
8992
8351
7329
6150
4985
3908
2923
2073
1356
672
-139
-1160
-2322
-3431
-4241
-4539
-4254
-3528
-2643
-1874
-1372
-1166
-1183
-1302
-1430
-1572
-1810
-2267
-2998
-3934
-4847
-5448
-5559
-5167
-4416
-3493
-2566
-1760
-1106
-555
21
675
1339
1886
2260
2524
2759
2998
3179
3217
3033
2591
1895
1002
44
-832
-1523
-2008
-2303
-2426
-2478
-2606
-2909
-3307
-3581
-3527
-3071
-2307
-1421
-617
-63
154
98
32
224
770
1557
2411
3210
3836
4225
4384
4483
4719
5184
5772
6266
6500
6433
6126
5626
4958
4144
3221
2207
1086
-152
-1456
-2718
-3835
-4747
-5392
-5706
-5678
-5409
-5013
-4531
-3917
-3147
-2265
-1351
-488
231
697
888
910
937
1033
1067
852
304
-442
-1171
-1739
-2136
-2397
-2515
-2516
-2496
-2519
-2464
-2099
-1343
-318
749
1677
2337
2646
2616
2382
2184
2183
2311
2324
2037
1477
799
108
-545
-1101
-1434
-1521
-1491
-1551
-1781
-2051
-2181
-2076
-1794
-1380
-872
-354
28
222
386
737
1330
2041
2703
3263
3702
3963
3947
3669
3334
3173
3228
3291
3148
2743
2138
1385
507
-409
-1227
-1897
-2481
-3080
-3654
-4099
-4362
-4498
-4564
-4522
-4330
-4003
-3602
-3101
-2400
-1464
-423
509
1211
1695
2012
2183
2216
2200
2232
2318
2287
1944
1231
276
-704
-1536
-2067
-2174
-1808
-1088
-233
569
1251
1811
2243
2512
2620
2603
2511
2341
2058
1649
1122
484
-301
-1232
-2242
-3207
-4024
-4617
-4935
-4936
-4617
-4023
-3255
-2436
-1670
-1023
-484
67
796
1761
2778
3585
4008
4068
3890
3618
3392
3272
3210
3045
2629
1904
973
40
-698
-1164
-1405
-1538
-1684
-1952
-2375
-2872
-3239
-3257
-2819
-1994
-1009
-139
435
693
777
894
1211
1739
2303
2634
2566
2142
1572
1084
797
700
686
630
431
50
-494
-1091
-1607
-1936
-2059
-2024
-1882
-1671
-1420
-1149
-837
-428
120
770
1404
1870
2101
2139
2078
1939
1668
1213
599
-102
-846
-1606
-2344
-2987
-3476
-3808
-4003
-4068
-3950
-3576
-2953
-2174
-1401
-740
-244
123
442
817
1336
2022
2805
3505
3923
3969
3735
3406
3138
2963
2842
2723
2589
2413
2125
1638
942
171
-486
-896
-1071
-1106
-1114
-1178
-1321
-1504
-1631
-1603
-1398
-1076
-758
-521
-393
-318
-234
-86
120
327
476
557
624
699
776
853
942
1021
1015
862
577
217
-145
-484
-823
-1194
-1562
-1864
-2091
-2275
-2393
-2333
-2020
-1494
-904
-415
-82
143
354
580
788
973
1133
1212
1079
666
59
-565
-1082
-1490
-1820
-2068
-2210
-2277
-2358
-2474
-2520
-2332
-1842
-1125
-312
508
1309
2097
2832
3454
3899
4129
4111
3827
3313
2653
1949
1280
691
177
-328
-906
-1599
-2349
-3022
-3451
-3524
-3227
-2619
-1811
-940
-132
540
1077
1524
1923
2287
2606
2858
3031
3103
3020
2675
1999
1033
-68
-1095
-1885
-2326
-2399
-2186
-1805
-1387
-1015
-743
-562
-398
-209
20
289
650
1125
1658
2135
2446
2517
2299
1751
895
-124
-1068
-1757
-2151
-2323
-2358
-2302
-2201
-2122
-2126
-2200
-2256
-2203
-2008
-1689
-1274
-777
-255
171
381
363
209
23
-126
-194
-121
73
327
598
904
1244
1583
1892
2180
2474
2768
3014
3129
3082
2895
2601
2150
1476
613
-273
-1008
-1547
-1934
-2200
-2298
-2200
-1959
-1671
-1350
-907
-275
518
1345
2107
2764
3281
3613
3717
3624
3409
3122
2758
2284
1708
1038
278
-544
-1331
-1978
-2495
-2974
-3468
-3877
-4044
-3913
-3550
-3059
-2504
-1951
-1479
-1128
-868
-615
-326
-6
255
323
139
-261
-761
-1281
-1761
-2135
-2353
-2424
-2439
-2463
-2491
-2458
-2313
-2059
-1713
-1287
-797
-323
28
201
259
362
642
1122
1699
2231
2620
2814
2818
2638
2315
1923
1548
1244
994
779
587
449
409
491
662
860
1025
1113
1114
1058
1032
1141
1407
1748
2044
2240
2328
2277
2057
1746
1503
1424
1450
1459
1382
1224
982
628
158
-354
-816
-1191
-1528
-1865
-2112
-2125
-1853
-1447
-1121
-1014
-1136
-1411
-1745
-2042
-2207
-2154
-1822
-1273
-672
-241
-93
-208
-484
-817
-1116
-1271
-1237
-1061
-882
-821
-917
-1103
-1245
-1263
-1174
-1041
-887
-679
-417
-154
70
264
438
546
529
382
192
78
110
256
439
609
746
821
779
600
373
260
373
681
1074
1460
1815
2136
2376
2489
2469
2363
2197
1958
1651
1320
1061
929
917
924
837
609
281
-83
-423
-657
-722
-633
-487
-383
-334
-284
-199
-90
-15
26
84
219
413
569
605
515
374
228
42
-271
-721
-1246
-1767
-2256
-2704
-3064
-3264
-3277
-3184
-3114
-3153
-3246
-3259
-3075
-2687
-2168
-1592
-995
-400
171
670
1051
1302
1446
1511
1469
1274
935
549
213
-28
-175
-242
-272
-347
-534
-804
-1038
-1090
-894
-463
112
740
1336
1846
2226
2468
2642
2846
3102
3316
3382
3281
3103
2928
2765
2556
2273
1942
1601
1239
837
419
50
-221
-419
-566
-655
-640
-538
-397
-256
-80
184
507
809
1014
1125
1169
1137
995
692
211
-396
-1036
-1623
-2126
-2535
-2849
-3080
-3267
-3490
-3797
-4170
-4473
-4530
-4250
-3662
-2885
-2041
-1268
-674
-310
-125
0
168
409
665
857
938
932
877
773
617
449
354
345
365
328
211
102
92
204
341
427
486
600
797
1018
1234
1480
1801
2155
2422
2519
2417
2171
1859
1570
1370
1316
1437
1671
1871
1890
1698
1363
980
616
315
82
-82
-184
-261
-367
-531
-736
-906
-964
-878
-708
-557
-468
-415
-377
-385
-462
-559
-584
-514
-413
-385
-484
-676
-904
-1113
-1328
-1568
-1825
-2044
-2183
-2253
-2265
-2207
-2050
-1828
-1608
-1463
-1408
-1409
-1386
-1252
-951
-487
58
552
868
953
880
798
802
875
925
912
824
664
436
198
43
30
155
348
526
623
625
579
522
476
445
433
400
286
76
-182
-414
-581
-671
-674
-579
-388
-136
114
328
519
731
994
1302
1619
1883
2031
2011
1825
1519
1164
826
558
372
247
140
24
-116
-267
-394
-445
-412
-318
-175
30
309
637
965
1249
1453
1531
1429
1161
818
541
397
332
236
38
-241
-575
-957
-1366
-1727
-1948
-1991
-1878
-1657
-1389
-1123
-905
-722
-529
-291
-11
255
444
503
429
252
10
-259
-510
-700
-833
-931
-1007
-1050
-1061
-1061
-1060
-1062
-1066
-1081
-1088
-1069
-1022
-961
-900
-836
-755
-647
-511
-363
-223
-71
129
366
581
731
844
965
1099
1239
1397
1603
1853
2094
2245
2278
2211
2108
2001
1904
1812
1717
1590
1415
1208
1038
948
910
862
748
563
341
133
-19
-112
-175
-220
-244
-267
-341
-490
-669
-798
-843
-840
-852
-915
-1019
-1136
-1272
-1435
-1584
-1638
-1545
-1363
-1209
-1180
-1275
-1431
-1576
-1673
-1727
-1757
-1770
-1760
-1736
-1719
-1716
-1709
-1651
-1531
-1369
-1206
-1064
-922
-764
-594
-433
-285
-140
-25
14
-43
-130
-159
-83
82
304
538
736
875
971
1080
1271
1597
2077
2641
3161
3528
3695
3699
3604
3461
3291
3121
2964
2806
2613
2362
2061
1739
1402
1037
616
150
-284
-597
-744
-758
-686
-562
-410
-246
-96
35
140
201
205
155
71
-58
-251
-503
-780
-1038
-1270
-1469
-1636
-1782
-1931
-2091
-2245
-2369
-2437
-2411
-2254
-1978
-1664
-1404
-1227
-1112
-1004
-862
-675
-479
-336
-288
-317
-381
-476
-612
-786
-948
-1050
-1084
-1079
-1049
-984
-860
-659
-411
-168
19
157
282
418
558
683
780
846
902
989
1133
1326
1533
1725
1896
2056
2186
2253
2246
2202
2190
2216
2228
2172
2059
1907
1699
1408
1061
723
432
188
-22
-210
-396
-591
-770
-896
-942
-915
-840
-751
-678
-614
-526
-361
-107
197
473
650
707
639
448
163
-152
-441
-702
-967
-1259
-1574
-1882
-2165
-2421
-2635
-2753
-2716
-2525
-2274
-2053
-1876
-1695
-1472
-1222
-988
-825
-760
-777
-818
-844
-850
-816
-708
-528
-341
-208
-138
-110
-107
-112
-75
37
225
460
717
970
1194
1371
1515
1640
1758
1857
1939
2032
2179
2381
2562
2631
2567
2424
2263
2092
1905
1730
1608
1538
1473
1364
1210
1040
876
725
594
501
440
384
315
233
128
-14
-196
-384
-540
-627
-663
-715
-828
-977
-1083
-1124
-1133
-1136
-1132
-1131
-1173
-1272
-1378
-1431
-1413
-1368
-1360
-1422
-1543
-1668
-1736
-1734
-1674
-1557
-1375
-1148
-946
-856
-897
-1009
-1091
-1092
-1010
-883
-725
-530
-305
-76
105
219
283
340
403
429
387
300
258
313
453
629
810
990
1182
1396
1633
1873
2085
2257
2393
2475
2479
2386
2193
1925
1643
1427
1289
1175
1013
791
534
289
97
-16
-64
-85
-127
-220
-356
-487
-569
-602
-616
-629
-622
-590
-548
-533
-565
-618
-652
-651
-648
-668
-708
-754
-804
-848
-848
-790
-724
-711
-763
-828
-857
-837
-779
-691
-584
-495
-490
-622
-875
-1143
-1325
-1404
-1433
-1445
-1420
-1348
-1255
-1175
-1103
-1014
-900
-764
-608
-431
-238
-49
136
325
530
738
919
1070
1198
1309
1404
1507
1638
1780
1890
1924
1880
1778
1639
1477
1314
1194
1133
1109
1055
929
722
468
203
-30
-205
-305
-330
-300
-246
-193
-160
-148
-140
-100
-7
136
291
431
564
676
730
689
569
411
233
39
-141
-280
-379
-472
-584
-710
-830
-914
-956
-972
-979
-984
-989
-996
-986
-938
-844
-723
-592
-457
-330
-232
-175
-127
-49
57
136
135
70
-6
-51
-72
-99
-134
-156
-146
-87
27
176
319
424
475
506
565
694
866
1006
1060
1043
1002
947
858
722
570
445
351
255
108
-96
-324
-517
-642
-705
-727
-728
-717
-700
-662
-598
-504
-388
-256
-114
31
160
256
323
381
437
463
417
267
46
-173
-319
-383
-402
-427
-467
-508
-532
-543
-552
-568
-592
-596
-554
-452
-308
-132
46
184
243
235
222
232
254
255
222
150
34
-128
-318
-501
-634
-714
-755
-752
-681
-543
-368
-179
16
206
376
525
672
835
1007
1154
1242
1265
1245
1205
1122
960
700
364
0
-344
-634
-860
-1033
-1158
-1221
-1205
-1132
-1031
-930
-827
-714
-581
-418
-244
-71
89
233
343
408
457
525
619
690
695
638
534
403
257
110
-10
-63
-7
147
345
507
590
591
524
436
381
395
450
485
464
386
272
157
80
55
71
103
114
76
0
-62
-73
-47
-11
38
120
229
328
395
443
490
537
560
538
454
342
243
169
99
15
-71
-146
-210
-259
-306
-388
-540
-736
-893
-967
-985
-999
-1021
-1022
-985
-931
-878
-816
-733
-643
-575
-549
-563
-593
-591
-522
-391
-244
-127
-61
-55
-80
-94
-54
33
131
203
235
236
218
187
143
102
94
155
277
416
524
607
695
800
881
899
876
864
880
890
851
763
650
534
420
313
228
151
80
14
-17
9
78
166
253
317
336
320
297
278
253
221
200
199
173
81
-88
-290
-468
-599
-681
-725
-750
-783
-845
-946
-1089
-1251
-1367
-1381
-1312
-1239
-1215
-1222
-1226
-1225
-1213
-1183
-1118
-1038
-962
-901
-853
-808
-741
-630
-469
-267
-42
168
334
434
478
496
542
653
830
1034
1203
1307
1343
1337
1317
1310
1336
1378
1411
1419
1417
1429
1454
1470
1449
1377
1261
1124
992
862
721
575
461
401
394
402
403
377
321
254
217
243
328
431
499
491
412
299
190
87
-29
-154
-278
-394
-535
-722
-920
-1071
-1154
-1229
-1350
-1519
-1687
-1823
-1935
-2028
-2062
-1997
-1853
-1700
-1584
-1480
-1334
-1126
-893
-689
-528
-396
-279
-205
-200
-232
-247
-215
-158
-103
-62
-26
35
151
320
502
650
745
796
830
877
944
1009
1055
1094
1148
1215
1259
1249
1160
1012
845
720
677
681
657
550
384
230
154
186
292
410
481
501
513
540
575
592
578
542
497
440
360
251
109
-82
-331
-603
-846
-1019
-1111
-1122
-1085
-1043
-1019
-990
-935
-869
-824
-815
-809
-780
-720
-649
-599
-603
-685
-808
-916
-975
-1006
-1030
-1044
-1037
-1024
-1026
-1037
-1014
-922
-788
-664
-555
-416
-233
-35
141
296
460
644
847
1048
1212
1306
1337
1350
1383
1429
1461
1456
1404
1314
1212
1141
1118
1109
1069
993
920
880
853
809
746
697
679
656
593
470
314
164
78
73
129
195
247
283
292
259
188
116
93
129
192
239
252
243
207
125
-7
-148
-244
-275
-271
-301
-421
-644
-914
-1147
-1323
-1469
-1621
-1759
-1852
-1897
-1909
-1899
-1857
-1757
-1602
-1424
-1267
-1126
-964
-758
-529
-294
-47
211
459
659
778
814
796
757
713
648
559
454
357
273
215
175
142
99
44
-13
-66
-101
-94
-23
99
236
350
440
522
619
735
850
942
997
1032
1059
1079
1074
1039
998
966
930
862
752
626
520
453
400
327
216
76
-71
-219
-364
-501
-611
-680
-695
-672
-647
-652
-700
-767
-811
-819
-800
-766
-709
-650
-636
-702
-813
-908
-965
-1001
-1044
-1069
-1057
-1018
-989
-979
-954
-863
-704
-526
-412
-372
-338
-224
-21
199
373
487
554
574
554
519
501
520
556
590
611
627
650
676
705
725
760
819
892
942
946
938
942
971
1000
1016
1013
996
967
925
850
730
586
453
352
278
208
114
-9
-145
-257
-328
-363
-362
-304
-190
-59
38
88
100
93
86
77
52
-19
-123
-222
-287
-323
-363
-433
-545
-684
-819
-918
-980
-1013
-1006
-937
-807
-644
-496
-392
-339
-309
-288
-265
-252
-248
-239
-205
-153
-114
-93
-93
-109
-155
-218
-247
-196
-70
98
269
412
487
481
432
399
401
395
347
257
163
90
40
-8
-63
-125
-201
-265
-294
-264
-181
-69
65
216
355
447
471
445
400
359
339
333
324
288
216
91
-75
-248
-371
-419
-430
-455
-509
-537
-508
-442
-387
-349
-293
-186
-44
89
177
216
240
267
298
313
300
251
159
43
-65
-123
-141
-148
-162
-179
-198
-227
-265
-308
-345
-361
-348
-315
-293
-291
-290
-251
-159
-31
69
108
94
92
152
274
418
545
642
699
702
663
606
553
501
438
354
236
105
-2
-75
-142
-218
-276
-282
-242
-202
-197
-231
-279
-310
-287
-202
-74
55
164
251
314
324
267
179
116
114
151
206
250
286
330
376
399
370
304
229
155
79
19
8
38
65
56
21
-12
-32
-40
-44
-51
-63
-73
-86
-132
-240
-372
-459
-461
-407
-336
-283
-256
-231
-174
-79
16
84
133
196
273
340
349
292
199
113
58
16
-24
-49
-45
-35
-41
-57
-56
-30
12
75
156
239
302
335
346
330
273
173
40
-105
-250
-389
-518
-639
-740
-799
-809
-800
-804
-805
-765
-663
-529
-405
-295
-175
-31
107
201
240
247
252
277
310
334
335
309
247
143
18
-87
-141
-142
-114
-59
36
175
321
426
464
457
453
461
473
470
461
436
358
211
28
-147
-304
-451
-568
-617
-600
-572
-582
-614
-618
-570
-489
-392
-292
-204
-140
-89
-31
46
144
257
360
412
403
370
358
366
357
316
250
159
35
-118
-262
-352
-370
-339
-303
-288
-295
-312
-330
-344
-346
-336
-326
-312
-301
-303
-332
-366
-371
-335
-277
-209
-135
-60
5
61
135
250
414
602
763
851
873
874
875
885
908
955
1027
1100
1146
1140
1069
953
828
730
663
610
557
498
419
315
193
80
5
-22
-20
-25
-42
-39
7
69
115
137
141
124
67
-29
-141
-232
-289
-313
-311
-281
-245
-241
-310
-442
-577
-666
-692
-693
-688
-676
-664
-673
-721
-771
-790
-771
-739
-727
-757
-818
-875
-901
-889
-852
-796
-739
-687
-636
-590
-576
-599
-606
-540
-413
-271
-138
-17
100
221
353
493
628
751
845
888
862
806
776
793
836
879
910
917
877
779
655
557
515
510
503
475
432
386
333
269
198
136
108
111
114
80
6
-76
-155
-219
-278
-344
-435
-552
-673
-777
-854
-901
-919
-916
-894
-857
-811
-771
-741
-713
-674
-625
-564
-476
-344
-182
-33
66
114
139
173
208
214
177
110
42
-32
-122
-232
-342
-428
-463
-429
-338
-226
-131
-55
28
140
271
401
520
632
735
808
847
879
941
1038
1138
1203
1220
1200
1157
1104
1055
1019
995
980
961
920
856
793
754
734
710
676
641
606
559
488
398
302
209
112
-10
-153
-281
-367
-421
-460
-490
-507
-526
-550
-565
-570
-579
-603
-621
-613
-572
-513
-470
-473
-525
-601
-672
-716
-714
-670
-629
-636
-690
-743
-768
-772
-770
-770
-767
-739
-661
-543
-426
-333
-256
-179
-121
-94
-108
-142
-179
-203
-214
-216
-203
-192
-193
-204
-196
-167
-141
-139
-157
-166
-140
-84
-24
36
103
169
200
214
269
382
493
547
553
532
494
429
349
275
219
180
154
138
139
156
187
219
234
209
138
41
-52
-128
-187
-223
-248
-282
-326
-348
-307
-207
-106
-64
-84
-119
-116
-68
-5
36
58
89
144
212
260
274
265
255
264
298
355
420
476
496
465
406
348
308
258
173
57
-69
-182
-268
-310
-296
-247
-195
-165
-140
-110
-83
-60
-35
13
83
157
215
236
222
184
147
150
214
328
443
531
574
573
528
450
363
295
261
264
296
337
358
338
301
302
359
427
451
417
340
225
101
15
-17
-16
-16
-33
-71
-123
-185
-251
-323
-385
-424
-456
-507
-578
-637
-671
-700
-727
-743
-756
-768
-755
-684
-562
-440
-350
-312
-301
-274
-191
-80
9
63
85
82
27
-61
-148
-202
-223
-240
-274
-321
-348
-331
-278
-214
-170
-155
-151
-132
-88
-43
-26
-31
-16
64
180
266
296
300
313
330
319
271
209
172
188
238
289
317
313
278
209
132
67
26
13
26
61
93
115
130
152
184
201
182
116
36
-45
-126
-230
-352
-458
-511
-503
-466
-447
-449
-444
-393
-295
-176
-59
46
120
134
103
72
78
117
163
197
218
235
235
201
138
80
61
75
93
109
135
169
191
200
203
191
155
111
94
118
143
145
123
101
119
170
200
161
95
78
136
233
328
405
454
473
475
463
438
395
346
309
303
331
380
433
460
449
378
252
100
-29
-85
-62
6
73
111
109
75
32
6
-3
-2
-16
-58
-127
-201
-273
-353
-445
-529
-576
-593
-610
-632
-646
-630
-576
-479
-356
-240
-158
-131
-158
-222
-290
-328
-334
-330
-324
-289
-222
-168
-171
-238
-324
-385
-384
-324
-240
-186
-165
-149
-119
-101
-120
-160
-187
-194
-192
-183
-140
-45
89
228
327
369
373
371
379
391
400
400
386
331
233
126
73
72
73
31
-40
-106
-153
-175
-174
-163
-158
-147
-106
-50
-20
-38
-71
-90
-96
-109
-136
-158
-159
-147
-130
-107
-71
-23
32
83
118
126
127
147
200
257
288
295
297
300
283
232
160
108
105
136
155
120
47
-23
-65
-82
-106
-154
-212
-241
-207
-131
-63
-23
9
72
183
309
413
453
436
399
380
394
420
417
370
308
267
250
228
188
138
93
64
56
65
61
22
-49
-128
-176
-181
-132
-45
51
112
104
18
-105
-205
-246
-233
-196
-154
-110
-64
-40
-56
-111
-174
-219
-225
-184
-116
-57
-30
-22
-17
-25
-43
-59
-60
-64
-67
-67
-77
-117
-164
-176
-133
-74
-33
-15
-12
-27
-68
-125
-173
-192
-186
-171
-156
-137
-104
-74
-55
-24
41
129
198
235
252
260
249
203
132
56
-1
-30
-35
-31
-40
-63
-76
-50
-6
12
-13
-52
-82
-112
-152
-170
-140
-85
-58
-76
-110
-140
-163
-190
-213
-214
-177
-96
5
79
82
22
-67
-140
-188
-195
-153
-71
13
59
75
72
72
80
109
146
175
182
177
138
43
-102
-233
-293
-290
-277
-289
-314
-322
-298
-253
-203
-163
-117
-44
60
159
205
192
153
131
143
178
203
196
170
145
123
89
61
64
110
168
204
229
279
380
490
564
566
515
425
317
219
149
108
75
54
54
64
59
32
-26
-118
-222
-289
-277
-209
-134
-81
-55
-52
-59
-60
-45
-17
12
42
75
121
176
221
218
157
59
-42
-121
-162
-160
-134
-106
-78
-40
-20
-44
-89
-99
-46
47
136
201
229
222
194
161
134
100
54
3
-30
-39
-41
-54
-74
-80
-56
-13
26
26
-19
-68
-93
-104
-132
-177
-214
-228
-226
-224
-223
-201
-137
-46
26
67
105
153
190
186
146
92
39
-4
-35
-52
-75
-101
-110
-90
-62
-40
-22
-11
-11
-26
-43
-63
-92
-139
-199
-260
-315
-340
-321
-264
-199
-148
-119
-103
-93
-96
-101
-86
-42
7
36
46
47
41
32
41
83
144
183
173
131
81
24
-45
-105
-133
-130
-134
-160
-184
-174
-141
-117
-114
-108
-85
-54
-23
4
26
40
64
102
133
118
51
-48
-141
-197
-204
-173
-142
-129
-117
-91
-60
-49
-49
-31
19
78
130
171
199
208
194
161
130
127
159
198
207
172
107
45
17
28
44
41
41
77
140
182
191
196
219
247
271
301
352
404
430
422
386
332
260
178
102
59
73
141
217
246
234
234
285
354
387
358
297
260
262
279
272
223
144
56
-19
-71
-90
-87
-83
-92
-104
-110
-121
-151
-186
-205
-200
-202
-230
-266
-274
-250
-211
-171
-137
-119
-128
-149
-157
-147
-138
-148
-179
-223
-278
-338
-381
-377
-329
-278
-257
-266
-281
-290
-289
-294
-316
-365
-422
-465
-474
-437
-367
-295
-248
-209
-157
-96
-38
21
102
205
315
394
396
302
144
6
-53
-36
6
36
57
85
118
125
89
24
-32
-47
-20
24
58
63
33
-12
-53
-78
-116
-194
-314
-424
-473
-454
-392
-318
-246
-193
-163
-153
-140
-101
-13
110
233
310
327
311
295
302
325
342
327
274
191
76
-71
-230
-350
-396
-369
-307
-230
-152
-77
-17
35
82
127
163
176
170
161
184
239
306
365
405
424
422
401
366
318
268
239
235
232
209
174
144
129
130
146
175
213
241
243
217
179
157
155
173
214
274
328
343
303
237
190
175
189
221
276
333
377
401
422
435
418
379
332
282
206
98
-13
-100
-158
-205
-232
-219
-177
-149
-149
-147
-116
-83
-83
-119
-163
-192
-191
-169
-155
-170
-207
-252
-303
-354
-396
-414
-402
-366
-327
-328
-367
-405
-409
-402
-421
-463
-508
-546
-570
-577
-568
-552
-532
-512
-493
-480
-462
-431
-390
-348
-318
-300
-290
-272
-244
-204
-146
-49
75
186
246
262
253
227
195
182
202
219
186
99
15
-11
19
60
70
35
-37
-113
-152
-126
-58
4
35
52
89
148
210
235
198
116
34
-4
-4
6
15
12
-11
-51
-83
-85
-68
-34
13
77
142
186
189
158
133
141
183
235
283
318
331
305
253
220
235
311
424
525
576
563
515
459
412
354
279
196
148
153
196
249
281
281
245
182
102
23
-22
-2
74
169
227
219
158
85
47
64
113
165
198
205
191
169
162
173
181
169
135
96
63
43
49
71
76
27
-61
-140
-179
-200
-233
-265
-273
-258
-242
-229
-210
-197
-196
-206
-217
-228
-239
-239
-229
-220
-232
-271
-319
