243
196
129
19
-143
-300
-399
-441
-466
-493
-517
-522
-497
-438
-369
-337
-364
-430
-501
-560
-597
-592
-537
-450
-397
-423
-527
-653
-723
-694
-566
-396
-247
-171
-176
-229
-277
-281
-233
-160
-94
-54
-27
-17
-42
-99
-134
-103
-20
59
104
124
133
120
69
-15
-98
-144
-117
-25
88
176
206
167
75
-11
-21
38
89
64
-17
-93
-126
-112
-70
-13
44
99
121
76
-31
-137
-187
-193
-203
-244
-288
-298
-277
-277
-327
-402
-443
-432
-406
-379
-339
-277
-212
-171
-166
-192
-242
-290
-305
-265
-173
-48
47
55
-28
-113
-123
-47
66
176
268
342
417
508
602
663
658
584
483
410
394
402
385
332
289
292
338
386
397
357
278
191
138
154
220
281
285
235
161
86
11
-68
-140
-186
-188
-148
-79
-12
18
2
-49
-113
-190
-283
-370
-421
-434
-428
-410
-386
-348
-286
-198
-106
-36
17
79
164
261
339
366
340
296
269
258
253
257
282
321
356
376
380
372
355
352
403
500
569
538
415
272
184
165
173
173
172
202
280
372
436
430
331
151
-59
-223
-313
-350
-366
-390
-424
-466
-497
-501
-472
-416
-375
-388
-462
-557
-621
-623
-569
-493
-433
-405
-404
-417
-435
-454
-467
-470
-464
-452
-433
-412
-387
-348
-293
-253
-267
-324
-356
-310
-195
-61
39
93
104
105
123
192
294
384
435
444
444
435
418
399
400
434
487
521
496
407
292
191
115
57
24
25
49
69
70
61
62
88
139
196
233
229
185
119
50
-11
-41
-25
37
104
116
56
-34
-89
-116
-158
-226
-275
-267
-218
-170
-146
-132
-118
-116
-142
-184
-206
-184
-128
-77
-39
-3
45
89
96
63
12
-28
-35
3
80
154
187
190
207
272
361
428
423
357
284
245
231
192
116
32
-14
-16
-12
-14
-11
13
29
21
9
24
67
110
126
94
30
-9
21
90
117
58
-47
-134
-180
-215
-252
-272
-256
-217
-182
-173
-199
-256
-323
-370
-368
-317
-243
-190
-179
-177
-170
-157
-167
-209
-260
-290
-277
-234
-174
-105
-34
29
57
55
38
58
137
248
321
337
323
291
221
119
34
-11
-34
-65
-91
-98
-81
-63
-54
-59
-63
-43
4
78
163
251
324
380
408
408
383
342
298
259
238
224
214
202
200
195
162
82
-16
-99
-151
-168
-146
-76
13
93
143
172
202
237
264
279
289
281
238
150
57
-4
-31
-40
-66
-133
-253
-400
-524
-592
-591
-525
-409
-289
-208
-176
-149
-106
-61
-47
-58
-51
-9
60
137
205
228
189
91
-46
-192
-306
-346
-322
-301
-348
-464
-612
-739
-810
-820
-791
-745
-679
-591
-490
-424
-432
-496
-543
-512
-404
-268
-152
-81
-65
-81
-92
-83
-62
-32
19
87
144
178
193
221
264
301
321
324
324
329
322
282
215
175
202
278
360
435
506
585
650
692
704
712
729
749
764
787
827
854
825
745
658
599
572
570
587
591
546
446
339
275
249
222
165
116
110
138
140
92
32
20
49
58
14
-55
-89
-62
17
102
146
134
105
88
76
21
-76
-161
-210
-231
-271
-332
-392
-432
-448
-437
-402
-380
-412
-503
-608
-704
-782
-827
-798
-668
-471
-294
-209
-232
-321
-396
-401
-335
-237
-123
7
151
269
322
291
185
54
-42
-101
-174
-302
-444
-526
-527
-497
-482
-475
-439
-357
-249
-142
-57
-2
20
24
40
72
84
47
-40
-137
-226
-312
-396
-452
-460
-437
-430
-466
-538
-616
-669
-693
-683
-658
-622
-583
-514
-399
-253
-144
-131
-179
-200
-126
22
184
337
489
647
781
847
845
807
769
727
651
546
476
497
597
701
755
763
746
720
688
651
623
621
660
718
767
792
792
792
806
831
827
780
720
682
666
628
549
437
312
207
149
135
141
135
137
157
178
173
133
75
1
-80
-165
-257
-383
-547
-705
-804
-828
-813
-799
-789
-778
-762
-737
-695
-642
-623
-645
-671
-643
-558
-471
-409
-360
-302
-233
-181
-157
-155
-158
-138
-98
-53
-18
11
43
61
49
-4
-69
-103
-90
-53
-24
-2
31
82
150
244
374
511
607
634
616
597
589
539
402
200
22
-76
-106
-134
-208
-304
-363
-352
-314
-322
-397
-502
-584
-622
-617
-554
-435
-295
-195
-176
-249
-393
-541
-617
-611
-584
-581
-584
-569
-548
-542
-540
-528
-512
-488
-449
-394
-343
-283
-187
-53
91
203
268
298
317
345
392
470
565
654
714
743
732
678
596
538
536
568
574
536
507
560
683
782
758
621
464
360
303
233
147
84
73
99
107
47
-83
-218
-301
-335
-354
-363
-342
-310
-276
-236
-160
-68
14
67
96
72
-25
-170
-289
-329
-297
-220
-128
-42
7
15
10
23
56
74
52
11
9
87
221
345
418
449
472
514
572
639
698
725
727
722
728
736
720
677
625
589
564
521
442
337
235
147
73
19
10
64
150
192
132
-15
-192
-345
-463
-560
-661
-767
-863
-935
-1004
-1071
-1105
-1060
-948
-833
-764
-741
-733
-716
-683
-634
-604
-632
-726
-840
-924
-956
-931
-854
-731
-573
-423
-304
-213
-125
-38
17
29
26
49
113
205
294
357
387
408
426
421
379
327
319
363
422
460
466
460
461
485
515
521
496
469
464
479
512
543
562
553
529
490
442
409
412
432
422
382
344
317
281
218
130
23
-95
-199
-279
-336
-372
-379
-367
-356
-360
-366
-370
-382
-400
-404
-355
-269
-194
-184
-250
-355
-439
-447
-374
-293
-291
-390
-529
-629
-647
-579
-461
-345
-271
-216
-139
-42
30
60
79
104
117
109
109
138
190
245
309
379
443
486
519
571
642
690
662
559
449
395
412
441
440
409
389
400
423
439
454
466
477
484
482
451
387
321
281
249
183
94
21
-11
-17
-11
-5
-17
-46
-76
-109
-166
-252
-331
-357
-318
-253
-241
-307
-398
-441
-426
-392
-374
-392
-450
-519
-547
-516
-481
-512
-603
-688
-711
-683
-648
-620
-578
-496
-374
-226
-97
-27
-24
-47
-44
-15
21
55
94
113
79
-17
-145
-260
-331
-343
-303
-212
-87
-8
-157
-565
-888
-609
315
1250
1485
956
219
-86
253
861
1136
899
520
327
188
-96
-340
-266
64
341
363
156
-78
-121
34
149
72
-19
117
425
613
505
240
99
227
480
596
510
372
308
247
86
-110
-158
7
220
253
72
-104
-42
266
572
659
521
304
99
-99
-282
-396
-386
-285
-175
-134
-165
-205
-171
-44
114
229
263
198
22
-234
-474
-594
-585
-539
-561
-678
-845
-993
-1068
-1037
-915
-763
-645
-579
-541
-502
-449
-379
-326
-326
-365
-379
-318
-205
-97
-40
-36
-69
-115
-172
-231
-259
-213
-77
122
333
502
593
626
648
680
698
687
656
606
545
519
583
713
800
756
619
504
485
517
508
415
293
211
196
238
333
470
560
506
306
91
-10
13
64
53
-6
-40
-4
75
132
130
95
64
33
-58
-234
-430
-563
-604
-614
-671
-774
-838
-787
-641
-464
-295
-144
-40
-18
-69
-99
-30
116
220
204
112
41
27
43
59
58
51
69
124
162
110
-5
-82
-52
33
87
72
17
-12
37
161
292
366
366
330
295
274
271
284
307
339
369
371
319
239
178
143
79
-45
-190
-286
-333
-406
-574
-786
-922
-936
-901
-903
-929
-931
-896
-846
-768
-640
-482
-373
-355
-393
-425
-430
-430
-432
-406
-335
-247
-202
-222
-270
-286
-220
-79
86
204
243
227
208
213
240
274
334
430
517
538
455
313
223
285
492
699
774
705
592
523
516
550
599
644
676
678
656
623
562
455
327
238
213
231
249
248
198
102
1
-41
-11
47
86
62
-42
-217
-423
-602
-718
-764
-785
-827
-893
-926
-848
-626
-309
-9
177
249
254
252
275
342
448
542
563
465
272
69
-38
-41
18
85
121
99
53
55
121
185
195
188
204
251
307
367
426
480
515
504
437
327
217
119
50
20
52
121
170
146
36
-107
-214
-242
-202
-136
-91
-91
-122
-156
-207
-336
-541
-715
-741
-631
-498
-429
-417
-411
-363
-267
-188
-189
-286
-421
-532
-588
-566
-482
-375
-290
-210
-99
57
204
272
243
164
100
86
109
128
124
90
32
-40
-102
-145
-180
-230
-281
-291
-232
-129
-35
12
21
43
120
220
258
188
80
21
53
127
194
250
291
285
174
-36
-283
-483
-590
-615
-621
-672
-782
-901
-975
-967
-869
-685
-457
-255
-169
-208
-285
-259
-93
108
210
169
57
-36
-42
21
55
-14
-147
-246
-284
-291
-244
-125
-13
15
19
123
342
576
687
530
131
-159
117
965
1813
2072
1679
1110
931
1342
1980
2209
1730
858
178
55
508
1275
1929
2091
1787
1397
1301
1480
1644
1552
1239
925
700
502
236
31
48
237
307
76
-280
-392
-144
163
143
-215
-540
-574
-429
-398
-558
-788
-959
-1091
-1248
-1387
-1345
-1076
-813
-876
-1294
-1712
-1771
-1496
-1235
-1273
-1537
-1725
-1645
-1376
-1143
-1047
-1018
-968
-964
-1137
-1414
-1521
-1295
-914
-692
-718
-820
-775
-530
-231
-81
-140
-243
-222
-75
67
143
176
206
230
224
156
23
-121
-250
-380
-470
-372
-7
457
706
572
209
-17
183
760
1326
1475
1150
677
445
547
779
874
732
453
218
154
296
582
848
892
618
206
13
254
789
1262
1447
1426
1448
1570
1398
356
-1582
-3460
-4042
-3048
-1571
-1105
-2133
-3642
-4065
-2791
-719
731
1044
838
822
1010
1035
865
857
1209
1637
1632
1063
407
278
654
796
95
-1121
-1878
-1634
-779
-96
100
132
461
1169
1965
2574
3016
3467
3905
4092
3923
3606
3372
3113
2553
1719
1060
1078
1837
2841
3414
3239
2609
2130
2122
2262
1813
300
-1960
-4010
-5011
-4885
-4314
-4108
-4521
-5099
-5133
-4324
-2967
-1631
-744
-415
-458
-494
-142
699
1751
2494
2497
1713
550
-447
-1043
-1494
-2229
-3359
-4542
-5290
-5395
-5003
-4363
-3601
-2746
-1871
-1058
-281
572
1492
2205
2370
1976
1439
1192
1213
1081
507
-296
-802
-703
-169
311
407
264
331
888
1760
2559
3093
3477
3856
4182
4260
4016
3661
3508
3599
3629
3324
2761
2259
2000
1906
1705
1010
-510
-2717
-4795
-5785
-5465
-4631
-4409
-5251
-6455
-6715
-5350
-3073
-1330
-852
-1063
-942
-74
1177
2269
2962
3360
3597
3592
3203
2587
2153
1985
1549
241
-1788
-3578
-4208
-3664
-2824
-2573
-2970
-3318
-2921
-1708
-148
1185
1949
2124
1940
1745
1776
2019
2147
1752
750
-380
-939
-632
161
796
965
893
1042
1653
2555
3385
3965
4394
4812
5177
5397
5526
5655
5628
5165
4228
3214
2575
2237
1431
-632
-3700
-6270
-6864
-5592
-4178
-4308
-5993
-7588
-7410
-5352
-2931
-1747
-2025
-2672
-2540
-1346
397
2024
3155
3734
3890
3798
3706
3830
4076
3890
2677
510
-1752
-3169
-3543
-3452
-3627
-4282
-4990
-5101
-4362
-3138
-2015
-1300
-920
-650
-283
284
989
1557
1672
1213
418
-216
-317
7
211
-115
-790
-1194
-901
-82
738
1239
1612
2280
3398
4637
5554
6053
6377
6670
6786
6536
5985
5296
4319
2576
-102
-2977
-4787
-4951
-4337
-4535
-6255
-8459
-9259
-7813
-5229
-3518
-3629
-4617
-4717
-3077
-435
1791
2835
3036
3185
3673
4343
4892
5185
5130
4479
3031
1049
-700
-1579
-1756
-2067
-3112
-4549
-5393
-5020
-3815
-2747
-2397
-2444
-2176
-1289
-148
721
1224
1696
2372
2998
3151
2825
2508
2601
2920
2946
2444
1732
1300
1293
1464
1577
1746
2218
2969
3633
3953
4158
4695
5642
6494
6712
6306
5681
4956
3743
1812
-306
-1685
-2046
-2251
-3499
-5956
-8300
-8902
-7550
-5771
-5303
-6298
-7232
-6511
-4090
-1448
-60
-7
-69
905
2851
4668
5385
5006
4221
3561
2983
2213
1189
61
-1063
-2190
-3275
-4142
-4677
-5021
-5463
-6042
-6413
-6174
-5330
-4337
-3695
-3467
-3161
-2178
-420
1509
2849
3369
3471
3695
4239
4912
5360
5328
4793
4003
3327
3052
3180
3372
3192
2545
1931
2013
2953
4163
4863
4845
4563
4463
4362
3722
2437
1122
409
115
-656
-2453
-4675
-6029
-5878
-4976
-4737
-5765
-7210
-7600
-6292
-4100
-2457
-1986
-1962
-1207
631
2730
3962
4005
3544
3447
3824
3981
3260
1781
333
-403
-480
-548
-1164
-2235
-3236
-3810
-4065
-4323
-4726
-5150
-5367
-5277
-4923
-4343
-3487
-2338
-1062
95
1074
2056
3182
4333
5210
5593
5512
5220
5035
5118
5330
5352
4961
4244
3572
3333
3611
4063
4218
3921
3479
3342
3587
3801
3430
2362
1063
154
-211
-520
-1443
-3123
-4946
-6068
-6214
-5916
-5933
-6507
-7150
-7162
-6314
-5033
-3919
-3150
-2407
-1322
133
1608
2682
3180
3261
3185
3043
2752
2269
1675
1089
567
90
-384
-879
-1395
-1917
-2391
-2734
-2949
-3247
-3870
-4728
-5340
-5248
-4511
-3686
-3314
-3339
-3106
-2000
-170
1526
2352
2381
2389
3040
4278
5436
5893
5625
5136
4943
5115
5317
5218
4794
4291
3963
3875
3920
3950
3883
3692
3383
2935
2296
1464
593
-142
-736
-1370
-2193
-3145
-3975
-4409
-4389
-4160
-4070
-4222
-4327
-4001
-3161
-2140
-1374
-977
-655
-60
760
1360
1367
914
501
415
400
6
-823
-1627
-1887
-1541
-1022
-844
-1133
-1599
-1919
-2095
-2339
-2734
-3070
-3071
-2746
-2429
-2472
-2832
-3063
-2752
-1931
-1037
-485
-319
-226
150
906
1822
2553
2869
2780
2520
2403
2621
3085
3487
3585
3434
3331
3502
3886
4181
4117
3711
3251
2994
2887
2631
2040
1281
706
470
362
46
-586
-1286
-1715
-1742
-1534
-1363
-1315
-1252
-996
-568
-138
151
295
302
111
-307
-836
-1280
-1593
-1893
-2319
-2820
-3194
-3246
-2982
-2616
-2371
-2265
-2159
-2006
-1944
-2071
-2234
-2162
-1783
-1328
-1123
-1292
-1587
-1588
-1095
-368
88
17
-344
-512
-204
421
945
1042
720
304
101
198
452
674
769
704
566
546
884
1647
2589
3286
3476
3323
3231
3417
3704
3749
3441
2967
2594
2405
2256
1928
1361
804
637
1002
1591
1901
1657
1045
593
716
1335
1882
1775
898
-312
-1241
-1554
-1462
-1504
-2028
-2841
-3419
-3485
-3236
-3058
-3058
-3056
-2902
-2724
-2774
-3089
-3378
-3276
-2762
-2205
-1969
-2044
-2086
-1782
-1153
-477
-51
89
98
165
347
651
1135
1742
2270
2390
1952
1124
342
-14
48
152
-59
-554
-933
-801
-126
711
1221
1246
1051
1016
1223
1467
1544
1440
1254
1084
988
992
1105
1334
1661
1957
2078
1985
1838
1815
1967
2160
2163
1807
1129
394
-132
-399
-591
-904
-1387
-1931
-2412
-2739
-2876
-2835
-2683
-2498
-2325
-2183
-2054
-1901
-1684
-1444
-1278
-1271
-1406
-1575
-1619
-1434
-1095
-832
-819
-973
-994
-622
131
987
1661
2050
2245
2385
2539
2689
2755
2644
2310
1793
1216
695
298
46
-72
-144
-299
-600
-949
-1185
-1228
-1141
-1047
-991
-908
-684
-294
148
472
619
693
851
1149
1492
1747
1838
1831
1839
1937
2067
2052
1750
1212
662
296
124
2
-240
-706
-1329
-1873
-2073
-1909
-1631
-1524
-1657
-1879
-1980
-1862
-1618
-1484
-1643
-2031
-2367
-2388
-2062
-1581
-1182
-982
-938
-907
-798
-604
-350
-31
325
616
791
938
1213
1608
1946
2089
2058
1997
2015
2114
2168
2040
1702
1281
935
727
590
407
125
-216
-510
-687
-726
-624
-392
-82
228
502
754
1014
1258
1449
1555
1579
1569
1614
1736
1800
1590
1045
374
-123
-335
-407
-553
-858
-1223
-1493
-1578
-1486
-1271
-1013
-796
-704
-729
-749
-652
-477
-448
-724
-1213
-1591
-1626
-1403
-1252
-1403
-1761
-1998
-1863
-1403
-889
-563
-444
-361
-141
232
599
798
834
868
1008
1171
1193
1016
744
517
406
376
347
276
166
43
-94
-253
-416
-527
-527
-430
-325
-302
-358
-402
-337
-108
257
669
1008
1188
1234
1273
1436
1710
1870
1671
1130
574
332
385
422
192
-283
-790
-1150
-1316
-1339
-1293
-1186
-1014
-799
-623
-506
-382
-195
-5
28
-163
-459
-659
-687
-678
-825
-1146
-1466
-1590
-1520
-1432
-1457
-1506
-1351
-893
-302
116
225
164
179
373
632
785
779
695
668
765
961
1171
1313
1362
1309
1162
944
727
561
442
340
264
241
272
321
374
447
596
852
1151
1352
1349
1226
1166
1276
1467
1559
1467
1282
1163
1160
1161
1014
700
344
55
-161
-376
-590
-707
-617
-360
-127
-92
-229
-336
-281
-129
-64
-152
-299
-385
-394
-385
-397
-407
-399
-404
-488
-660
-848
-957
-970
-943
-933
-949
-950
-890
-772
-678
-703
-840
-962
-945
-779
-542
-331
-206
-192
-247
-306
-350
-439
-606
-808
-958
-1039
-1117
-1253
-1417
-1488
-1364
-1056
-695
-385
-145
86
344
580
713
724
693
729
851
965
960
827
652
505
405
339
294
274
304
392
480
490
411
339
365
488
628
694
667
595
561
611
701
705
537
225
-80
-236
-231
-182
-226
-388
-598
-741
-772
-712
-657
-714
-910
-1149
-1286
-1280
-1193
-1108
-1026
-881
-621
-288
11
201
301
369
415
402
337
294
313
339
266
84
-65
-5
279
595
713
630
611
883
1368
1717
1668
1311
986
943
1119
1261
1210
1026
855
744
655
584
613
800
1045
1134
945
621
464
625
900
924
559
53
-210
-74
245
415
300
72
-7
162
454
694
798
777
642
375
5
-355
-596
-748
-941
-1285
-1729
-2130
-2374
-2451
-2388
-2184
-1844
-1434
-1085
-878
-763
-596
-316
-61
-49
-349
-785
-1111
-1245
-1299
-1406
-1554
-1633
-1611
-1576
-1610
-1632
-1482
-1102
-661
-391
-358
-361
-134
375
929
1185
1014
611
316
307
455
516
403
252
236
361
471
445
326
273
352
458
440
307
224
322
558
768
839
813
833
962
1129
1228
1246
1256
1298
1338
1303
1151
886
559
217
-118
-441
-743
-1008
-1223
-1342
-1287
-1030
-648
-294
-55
99
284
575
930
1215
1301
1192
1019
896
811
646
338
-50
-361
-491
-459
-376
-334
-337
-327
-244
-83
141
413
716
968
1074
1024
922
861
804
661
417
180
50
1
-90
-286
-512
-633
-620
-588
-660
-833
-953
-883
-631
-331
-92
98
290
474
573
540
420
288
214
196
166
35
-206
-448
-571
-558
-511
-553
-721
-932
-1057
-1037
-936
-870
-905
-987
-1003
-878
-641
-406
-287
-285
-269
-124
95
213
131
-70
-247
-319
-309
-287
-325
-443
-571
-610
-517
-361
-215
-96
24
121
158
151
186
316
480
553
453
254
121
178
370
496
383
51
-279
-393
-262
-45
96
119
96
133
306
616
954
1161
1132
914
682
614
733
878
854
622
325
141
131
205
244
197
92
-13
-83
-93
-31
73
146
125
23
-77
-114
-103
-125
-232
-388
-493
-456
-274
-27
163
231
193
136
143
229
325
308
105
-236
-533
-612
-441
-176
-24
-69
-229
-333
-258
-30
197
246
76
-169
-297
-245
-115
-66
-174
-402
-622
-722
-686
-614
-605
-643
-638
-505
-267
10
255
419
487
481
465
474
502
499
406
220
17
-75
2
156
228
127
-69
-187
-101
179
485
635
595
490
466
535
595
537
322
6
-275
-390
-329
-226
-230
-380
-592
-738
-761
-691
-598
-521
-457
-378
-285
-197
-115
-8
140
289
384
388
304
165
10
-132
-254
-356
-418
-434
-414
-370
-328
-315
-319
-279
-167
-49
-15
-72
-144
-138
-35
122
257
338
380
425
513
654
802
866
811
696
619
616
637
595
457
285
189
233
394
585
717
752
715
681
697
765
864
955
977
874
672
447
278
178
102
-13
-188
-385
-562
-723
-910
-1121
-1287
-1339
-1281
-1177
-1078
-979
-874
-770
-695
-652
-609
-513
-356
-233
-264
-483
-783
-996
-1048
-988
-936
-966
-1066
-1190
-1297
-1371
-1385
-1318
-1180
-990
-774
-544
-316
-101
100
275
407
499
576
648
697
707
704
732
823
943
1002
949
841
777
783
806
789
760
795
941
1141
1276
1295
1255
1273
1406
1605
1731
1685
1482
1234
1035
914
827
717
549
319
70
-132
-224
-240
-281
-430
-649
-810
-826
-714
-603
-612
-753
-889
-866
-683
-494
-461
-590
-768
-883
-926
-972
-1068
-1189
-1264
-1288
-1315
-1398
-1494
-1496
-1364
-1157
-977
-841
-680
-425
-107
168
311
367
459
650
850
930
864
758
727
787
874
945
1005
1065
1079
1007
876
785
807
896
949
906
835
853
993
1135
1124
932
700
606
696
852
922
852
689
488
273
78
-22
13
84
7
-307
-733
-1045
-1118
-1040
-1001
-1123
-1362
-1574
-1634
-1542
-1409
-1335
-1302
-1205
-1027
-874
-861
-981
-1138
-1258
-1334
-1393
-1445
-1466
-1424
-1299
-1137
-1007
-922
-809
-589
-279
17
196
247
263
338
482
626
718
782
875
1013
1153
1242
1253
1238
1266
1363
1455
1451
1338
1170
1009
886
835
876
961
990
917
803
767
839
947
996
958
887
845
830
785
666
503
362
261
170
58
-59
-173
-300
-482
-730
-994
-1185
-1239
-1202
-1170
-1211
-1293
-1339
-1297
-1187
-1065
-987
-963
-964
-980
-1006
-1045
-1060
-1005
-873
-698
-516
-315
-86
130
263
293
287
314
377
450
508
540
512
408
263
136
67
44
44
36
27
80
266
546
778
855
817
783
819
904
977
991
930
807
669
562
495
440
350
224
90
1
-28
-20
-7
-10
-24
-31
-2
85
201
276
226
41
-202
-387
-436
-374
-281
-249
-309
-420
-510
-520
-461
-396
-387
-426
-468
-468
-437
-409
-436
-538
-674
-772
-771
-681
-558
-456
-362
-230
-20
263
577
860
1034
1063
981
881
817
770
689
538
313
56
-163
-276
-263
-192
-142
-167
-236
-269
-198
-38
129
215
230
254
352
490
585
582
478
293
62
-159
-315
-393
-440
-541
-725
-922
-1024
-1006
-958
-972
-1049
-1109
-1109
-1064
-1016
-995
-986
-946
-818
-586
-299
-61
65
93
90
107
147
171
144
75
-10
-106
-212
-329
-432
-512
-541
-502
-382
-214
-44
116
285
502
768
1050
1285
1439
1512
1539
1488
1319
1011
692
510
535
679
808
868
870
836
730
541
328
201
215
322
429
501
576
725
944
1145
1186
1021
741
463
233
32
-127
-210
-193
-101
22
119
132
30
-150
-367
-609
-912
-1260
-1565
-1699
-1566
-1204
-744
-329
-14
209
336
348
240
55
-133
-261
-332
-389
-469
-525
-484
-317
-85
94
136
38
-120
-272
-411
-533
-614
-588
-419
-132
176
413
556
659
772
871
885
752
489
152
-181
-462
-651
-751
-787
-790
-779
-750
-689
-579
-440
-319
-236
-173
-108
-48
-26
-75
-197
-350
-487
-569
-599
-579
-538
-519
-545
-563
-493
-337
-224
-263
-444
-629
-689
-571
-353
-136
-17
33
66
158
341
562
795
905
904
785
668
623
597
533
368
180
12
-54
16
196
396
541
645
690
679
624
574
543
512
489
517
553
557
513
411
306
195
202
290
365
279
2
-288
-415
-291
-65
82
10
-207
-469
-604
-646
-611
-583
-532
-474
-462
-426
-293
-23
195
219
111
3
-29
0
48
113
145
133
146
159
186
156
164
269
488
733
888
903
779
605
465
432
438
439
384
327
235
173
115
88
46
-32
-61
-121
-103
-96
34
168
244
257
226
222
134
-6
-138
-185
-196
-245
-314
-336
-258
-155
-142
-346
-683
-888
-817
-626
-575
-703
-854
-969
-1010
-1006
-935
-881
-803
-668
-497
-400
-432
-380
-139
242
534
535
343
78
6
125
322
393
215
-68
-211
-41
256
422
335
224
293
551
775
718
383
53
-49
125
235
207
-12
-175
-249
-180
-116
-185
-337
-470
-386
-206
30
126
135
41
29
83
152
144
36
-54
-201
-343
-564
-724
-852
-867
-759
-613
-500
-607
-753
-888
-760
-489
-186
-58
-179
-375
-549
-490
-312
-80
26
-8
-85
-63
133
466
723
786
640
448
385
416
602
732
806
642
471
407
603
901
1175
1243
1120
896
801
968
1246
1474
1463
1385
1254
1139
977
849
700
582
445
460
519
585
557
464
334
93
-159
-388
-467
-504
-510
-625
-730
-853
-828
-759
-711
-718
-831
-880
-959
-957
-936
-887
-790
-733
-745
-878
-1047
-1096
-1075
-1021
-1021
-1033
-986
-954
-908
-958
-1019
-995
-802
-495
-270
-217
-210
-235
-142
-44
127
274
316
371
412
589
693
729
672
560
531
565
742
775
638
420
380
663
955
1101
899
678
635
805
1017
1012
838
525
278
204
263
367
382
359
263
113
33
51
149
142
34
-132
-350
-529
-640
-619
-541
-459
-389
-338
-249
-116
20
40
-98
-343
-561
-672
-635
-559
-562
-701
-837
-885
-765
-637
-499
-443
-404
-336
-257
-86
10
86
41
-38
-128
-197
-209
-190
-168
-118
-44
27
94
222
494
780
884
759
481
297
276
447
611
632
532
410
419
510
681
792
756
621
453
461
507
564
498
299
55
-206
-340
-408
-459
-518
-609
-596
-389
-92
153
40
-243
-534
-597
-413
-223
-55
-45
-54
-136
-261
-400
-522
-581
-609
-536
-457
-361
-344
-320
-335
-393
-449
-440
-297
-63
165
212
61
-158
-107
163
505
594
426
213
59
152
285
478
484
374
246
247
430
593
705
617
463
296
300
460
614
637
521
395
371
429
499
445
265
128
64
96
30
3
-27
-31
-161
-382
-602
-757
-756
-696
-570
-537
-537
-566
-522
-414
-356
-348
-462
-506
-534
-417
-287
-199
-250
-432
-584
-684
-637
-549
-421
-375
-329
-228
-79
33
29
-5
-5
154
528
959
1167
1016
640
363
224
245
246
207
145
96
176
263
364
325
186
-19
-175
-214
-120
64
269
321
245
92
36
41
83
138
184
211
242
307
398
411
306
113
-70
-132
-127
-139
-271
-445
-524
-450
-262
-118
-49
-117
-197
-304
-333
-299
-209
-40
52
49
-136
-279
-305
-180
-28
112
190
146
45
-86
-89
-154
-164
-217
-155
-136
-143
-223
-288
-347
-371
-315
-125
137
229
99
-256
-501
-525
-194
239
519
486
231
39
-75
-14
40
168
186
137
42
-26
50
165
371
504
591
586
515
412
243
102
4
44
131
198
148
17
-98
-176
-132
-17
220
386
420
311
216
220
250
270
216
165
79
30
-13
65
136
180
46
-169
-338
-411
-275
-137
72
113
130
89
73
89
71
78
-24
-112
-162
-69
71
119
121
102
142
174
192
155
9
-189
-356
-392
-315
-213
-185
-336
-514
-654
-648
-581
-492
-343
-251
-174
-231
-273
-373
-414
-398
-282
-91
-1
48
-77
-158
-260
-271
-240
-154
-11
15
-49
-205
-238
-185
-19
111
159
100
25
116
326
604
681
549
262
71
107
282
478
467
328
2
-237
-293
-90
167
276
244
194
169
203
201
255
317
404
436
281
35
-237
-315
-308
-244
-232
-268
-386
-573
-690
-663
-475
-310
-236
-303
-387
-463
-439
-366
-288
-247
-224
-77
96
274
328
386
481
603
644
585
512
501
518
520
466
404
333
282
219
165
126
102
83
63
75
82
111
204
360
511
508
432
299
253
271
353
468
475
415
234
110
63
80
87
-24
-173
-290
-248
-20
227
385
308
125
-57
-105
25
184
250
111
-136
-363
-466
-474
-461
-468
-486
-514
-567
-629
-677
-691
-674
-650
-633
-657
-671
-660
-545
-347
-98
90
159
139
56
26
-11
45
24
44
7
87
157
200
113
-97
-309
-482
-470
-379
-206
-107
-69
-108
-119
-49
119
276
365
383
383
380
360
397
457
561
602
635
616
593
528
378
169
-13
-48
-20
-21
-100
-158
-179
-161
-252
-390
-586
-589
-512
-367
-304
-326
-354
-452
-489
-595
-675
-786
-809
-709
-535
-350
-315
-421
-621
-758
-730
-567
-386
-293
-321
-346
-337
-252
-155
-31
129
229
312
341
464
570
635
596
534
511
541
567
543
459
320
249
241
338
399
482
607
741
827
799
765
722
737
793
855
834
683
520
414
445
542
621
584
425
243
163
204
358
439
384
178
-36
-148
-217
-228
-264
-263
-242
-169
-96
-91
-100
-114
-87
-69
-39
-77
-239
-469
-597
-566
-523
-526
-533
-425
-292
-226
-243
-240
-177
-111
-136
-235
-324
-299
-129
48
163
84
11
-51
-47
-92
-170
-161
-137
-84
-181
-301
-376
-235
25
192
162
24
-16
28
125
162
155
62
33
89
204
252
183
135
33
-47
-198
-262
-213
-107
-18
-142
-387
-662
-720
-555
-316
-210
-240
-302
-271
-169
-35
133
261
329
193
-55
-334
-458
-396
-245
-106
-95
-159
-234
-252
-179
-117
-68
-121
-151
-144
-69
2
22
52
76
75
-7
-152
-230
-262
-218
-235
-276
-369
-386
-328
-167
-12
63
66
29
120
214
304
250
174
140
179
319
426
495
450
445
492
570
573
486
424
400
428
351
195
-35
-223
-312
-316
-212
-130
-61
-109
-142
-99
69
291
364
338
198
173
199
314
424
522
534
405
189
-9
-72
23
184
302
235
88
-33
47
230
450
616
673
601
412
287
266
402
507
560
438
288
119
35
51
132
210
137
15
-63
-7
72
132
153
203
187
82
-118
-222
-152
33
122
31
-204
-437
-552
-528
-427
-388
-403
-460
-521
-594
-654
-663
-637
-612
-615
-637
-715
-789
-869
-842
-820
-731
-650
-475
-259
-51
69
23
-67
-172
-166
-162
-138
-223
-333
-422
-389
-278
-180
-105
-56
18
29
-38
-191
-292
-259
-122
-14
32
71
209
398
555
561
467
338
251
181
103
62
5
-41
-119
-169
-209
-211
-122
19
174
231
229
152
140
205
365
448
437
371
328
338
313
271
130
21
-78
-83
-92
-35
51
148
171
146
174
284
413
414
297
137
87
195
404
558
514
353
210
243
352
435
451
474
513
425
191
-107
-233
-175
-5
105
141
116
108
76
19
-103
-187
-204
-155
-168
-277
-437
-503
-421
-225
-44
-10
-128
-322
-419
-402
-348
-345
-362
-345
-323
-367
-425
-400
-271
-83
58
109
8
-187
-308
-257
-80
43
1
-114
-193
-157
-25
155
318
359
247
118
81
175
239
230
142
120
208
399
514
489
309
211
186
235
208
128
67
-19
-7
-3
80
33
-24
-92
-75
-17
12
87
58
9
-206
-348
-437
-374
-279
-179
-117
-151
-258
-416
-454
-409
-289
-304
-406
-598
-664
-654
-623
-657
-701
-624
-464
-250
-122
-65
-98
-94
-24
149
315
405
343
208
134
189
300
303
190
6
-113
-167
-145
-132
-141
-183
-173
-75
109
308
443
460
403
338
332
343
376
426
478
503
427
322
244
347
559
759
812
783
769
763
747
653
546
433
376
374
390
413
359
209
-29
-172
-151
19
92
33
-143
-256
-292
-290
-277
-266
-198
-154
-90
-133
-232
-449
-608
-681
-642
-571
-538
-552
-605
-580
-455
-257
-111
-32
-13
-30
-104
-168
-159
-53
59
93
21
-103
-202
-244
-206
-179
-136
-110
-50
12
83
190
315
411
429
351
252
128
61
-15
-35
-95
-74
-31
77
138
122
43
-106
-207
-282
-257
-247
-180
-154
-69
-113
-205
-387
-493
-484
-428
-371
-413
-435
-454
-429
-439
-411
-313
-156
-44
-69
-184
-314
-336
-254
-121
-39
-32
-103
-143
-124
33
202
341
361
314
242
218
292
451
644
781
845
816
756
614
460
303
314
434
599
663
652
579
514
513
616
781
901
951
898
750
566
429
411
413
428
348
248
92
6
-6
4
6
-37
-98
-202
-326
-379
-333
-232
-170
-207
-257
-352
-422
-533
-606
-651
-686
-737
-801
-799
-704
-548
-437
-462
-558
-609
-567
-551
-633
-760
-831
-840
-809
-747
-661
-572
-531
-552
-644
-756
-758
-649
-437
-265
-146
-121
-152
-164
-155
-84
-14
93
197
277
293
244
191
242
357
445
394
282
196
164
172
192
270
365
500
565
580
490
424
380
336
218
13
-119
-125
39
219
345
389
353
322
264
275
274
312
356
426
526
550
541
436
417
407
410
275
89
-57
-124
-176
-210
-139
64
296
415
454
404
392
368
432
481
506
435
350
290
310
389
463
539
554
602
574
506
336
168
64
52
117
115
43
-141
-283
-418
-493
-566
-600
-604
-559
-466
-370
-337
-350
-355
-343
-388
-532
-694
-753
-665
-514
-447
-531
-726
-894
-929
-814
-571
-315
-110
-85
-223
-421
-531
-489
-397
-298
-273
-240
-193
-104
-26
-6
-17
-47
-61
-82
-89
-79
-24
64
173
248
261
230
183
207
299
459
520
470
350
266
248
210
181
89
24
-53
-131
-256
-363
-348
-200
-71
-31
-116
-241
-368
-425
-332
-184
-30
-2
-4
-70
-84
-90
-25
1
-1
-50
-106
-112
-158
-190
-329
-401
-469
-429
-369
-240
-98
-12
-26
-138
-203
-199
-17
180
354
309
154
-21
-4
207
526
754
837
771
702
671
687
696
681
715
765
850
882
872
816
794
862
992
1065
1024
900
812
832
897
909
730
485
282
244
254
192
35
-125
-188
-173
-189
-295
-480
-584
-579
-494
-442
-444
-474
-527
-552
-554
-485
-419
-368
-419
-482
-491
-373
-253
-221
-290
-380
-388
-348
-240
-157
-50
79
192
248
150
12
-159
-229
-190
-93
-49
-123
-225
-260
-196
-113
-89
-158
-246
-268
-199
-66
67
99
-33
-267
-410
-396
-292
-221
-225
-285
-372
-424
-404
-357
-345
-382
-429
-487
-545
-533
-509
-493
-579
-662
-712
-726
-663
-612
-556
-581
-614
-599
-555
-455
-434
-471
-566
-592
-493
-376
-286
-252
-133
0
136
203
302
411
477
470
374
273
177
196
324
508
652
725
745
696
609
500
489
536
651
708
728
734
764
819
827
848
864
866
764
609
513
514
536
513
490
557
681
748
683
526
435
411
441
434
427
438
405
341
222
170
166
201
202
111
-17
-146
-167
-100
-4
11
-63
-161
-157
-64
74
116
9
-154
-248
-117
125
325
299
90
-106
-98
87
262
247
93
-97
-187
-148
-34
64
17
-86
-223
-282
-351
-423
-517
-587
-584
-471
-307
-195
-263
-511
-789
-927
-820
-587
-396
-337
-418
-545
-696
-777
-768
-692
-553
-474
-472
-708
-1030
-1239
-1132
-745
-428
-358
-600
-858
-969
-886
-713
-560
-436
-336
-250
-204
-201
-177
-134
-94
-101
-87
-33
27
-39
-176
-305
-235
-17
224
345
339
354
426
581
655
710
645
602
545
580
702
767
759
647
587
603
628
622
535
486
504
627
693
664
454
221
100
162
373
473
444
270
172
247
467
748
930
977
846
630
446
382
424
476
471
375
217
42
-93
-169
-173
-122
-60
-40
-128
-233
-281
-184
-62
-8
-42
-61
-3
23
-1
-107
-188
-255
-367
-485
-623
-670
-654
-622
-518
-466
-389
-433
-433
-388
-260
-145
-111
-221
-386
-443
-294
-62
55
50
10
78
180
325
370
334
224
139
181
263
361
359
307
242
275
387
486
410
201
-50
-153
-139
-96
-124
-188
-149
-17
163
220
169
26
-51
-101
-121
-184
-146
-1
202
304
256
151
-31
-160
-396
-545
-659
-528
-318
-138
-109
-227
-345
-461
-514
-580
-532
-384
-185
-135
-292
-615
-899
-1015
-854
-597
-423
-403
-480
-507
-505
-392
-259
-154
-129
-191
-252
-364
-404
-410
-258
-31
174
171
35
-44
113
375
577
612
463
233
9
-12
106
332
473
511
422
353
359
393
264
30
-103
51
308
425
354
300
365
551
698
784
827
932
1111
1168
1057
749
463
244
144
191
298
409
359
192
35
54
218
384
403
240
-1
-211
-203
-57
126
200
174
90
-38
-166
-308
-371
-329
-88
78
88
-155
-374
-486
-438
-314
-301
-401
-584
-579
-495
-394
-510
-668
-763
-609
-296
-16
120
-26
-244
-479
-402
-202
114
123
21
-200
-236
-132
-84
-56
-212
-202
-183
-121
-152
-232
-239
-195
-75
79
200
242
289
393
558
542
441
297
296
362
356
257
24
-43
50
350
539
472
126
-230
-275
3
461
699
678
383
170
91
146
189
192
234
262
277
184
27
-150
-196
-117
31
72
52
-9
-108
-264
-407
-415
-378
-347
-328
-275
-289
-486
-625
-555
-267
-95
-176
-377
-490
-378
-220
-149
-235
-332
-388
-392
-393
-372
-428
-466
-402
-215
-81
-219
-325
-391
-263
-222
-182
-147
-152
-100
-106
-11
16
94
154
205
206
123
93
96
229
382
509
518
394
253
153
195
261
372
346
308
226
256
335
348
308
233
290
415
570
546
356
74
-20
4
124
218
365
514
531
429
158
-41
-139
6
194
298
267
118
-58
-243
-324
-286
-183
-76
-81
-220
-415
-508
-345
-105
89
112
-1
-122
-264
-278
-297
-187
18
282
379
276
85
-41
-119
-129
-78
-37
-12
-162
-354
-575
-538
-330
-131
-96
-206
-266
-295
-231
-227
-215
-270
-225
-87
122
323
342
218
5
-45
129
390
651
772
666
323
-55
-165
-37
155
277
337
211
-28
-243
-95
177
281
-10
-486
-786
-784
-518
-315
-238
-275
-200
-77
101
259
405
376
193
45
64
170
104
-79
-315
-384
-264
3
204
203
58
-27
-3
130
260
379
393
319
124
-141
-359
-427
-217
56
312
354
258
73
11
107
337
480
547
447
232
-9
-156
-57
21
80
-53
-179
-339
-455
-490
-450
-320
-179
-47
-21
-113
-251
-344
-373
-327
-209
-180
-318
-548
-695
-647
-485
-106
251
392
141
-300
-558
-445
-36
309
317
83
-138
-169
-89
35
157
242
281
253
216
104
6
-82
-102
-79
-4
108
188
305
477
679
702
529
267
109
145
302
423
270
-143
-618
-803
-712
-427
-204
-184
-536
-1090
-1241
-589
588
1400
1390
718
-9
-354
-132
515
1173
1616
1743
1624
1328
1063
1096
1300
1356
987
278
-583
-1283
-1574
-1363
-947
-691
-707
-877
-919
-732
-302
113
273
91
-188
-264
-13
425
717
573
90
-283
-112
430
843
793
393
84
54
335
600
673
456
63
-368
-697
-768
-607
-303
-103
-123
-416
-812
-1038
-928
-557
-215
-73
-121
-220
-300
-349
-353
-241
-9
259
384
252
-15
-237
-250
-150
-47
-24
-106
-244
-419
-519
-592
-606
-652
-639
-594
-474
-376
-379
-449
-525
-442
-301
-198
-289
-470
-570
-459
-170
156
387
446
327
61
-205
-297
-125
169
344
205
-201
-637
-775
-566
-187
74
135
69
1
55
250
582
902
1057
952
711
527
511
593
632
543
338
150
80
170
389
649
817
765
531
305
227
273
320
299
205
135
233
488
689
623
386
278
455
828
1086
1084
853
649
622
716
765
654
466
264
54
-175
-395
-528
-666
-903
-1269
-1627
-1860
-2042
-2286
-2660
-2975
-3118
-2980
-2668
-2243
-1818
-1439
-1101
-774
-320
292
1022
1593
1857
1869
1820
1797
1699
1527
1371
1422
1687
1930
1863
1408
955
931
1451
2052
2141
1481
478
-113
205
1225
2192
2463
2026
1513
1465
1840
1964
1227
-320
-1949
-2842
-2783
-2267
-2006
-2348
-3051
-3603
-3631
-3138
-2453
-1952
-1868
-2101
-2333
-2175
-1538
-655
150
760
1286
1805
2258
2456
2329
1972
1635
1371
1078
500
-454
-1661
-2838
-3693
-4176
-4299
-4223
-4020
-3793
-3503
-3023
-2265
-1217
-32
1173
2269
3235
4082
4879
5691
6488
7159
7516
7489
7135
6641
6132
5674
5200
4538
3403
1586
-764
-3144
-4919
-5832
-6086
-6248
-6722
-7486
-8130
-8241
-7707
-6680
-5423
-4119
-2903
-1861
-1019
-220
765
2103
3657
5114
6092
6417
6111
5323
4235
3086
2099
1313
519
-567
-2032
-3686
-5153
-6211
-6795
-6975
-6749
-6171
-5412
-4654
-3900
-2888
-1440
383
2175
3597
4551
5244
5916
6690
7518
8297
8920
9287
9235
8617
7460
6044
4798
4011
3630
3113
1740
-832
-4009
-6643
-7862
-7768
-7191
-6978
-7376
-7982
-8221
-7826
-6903
-5587
-3907
-2043
-400
661
1206
1657
2411
3624
5063
6305
6928
6771
5920
4562
2958
1342
-107
-1383
-2586
-3843
-5166
-6441
-7454
-8040
-8144
-7811
-7110
-6129
-4972
-3729
-2391
-857
907
2800
4552
5957
6914
7514
7886
8151
8380
8598
8817
8936
8712
7815
6145
4109
2446
1655
1402
708
-1247
-4321
-7358
-9128
-9202
-8243
-7249
-6810
-6799
-6819
-6545
-5882
-4749
-3146
-1286
421
1607
2299
2752
3300
4070
5008
5918
6532
6619
5986
4642
2808
893
-790
-2152
-3315
-4420
-5538
-6661
-7676
-8371
-8499
-7911
-6677
-5038
-3344
-1831
-542
656
1927
3336
4847
6259
7297
7777
7806
7670
7598
7604
7639
7680
7622
7140
5918
4026
2082
794
304
-124
-1452
-3895
-6618
-8427
-8812
-8169
-7324
-6695
-6198
-5639
-5090
-4605
-3898
-2550
-566
1435
2792
3369
3653
4153
5015
6009
6849
7290
7131
6201
4491
2297
97
-1739
-3207
-4519
-5852
-7135
-8178
-8811
-9023
-8811
-8084
-6769
-5009
-3150
-1420
165
1758
3365
4879
6104
6995
7586
7952
8111
8089
7915
7593
7150
6683
6332
6025
5482
4417
2946
1569
670
-46
-1366
-3663
-6353
-8313
-8858
-8252
-7392
-6958
-6890
-6701
-6178
-5457
-4578
-3320
-1609
186
1513
2190
2603
3334
4548
5922
7009
7593
7603
6944
5577
3649
1543
-421
-2141
-3750
-5350
-6859
-8097
-8904
-9234
-9060
-8403
-7323
-5959
-4427
-2786
-1024
823
2628
4186
5365
6207
6797
7190
7417
7587
7784
7936
7855
7458
6875
6299
5697
4826
3575
2257
1300
598
-602
-2888
-5797
-8006
-8534
-7651
-6546
-6152
-6379
-6487
-6029
-5235
-4468
-3620
-2350
-698
752
1534
1857
2357
3411
4787
6054
6957
7400
7193
6111
4236
2018
-5
-1644
-3084
-4593
-6144
-7419
-8148
-8346
-8138
-7557
-6579
-5229
-3654
-1999
-394
1150
2640
4022
5194
6082
6626
6730
6443
6050
5890
5965
6000
5787
5450
5245
5188
4934
4091
2758
1556
937
506
-706
-3088
-5766
-7284
-6993
-5710
-4822
-4959
-5605
-5961
-5836
-5525
-5099
-4216
-2715
-1095
5
541
1157
2421
4255
6087
7398
8005
7886
6990
5355
3316
1392
-138
-1482
-3015
-4796
-6427
-7513
-7974
-7960
-7529
-6620
-5275
-3699
-2173
-839
320
1470
2666
3823
4777
5391
5592
5439
5245
5325
5715
6063
6089
5835
5538
5261
4781
3921
2797
1872
1328
684
-851
-3382
-5944
-7315
-7112
-6078
-5283
-5201
-5506
-5749
-5846
-5901
-5672
-4682
-2888
-955
303
795
1161
2080
3585
5269
6759
7865
8318
7727
5997
3604
1341
-309
-1488
-2689
-4180
-5760
-6992
-7644
-7749
-7383
-6516
-5135
-3478
-1927
-726
206
1091
2058
3077
4034
4773
5136
5084
4799
4579
4602
4780
4923
4965
5029
5188
5266
4942
4082
3019
2253
1808
1002
-862
-3508
-5790
-6687
-6219
-5344
-5046
-5552
-6277
-6661
-6643
-6410
-5849
-4734
-3253
-1926
-1055
-336
774
2525
4647
6595
7941
8495
8242
7171
5404
3289
1319
-249
-1592
-3039
-4650
-6109
-7059
-7419
-7348
-6974
-6222
-4994
-3401
-1828
-601
294
1179
2275
3396
4191
4524
4644
4830
5152
5465
5657
5782
5936
6100
6159
5997
5570
4864
4038
3403
3074
2563
1064
-1574
-4398
-6052
-6030
-5071
-4447
-4822
-5815
-6623
-6908
-6890
-6660
-5934
-4549
-2907
-1559
-614
358
1793
3735
5804
7508
8488
8568
7696
5959
3710
1454
-393
-1841
-3185
-4655
-6107
-7223
-7836
-8041
-7962
-7473
-6332
-4558
-2643
-1163
-249
561
1755
3283
4576
5165
5140
4988
5043
5267
5441
5490
5537
5653
5753
5683
5393
4881
4096
3181
2436
1950
1171
-525
-3053
-5376
-6388
-5910
-4875
-4487
-5124
-6158
-6809
-6892
-6661
-6135
-5138
-3741
-2404
-1430
-582
642
2492
4689
6732
8202
8866
8564
7212
5060
2711
792
-547
-1676
-3024
-4593
-6034
-7027
-7541
-7678
-7392
-6527
-5050
-3307
-1799
-742
126
1223
2628
3990
4886
5211
5202
5167
5246
5424
5626
5800
5880
5773
5468
5058
4678
4243
3639
2963
2412
1781
459
-1776
-4290
-5921
-6062
-5182
-4499
-4835
-5910
-6826
-7073
-6901
-6624
-6137
-5154
-3724
-2234
-938
268
1702
3512
5536
7322
8422
8553
7698
6058
4006
1998
301
-1133
-2572
-4103
-5525
-6542
-7101
-7355
-7379
-7012
-6029
-4518
-2909
-1611
-647
307
1476
2750
3817
4517
4969
5373
5821
6237
6534
6661
6640
6516
6292
5978
5585
5100
4397
3505
2659
1995
1123
-515
-2845
-4964
-5842
-5298
-4257
-3990
-4913
-6216
-6864
-6666
-6165
-5675
-5018
-3974
-2730
-1596
-625
518
2176
4296
6365
7743
8075
7353
5803
3772
1715
40
-1184
-2284
-3628
-5203
-6659
-7669
-8181
-8254
-7861
-6886
-5368
-3612
-2025
-825
111
1068
2181
3281
4118
4646
5037
5445
5850
6147
6283
6303
6226
6025
5720
5449
5311
5133
4664
3929
3248
2655
1600
-428
-3091
-5189
-5739
-4896
-3947
-4121
-5456
-6880
-7393
-6994
-6263
-5508
-4528
-3119
-1503
-121
832
1741
3193
5278
7310
8334
7939
6475
4593
2702
873
-905
-2520
-3837
-4887
-5849
-6779
-7486
-7666
-7211
-6252
-5058
-3782
-2475
-1185
-40
904
1763
2661
3519
4132
4399
4470
4598
4885
5209
5368
5293
5031
4654
4261
4076
4264
4675
4822
4490
3959
3551
2884
1280
-1184
-3442
-4400
-4085
-3597
-4155
-5853
-7642
-8476
-8358
-7913
-7341
-6313
-4659
-2795
-1246
-65
1244
3152
5504
7584
8713
8714
7814
6299
4369
2194
39
-1796
-3170
-4246
-5343
-6564
-7667
-8264
-8162
-7446
-6344
-5056
-3659
-2184
-672
782
2100
3239
4160
4904
5529
6047
6346
6324
6005
5512
4979
4416
3785
3120
2676
2742
3346
4102
4549
4685
4861
5059
4538
2714
66
-2156
-3172
-3319
-3610
-4748
-6476
-7907
-8488
-8469
-8267
-7740
-6460
-4469
-2381
-684
746
2422
4533
6676
8200
8779
8510
7614
6201
4297
2075
-76
-1781
-3034
-4226
-5725
-7427
-8781
-9311
-9060
-8421
-7647
-6606
-5158
-3445
-1788
-303
1158
2733
4270
5454
6114
6369
6414
6246
5749
4930
4009
3206
2520
1843
1213
913
1244
2267
3722
5203
6470
7342
7466
6257
3627
355
-2397
-4024
-4758
-5282
-6194
-7566
-8945
-9772
-9836
-9159
-7750
-5679
-3273
-1034
681
1856
2864
4073
5505
6803
7618
7796
7286
6064
4184
1969
-150
-1889
-3404
-4974
-6587
-7937
-8858
-9508
-9972
-10011
-9248
-7617
-5478
-3312
-1339
601
2677
4725
6321
7243
7658
7856
7835
7362
6353
5108
4091
3451
2902
2104
1172
694
1200
2703
4696
6588
7966
8722
8748
7720
5240
1548
-2253
-4938
-6152
-6515
-6883
-7656
-8540
-8996
-8803
-8187
-7235
-5673
-3397
-970
775
1550
1824
2326
3393
4817
6175
7218
7856
7909
7100
5289
2758
134
-1992
-3519
-4830
-6288
-7881
-9334
-10364
-10780
-10473
-9405
-7605
-5226
-2600
-112
2017
3772
5195
6298
7050
7398
7286
6764
6010
5258
4613
4015
3344
2630
2046
1765
1825
2203
2906
3904
4936
5537
5348
4486
3335
1938
-143
-3058
-5998
-7740
-7807
-6903
-6165
-6169
-6521
-6441
-5694
-4793
-4220
-3715
-2742
-1315
-85
477
707
1447
3127
5214
6810
7526
7605
7208
6129
4172
1609
-944
-3053
-4770
-6365
-7809
-8799
-9245
-9377
-9319
-8823
-7602
-5712
-3556
-1521
305
2074
3807
5205
5984
6253
6379
6595
6880
7140
7324
7339
6998
6158
4902
3541
2357
1431
726
286
220
453
645
429
-156
-580
-449
-119
-485
-1868
-3528
-4361
-4030
-3194
-2775
-3103
-3740
-4147
-4272
-4400
-4505
-4239
-3457
-2451
-1616
-1010
-371
654
2133
3779
5181
6086
6376
5967
4913
3473
1986
631
-607
-1814
-3008
-4154
-5248
-6319
-7249
-7733
-7484
-6488
-5025
-3461
-2003
-638
706
2042
3373
4774
6283
7769
8967
9645
9689
9107
7957
6360
4516
2688
1051
-406
-1756
-2945
-3775
-4050
-3700
-2839
-1711
-561
499
1570
2674
3414
3042
1353
-829
-2257
-2369
-1648
-1044
-1204
-2048
-3090
-4072
-5084
-6048
-6495
-6168
-5415
-4812
-4516
-4166
-3295
-1708
399
2710
4939
6802
7910
7967
7050
5560
3954
2447
985
-560
-2201
-3859
-5481
-6972
-8125
-8682
-8486
-7540
-5994
-4075
-1959
262
2498
4505
5957
6652
6675
6313
5826
5302
4668
3823
2700
1384
84
-955
-1643
-2019
-2155
-2048
-1675
-1074
-334
413
1106
1772
2547
3513
4458
4864
4293
2898
1350
318
-29
19
-55
-685
-1983
-3746
-5680
-7548
-9014
-9604
-9033
-7527
-5689
-3951
-2304
-455
1713
3979
6016
7671
8909
9549
9306
8139
6448
4793
3427
2165
728
-913
-2541
-3976
-5185
-6143
-6683
-6618
-6006
-5194
-4547
-4080
-3540
-2788
-2025
-1491
-1125
-556
505
1939
3254
4014
4228
4236
4232
4063
3532
2714
1913
1343
1023
885
1008
1550
2501
3474
3996
4003
3948
4322
4997
5244
4392
2511
331
-1475
-2778
-3810
-4708
-5399
-5850
-6220
-6762
-7483
-8054
-7984
-7098
-5631
-3951
-2252
-575
1000
2357
3451
4426
5525
6851
8191
9101
9245
8588
7343
5743
3908
1932
-37
-1847
-3479
-5037
-6627
-8222
-9619
-10528
-10726
-10195
-9094
-7678
-6212
-4859
-3640
-2459
-1220
134
1604
3171
4758
6186
7200
7641
7619
7426
7287
7183
7008
6735
6394
5914
5145
4092
2978
2070
1440
1004
706
610
731
784
282
-986
-2593
-3827
-4340
-4410
-4528
-4901
-5323
-5524
-5547
-5643
-5848
-5798
-5161
-4028
-2789
-1656
-478
1028
2880
4697
6026
6751
7076
7167
6981
6438
5570
4458
3151
1638
-61
-1824
-3467
-4886
-6131
-7278
-8303
-9107
-9633
-9914
-9970
-9728
-9047
-7861
-6210
-4232
-2132
-138
1602
3115
4553
6037
7535
8881
9910
10497
10518
9897
8731
7387
6299
5674
5376
5095
4610
3866
2927
1829
607
-562
-1420
-1828
-1993
-2345
-3237
-4612
-5969
-6707
-6544
-5632
-4349
-3091
-2163
-1712
-1687
-1936
-2238
-2361
-2133
-1640
-1138
-876
-903
-1049
-999
-485
526
1818
3071
3962
4274
3983
3298
2474
1658
892
189
-457
-1115
-1910
-2924
-4108
-5274
-6200
-6731
-6834
-6595
-6167
-5685
-5228
-4791
-4316
-3666
-2661
-1174
763
2957
5123
6910
8053
8542
8677
8803
9012
9147
8987
8447
7545
6380
5106
3903
2912
2178
1667
1258
780
100
-727
-1435
-1761
-1755
-1802
-2271
-3104
-3950
-4523
-4864
-5115
-5337
-5450
-5384
-5232
-5204
-5472
-5959
-6350
-6333
-5796
-4860
-3698
-2421
-1046
427
1926
3352
4640
5814
6843
7543
7691
7234
6382
5382
4289
3002
1462
-196
-1796
-3277
-4707
-6107
-7325
-8182
-8615
-8702
-8457
-7752
-6513
-4924
-3352
-2045
-934
192
1432
2716
3956
5157
6330
7397
8209
8691
8876
8814
8503
7985
7422
6968
6576
6026
5176
4113
3001
1863
625
-693
-1850
-2597
-2880
-2944
-3170
-3829
-4858
-5865
-6483
-6612
-6441
-6181
-5918
-5623
-5238
-4805
-4374
-3947
-3446
-2812
-2071
-1224
-244
891
2080
3164
4003
4570
4945
5191
5292
5210
5007
4787
4527
4038
3098
1684
51
-1424
-2583
-3618
-4808
-6153
-7374
-8222
-8681
-8855
-8716
-8115
-6986
-5520
-4034
-2721
-1552
-372
915
2298
3714
5118
6454
7583
8316
8547
8339
7870
7314
6771
6222
5589
4841
4051
3306
2642
2080
1682
1476
1361
1162
798
411
233
364
544
297
-744
-2427
-4177
-5417
-5921
-5826
-5363
-4776
-4221
-3790
-3511
-3351
-3175
-2771
-2023
-1073
-182
493
1034
1605
2256
2905
3452
3927
4378
4730
4753
4259
3264
1932
464
-988
-2277
-3284
-4003
-4576
-5178
-5849
-6482
-6935
-7062
-6803
-6179
-5294
-4254
-3184
-2238
-1521
-1041
-744
-538
-246
299
1045
1698
1999
2001
2029
2392
3159
4232
5533
7026
8543
9689
10061
9564
8489
7240
6035
4857
3645
2390
1115
-200
-1567
-2882
-3915
-4457
-4557
-4488
-4536
-4727
-4877
-4795
-4428
-3875
-3301
-2845
-2519
-2237
-1952
-1735
-1643
-1588
-1412
-1128
-917
-931
-1077
-1125
-934
-599
-331
-209
-83
206
619
966
1177
1339
1482
1503
1259
762
113
-607
-1410
-2329
-3283
-4099
-4636
-4935
-5144
-5308
-5296
-4973
-4384
-3696
-2963
-2058
-846
608
2085
3423
4629
5783
6859
7709
8183
8328
8374
8518
8713
8739
8426
7779
6908
5909
4843
3757
2701
1686
680
-346
-1325
-2099
-2530
-2584
-2329
-1870
-1372
-1057
-1138
-1635
-2330
-2896
-3157
-3240
-3461
-4052
-4937
-5854
-6610
-7165
-7465
-7340
-6626
-5391
-3938
-2615
-1570
-701
202
1207
2172
2943
3495
3871
4043
3924
3549
3087
2719
2422
1969
1183
110
-1006
-2006
-2884
-3668
-4312
-4736
-4977
-5148
-5309
-5309
-4905
-3997
-2768
-1496
-318
817
1959
3041
3952
4678
5339
6028
6670
7037
6966
6509
5895
5367
4994
4712
4433
4168
3975
3840
3685
3442
3149
2867
2593
2242
1731
1033
123
-1021
-2357
-3641
-4610
-5232
-5779
-6528
-7372
-7954
-7983
-7566
-6985
-6408
-5777
-4987
-4128
-3395
-2874
-2368
-1630
-651
318
1081
1690
2252
2701
2845
2625
2242
2010
2072
2296
2427
2359
2162
1894
1509
988
501
321
527
853
839
231
-830
-1967
-2931
-3720
-4371
-4766
-4740
-4385
-4023
-3893
-3849
-3491
-2560
-1164
360
1774
3063
4292
5406
6266
6855
7358
7951
8575
8986
8990
8588
7881
6975
5933
4828
3743
2690
1607
406
-907
-2232
-3458
-4516
-5373
-5971
-6233
-6141
-5744
-5141
-4485
-3946
-3641
-3492
-3335
-3067
-2768
-2570
-2490
-2406
-2199
-1942
-1833
-1968
-2185
-2176
-1783
-1077
-222
678
1607
2520
3293
3755
3872
3815
3781
3783
3666
3341
2826
2164
1319
255
-949
-2120
-3104
-3892
-4569
-5187
-5691
-5995
-6068
-5937
-5602
-5006
-4123
-3025
-1858
-721
364
1437
2513
3570
4553
5428
6217
6944
7571
8001
8138
7932
7408
6667
5856
5095
4453
3919
3408
2787
1977
1003
-29
-991
-1771
-2308
-2654
-2950
-3353
-3918
-4575
-5139
-5430
-5360
-4981
-4422
-3872
-3530
-3529
-3802
-4061
-3961
-3359
-2408
-1401
-570
15
392
636
827
994
1112
1104
935
653
374
166
-13
-216
-444
-628
-708
-667
-530
-316
-28
304
573
655
522
278
14
-250
-482
-576
-458
-224
-100
-243
-586
-900
-1005
-878
-544
10
742
1475
2049
2496
2971
3549
4151
4669
5066
5366
5577
5634
5457
5071
4594
4097
3525
2786
1873
901
-4
-815
-1590
-2361
-3066
-3612
-3971
-4181
-4267
-4210
-4007
-3751
-3597
-3658
-3871
-4012
-3847
-3314
-2597
-1986
-1702
-1774
-2056
-2348
-2464
-2277
-1756
-984
-129
684
1404
1991
2360
2449
2322
2172
2155
2263
2331
2218
1876
1349
723
117
-358
-611
-578
-288
123
505
779
929
933
789
552
322
193
213
340
442
365
27
-525
-1120
-1553
-1676
-1450
-974
-422
33
330
516
721
1071
1610
2306
3070
3782
4262
4333
3925
3168
2320
1607
1080
640
207
-219
-632
-1128
-1811
-2602
-3271
-3644
-3781
-3840
-3865
-3802
-3647
-3499
-3411
-3244
-2783
-1936
-847
216
1045
1571
1802
1772
1555
1312
1206
1284
1422
1457
1338
1140
966
818
633
376
123
-8
7
33
-78
-339
-623
-846
-1014
-1141
-1185
-1096
-897
-693
-589
-597
-598
-419
1
539
1012
1328
1501
1530
1379
1039
580
95
-369
-839
-1340
-1819
-2180
-2372
-2424
-2374
-2226
-1962
-1546
-953
-215
573
1301
1916
2400
2737
2912
2935
2838
2650
2406
2150
1910
1645
1287
780
132
-562
-1129
-1415
-1405
-1224
-1017
-872
-789
-710
-541
-237
144
532
911
1293
1633
1865
1956
1895
1637
1133
435
-312
-937
-1348
-1534
-1535
-1400
-1176
-945
-812
-812
-851
-746
-405
83
549
880
1076
1143
1037
709
222
-225
-468
-554
-717
-1121
-1695
-2207
-2495
-2579
-2540
-2378
-2023
-1488
-952
-621
-543
-544
-409
-89
284
565
747
900
1018
992
758
421
194
190
342
508
642
808
1073
1417
1769
2086
2358
2582
2744
2813
2762
2604
2368
2053
1626
1093
520
-19
-515
-974
-1395
-1755
-2060
-2305
-2459
-2454
-2259
-1903
-1427
-862
-221
473
1166
1745
2094
2141
1928
1584
1278
1116
1061
959
638
32
-794
-1694
-2530
-3185
-3561
-3627
-3454
-3176
-2899
-2642
-2359
-1976
-1441
-754
34
842
1559
2079
2309
2240
1928
1436
814
120
-536
-1077
-1479
-1803
-2140
-2514
-2852
-3019
-2922
-2573
-2072
-1550
-1108
-750
-392
73
676
1382
2096
2717
3148
3350
3343
3171
2885
2523
2120
1718
1369
1097
893
742
668
657
658
605
526
485
509
533
474
319
122
-60
-205
-328
-444
-536
-546
-414
-136
215
530
702
700
573
436
388
503
827
1305
1791
2112
2189
2064
1854
1636
1383
1022
558
80
-360
-789
-1256
-1742
-2184
-2522
-2712
-2728
-2578
-2316
-2003
-1684
-1393
-1167
-1025
-940
-845
-687
-518
-458
-581
-794
-946
-987
-1020
-1137
-1310
-1416
-1388
-1266
-1132
-988
-764
-455
-160
22
119
259
515
840
1107
1237
1258
1242
1231
1193
1119
1066
1103
1195
1198
1007
662
318
102
29
15
-8
-30
18
175
405
621
775
893
1018
1149
1258
1345
1421
1460
1415
1287
1122
970
853
762
661
542
426
339
267
180
60
-119
-387
-774
-1256
-1756
-2179
-2459
-2573
-2499
-2249
-1932
-1708
-1682
-1807
-1943
-1971
-1866
-1664
-1386
-1078
-861
-857
-1047
-1265
-1355
-1297
-1149
-946
-692
-427
-234
-191
-316
-507
-604
-491
-198
140
412
601
754
881
966
1012
1069
1169
1271
1322
1312
1290
1313
1393
1475
1527
1596
1750
1983
2208
2362
2450
2515
2549
2518
2416
2289
2211
2187
2121
1912
1555
1162
828
562
334
147
61
104
236
367
425
403
321
184
-33
-305
-552
-708
-797
-912
-1105
-1355
-1617
-1858
-2076
-2228
-2264
-2175
-2043
-1986
-2035
-2128
-2184
-2167
-2084
-1943
-1729
-1428
-1080
-775
-611
-632
-807
-1049
-1269
-1433
-1560
-1666
-1711
-1674
-1591
-1558
-1612
-1681
-1642
-1416
-1041
-607
-189
223
639
1021
1315
1513
1661
1784
1887
1953
1997
2068
2182
2296
2343
2297
2201
2116
2080
2088
2104
2082
1982
1807
1613
1487
1462
1495
1506
1450
1324
1163
1006
864
749
671
624
557
408
179
-47
-185
-233
-262
-328
-437
-533
-602
-666
-775
-934
-1074
-1124
-1085
-1045
-1081
-1247
-1567
-2019
-2514
-2912
-3120
-3138
-3049
-2934
-2839
-2778
-2744
-2700
-2567
-2274
-1820
-1310
-907
-716
-703
-726
-662
-484
-243
-3
227
460
655
716
584
324
107
61
182
355
482
566
675
846
1045
1251
1524
1945
2520
3124
3570
3747
3686
3525
3370
3249
3166
3140
3175
3172
2998
2599
2077
1587
1189
862
595
414
296
147
-97
-408
-683
-866
-964
-1004
-1017
-1014
-1015
-1027
-1058
-1104
-1147
-1139
-1063
-942
-848
-856
-1002
-1259
-1535
-1743
-1872
-2005
-2222
-2514
-2802
-3017
-3129
-3124
-2986
-2723
-2407
-2147
-1977
-1829
-1626
-1368
-1119
-912
-725
-517
-298
-123
-2
131
374
738
1137
1464
1667
1767
1810
1811
1780
1733
1699
1641
1519
1345
1174
1044
945
870
838
886
1037
1269
1502
1684
1821
1969
2134
2266
2303
2209
1990
1668
1291
910
591
344
146
-69
-322
-590
-817
-964
-1031
-1036
-1005
-971
-950
-936
-888
-782
-631
-476
-333
-177
4
170
255
245
195
163
119
-39
-362
-757
-1064
-1225
-1347
-1531
-1717
-1741
-1540
-1242
-1048
-1037
-1123
-1164
-1104
-992
-876
-732
-529
-324
-209
-216
-267
-269
-188
-68
38
111
167
225
298
407
543
650
654
557
432
338
249
106
-85
-271
-412
-516
-595
-653
-690
-713
-728
-711
-615
-414
-153
52
121
89
79
175
351
536
694
852
1036
1210
1304
1282
1193
1119
1088
1042
936
803
739
785
882
952
981
1023
1100
1182
1214
1212
1231
1300
1353
1291
1088
825
605
450
309
139
-49
-203
-304
-382
-500
-658
-790
-850
-882
-959
-1077
-1159
-1142
-1050
-964
-963
-1062
-1212
-1328
-1350
-1290
-1201
-1105
-967
-771
-563
-422
-371
-382
-401
-396
-381
-380
-409
-455
-528
-659
-861
-1075
-1193
-1156
-1014
-903
-889
-902
-805
-559
-258
2
238
538
912
1252
1444
1500
1542
1653
1789
1856
1836
1795
1792
1810
1768
1633
1479
1406
1428
1450
1401
1314
1276
1317
1373
1366
1294
1202
1140
1107
1074
978
763
436
50
-345
-754
-1168
-1543
-1821
-1993
-2102
-2182
-2217
-2164
-2026
-1855
-1717
-1614
-1505
-1382
-1259
-1155
-1051
-950
-906
-956
-1111
-1327
-1540
-1662
-1637
-1496
-1322
-1187
-1103
-1062
-1056
-1067
-1044
-928
-721
-482
-286
-161
-93
-42
28
117
199
250
276
274
220
82
-96
-219
-198
-31
222
486
716
908
1091
1308
1572
1873
2186
2474
2686
2791
2770
2651
2483
2321
2173
1992
1771
1562
1427
1326
1180
959
724
518
355
232
179
221
325
434
496
502
454
385
333
331
352
334
244
102
-60
-247
-464
-703
-938
-1142
-1288
-1369
-1401
-1406
-1399
-1379
-1342
-1277
-1151
-939
-674
-458
-364
-385
-435
-453
-450
-478
-549
-647
-769
-929
-1113
-1272
-1373
-1435
-1515
-1628
-1721
-1707
-1569
-1388
-1248
-1123
-920
-641
-407
-313
-289
-195
37
332
571
719
858
1068
1305
1459
1470
1393
1324
1314
1358
1408
1437
1449
1452
1432
1394
1373
1394
1433
1428
1348
1217
1083
974
890
806
715
607
481
324
141
-43
-191
-286
-338
-355
-328
-249
-144
-58
-28
-40
-87
-166
-288
-448
-618
-791
-982
-1220
-1498
-1769
-1983
-2121
-2180
-2158
-2056
-1909
-1763
-1685
-1713
-1800
-1830
-1702
-1436
-1161
-1001
-988
-1052
-1111
-1134
-1124
-1070
-957
-791
-631
-538
-538
-588
-594
-480
-237
94
467
850
1185
1420
1548
1633
1742
1884
2015
2108
2171
2246
2348
2460
2550
2609
2650
2661
2645
2622
2616
2590
2503
2344
2150
1946
1723
1485
1252
1055
897
750
578
372
155
-35
-188
-316
-448
-583
-693
-751
-786
-854
-969
-1078
-1128
-1122
-1118
-1157
-1208
-1200
-1111
-1020
-1016
-1123
-1281
-1407
-1433
-1369
-1292
-1275
-1327
-1426
-1571
-1762
-1958
-2086
-2111
-2059
-1977
-1903
-1839
-1759
-1630
-1421
-1122
-765
-427
-166
6
131
267
436
646
890
1143
1371
1557
1714
1849
1933
1944
1911
1867
1809
1732
1659
1622
1600
1556
1459
1287
1048
774
503
254
50
-51
-18
97
177
124
-44
-243
-377
-407
-334
-186
-35
22
-70
-271
-471
-584
-587
-532
-479
-450
-445
-474
-564
-688
-786
-808
-768
-711
-668
-651
-664
-735
-869
-1031
-1144
-1151
-1060
-937
-853
-842
-891
-969
-1038
-1045
-951
-758
-539
-365
-260
-206
-169
-114
-13
122
259
362
440
521
620
717
800
902
1072
1292
1516
1705
1844
1916
1910
1848
1762
1676
1600
1534
1455
1333
1150
901
591
255
-17
-152
-151
-112
-131
-223
-326
-411
-507
-626
-712
-682
-533
-367
-306
-369
-460
-465
-359
-201
-53
80
203
273
230
74
-113
-239
-294
-322
-364
-414
-468
-529
-596
-642
-631
-535
-366
-209
-170
-286
-487
-673
-808
-902
-940
-880
-732
-575
-472
-424
-370
-284
-171
-59
51
163
288
430
578
719
844
950
1035
1082
1086
1068
1053
1034
980
870
714
544
393
285
217
172
128
64
-31
-164
-315
-446
-522
-531
-494
-453
-420
-384
-332
-295
-321
-427
-584
-746
-882
-972
-1021
-1041
-1038
-1004
-912
-758
-565
-373
-203
-39
145
358
582
786
942
1024
1022
938
806
668
550
445
341
255
205
181
134
32
-109
-233
-301
-323
-327
-319
-276
-177
-37
94
157
134
73
39
55
78
82
87
144
271
434
571
643
645
616
598
605
624
643
665
674
630
525
387
248
102
-56
-202
-306
-382
-484
-641
-828
-991
-1127
-1266
-1424
-1558
-1613
-1592
-1541
-1496
-1432
-1295
-1061
-772
-503
-291
-138
-17
92
216
366
525
658
748
814
873
931
981
1016
1007
951
863
781
690
573
430
285
160
45
-71
-191
-293
-368
-423
-458
-428
-303
-98
118
288
398
470
556
667
782
850
872
870
869
851
812
749
663
555
452
413
471
594
685
675
565
415
271
149
44
-20
-23
30
82
65
-45
-197
-320
-399
-483
-632
-841
-1065
-1254
-1392
-1490
-1566
-1618
-1636
-1596
-1483
-1298
-1074
-866
-714
-629
-606
-614
-629
-628
-611
-576
-544
-538
-553
-546
-493
-411
-336
-276
-201
-93
46
173
250
273
281
325
414
511
587
641
678
682
649
615
612
633
649
664
705
784
868
912
873
749
593
482
470
546
662
775
864
919
949
978
1028
1076
1095
1074
1024
953
852
710
533
348
174
24
-109
-239
-378
-508
-590
-632
-681
-771
-867
-917
-928
-973
-1108
-1299
-1459
-1548
-1595
-1659
-1733
-1753
-1661
-1471
-1252
-1056
-891
-734
-585
-469
-389
-305
-191
-83
-50
-106
-193
-253
-263
-241
-216
-205
-201
-177
-124
-58
9
78
183
353
569
777
929
1030
1109
1190
1288
1407
1521
1605
1655
1675
1662
1611
1537
1463
1393
1318
1257
1227
1205
1124
973
829
759
739
706
652
634
684
768
815
785
696
575
440
300
172
51
-93
-289
-531
-787
-1027
-1229
-1392
-1538
-1670
-1773
-1812
-1785
-1710
-1617
-1532
-1471
-1440
-1430
-1436
-1454
-1466
-1435
-1361
-1268
-1166
-1036
-883
-754
-673
-595
-456
-261
-87
-21
-49
-86
-55
32
120
193
298
480
721
944
1093
1172
1233
1306
1369
1391
1359
1307
1255
1195
1092
942
785
655
558
465
374
297
243
208
203
229
278
327
357
325
192
-32
-270
-434
-526
-605
-724
-835
-867
-801
-684
-601
-572
-568
-549
-531
-553
-609
-652
-654
-630
-592
-550
-517
-520
-566
-651
-778
-920
-1026
-1071
-1086
-1126
-1211
-1306
-1355
-1317
-1191
-1007
-822
-676
-557
-406
-184
101
411
718
1007
1260
1471
1646
1800
1912
1947
1885
1759
1632
1554
1535
1543
1531
1458
1314
1110
892
727
644
616
576
492
386
292
213
137
71
55
96
159
204
221
214
187
162
185
266
373
441
440
370
249
124
20
-53
-129
-197
-225
-212
-228
-332
-510
-707
-893
-1062
-1192
-1248
-1238
-1208
-1193
-1195
-1198
-1199
-1185
-1148
-1081
-986
-875
-762
-679
-635
-607
-548
-438
-276
-88
91
235
335
400
431
434
440
488
582
696
789
856
909
969
1034
1064
1013
883
736
627
559
480
340
145
-48
-188
-262
-294
-310
-326
-341
-340
-320
-287
-252
-213
-165
-95
2
114
193
184
96
-12
-86
-115
-114
-107
-147
-282
-503
-732
-927
-1090
-1219
-1278
-1242
-1151
-1051
-973
-907
-823
-690
-515
-329
-166
-17
148
324
464
542
565
557
522
448
344
233
132
42
-43
-128
-208
-262
-265
-204
-118
-33
52
182
356
515
599
615
637
708
813
899
952
991
1029
1029
952
821
705
636
591
540
502
503
533
544
484
352
210
128
136
184
212
208
211
241
245
174
60
-18
-21
7
27
46
77
106
91
14
-110
-226
-279
-249
-159
-53
36
93
108
60
-50
-184
-289
-350
-399
-457
-496
-494
-469
-462
-493
-530
-518
-440
-344
-291
-283
-285
-273
-266
-266
-256
-219
-186
-205
-289
-387
-408
-321
-195
-139
-195
-292
-352
-360
-370
-398
-399
-335
-241
-185
-185
-214
-252
-325
-437
-542
-573
-516
-422
-352
-327
-319
-292
-228
-127
1
142
281
395
458
448
383
311
266
237
213
233
318
427
477
425
300
167
78
38
30
32
45
72
105
136
174
235
321
395
421
406
381
360
322
260
200
164
151
133
108
87
94
124
154
165
148
111
52
-31
-133
-213
-212
-112
19
104
108
70
25
-35
-133
-266
-387
-450
-447
-401
-345
-277
-178
-60
43
116
191
306
445
568
656
717
754
749
696
623
568
535
494
422
328
240
166
93
24
-32
-57
-52
-35
-29
-58
-129
-228
-326
-407
-464
-480
-427
-311
-186
-119
-123
-152
-158
-138
-141
-193
-280
-370
-462
-549
-604
-598
-547
-503
-483
-487
-495
-499
-491
-474
-479
-509
-530
-497
-407
-292
-180
-72
34
138
223
273
272
238
206
219
281
364
431
488
548
613
651
632
557
447
350
288
270
270
269
244
194
122
61
62
142
264
372
435
446
425
381
332
290
267
273
295
304
267
175
44
-107
-244
-340
-406
-455
-480
-472
-451
-474
-558
-666
-737
-741
-720
-740
-831
-956
-1038
-1023
-924
-803
-735
-728
-744
-730
-669
-567
-440
-306
-183
-77
20
121
231
351
475
599
723
856
999
1129
1211
1216
1155
1059
962
872
783
689
587
484
381
303
252
218
169
105
73
100
148
151
94
23
0
31
74
73
11
-53
-48
39
157
253
322
369
394
378
307
200
100
24
-52
-156
-272
-379
-493
-636
-768
-828
-813
-773
-750
-755
-781
-793
-739
-614
-494
-443
-452
-465
-442
-389
-329
-290
-270
-257
-228
-165
-65
85
262
429
550
634
703
753
760
728
701
705
716
693
627
542
476
462
484
487
437
353
290
285
336
411
470
487
454
385
306
238
173
88
-11
-104
-187
-279
-387
-492
-590
-676
-734
-737
-681
-591
-509
-484
-521
-581
-606
-592
-587
-618
-676
-719
-719
-664
-583
-518
-491
-498
-519
-535
-526
-473
-381
-272
-166
-68
0
20
-8
-62
-102
-107
-82
-55
-31
7
67
124
138
107
84
125
224
319
357
362
393
460
553
671
819
978
1102
1156
1139
1080
1013
955
911
864
799
711
623
549
484
408
326
255
210
168
103
12
-73
-132
-175
-220
-277
-343
-423
-497
-534
-524
-492
-477
-510
-602
-733
-858
-928
-948
-950
-964
-961
-903
-782
-653
-572
-529
-470
-361
-231
-115
-36
15
72
167
288
390
428
396
323
259
232
239
257
259
241
216
188
139
76
51
89
151
182
191
225
304
411
505
552
554
540
534
522
477
390
286
208
191
233
311
373
387
347
265
159
33
-105
-245
-358
-412
-401
-337
-243
-138
-40
44
112
141
113
41
-31
-74
-94
-104
-115
-128
-147
-183
-236
-294
-326
-322
-297
-265
-243
-237
-250
-254
-231
-199
-178
-181
-197
-203
-178
-124
-68
-19
41
133
237
309
323
301
284
291
290
252
186
118
63
12
-30
-56
-60
-25
40
85
61
-32
-125
-188
-248
-325
-395
-411
-368
-306
-276
-286
-300
-271
-199
-124
-82
-63
-41
-6
24
35
48
75
115
149
172
197
229
266
305
343
361
336
271
180
99
34
-17
-58
-109
-181
-270
-343
-388
-417
-461
-520
-570
-583
-557
-515
-473
-438
-389
-310
-207
-110
-53
-38
-46
-52
-50
-49
-45
-41
-46
-68
-105
-126
-103
-35
34
56
26
-5
23
108
199
249
263
273
285
303
335
389
430
423
362
286
218
160
115
100
135
210
302
377
420
448
481
513
531
534
