-46
-12
-23
-81
-129
-118
-87
-107
-157
-144
-38
77
106
56
6
16
51
35
-41
-121
-131
-75
-8
16
-12
-62
-83
-54
8
74
122
153
162
157
150
140
113
48
-45
-124
-155
-160
-178
-212
-238
-261
-315
-418
-534
-609
-606
-534
-442
-370
-346
-364
-393
-385
-327
-260
-230
-243
-257
-239
-190
-123
-69
-60
-101
-153
-152
-86
-9
3
-51
-97
-86
-28
32
80
125
167
208
245
284
329
378
403
369
283
187
104
43
34
89
157
167
116
56
12
-18
7
127
298
399
354
218
105
52
-3
-124
-287
-400
-416
-373
-345
-374
-459
-563
-629
-620
-557
-504
-507
-555
-595
-599
-578
-569
-565
-538
-455
-327
-195
-111
-106
-143
-135
-26
141
296
397
448
443
393
352
367
424
466
465
426
380
344
317
308
337
434
575
707
789
818
828
860
924
1000
1034
996
892
763
673
643
637
598
527
469
427
372
295
234
197
176
164
167
180
190
197
192
157
72
-46
-162
-246
-304
-354
-417
-509
-625
-716
-708
-571
-370
-230
-231
-334
-427
-445
-428
-435
-480
-525
-554
-577
-602
-624
-614
-559
-473
-402
-366
-349
-320
-259
-173
-89
-57
-79
-105
-63
40
136
170
155
149
170
212
246
258
246
208
163
139
152
169
144
63
-54
-195
-340
-452
-492
-468
-401
-323
-269
-285
-377
-477
-497
-408
-271
-178
-161
-204
-254
-277
-271
-250
-228
-210
-199
-196
-196
-183
-160
-131
-117
-105
-69
4
98
189
261
287
235
131
35
-6
-5
10
16
-4
-10
57
193
329
434
532
617
635
581
518
487
465
419
366
337
342
362
381
385
355
298
233
197
184
179
172
171
183
190
186
174
169
171
162
132
83
34
-14
-63
-109
-157
-210
-270
-329
-364
-365
-316
-226
-99
32
127
150
96
6
-59
-72
-44
-11
24
78
160
235
260
236
206
216
287
372
405
378
336
329
328
312
298
309
337
354
350
301
203
88
5
-19
9
53
72
36
-38
-104
-122
-81
-5
52
36
-61
-199
-326
-442
-550
-656
-739
-773
-738
-642
-542
-502
-551
-639
-710
-747
-759
-750
-722
-703
-720
-762
-779
-730
-617
-467
-327
-239
-224
-265
-313
-321
-294
-276
-299
-350
-377
-343
-266
-202
-197
-217
-208
-155
-83
-5
88
224
419
667
904
1035
1018
918
837
799
755
655
558
532
579
618
592
505
395
311
302
389
520
599
565
451
348
318
361
434
487
481
406
289
171
75
0
-40
-31
17
74
113
113
58
-61
-214
-351
-424
-422
-370
-316
-292
-296
-308
-315
-317
-321
-351
-416
-492
-532
-517
-476
-438
-410
-356
-262
-170
-131
-149
-170
-164
-165
-202
-263
-316
-352
-351
-262
-68
161
342
435
453
405
317
245
234
278
329
363
383
401
407
378
325
269
237
236
256
288
308
301
257
196
146
116
107
121
164
231
292
314
287
226
151
66
-15
-85
-123
-131
-115
-90
-74
-82
-116
-163
-201
-208
-188
-152
-129
-139
-205
-316
-411
-416
-314
-172
-64
-3
40
65
58
40
52
101
136
102
0
-99
-135
-116
-82
-41
17
68
66
9
-63
-119
-164
-213
-253
-266
-249
-219
-201
-230
-303
-362
-345
-271
-221
-229
-242
-202
-110
-16
21
-22
-119
-208
-243
-218
-164
-116
-79
-45
-1
39
58
63
59
53
54
71
99
108
89
56
27
0
-38
-88
-124
-131
-109
-84
-74
-84
-101
-113
-114
-107
-93
-59
-6
62
130
206
279
329
342
324
287
228
159
104
83
93
103
85
24
-66
-136
-141
-85
-29
-5
13
57
102
106
92
113
185
276
334
343
268
123
-42
-130
-126
-93
-103
-154
-190
-185
-161
-157
-184
-220
-226
-182
-97
-13
24
17
-7
-22
-28
-37
-41
-30
-14
-1
22
69
144
235
326
400
453
503
565
612
605
547
477
444
444
459
484
528
593
680
766
808
789
722
636
542
449
380
337
291
211
126
89
101
113
71
-34
-173
-320
-441
-529
-570
-554
-473
-331
-182
-104
-160
-315
-461
-517
-507
-511
-561
-626
-659
-661
-659
-687
-727
-759
-777
-807
-831
-798
-683
-546
-471
-490
-548
-555
-483
-361
-228
-84
58
158
175
123
38
-49
-126
-177
-201
-216
-223
-212
-166
-97
-27
30
74
102
98
70
52
78
143
204
241
266
300
342
388
450
540
641
727
771
752
638
428
178
-12
-82
-58
-35
-66
-156
-276
-369
-389
-322
-250
-251
-327
-406
-435
-412
-364
-325
-307
-304
-270
-194
-110
-76
-117
-184
-186
-82
49
101
58
4
1
55
132
197
227
217
198
192
221
302
430
540
570
552
580
706
861
940
891
766
646
575
521
458
376
293
207
113
30
-5
48
183
331
427
435
381
295
202
124
52
-24
-106
-178
-213
-191
-129
-92
-129
-233
-340
-419
-469
-490
-480
-446
-419
-408
-390
-341
-275
-213
-158
-92
-15
62
122
168
212
249
270
265
237
187
125
67
6
-79
-183
-241
-205
-105
-25
-16
-46
-42
27
130
207
227
210
176
125
51
-8
-18
3
-4
-65
-128
-159
-162
-177
-233
-347
-501
-610
-589
-456
-312
-230
-193
-161
-152
-183
-235
-283
-326
-377
-432
-485
-531
-551
-548
-549
-574
-608
-632
-647
-652
-653
-647
-630
-567
-462
-355
-263
-155
-22
85
135
142
131
118
136
226
353
438
466
507
626
785
891
893
804
692
618
620
664
685
635
538
450
402
368
329
285
213
92
-44
-90
-1
154
252
243
152
25
-92
-166
-180
-169
-177
-224
-275
-280
-241
-201
-206
-241
-262
-254
-242
-245
-242
-224
-185
-125
-50
0
-14
-75
-119
-98
-35
42
111
180
258
331
371
367
337
318
310
269
153
-7
-114
-88
58
229
339
379
386
393
394
367
335
356
450
550
566
483
362
277
266
327
440
559
652
683
625
472
282
139
75
17
-103
-265
-392
-439
-428
-394
-367
-347
-312
-256
-227
-270
-361
-412
-387
-316
-266
-276
-352
-457
-526
-529
-474
-411
-365
-350
-372
-424
-492
-530
-543
-541
-531
-489
-408
-343
-315
-315
-319
-336
-365
-392
-394
-367
-330
-297
-286
-285
-287
-280
-245
-170
-75
7
65
106
108
45
-62
-140
-128
-33
88
179
210
188
146
130
159
215
253
251
225
210
217
237
260
277
290
294
289
263
195
79
-50
-120
-98
-13
77
123
126
120
144
190
214
202
197
243
300
311
242
131
33
-5
13
54
74
57
28
25
81
186
304
369
359
302
265
292
361
421
430
388
329
289
301
354
406
425
419
400
363
286
161
-6
-177
-299
-332
-279
-187
-97
-34
-9
-29
-88
-156
-200
-209
-196
-188
-201
-229
-232
-177
-71
53
162
233
254
216
122
-8
-122
-178
-189
-210
-254
-276
-252
-206
-180
-166
-120
-21
96
160
132
53
2
33
124
215
246
215
171
151
121
27
-110
-213
-217
-145
-51
4
-10
-90
-197
-259
-239
-158
-76
-20
40
121
180
160
80
11
1
34
53
16
-105
-269
-395
-444
-457
-481
-508
-507
-502
-543
-635
-739
-804
-806
-730
-612
-493
-399
-330
-301
-325
-388
-437
-438
-414
-420
-491
-594
-657
-616
-480
-316
-201
-152
-136
-112
-74
-39
-7
30
97
181
280
380
469
518
516
513
566
695
859
1008
1078
1051
956
852
763
700
684
706
703
617
494
428
454
504
515
521
574
664
724
706
608
455
293
178
137
125
82
-11
-108
-168
-189
-183
-171
-169
-206
-280
-361
-417
-439
-436
-418
-401
-402
-418
-425
-421
-408
-386
-321
-220
-125
-81
-90
-125
-173
-223
-255
-258
-244
-227
-194
-121
-24
56
110
137
152
143
117
97
111
178
261
303
276
236
269
395
543
631
634
591
537
507
491
452
354
213
102
61
71
94
133
189
227
190
89
-22
-98
-145
-184
-209
-227
-248
-313
-432
-589
-742
-850
-880
-841
-782
-756
-771
-777
-727
-637
-559
-537
-564
-600
-618
-620
-627
-618
-562
-455
-349
-308
-337
-388
-390
-325
-205
-72
35
124
214
309
374
383
354
330
346
407
479
501
468
430
434
462
481
485
500
543
603
645
638
584
492
386
285
206
145
83
15
-54
-112
-159
-193
-229
-266
-277
-226
-145
-105
-144
-212
-253
-253
-249
-253
-252
-232
-202
-174
-140
-110
-88
-74
-42
0
18
-18
-98
-168
-172
-92
34
168
275
327
328
330
361
384
347
290
305
411
533
577
532
454
403
401
418
395
303
181
89
47
35
51
113
220
324
382
378
331
263
181
86
-2
-36
-24
-8
-34
-95
-155
-201
-216
-201
-161
-115
-77
-52
-47
-88
-197
-364
-533
-655
-712
-728
-714
-660
-571
-482
-414
-360
-302
-246
-194
-119
-15
88
137
110
37
-7
16
66
89
102
143
205
247
277
311
330
313
284
283
317
372
428
480
524
561
589
599
589
565
521
445
333
194
35
-110
-189
-195
-192
-234
-307
-356
-390
-455
-560
-667
-758
-860
-976
-1051
-1008
-832
-586
-378
-295
-328
-383
-400
-415
-536
-748
-922
-922
-754
-552
-432
-410
-413
-408
-416
-469
-514
-482
-354
-188
-50
26
56
80
125
164
165
151
183
288
415
498
538
601
716
820
811
688
559
519
557
589
559
476
411
383
370
341
325
381
509
622
616
494
360
332
417
532
578
524
422
345
305
261
183
90
1
-99
-218
-312
-320
-234
-104
12
86
132
159
159
110
22
-56
-61
0
51
24
-62
-146
-196
-231
-252
-240
-186
-108
-38
20
53
56
14
-84
-214
-290
-211
34
335
553
617
565
473
378
232
-75
-564
-1066
-1316
-1210
-895
-619
-506
-508
-473
-292
16
307
443
412
293
172
98
101
184
308
417
484
532
628
804
977
990
789
497
281
208
199
172
129
158
293
455
539
546
548
570
503
176
-479
-1307
-1985
-2288
-2326
-2426
-2721
-2943
-2683
-1835
-727
179
651
819
973
1261
1538
1550
1259
852
506
208
-119
-456
-686
-739
-704
-755
-938
-1075
-966
-652
-352
-223
-229
-252
-183
23
303
554
723
831
866
816
717
619
493
296
40
-183
-296
-287
-237
-320
-612
-875
-688
110
1139
1768
1683
1139
712
842
1461
2042
2026
1334
407
-234
-385
-152
222
466
364
-87
-635
-924
-742
-232
160
42
-538
-1109
-1222
-795
-138
356
498
404
330
438
711
976
978
512
-370
-1341
-2015
-2186
-1921
-1526
-1349
-1490
-1671
-1510
-898
-40
687
947
656
138
-129
70
550
980
1079
715
30
-591
-796
-526
-26
317
188
-389
-979
-1102
-635
117
736
979
899
808
1009
1560
2223
2669
2683
2255
1600
1064
868
922
920
654
173
-286
-535
-554
-506
-608
-963
-1493
-1957
-2120
-1854
-1278
-735
-582
-824
-1061
-889
-318
268
497
336
72
33
282
572
686
634
529
362
77
-239
-438
-495
-551
-760
-1178
-1738
-2255
-2470
-2187
-1455
-613
-67
59
48
330
1075
2006
2626
2653
2289
2014
2081
2295
2309
2035
1663
1358
1115
865
676
710
1013
1361
1395
956
198
-625
-1403
-2090
-2532
-2580
-2410
-2511
-3192
-4088
-4364
-3501
-1916
-642
-398
-933
-1335
-938
70
995
1380
1339
1153
869
456
127
226
692
962
448
-788
-2014
-2461
-2023
-1327
-1112
-1545
-2157
-2317
-1778
-793
144
697
876
913
1050
1400
1895
2248
2135
1505
699
161
86
315
576
692
715
825
1155
1712
2408
3126
3720
4056
4144
4126
4129
4113
3979
3708
3393
3075
2659
2026
1247
561
27
-701
-2047
-3845
-5307
-5762
-5338
-4748
-4559
-4713
-4668
-3942
-2577
-1122
-94
375
460
382
371
618
1134
1648
1809
1476
870
450
480
753
766
241
-675
-1610
-2283
-2607
-2672
-2643
-2647
-2701
-2696
-2484
-1970
-1207
-379
307
736
929
966
889
668
290
-199
-733
-1245
-1601
-1654
-1369
-872
-302
336
1107
2040
3067
4042
4858
5513
6027
6281
6087
5455
4691
4132
3811
3435
2715
1688
671
-158
-1018
-2210
-3564
-4498
-4743
-4706
-4966
-5600
-6068
-5695
-4304
-2535
-1402
-1231
-1259
-586
697
1728
1984
1758
1609
1696
1780
1577
1121
759
693
636
100
-931
-1915
-2386
-2430
-2473
-2753
-3116
-3249
-3051
-2701
-2383
-2044
-1566
-1071
-806
-785
-685
-221
433
733
325
-446
-793
-326
521
1019
973
857
1254
2276
3524
4508
5092
5462
5754
5862
5746
5681
5974
6457
6517
5662
4075
2456
1304
430
-739
-2476
-4449
-6094
-7022
-7181
-6805
-6226
-5692
-5272
-4878
-4278
-3184
-1575
11
849
807
556
867
1726
2399
2310
1595
821
330
19
-360
-896
-1481
-2007
-2519
-3086
-3553
-3605
-3153
-2512
-2103
-1980
-1776
-1116
-40
952
1395
1300
1038
851
676
386
5
-339
-540
-539
-386
-190
20
346
934
1820
2833
3676
4155
4425
4835
5497
6165
6550
6619
6538
6413
6187
5704
4903
3840
2516
818
-1224
-3250
-4869
-5982
-6760
-7368
-7859
-8105
-7803
-6732
-5089
-3422
-2158
-1302
-552
411
1635
2774
3373
3282
2825
2429
2271
2167
1795
998
-50
-1048
-1872
-2562
-3131
-3536
-3821
-4087
-4320
-4356
-4060
-3438
-2638
-1838
-1169
-622
-105
424
895
1191
1220
913
357
-126
-210
53
275
230
136
408
1221
2320
3270
3828
4143
4526
5080
5648
6026
6145
6069
5905
5714
5525
5345
5036
4184
2427
27
-2152
-3453
-4002
-4482
-5467
-6945
-8257
-8561
-7624
-6130
-5009
-4569
-4378
-3738
-2209
31
2195
3447
3671
3536
3758
4437
5051
4962
3947
2343
730
-554
-1566
-2528
-3576
-4648
-5534
-6006
-5993
-5621
-5052
-4369
-3552
-2567
-1452
-368
518
1173
1685
2033
2051
1716
1378
1485
2045
2524
2396
1750
1276
1591
2594
3574
3943
3774
3589
3775
4294
4876
5293
5494
5596
5719
5864
5940
5840
5406
4478
3112
1628
255
-1103
-2605
-4170
-5638
-6946
-8009
-8576
-8498
-7925
-7203
-6561
-5967
-5097
-3665
-1803
-65
1153
1969
2789
3794
4806
5493
5666
5357
4678
3703
2500
1197
-126
-1530
-3054
-4562
-5763
-6447
-6673
-6686
-6622
-6303
-5494
-4313
-3198
-2418
-1813
-1061
-87
858
1464
1691
1835
2241
2907
3477
3656
3557
3557
3901
4503
5066
5248
4897
4234
3765
3799
4106
4217
3958
3624
3600
3978
4413
4400
3695
2636
1777
1265
683
-374
-1798
-3164
-4231
-5094
-5929
-6750
-7389
-7658
-7475
-6951
-6279
-5561
-4736
-3703
-2413
-895
720
2175
3222
3883
4426
5005
5415
5309
4558
3339
1955
584
-773
-2159
-3483
-4565
-5302
-5772
-6087
-6283
-6292
-6038
-5519
-4855
-4207
-3618
-2976
-2138
-1106
-71
714
1179
1584
2281
3290
4232
4731
4845
4960
5390
6049
6543
6534
6079
5637
5642
6060
6396
6189
5495
4825
4647
4912
5041
4413
2995
1436
444
40
-440
-1587
-3239
-4647
-5241
-5185
-5128
-5494
-6079
-6338
-5974
-5204
-4508
-4146
-3886
-3251
-2030
-549
662
1360
1769
2267
2983
3629
3722
3061
1949
904
177
-392
-1089
-1985
-2893
-3547
-3810
-3773
-3670
-3706
-3912
-4139
-4227
-4135
-3935
-3683
-3367
-2976
-2530
-2072
-1635
-1189
-632
113
984
1813
2490
3045
3596
4230
4906
5476
5808
5903
5858
5749
5582
5326
4977
4598
4279
4020
3688
3162
2502
1861
1278
640
-129
-952
-1666
-2180
-2536
-2832
-3089
-3215
-3149
-2960
-2739
-2490
-2170
-1812
-1506
-1290
-1098
-829
-471
-148
3
-16
-100
-202
-381
-647
-903
-1066
-1211
-1476
-1867
-2191
-2260
-2147
-2131
-2388
-2763
-2982
-2947
-2819
-2797
-2876
-2892
-2714
-2428
-2207
-2130
-2075
-1895
-1583
-1267
-1031
-804
-439
137
856
1549
2073
2413
2680
2956
3218
3404
3522
3634
3752
3826
3806
3714
3596
3447
3224
2940
2659
2438
2250
2024
1726
1401
1131
929
715
405
69
-83
80
415
621
536
310
236
437
736
818
550
106
-224
-338
-402
-636
-1096
-1649
-2107
-2354
-2404
-2344
-2251
-2139
-1987
-1783
-1510
-1201
-926
-753
-675
-648
-642
-647
-669
-704
-768
-849
-931
-1001
-1058
-1105
-1113
-1058
-933
-758
-523
-197
189
520
675
676
649
698
798
868
884
897
943
966
909
795
727
728
698
564
395
337
430
591
726
817
902
1031
1237
1475
1647
1691
1643
1582
1537
1502
1451
1368
1214
953
581
131
-333
-767
-1181
-1597
-1994
-2308
-2511
-2623
-2702
-2783
-2877
-2954
-2944
-2805
-2556
-2287
-2069
-1919
-1771
-1569
-1320
-1071
-857
-671
-504
-348
-192
-14
186
380
550
699
859
1061
1276
1422
1433
1335
1202
1067
937
844
829
869
864
747
559
403
369
460
574
569
387
131
-16
36
210
347
368
324
356
567
949
1362
1641
1741
1746
1776
1861
1947
1954
1824
1566
1235
898
561
204
-139
-408
-590
-777
-1057
-1406
-1714
-1880
-1910
-1910
-2001
-2189
-2339
-2314
-2111
-1861
-1696
-1644
-1646
-1598
-1416
-1111
-806
-602
-468
-303
-60
241
567
921
1313
1719
2074
2318
2426
2405
2288
2116
1921
1677
1328
882
452
157
26
-37
-157
-363
-581
-723
-778
-771
-691
-486
-163
189
464
624
703
768
886
1071
1278
1427
1486
1482
1462
1422
1322
1128
858
578
369
269
210
35
-390
-1016
-1588
-1860
-1841
-1777
-1876
-2116
-2272
-2163
-1789
-1371
-1156
-1202
-1350
-1429
-1453
-1534
-1709
-1903
-2030
-2083
-2103
-2122
-2078
-1868
-1443
-883
-343
78
397
725
1119
1511
1754
1812
1793
1814
1840
1743
1494
1171
877
668
522
361
134
-79
-152
-101
-59
-82
-84
26
235
476
708
938
1189
1448
1636
1714
1717
1723
1732
1685
1535
1306
1053
818
619
439
240
9
-232
-436
-590
-719
-851
-980
-1065
-1079
-1042
-996
-970
-961
-971
-1016
-1084
-1117
-1043
-857
-633
-490
-529
-728
-967
-1093
-1070
-970
-887
-841
-777
-654
-498
-351
-199
-1
234
443
606
752
902
1036
1115
1108
980
745
473
276
211
231
228
126
-32
-138
-125
-20
95
173
200
178
139
153
295
585
935
1212
1348
1409
1494
1602
1612
1446
1185
967
843
747
602
403
192
13
-131
-294
-511
-731
-832
-757
-605
-551
-653
-798
-823
-663
-434
-359
-552
-893
-1119
-1121
-1023
-1003
-1084
-1136
-1062
-911
-848
-968
-1168
-1237
-1073
-796
-613
-608
-671
-652
-522
-394
-393
-515
-647
-653
-520
-348
-206
-76
76
217
290
291
250
193
159
181
247
302
326
374
491
659
815
930
1036
1198
1459
1763
1996
2080
2030
1920
1796
1675
1552
1419
1249
989
635
286
96
116
226
259
160
21
-19
83
239
298
185
-54
-294
-428
-433
-374
-350
-426
-572
-688
-683
-583
-512
-567
-722
-846
-837
-718
-615
-646
-791
-939
-1035
-1149
-1371
-1668
-1894
-1918
-1751
-1525
-1346
-1212
-1046
-822
-609
-468
-390
-295
-168
-64
-64
-172
-333
-474
-553
-594
-638
-678
-620
-362
66
514
829
1001
1116
1252
1416
1561
1646
1661
1616
1514
1381
1249
1141
1033
902
736
572
455
414
443
517
619
726
805
839
858
908
1002
1110
1170
1141
1026
878
751
636
509
358
176
-25
-211
-322
-344
-330
-350
-430
-548
-667
-767
-854
-940
-1013
-1055
-1045
-1004
-950
-891
-804
-680
-532
-389
-267
-165
-100
-116
-269
-548
-868
-1101
-1185
-1137
-1009
-845
-699
-607
-537
-409
-209
-10
124
224
343
498
658
772
788
693
546
413
308
208
111
45
25
38
53
56
72
140
278
459
645
809
953
1099
1234
1277
1155
910
693
615
637
603
407
97
-180
-321
-369
-444
-613
-798
-874
-801
-700
-723
-883
-1041
-1038
-855
-586
-355
-215
-144
-98
-60
-52
-105
-231
-402
-583
-771
-960
-1091
-1072
-872
-573
-314
-185
-194
-250
-222
-50
174
294
264
179
145
173
202
170
81
-11
-49
-49
-69
-150
-288
-447
-610
-745
-822
-821
-769
-700
-604
-424
-133
192
451
637
831
1086
1353
1561
1668
1677
1604
1470
1300
1093
846
579
338
138
-31
-168
-243
-249
-239
-261
-292
-257
-85
213
530
750
835
856
898
971
1001
899
643
316
47
-98
-153
-187
-219
-239
-283
-385
-502
-509
-340
-95
42
2
-94
-72
94
266
319
260
169
94
40
34
99
187
189
42
-203
-438
-581
-609
-559
-474
-392
-340
-342
-395
-436
-395
-251
-66
102
256
440
626
727
676
529
407
359
307
127
-197
-539
-752
-818
-847
-942
-1087
-1174
-1125
-948
-733
-554
-420
-312
-209
-109
-4
89
135
117
55
-16
-73
-111
-141
-190
-267
-350
-407
-437
-432
-374
-256
-116
-13
34
41
21
-6
-1
65
180
285
315
225
47
-129
-247
-336
-455
-584
-662
-668
-647
-644
-631
-551
-385
-185
-9
141
296
453
585
703
846
1033
1192
1217
1059
792
562
464
484
534
541
468
318
136
-3
-39
28
130
185
156
97
88
154
258
349
408
437
428
381
278
125
-32
-114
-90
-2
91
172
248
310
324
266
165
75
43
70
137
223
291
311
274
216
165
114
51
-24
-116
-246
-409
-542
-605
-606
-598
-600
-583
-513
-404
-298
-219
-134
-23
95
179
228
278
347
404
390
273
100
-16
2
130
246
239
108
-61
-173
-207
-188
-140
-84
-47
-24
15
98
211
331
430
486
492
479
481
463
358
143
-127
-371
-518
-541
-454
-331
-254
-294
-444
-612
-678
-594
-445
-355
-369
-414
-404
-335
-285
-325
-436
-548
-601
-613
-644
-739
-879
-989
-1004
-921
-837
-858
-985
-1097
-1080
-912
-657
-390
-180
-52
15
73
149
239
341
448
549
621
659
669
656
629
602
592
611
643
650
604
540
540
638
791
929
1012
1037
1024
1023
1072
1170
1263
1282
1195
1019
817
628
465
316
195
94
-18
-160
-296
-367
-360
-307
-256
-237
-243
-236
-199
-144
-110
-106
-130
-180
-249
-315
-380
-473
-626
-822
-1003
-1131
-1199
-1220
-1199
-1166
-1163
-1188
-1161
-1046
-895
-818
-853
-915
-884
-702
-421
-146
59
228
423
643
820
898
885
831
800
832
916
990
1009
979
934
887
823
736
664
656
744
904
1084
1224
1294
1298
1280
1279
1309
1323
1265
1127
935
722
496
271
58
-131
-282
-363
-353
-293
-269
-320
-400
-441
-445
-469
-538
-613
-654
-679
-725
-804
-904
-1034
-1209
-1403
-1543
-1577
-1514
-1429
-1379
-1365
-1356
-1349
-1361
-1385
-1379
-1326
-1239
-1150
-1080
-1022
-946
-830
-697
-580
-489
-400
-306
-206
-95
53
250
484
713
869
907
822
686
603
648
794
938
995
970
942
976
1067
1170
1248
1304
1369
1444
1492
1448
1287
1060
854
715
623
538
457
394
345
280
173
34
-112
-219
-269
-273
-277
-306
-371
-482
-652
-866
-1065
-1214
-1318
-1405
-1477
-1503
-1474
-1403
-1294
-1158
-1005
-871
-778
-718
-659
-551
-382
-212
-130
-180
-299
-383
-348
-180
60
283
440
557
681
826
962
1053
1096
1107
1141
1249
1441
1656
1791
1780
1643
1447
1265
1141
1093
1094
1097
1083
1063
1067
1094
1116
1108
1062
998
935
883
840
786
684
517
298
63
-163
-369
-548
-688
-772
-811
-824
-835
-840
-843
-865
-926
-1033
-1151
-1234
-1257
-1231
-1199
-1196
-1242
-1314
-1373
-1382
-1323
-1222
-1109
-1002
-885
-767
-687
-673
-679
-653
-589
-525
-485
-484
-546
-640
-672
-568
-370
-210
-132
-93
-33
14
-24
-137
-255
-223
23
492
1022
1463
1706
1791
1776
1711
1568
1326
978
638
341
115
-177
-543
-917
-1081
-909
-418
204
682
833
633
265
-126
-437
-697
-864
-964
-976
-938
-756
-372
242
915
1430
1609
1419
898
127
-813
-1776
-2609
-3101
-3123
-2627
-1767
-761
183
943
1442
1632
1488
1034
385
-279
-747
-884
-641
-122
510
1044
1379
1470
1366
1109
782
454
199
54
23
63
163
326
586
907
1216
1439
1555
1574
1491
1309
1045
771
555
461
482
570
635
625
532
399
267
159
46
-102
-306
-563
-863
-1165
-1419
-1538
-1492
-1324
-1185
-1158
-1214
-1200
-1017
-658
-227
154
442
660
881
1074
1202
1205
1139
1019
843
535
141
-214
-426
-520
-590
-637
-687
-758
-921
-1156
-1438
-1740
-1967
-2022
-1777
-1282
-597
84
619
867
911
881
875
909
912
889
777
648
563
604
699
765
688
487
212
-7
-142
-225
-333
-453
-581
-698
-755
-708
-542
-406
-328
-367
-360
-265
36
339
461
267
-32
-210
-159
26
180
187
-11
-288
-440
-366
-157
-11
-3
-109
-227
-289
-212
-73
29
-32
-227
-445
-542
-467
-281
-135
-129
-278
-522
-700
-723
-518
-186
160
406
509
559
586
644
637
554
479
519
772
1008
1033
710
295
0
45
304
633
768
737
715
819
978
999
858
579
248
-59
-307
-436
-487
-303
46
460
662
533
171
-277
-569
-661
-588
-506
-526
-653
-783
-726
-433
-75
62
-148
-512
-775
-860
-744
-581
-342
-308
-416
-688
-876
-930
-703
-220
266
467
313
240
348
558
490
205
-224
-578
-766
-621
-227
198
458
472
393
297
350
540
800
968
958
782
472
150
44
366
898
1162
823
200
-230
-155
210
567
537
197
-266
-420
-330
-123
-54
-52
-12
56
70
-163
-408
-550
-369
-206
-221
-579
-1030
-1357
-1354
-1095
-733
-507
-397
-310
-121
138
333
315
65
-227
-333
-95
293
615
626
344
-3
-176
-63
141
194
115
39
114
257
436
528
511
310
85
-149
-286
-337
-212
-43
61
73
85
167
205
293
310
338
91
-214
-500
-454
-231
-9
45
-97
-249
-356
-276
-168
-78
-64
17
153
282
252
149
-53
-306
-712
-1087
-1219
-964
-472
-135
-27
-99
6
299
775
1141
1209
922
520
255
250
440
613
635
373
153
91
316
427
339
4
-247
-271
-105
144
311
493
526
498
329
228
63
-72
-177
-72
163
402
567
538
351
-37
-343
-502
-417
-370
-456
-690
-788
-640
-346
-173
-186
-316
-466
-613
-722
-716
-649
-589
-588
-521
-344
-95
75
91
-108
-490
-877
-1025
-916
-715
-576
-480
-445
-517
-591
-554
-357
-203
-67
-2
103
90
83
122
322
622
895
1109
1214
1269
1154
989
764
662
587
615
708
867
955
929
890
917
1042
1075
1046
898
777
649
633
678
737
653
497
399
428
537
603
659
650
560
335
50
-179
-242
-188
-180
-380
-785
-1108
-1186
-967
-786
-784
-979
-1166
-1248
-1238
-1171
-1084
-947
-865
-825
-901
-964
-1048
-1066
-1062
-971
-851
-693
-548
-421
-346
-258
-134
22
13
-135
-314
-274
-108
56
113
105
48
-95
-181
-183
-96
-112
-150
-125
30
206
334
463
600
703
717
676
658
638
598
508
422
389
448
588
776
917
937
759
471
255
231
295
270
122
-54
-145
-161
-135
-112
-114
-73
-30
38
44
15
-78
-186
-273
-337
-402
-522
-603
-654
-655
-719
-806
-830
-676
-390
-100
32
-32
-272
-506
-592
-497
-328
-203
-135
-120
-69
49
294
480
580
538
511
453
418
399
467
502
469
386
394
529
734
950
1105
1171
1096
977
837
725
581
463
459
575
750
824
811
706
592
430
272
121
50
33
89
163
187
51
-199
-369
-349
-224
-195
-248
-339
-372
-400
-383
-385
-433
-528
-612
-640
-690
-755
-812
-774
-663
-564
-590
-750
-940
-1051
-998
-829
-611
-439
-305
-144
31
177
239
216
114
-19
-125
-167
-151
-93
-46
-85
-224
-328
-355
-320
-321
-337
-360
-366
-331
-182
12
206
305
337
243
26
-223
-353
-279
-105
29
15
-120
-271
-294
-185
-56
-11
-4
29
63
31
-49
-57
25
159
222
190
81
-26
-86
-107
-95
-33
49
78
20
-90
-191
-273
-316
-380
-472
-577
-591
-492
-297
-47
247
567
824
948
856
641
455
424
513
604
622
589
521
466
427
423
411
375
316
277
262
235
222
237
316
370
415
440
476
430
375
335
350
318
222
125
62
70
112
241
364
472
474
442
361
265
135
-4
-149
-287
-337
-230
0
189
228
138
-25
-229
-453
-607
-690
-678
-623
-502
-373
-250
-121
16
114
119
77
92
210
388
519
486
321
107
-5
-37
-10
21
52
56
26
-28
-80
-115
-116
-90
-45
-62
-103
-157
-146
-164
-208
-317
-422
-552
-615
-568
-409
-267
-188
-137
-113
-127
-166
-123
-23
88
132
137
75
-10
-77
-106
-176
-350
-584
-783
-902
-896
-779
-583
-463
-469
-601
-740
-827
-800
-651
-379
-101
42
-36
-205
-321
-298
-225
-162
-138
-111
-81
-47
1
58
153
258
353
413
466
579
692
701
576
386
234
178
225
297
275
142
49
57
119
90
5
-67
-51
8
71
141
225
325
405
475
509
444
233
-19
-192
-228
-198
-116
3
115
202
287
388
463
461
418
398
458
584
712
782
796
813
804
768
662
553
424
310
154
-44
-282
-475
-525
-421
-201
21
168
157
-7
-239
-396
-405
-293
-170
-78
-16
91
278
494
630
590
429
200
-8
-185
-279
-304
-321
-378
-423
-364
-233
-122
-149
-300
-532
-719
-764
-619
-395
-205
-159
-234
-394
-546
-584
-472
-286
-138
-105
-130
-184
-211
-202
-166
-121
-33
174
431
640
661
561
354
111
-125
-255
-246
-171
-113
-114
-127
-127
-43
88
249
290
213
39
-121
-237
-291
-241
-137
-70
-134
-234
-224
-70
166
344
385
243
3
-202
-278
-236
-141
-74
-111
-261
-437
-473
-316
-31
125
61
-198
-426
-514
-450
-345
-310
-399
-562
-684
-692
-572
-408
-288
-303
-420
-537
-532
-405
-222
-83
-15
-10
-40
-46
26
217
452
608
618
507
398
367
467
582
593
457
342
388
624
901
1082
1027
803
554
475
550
639
655
628
615
633
671
735
777
767
735
777
906
985
860
564
289
187
211
194
41
-192
-351
-319
-124
79
155
69
-109
-307
-406
-355
-146
75
243
234
70
-261
-528
-599
-456
-333
-345
-480
-629
-762
-817
-782
-711
-711
-744
-712
-588
-473
-454
-508
-595
-605
-462
-162
114
218
106
-62
-185
-176
-111
-71
-117
-181
-205
-190
-206
-237
-230
-172
-130
-181
-248
-248
-125
35
160
233
315
427
507
529
521
586
643
626
501
356
219
56
-107
-233
-265
-230
-155
-140
-196
-298
-311
-212
-55
59
89
54
-22
-96
-147
-153
-148
-155
-187
-282
-431
-630
-739
-765
-706
-646
-549
-415
-302
-224
-154
-48
1
-46
-121
-73
125
391
590
625
455
216
92
180
364
487
499
450
404
377
343
308
246
183
112
87
146
347
633
865
869
660
438
351
397
422
381
283
234
253
352
396
331
152
-18
-120
-130
-100
-82
-131
-256
-396
-523
-582
-577
-504
-442
-430
-417
-296
-77
97
123
29
-95
-187
-240
-232
-195
-177
-180
-171
-132
-119
-156
-212
-266
-303
-303
-258
-171
-146
-161
-242
-257
-241
-169
-109
-51
-10
11
-6
-47
-64
10
164
307
330
195
1
-136
-112
28
200
272
221
54
-110
-167
-51
170
340
352
223
85
15
20
60
118
187
222
225
200
193
114
-69
-317
-455
-424
-314
-245
-273
-361
-481
-503
-406
-174
29
204
325
399
407
428
527
638
616
476
348
294
295
329
419
524
553
464
264
42
-104
-68
113
345
463
440
303
211
229
291
259
47
-241
-464
-477
-338
-170
-105
-68
-7
80
55
-127
-420
-667
-778
-711
-571
-407
-328
-310
-337
-295
-194
-100
-50
-1
78
94
-17
-256
-482
-600
-499
-246
24
124
49
-133
-304
-401
-373
-290
-194
-122
-31
66
148
198
191
151
149
224
318
285
149
17
41
220
457
650
712
675
564
481
431
408
352
273
199
91
-36
-164
-201
-184
-160
-120
-49
62
163
206
116
-66
-241
-310
-312
-318
-335
-366
-434
-475
-430
-326
-314
-469
-655
-768
-742
-606
-374
-142
-81
-196
-401
-518
-517
-359
-168
-49
-84
-109
-45
53
65
30
59
138
258
356
429
350
190
68
125
274
433
550
632
663
668
710
792
799
692
523
455
529
705
842
866
760
639
572
615
699
743
659
447
200
-1
-97
-166
-229
-306
-277
-121
60
113
-11
-160
-224
-119
27
166
171
138
43
-92
-344
-660
-815
-704
-326
-28
31
-201
-406
-493
-390
-377
-478
-773
-1020
-1090
-936
-741
-641
-646
-700
-721
-724
-665
-614
-531
-460
-348
-278
-214
-259
-315
-359
-236
-28
179
280
280
264
259
307
329
314
254
146
8
-105
-104
-33
-6
-49
-22
133
315
363
224
17
-125
-143
-117
-153
-236
-296
-291
-198
-49
160
326
422
417
303
76
-162
-240
-129
74
186
148
18
-99
-96
-5
141
238
295
309
372
492
627
626
465
217
89
120
254
345
329
305
355
522
652
673
610
606
681
720
621
387
153
15
31
129
205
167
92
96
235
397
458
371
181
-10
-131
-138
-103
-75
-81
-116
-150
-199
-211
-256
-312
-383
-390
-360
-330
-284
-200
-155
-259
-493
-673
-669
-522
-396
-376
-428
-426
-359
-273
-291
-345
-372
-323
-263
-222
-195
-198
-193
-139
-42
-9
-57
-72
28
201
329
379
339
246
187
201
264
268
217
156
117
143
235
381
471
448
332
184
96
103
186
224
156
33
-49
-82
-113
-100
5
139
190
123
11
-54
-128
-199
-325
-431
-544
-621
-624
-526
-390
-358
-489
-670
-707
-544
-252
-68
-122
-401
-653
-649
-417
-155
-45
-41
-98
-170
-288
-348
-306
-177
-106
-165
-308
-420
-397
-286
-202
-220
-268
-199
21
273
443
513
531
537
548
615
735
880
971
966
830
615
458
435
534
591
571
474
392
381
498
663
784
784
703
590
445
311
223
188
189
178
124
11
-146
-243
-216
-88
62
91
-31
-292
-507
-547
-403
-254
-201
-184
-111
-37
-60
-176
-299
-368
-361
-293
-170
-130
-166
-295
-339
-300
-173
-72
-50
-131
-297
-414
-441
-280
-68
138
176
86
-30
-63
-1
42
74
122
277
471
603
601
454
267
96
63
110
222
298
364
331
218
16
-137
-194
-169
-101
-50
-37
-109
-256
-396
-420
-282
-78
-8
-165
-472
-682
-659
-436
-267
-282
-483
-701
-799
-710
-474
-221
-94
-134
-249
-314
-254
-133
-25
1
3
26
120
192
141
-46
-233
-233
-68
121
162
64
-98
-238
-283
-225
-38
132
186
58
-130
-209
-93
143
353
409
348
271
256
259
264
327
444
496
342
162
133
357
609
737
637
384
90
-56
-49
-25
-123
-267
-300
-198
-71
-23
-100
-242
-358
-360
-281
-194
-156
-159
-184
-204
-129
23
209
238
135
-36
-114
-93
13
188
371
509
496
374
178
40
13
112
194
135
-47
-146
12
350
660
741
634
400
209
140
214
304
281
139
-44
-167
-159
8
236
369
346
248
160
122
153
265
349
282
82
-85
-124
-55
-21
-57
-230
-416
-533
-500
-401
-366
-394
-438
-420
-419
-490
-649
-698
-539
-257
-122
-221
-446
-552
-487
-255
-41
39
-63
-184
-173
-12
137
168
52
-40
-67
-5
18
14
-16
-73
-115
-67
88
224
272
297
413
554
673
695
695
676
700
690
624
397
186
24
-18
-86
-156
-206
-165
-5
231
471
463
180
-282
-509
-382
-4
241
125
-238
-531
-521
-389
-394
-647
-932
-1026
-908
-694
-566
-517
-517
-513
-570
-679
-802
-802
-685
-494
-320
-183
-81
-24
-37
-116
-222
-238
-130
28
78
-33
-158
-162
-3
168
266
250
212
233
347
507
606
616
595
611
694
745
706
575
481
505
634
751
768
660
450
267
200
312
471
565
545
465
374
296
239
232
291
339
295
108
-141
-320
-352
-183
-6
39
-209
-501
-626
-384
39
414
466
191
-289
-667
-722
-475
-163
-118
-348
-710
-912
-865
-567
-242
-29
-24
-94
-134
-79
59
176
253
197
165
129
150
91
9
-1
69
175
128
11
-138
-102
42
225
313
313
307
280
263
249
261
260
193
143
166
222
201
92
12
-8
22
16
11
-9
-1
28
67
102
77
7
-65
-66
15
30
-57
-238
-305
-268
-130
-55
-63
-199
-375
-480
-426
-308
-262
-368
-497
-537
-476
-397
-321
-233
-128
-131
-258
-441
-471
-326
-139
-122
-259
-373
-336
-159
10
134
152
119
38
-31
-120
-169
-197
-139
-97
-64
-79
-65
-47
-13
-2
56
152
287
391
447
396
259
82
-16
65
273
506
533
301
-144
-479
-473
-124
280
409
207
-99
-247
-94
112
272
234
195
168
265
397
504
404
135
-122
-108
155
437
499
272
-49
-309
-335
-204
17
202
241
82
-220
-402
-302
100
525
703
532
147
-51
62
442
702
696
421
102
-141
-203
-116
22
162
297
435
480
361
264
266
363
348
284
261
315
290
87
-166
-284
-88
218
409
259
-51
-357
-559
-692
-772
-678
-507
-275
-136
-19
-38
-158
-357
-425
-347
-173
-105
-243
-498
-649
-567
-344
-149
-108
-152
-311
-336
-336
-229
-224
-110
67
227
82
-211
-430
-400
-247
-83
91
179
157
-51
-201
-206
14
227
321
252
119
50
100
270
441
541
518
379
172
-35
-142
-184
-155
-136
-116
-109
50
328
622
586
302
-116
-350
-373
-221
-43
-68
-207
-415
-462
-470
-360
-208
-15
6
-147
-312
-323
-251
-294
-433
-535
-470
-390
-377
-404
-343
-192
-35
13
37
99
300
447
354
23
-351
-488
-420
-253
-206
-270
-359
-371
-335
-329
-282
-128
71
150
69
-53
-20
214
576
819
888
766
696
670
769
819
830
731
629
554
528
544
546
577
499
419
277
285
277
294
122
-30
-125
12
160
238
171
142
133
125
-20
-176
-307
-329
-306
-222
-74
42
23
-72
-106
7
75
75
-2
-4
5
90
232
345
306
47
-179
-290
-165
44
240
255
109
-25
23
143
223
173
238
342
476
355
95
-208
-304
-159
57
99
-84
-374
-510
-493
-291
-85
46
-29
-183
-309
-264
-167
-113
-204
-354
-461
-465
-415
-422
-382
-411
-387
-567
-776
-1026
-1042
-887
-603
-376
-210
-142
-167
-215
-244
-198
-193
-195
-208
-147
-131
-147
-182
-114
32
136
201
184
211
161
158
145
193
214
149
15
-184
-257
-202
71
278
414
275
181
126
174
126
-51
-138
-88
183
362
416
206
53
41
229
402
458
466
356
212
-12
-106
-55
194
393
388
9
-392
-626
-453
-144
203
386
379
196
-119
-335
-381
-165
42
168
109
83
32
11
-48
1
130
296
438
453
350
124
48
111
244
228
226
285
414
298
67
-159
-72
158
457
579
588
465
327
222
179
343
557
792
665
408
40
-16
99
444
649
624
242
-203
-451
-404
-152
-36
-20
-220
-307
-349
-228
-164
-119
-161
-212
-336
-474
-548
-559
-509
-502
-498
-573
-621
-672
-671
-708
-793
-829
-792
-580
-352
-150
-104
-183
-322
-465
-384
-205
87
167
239
244
298
243
144
62
37
128
272
416
378
177
-11
85
420
805
826
521
4
-303
-311
17
396
630
540
167
-207
-503
-426
-234
120
280
266
31
-292
-395
-207
319
636
679
296
-60
-343
-276
-62
219
258
139
-89
-257
-355
-338
-231
-58
90
124
20
-183
-210
-157
-69
-340
-705
-1127
-1095
-874
-415
-251
-259
-411
-412
-213
-63
71
-105
-265
-621
-635
-535
-119
89
270
222
222
166
217
355
497
608
484
263
-65
-151
-144
36
137
348
449
424
161
10
147
572
843
579
-102
-677
-509
406
1503
2040
1430
62
-1097
-975
355
1822
2293
1320
-425
-1799
-1675
-258
1309
1621
555
-961
-1638
-945
484
1396
979
-306
-1290
-1182
-210
794
1117
682
-40
-423
-186
442
920
844
311
-183
-166
186
410
90
-474
-815
-649
-160
271
474
346
96
-178
-294
-291
-211
-151
-210
-317
-420
-442
-457
-447
-315
-55
318
598
717
489
187
-40
210
545
774
516
-88
-703
-1130
-1041
-743
-297
-292
-614
-1267
-1621
-1691
-1358
-981
-689
-656
-817
-924
-881
-618
-261
242
561
668
368
69
-156
-116
44
237
376
362
217
-74
-227
-244
-11
135
284
160
2
-188
-133
-29
-20
-4
204
618
826
819
622
571
459
368
21
-448
-894
-706
254
1598
2306
1903
651
-452
-362
853
2183
2114
594
-1151
-1565
-507
1061
1783
1327
198
-577
-485
98
432
39
-758
-1402
-1444
-1097
-659
-584
-751
-985
-909
-564
-301
-244
-332
-135
113
296
172
56
30
212
397
450
242
-69
-152
32
445
630
620
235
-120
-404
-359
-172
87
269
360
394
269
58
-259
-331
-134
330
613
541
167
-14
220
672
839
448
-104
-425
-208
138
421
486
571
622
608
435
267
148
106
95
66
16
-93
-120
-36
126
71
-245
-728
-989
-955
-688
-428
-412
-697
-1209
-1480
-1270
-705
-250
-164
-377
-649
-822
-777
-541
-285
-208
-359
-646
-965
-1270
-1458
-1403
-1086
-547
-55
232
186
14
10
248
661
1000
1210
1262
1170
1096
1137
1379
1724
2030
2177
2094
1862
1572
1316
1077
964
967
1019
897
447
-260
-897
-1109
-787
-301
-36
-154
-544
-980
-1350
-1416
-1116
-570
-205
-434
-1172
-1952
-2207
-1937
-1526
-1409
-1644
-1971
-2154
-2187
-2190
-2198
-2125
-1905
-1564
-1056
-418
199
497
400
226
433
1178
2053
2426
2037
1329
1054
1504
2243
2587
2391
1960
1658
1458
1282
1177
1317
1748
2281
2649
2694
2510
2282
2045
1615
932
250
-36
79
169
-191
-930
-1558
-1690
-1532
-1527
-1904
-2295
-2373
-2195
-2223
-2613
-2908
-2516
-1440
-445
-95
-263
-276
54
492
694
744
836
976
890
341
-412
-938
-1033
-1143
-1659
-2510
-3116
-3197
-2904
-2639
-2404
-1974
-1225
-372
307
886
1533
2431
3472
4592
5599
6334
6662
6595
6264
5906
5820
6036
6031
5107
3164
946
-715
-1599
-2115
-2757
-3717
-4857
-5925
-6792
-7423
-7722
-7424
-6488
-5246
-4265
-3724
-3313
-2529
-1176
544
2239
3634
4646
5248
5377
5033
4439
3893
3500
2979
1999
449
-1362
-3083
-4436
-5344
-5854
-6079
-6184
-6216
-6206
-6010
-5476
-4429
-2944
-1241
384
1796
2967
3963
4856
5745
6778
7939
8971
9337
8756
7531
6437
5968
5765
4885
2792
-73
-2620
-4163
-4884
-5495
-6392
-7425
-8180
-8532
-8601
-8447
-7788
-6413
-4586
-2963
-1866
-960
312
2122
4065
5651
6687
7302
7574
7393
6644
5463
4173
3043
1960
665
-1046
-3029
-5000
-6680
-7880
-8505
-8521
-8077
-7420
-6788
-6134
-5186
-3681
-1674
502
2491
4137
5481
6605
7565
8394
9205
10025
10621
10447
9195
7234
5480
4472
3795
2474
70
-2893
-5421
-6953
-7689
-8188
-8798
-9307
-9396
-8986
-8361
-7598
-6442
-4654
-2512
-604
719
1730
2921
4522
6186
7431
8050
8197
8021
7377
6184
4609
3128
1886
643
-1065
-3214
-5361
-6953
-7854
-8243
-8308
-8023
-7284
-6248
-5198
-4224
-2975
-1121
1233
3513
5215
6266
6951
7555
8203
8899
9658
10310
10443
9538
7603
5360
3739
2894
1976
9
-3077
-6276
-8496
-9378
-9473
-9459
-9586
-9560
-9164
-8509
-7795
-6824
-5225
-3074
-1041
309
1104
1971
3276
4791
6014
6743
7127
7233
6836
5704
4061
2416
1135
44
-1284
-3110
-5160
-6930
-8103
-8659
-8646
-7989
-6775
-5356
-4184
-3347
-2510
-1212
632
2724
4617
6109
7170
7852
8184
8385
8789
9577
10363
10305
8829
6317
3993
2719
2148
1078
-1215
-4279
-6937
-8423
-8853
-8924
-9079
-9214
-8975
-8306
-7489
-6641
-5472
-3668
-1495
373
1489
2160
2947
4154
5435
6371
6811
6936
6779
6076
4723
2962
1327
-21
-1226
-2591
-4088
-5496
-6630
-7436
-7854
-7675
-6777
-5329
-3773
-2505
-1585
-717
433
1986
3715
5366
6727
7719
8219
8266
8140
8279
8848
9417
9202
7713
5381
3196
1792
762
-704
-2921
-5349
-7253
-8316
-8772
-8979
-8986
-8596
-7764
-6814
-6029
-5233
-3953
-2073
-106
1324
2132
2813
3815
5036
5996
6405
6394
6146
5562
4411
2846
1269
-22
-1228
-2677
-4404
-6020
-7120
-7633
-7750
-7570
-7034
-6069
-4811
-3505
-2281
-1042
349
1834
3211
4361
5350
6269
7089
7653
7941
8107
8401
8767
8785
7951
6287
4483
3209
2346
1012
-1368
-4393
-6968
-8363
-8635
-8465
-8396
-8514
-8470
-8014
-7186
-6150
-4832
-3038
-941
898
1988
2531
3107
4132
5389
6386
6807
6680
6086
4998
3466
1797
338
-866
-2084
-3556
-5179
-6629
-7637
-8186
-8303
-7960
-7095
-5811
-4372
-3043
-1853
-615
835
2429
3959
5285
6398
7266
7784
7917
7927
8179
8781
9328
9213
8056
6101
4098
2761
2043
1106
-848
-3754
-6677
-8680
-9432
-9278
-8740
-8182
-7676
-7168
-6593
-5871
-4771
-3087
-941
1150
2663
3520
4028
4600
5363
6196
6872
7196
6915
5814
3999
1944
165
-1253
-2577
-4074
-5651
-7006
-7968
-8584
-8904
-8753
-7864
-6249
-4306
-2620
-1417
-410
844
2423
4039
5413
6558
7563
8359
8732
8675
8467
8464
8684
8704
7992
6389
4439
2865
1884
865
-939
-3613
-6435
-8520
-9440
-9307
-8628
-7908
-7375
-6850
-6115
-5087
-3800
-2185
-267
1639
3110
3952
4418
4890
5595
6423
7110
7366
6983
5868
4189
2298
524
-1039
-2487
-3908
-5266
-6446
-7404
-8125
-8576
-8590
-7982
-6735
-5125
-3564
-2219
-920
599
2304
3912
5148
6012
6677
7258
7676
7827
7745
7606
7548
7457
6995
5819
4046
2242
960
111
-1038
-3073
-5825
-8368
-9831
-9885
-8965
-7884
-7302
-7144
-6779
-5716
-4079
-2275
-465
1339
2959
3981
4258
4170
4389
5220
6352
7088
6965
5977
4476
2812
1211
-223
-1478
-2629
-3807
-5053
-6272
-7227
-7757
-7790
-7341
-6363
-4892
-3180
-1631
-434
609
1841
3318
4791
5943
6719
7202
7445
7399
7103
6801
6744
6939
7029
6569
5335
3579
1854
600
-310
-1488
-3447
-6029
-8403
-9627
-9324
-7958
-6559
-5824
-5589
-5122
-3976
-2348
-610
1082
2743
4139
4864
4743
4221
4062
4627
5521
5980
5642
4652
3328
1811
191
-1286
-2380
-3102
-3813
-4809
-6018
-7037
-7553
-7525
-7021
-5998
-4382
-2397
-576
638
1382
2141
3211
4361
5214
5655
5892
6077
6126
5898
5464
5112
5056
5214
5156
4454
3045
1426
240
-341
-900
-2291
-4686
-7235
-8633
-8268
-6710
-5293
-4886
-5204
-5175
-4117
-2310
-495
956
2154
3186
3788
3723
3272
3117
3714
4761
5506
5406
4532
3270
1919
644
-460
-1339
-2139
-3031
-4098
-5233
-6244
-6974
-7299
-7103
-6232
-4659
-2676
-823
482
1291
2005
2936
3992
4856
5353
5544
5523
5264
4758
4148
3702
3622
3878
4184
4078
3205
1656
38
-960
-1252
-1544
-2709
-4857
-7055
-8092
-7528
-6077
-4849
-4327
-4043
-3307
-2053
-840
-57
531
1296
2106
2433
2113
1630
1627
2234
3017
3510
3616
3493
3194
2639
1816
885
-27
-1011
-2231
-3673
-5016
-5933
-6297
-6180
-5643
-4680
-3260
-1522
241
1703
2796
3705
4620
5515
6138
6294
5967
5375
4753
4295
4052
3951
3857
3692
3510
3263
2738
1753
563
-211
-285
-237
-1082
-3093
-5381
-6650
-6370
-5033
-3629
-2836
-2660
-2653
-2466
-2118
-1726
-1236
-583
-7
85
-389
-969
-1007
-236
1050
2310
3198
3710
3938
3806
3162
2071
889
-99
-1040
-2344
-4047
-5559
-6193
-5902
-5237
-4647
-3971
-2811
-1206
293
1277
1963
2854
3992
4817
4812
4113
3397
3165
3350
3550
3583
3538
3445
3107
2508
1991
1876
1959
1762
1252
844
668
81
-1539
-3810
-5348
-5121
-3450
-1778
-1318
-2073
-3116
-3690
-3892
-4112
-4269
-3862
-2908
-2131
-2139
-2565
-2400
-1020
1201
3399
4988
5990
6524
6401
5422
3821
2220
971
-120
-1438
-2986
-4410
-5394
-6001
-6351
-6338
-5704
-4451
-2943
-1603
-576
324
1295
2296
3085
3573
3889
4165
4332
4281
4077
3893
3751
3460
2917
2334
2102
2287
2506
2326
1835
1618
2070
2770
2707
1358
-677
-2149
-2360
-1699
-1156
-1473
-2687
-4269
-5616
-6452
-6773
-6580
-5848
-4765
-3743
-3029
-2414
-1409
316
2623
4996
6872
7960
8218
7705
6526
4929
3263
1788
491
-877
-2521
-4370
-6104
-7378
-7971
-7820
-7016
-5810
-4537
-3460
-2582
-1620
-209
1690
3650
5037
5486
5141
4459
3885
3623
3605
3539
3117
2247
1147
218
-184
76
851
1814
2653
3264
3767
4267
4526
4018
2496
431
-1292
-2175
-2527
-3143
-4517
-6346
-7810
-8415
-8360
-8076
-7520
-6312
-4386
-2280
-610
604
1923
3798
5972
7773
8788
9144
9039
8381
6950
4835
2496
409
-1315
-2950
-4704
-6450
-7872
-8849
-9394
-9434
-8730
-7201
-5120
-2979
-1087
581
2171
3669
4915
5844
6486
6820
6659
5848
4504
3059
1912
1136
547
75
-146
67
749
1809
3077
4302
5216
5663
5808
5833
5512
4150
1434
-1916
-4551
-5683
-5705
-5648
-6203
-7174
-7909
-8021
-7682
-7071
-5971
-4108
-1789
230
1498
2298
3234
4533
5888
6847
7382
7695
7734
7007
5219
2752
379
-1508
-3183
-5063
-7096
-8757
-9707
-10086
-10186
-9945
-9000
-7173
-4810
-2519
-607
1085
2807
4473
5751
6447
6630
6445
5891
4974
3916
3110
2738
2547
2155
1485
883
683
936
1492
2244
3053
3628
3670
3241
2835
2912
3325
3245
1962
-265
-2376
-3545
-3856
-3881
-4016
-4278
-4596
-4930
-5240
-5359
-5049
-4175
-2882
-1552
-476
333
1101
2039
3226
4543
5742
6525
6648
5966
4504
2490
320
-1629
-3171
-4404
-5542
-6687
-7772
-8657
-9250
-9345
-8675
-7070
-4760
-2312
-282
1138
2197
3261
4493
5775
6902
7709
8093
7929
7124
5792
4363
3267
2555
1881
944
-151
-1041
-1451
-1406
-1012
-284
787
1928
2710
3029
3369
4327
5784
6691
5932
3538
766
-1071
-1790
-2110
-2777
-3924
-5294
-6573
-7617
-8364
-8581
-7937
-6374
-4463
-2976
-2243
-1829
-1030
514
2536
4474
5925
6745
6860
6196
4849
3157
1537
207
-890
-2031
-3431
-5081
-6727
-8025
-8638
-8390
-7314
-5658
-3740
-1859
-177
1385
3006
4745
6354
7478
7894
7668
6983
6027
4907
3764
2684
1611
412
-900
-2050
-2723
-2805
-2399
-1672
-728
328
1318
2074
2656
3379
4457
5734
6731
6924
5968
3933
1364
-990
-2677
-3718
-4456
-5328
-6644
-8328
-9947
-11040
-11376
-10915
-9659
-7750
-5520
-3389
-1564
95
1898
3978
6085
7803
8900
9413
9356
8579
7028
5006
2988
1185
-543
-2359
-4124
-5520
-6357
-6743
-6828
-6574
-5757
-4336
-2617
-1007
361
1650
2909
3950
4570
4872
5058
5144
4960
4472
3866
3353
2899
2286
1411
436
-377
-911
-1145
-989
-308
845
2134
3093
3507
3562
3671
4052
4635
5259
5724
5596
4228
1403
-2188
-5334
-7258
-8051
-8296
-8516
-8914
-9418
-9837
-9931
-9428
-8080
-5921
-3395
-1109
590
1804
2891
4162
5704
7340
8779
9786
10267
10199
9590
8495
7069
5492
3837
2067
119
-1933
-3891
-5575
-6962
-8157
-9187
-9836
-9774
-8892
-7440
-5757
-3982
-2120
-289
1269
2482
3548
4678
5777
6555
6831
6713
6379
5823
4886
3562
2202
1247
806
593
300
-89
-410
-621
-839
-1078
-1076
-534
520
1667
2469
2768
2597
1893
554
-1230
-2879
-3878
-4248
-4443
-4884
-5617
-6438
-7104
-7502
-7523
-6965
-5640
-3678
-1563
244
1627
2750
3820
4992
6303
7644
8746
9273
8976
7821
6031
3969
1986
282
-1120
-2366
-3698
-5319
-7192
-8934
-10029
-10255
-9816
-9095
-8264
-7326
-6291
-5240
-4151
-2814
-1032
1104
3181
4806
5886
6607
7109
7383
7347
7054
6647
6211
5674
4913
3943
2943
2132
1616
1341
1173
977
654
191
-325
-698
-722
-260
642
1767
2801
3457
3521
2939
1994
1236
1080
1453
1831
1663
683
-966
-2862
-4522
-5623
-6126
-6144
-5812
-5230
-4480
-3671
-2817
-1833
-592
885
2437
3848
4924
5501
5478
4873
3813
2503
1161
-59
-1154
-2231
-3386
-4649
-6005
-7415
-8719
-9574
-9655
-8972
-7859
-6627
-5283
-3688
-1881
-124
1366
2644
3896
5192
6389
7285
7782
7859
7542
6900
6098
5333
4716
4200
3696
3242
3025
3154
3475
3704
3697
3544
3354
3056
2511
1836
1390
1385
1553
1382
598
-628
-1987
-3311
-4545
-5502
-5905
-5685
-5175
-4867
-4977
-5281
-5420
-5291
-5033
-4691
-4099
-3202
-2269
-1676
-1481
-1368
-1013
-416
209
781
1416
2090
2444
2132
1282
437
40
50
115
5
-236
-525
-991
-1804
-2862
-3772
-4217
-4235
-4079
-3846
-3423
-2792
-2193
-1847
-1615
-1085
4
1521
3093
4431
5470
6194
6496
6320
5910
5730
6034
6577
6852
6589
5955
5273
4634
3900
3005
2095
1338
720
85
-644
-1361
-1891
-2171
-2304
-2418
-2479
-2360
-2056
-1790
-1756
-1881
-1944
-1866
-1805
-1918
-2159
-2354
-2422
-2483
-2713
-3104
-3421
-3402
-3017
-2455
-1903
-1325
-578
337
1189
1736
1986
2178
2527
3000
3374
3452
3201
2697
2044
1314
590
-80
-688
-1300
-2010
-2841
-3688
-4362
-4761
-4919
-4947
-4889
-4728
-4495
-4293
-4146
-3894
-3278
-2147
-599
1090
2688
4093
5270
6098
6501
6595
6642
6765
6801
6521
5842
4900
3873
2872
1949
1156
549
134
-140
-291
-263
39
572
1155
1625
1989
2377
2768
2909
2468
1432
175
-827
-1431
-1940
-2684
-3701
-4714
-5524
-6145
-6658
-6961
-6817
-6183
-5346
-4664
-4169
-3532
-2460
-995
553
1900
2980
3842
4491
4816
4791
4516
4069
3368
2286
861
-735
-2315
-3769
-5050
-6131
-6969
-7504
-7696
-7568
-7202
-6687
-6050
-5289
-4414
-3431
-2305
-994
473
1957
3271
4318
5137
5842
6510
7116
7589
7900
8076
8163
8110
7832
7293
6613
5981
5518
5215
4993
4805
4594
4260
3699
2937
2109
1340
620
-156
-1059
-2051
-3005
-3905
-4855
-5943
-6985
-7646
-7713
-7283
-6589
-5775
-4925
-4121
-3471
-2981
-2585
-2185
-1773
-1445
-1352
-1526
-1820
-2032
-2069
-1913
-1571
-1059
-459
107
556
870
1097
1262
1385
1487
1594
1675
1628
1373
921
366
-204
-713
-1112
-1395
-1617
-1871
-2216
-2608
-2888
-2882
-2538
-1931
-1156
-253
722
1671
2552
3474
4588
5890
7149
8083
8547
8644
8598
8541
8426
8108
7525
6692
5641
4356
2846
1191
-437
-1844
-2911
-3632
-4093
-4396
-4629
-4846
-5036
-5137
-5084
-4888
-4671
-4614
-4847
-5338
-5917
-6348
-6451
-6131
-5466
-4702
-4087
-3685
-3358
-2954
-2387
-1627
-686
355
1338
2126
2654
2990
3268
3565
3871
4130
4301
4330
4166
3796
3269
2662
2050
1448
778
-78
-1138
-2272
-3278
-4008
-4426
-4558
-4449
-4136
-3686
-3156
-2550
-1810
-890
141
1150
2027
2785
3460
4041
4454
4672
4740
4747
4768
4849
4984
5101
5081
4805
4244
3460
2566
1667
864
240
-195
-538
-948
-1466
-1989
-2342
-2447
-2347
-2159
-2015
-1988
-2120
-2412
-2860
-3421
-4043
-4678
-5233
-5543
-5462
-4990
-4273
-3443
-2542
-1549
-500
456
1174
1632
1983
2330
2639
2785
2710
2452
2064
1611
1152
764
486
313
224
212
259
317
292
117
-174
-449
-638
-775
-896
-944
-865
-734
-706
-851
-1074
-1238
-1320
-1413
-1536
-1556
-1338
-941
-554
-263
35
482
1097
1799
2573
3506
4610
5687
6457
6824
6919
6885
6707
6275
5572
4716
3807
2817
1640
288
-1051
-2134
-2847
-3276
-3554
-3743
-3860
-3992
-4248
-4583
-4776
-4648
-4237
-3736
-3278
-2895
-2592
-2429
-2421
-2436
-2279
-1866
-1343
-896
-586
-345
-158
-123
-266
-440
-413
-125
283
603
762
810
809
777
745
784
943
1197
1462
1656
1702
1583
1322
997
661
357
51
-301
-687
-1013
-1207
-1307
-1419
-1603
-1813
-1946
-1903
-1672
-1302
-848
-350
142
560
896
1241
1703
2318
2989
3564
3945
4129
4174
4103
3952
3791
3680
3566
3288
2761
2057
1348
718
102
-582
-1292
-1900
-2360
-2794
-3338
-3975
-4531
-4851
-4920
-4759
-4373
-3757
-3042
-2450
-2143
-2046
-1913
-1526
-837
23
842
1431
1708
1696
1467
1131
837
706
732
796
842
911
1057
1228
1343
1396
1420
1474
1565
1689
1789
1785
1570
1094
420
-302
-935
-1441
-1845
-2153
-2344
-2429
-2497
-2608
-2706
-2632
-2304
-1830
-1382
-1027
-675
-274
139
508
888
1380
2006
2655
3170
3482
3627
3675
3585
3275
2769
2229
1803
1480
1123
647
135
-254
-466
-597
-715
-768
-692
-544
-443
-426
-415
-337
-227
-232
-467
-888
-1310
-1569
-1628
-1540
-1355
-1151
-1004
-947
-894
-721
-409
-71
119
112
-42
-208
-339
-414
-456
-443
-384
-310
-252
-203
-100
75
317
552
755
944
1177
1422
1586
1572
1398
1126
810
462
66
-347
-748
-1103
-1445
-1796
-2122
-2354
-2480
-2553
-2593
-2525
-2268
-1850
-1401
-1022
-669
-212
395
1036
1545
1879
2147
2456
2782
2982
2991
2900
2841
2823
2732
2475
2094
1704
1391
1125
830
473
93
-279
-689
-1181
-1696
-2091
-2257
-2239
-2174
-2228
-2445
-2731
-2917
-2896
-2675
-2294
-1801
-1281
-884
-674
-540
-274
230
903
1545
2003
2211
2223
2115
1931
1681
1372
1041
720
408
19
-494
-1052
-1435
-1489
-1241
-841
-400
68
536
899
1071
1082
1073
1150
1242
1188
903
462
-20
-504
-1030
-1592
-2111
-2478
-2627
-2605
-2497
-2342
-2112
-1793
-1426
-1042
-609
-74
597
1351
2075
2628
2956
3116
3179
3147
2988
2711
2340
1861
1238
529
-133
-626
-928
-1082
-1169
-1245
-1307
-1290
-1109
-753
-270
242
700
1017
1124
1009
750
503
392
441
553
578
430
120
-238
-524
-629
-471
-75
428
839
1059
1111
1123
1195
1370
1614
1843
1970
1913
1674
1266
777
295
-115
-470
-798
-1102
-1381
-1680
-2034
-2394
-2653
-2727
-2651
-2481
-2231
-1850
-1391
-1013
-878
-1012
-1290
-1565
-1737
-1788
-1747
-1683
-1670
-1782
-2044
-2409
-2734
-2859
-2682
-2206
-1509
-706
69
689
1119
1446
1806
2269
2792
3250
3533
3614
3522
3268
2850
2322
1753
1158
490
-222
-844
-1248
-1434
-1522
-1630
-1750
-1750
-1493
-962
-255
527
1318
2026
2559
2885
3084
3242
3372
3420
3320
3056
2674
2245
1770
1199
543
-89
-600
-984
-1280
-1492
-1609
-1629
-1595
-1532
-1466
-1381
-1218
-932
-556
-233
-101
-211
-503
-892
-1293
-1621
-1823
-1924
-2022
-2197
-2460
-2720
-2859
-2809
-2586
-2224
-1757
-1231
-738
-364
-132
-18
19
9
-23
-20
77
279
513
676
696
592
456
411
514
716
902
1025
1118
1232
1388
1584
1825
2111
2427
2753
3062
3302
3393
3266
2923
2447
1961
1528
1159
836
590
410
249
59
-103
-127
21
281
567
856
1113
1296
1349
1276
1101
879
656
464
282
59
-271
-730
-1307
-1919
-2422
-2690
-2697
-2578
-2487
-2476
-2465
-2402
-2315
-2279
-2252
-2118
-1808
-1436
-1217
-1264
-1502
-1757
-1950
-2075
-2178
-2265
-2381
-2572
-2811
-2967
-2914
-2625
-2174
-1669
-1194
-821
-531
-287
4
380
851
1346
1781
2062
2152
2086
1939
1771
1579
1373
1171
1019
930
937
1056
1288
1569
1835
2066
2299
2533
2706
2751
2671
2549
2465
2461
2503
2540
2514
2393
2150
1798
1405
1075
866
729
575
331
14
-314
-576
-749
-853
-912
-924
-861
-731
-590
-509
-478
-456
-425
-447
-550
-703
-826
-896
-968
-1137
-1460
-1877
-2237
-2440
-2534
-2636
-2802
-2991
-3134
-3180
-3091
-2836
-2461
-2058
-1703
-1380
-1032
-625
-197
166
404
545
692
888
1071
1129
1058
931
792
621
397
189
83
124
262
438
609
786
983
1196
1426
1707
2088
2544
2946
3154
3137
2998
2856
2746
2634
2474
2273
2028
1739
1399
1010
604
242
-3
-110
-116
-92
-87
-137
-240
-354
-406
-351
-233
-133
-91
-93
-138
-254
-458
-695
-896
-1042
-1169
-1314
-1470
-1606
-1705
-1798
-1947
-2154
-2338
-2411
-2376
-2306
-2259
-2234
-2208
-2177
-2160
-2156
-2101
-1940
-1689
-1470
-1382
-1443
-1559
-1617
-1532
-1288
-951
-625
-391
-253
-156
-29
168
445
773
1090
1323
1449
1476
1429
1345
1311
1415
1672
1989
2234
2326
2267
2122
1974
1883
1846
1839
1863
1937
2059
2161
2182
2112
2022
1966
1917
1783
1513
1167
835
584
410
257
81
-93
-203
-229
-232
-275
-355
-414
-431
-445
-502
-588
-649
-672
-698
-753
-810
-815
-766
-713
-725
-842
-1058
-1331
-1593
-1808
-1973
-2115
-2243
-2333
-2391
-2453
-2543
-2622
-2613
-2476
-2213
-1870
-1504
-1178
-931
-746
-579
-377
-107
225
546
765
843
835
833
875
945
1001
1051
1124
1233
1322
1322
1232
1118
1079
1135
1246
1344
1404
1419
1382
1285
1164
1063
1007
985
971
943
891
839
820
845
873
872
847
866
964
1117
1231
1233
1127
982
851
724
571
378
180
-24
-250
-502
-716
-847
-909
-960
-1027
-1091
-1123
-1092
-1003
-877
-741
-627
-554
-526
-507
-453
-363
-281
-252
-277
-362
-533
-813
-1140
-1392
-1484
-1459
-1455
-1529
-1598
-1521
-1271
-950
-693
-554
-468
-346
-161
19
103
72
-19
-94
-126
-112
-73
-46
-88
-216
-361
-427
-375
-265
-191
-186
-217
-220
-185
-139
-97
-24
110
278
418
497
515
469
358
218
123
122
187
247
269
297
399
575
776
960
1140
1314
1436
1473
1470
1521
1673
1843
1923
1868
1745
1620
1475
1258
979
727
557
415
218
-14
-179
-199
-111
1
69
86
60
-25
-179
-361
-488
-522
-512
-565
-739
-1005
-1274
-1478
-1600
-1647
-1604
-1471
-1290
-1140
-1061
-1035
-1034
-1048
-1041
-934
-701
-447
-344
-456
-672
-823
-848
-830
-853
-890
-875
-805
-767
-802
-861
-845
-709
-489
-269
-116
-50
-52
-84
-122
-122
-44
138
372
592
764
915
1077
1253
1430
1604
1775
1928
2054
2157
2265
2376
2457
2454
2367
2265
2206
2183
2113
1974
1808
1633
1420
1144
847
573
346
175
65
13
11
40
60
39
-31
-139
-271
-431
-624
-839
-1055
-1253
-1437
-1614
-1766
-1871
-1915
-1921
-1925
-1956
-1998
-2013
-1969
-1880
-1797
-1754
-1754
-1751
-1710
-1639
-1592
-1604
-1635
-1618
-1538
-1464
-1458
-1501
-1508
-1422
-1255
-1053
-839
-613
-380
-171
-4
141
303
494
660
760
807
864
959
1049
1061
982
882
855
909
992
1063
1138
1256
1401
1557
1721
1902
2076
2208
2302
2387
2484
2576
2633
2624
2556
2438
2287
2084
1809
1474
1137
850
617
392
132
-158
-433
-638
-742
-757
-715
-629
-520
-445
-446
-518
-598
-631
-602
-546
-536
-646
-892
-1229
-1595
-1942
-2229
-2423
-2516
-2538
-2523
-2502
-2474
-2423
-2333
-2213
-2055
-1824
-1508
-1156
-870
-709
-662
-671
-683
-678
-656
-614
-556
-499
-477
-489
-490
-424
-280
-90
113
305
479
626
745
837
923
1023
1127
1211
1266
1306
1336
1358
1380
1438
1576
1799
2047
2237
2335
2368
2369
2340
2286
2250
2270
2319
2335
2282
2189
2073
1934
1764
1567
1359
1159
980
816
648
460
254
40
-173
-394
-627
-854
-1047
-1197
-1301
-1349
-1345
-1345
-1411
-1526
-1582
-1499
-1325
-1195
-1203
-1327
-1479
-1612
-1728
-1815
-1836
-1777
-1693
-1684
-1806
-2017
-2215
-2308
-2294
-2212
-2084
-1892
-1634
-1356
-1114
-944
-842
-786
-737
-676
-601
-539
-498
-466
-416
-336
-249
-187
-149
-98
-1
149
323
489
634
771
913
1053
1206
1414
1705
2027
2296
2485
2623
2706
2694
2580
2436
2321
2245
2170
2073
1944
1794
1608
1374
1106
855
685
614
595
552
473
372
245
75
-101
-209
-232
-220
-224
-254
-296
-339
-381
-444
-547
-702
-873
-1025
-1136
-1213
-1279
-1351
-1428
-1492
-1522
-1528
-1517
-1511
-1541
-1620
-1724
-1807
-1855
-1879
-1866
-1799
-1682
-1559
-1449
-1321
-1149
-948
-763
-606
-453
-275
-60
170
380
514
544
493
423
378
374
410
486
603
732
852
949
1048
1188
1386
1609
1792
1897
1943
1962
1961
1921
1853
1808
1835
1932
2025
2040
1948
1775
1561
1327
1097
892
753
703
710
692
596
454
328
250
203
173
154
139
95
-10
-183
-387
-558
-674
-751
-838
-966
-1144
-1352
-1548
-1703
-1804
-1857
-1866
-1853
-1839
-1825
-1806
-1774
-1723
-1630
-1486
-1320
-1178
-1100
-1081
-1095
-1104
-1106
-1102
-1119
-1179
-1280
-1358
-1349
-1265
-1187
-1159
-1143
-1073
-907
-661
-391
-160
16
180
367
559
737
903
1084
1278
1457
1589
1645
1613
1518
1418
1364
1373
1433
1502
1524
1469
1353
1228
1117
1016
912
833
817
866
935
972
954
887
809
759
758
783
770
679
513
301
71
-139
-283
-355
-395
-441
-487
-515
-533
-573
-652
-758
-865
-967
-1062
-1129
-1148
-1120
-1075
-1039
-995
-907
-768
-624
-535
-524
-573
-647
-696
-692
-643
-596
-576
-577
-581
-581
-550
-454
-294
-119
38
194
378
592
802
968
1074
1115
1101
1051
1002
979
974
955
907
845
785
720
651
594
548
491
424
388
425
529
632
693
702
683
655
620
568
482
366
248
160
101
43
-38
-147
-263
-352
-404
-446
-514
-611
-690
-718
-693
-642
-577
-484
-354
-214
-104
-23
45
104
115
50
-76
-213
-323
-407
-474
-542
-599
-639
-638
-593
-508
-418
-350
-312
-277
-213
-115
-30
-7
-58
-145
-235
-305
-341
-335
-281
-213
-181
-212
-269
-298
-281
-240
-217
-233
-274
-322
-373
-450
-552
-651
-709
-727
-747
-807
-894
-963
-982
-957
-918
-893
-871
-817
-707
-551
-389
-234
-93
50
204
357
489
591
666
710
735
751
761
756
763
798
859
909
946
979
1005
1023
1053
1142
1300
1487
1644
1727
1734
1679
1596
1510
1428
1331
1182
989
795
645
546
480
427
379
320
252
180
100
-14
-154
-253
-274
-251
-251
-270
-263
-216
-173
-179
-228
-284
-337
-409
-523
-653
-747
-786
-795
-826
-910
-1039
-1155
-1217
-1241
-1273
-1335
-1408
-1457
-1441
-1369
-1280
-1228
-1205
-1158
-1052
-911
-782
-684
-612
-547
-467
-343
-161
43
228
379
520
657
780
862
877
823
752
740
785
824
810
782
803
869
929
958
973
999
1025
1013
930
786
641
551
529
536
520
452
356
267
213
198
201
194
155
102
70
71
86
75
30
-25
-38
5
58
59
-17
-162
-356
-563
-759
-934
-1091
-1221
-1325
-1418
-1506
-1569
-1581
-1535
-1443
-1337
-1227
-1097
-936
-776
-667
-622
-603
-562
-477
-365
-275
-249
-283
-333
-361
-363
-350
-321
-271
-205
-152
-135
-152
-167
-120
15
210
416
611
805
1007
1202
1353
1426
1423
1399
1411
1466
1504
1476
1375
1250
1139
1062
1001
954
928
931
956
965
941
897
873
891
921
929
897
837
766
692
640
618
603
545
427
272
109
-42
-167
-265
-355
-453
-555
-642
-695
-698
-659
-628
-653
-735
-822
-871
-897
-933
-996
-1077
-1170
-1282
-1407
-1526
-1601
-1628
-1617
-1579
-1499
-1382
-1266
-1176
-1098
-1008
-906
-798
-674
-518
-338
-164
-34
41
91
171
306
458
551
554
499
457
456
479
496
500
498
502
528
584
664
729
762
764
742
708
672
637
594
542
503
499
528
563
571
543
487
434
413
447
534
623
651
595
488
387
329
311
306
280
213
112
-8
-136
-261
-366
-436
-481
-527
-588
-664
-745
-824
-887
-923
-937
-935
-928
-912
-866
-786
-677
-576
-502
-444
-378
-283
-183
-133
-162
-225
-244
-176
-43
106
235
312
324
282
212
152
131
162
194
161
38
-122
-241
-294
-308
-329
-326
-260
-134
-22
28
51
135
307
502
648
728
779
831
900
987
1084
1172
1216
1211
1159
1062
927
798
732
728
715
631
484
331
215
134
69
-2
-81
-163
-229
-279
-332
-400
-477
-534
-550
-529
-487
-437
-391
-387
-442
-540
-651
-752
-846
-941
-1042
-1126
-1172
-1180
-1161
-1119
-1048
-965
-899
-855
-822
-783
-727
-643
-538
-437
-367
-315
-246
-149
-46
33
84
128
170
204
244
316
419
515
560
567
585
650
750
850
937
1031
1143
1249
1303
1296
1264
1254
1259
1235
1151
1030
920
842
787
735
666
594
533
492
461
432
407
366
281
155
18
-102
-199
-270
-320
-361
-409
-462
-518
-564
-585
-586
-591
-606
-609
-592
-595
-670
-816
-990
-1141
-1253
-1325
-1342
-1284
-1169
-1055
-994
-995
-1031
-1068
-1083
-1061
-1005
-930
-849
-755
-649
-535
-415
-276
-114
53
210
358
506
635
715
745
774
846
946
1030
1072
1081
1060
998
889
744
589
457
382
369
377
366
341
344
390
456
505
532
583
693
840
935
929
852
758
649
502
335
183
31
-165
-386
-555
-633
-659
-695
-757
-821
-840
-793
-702
-633
-620
-639
-647
-641
-642
-645
-617
-548
-470
-421
-408
-411
-405
-386
-368
-365
-366
-348
-297
-215
-129
-59
3
95
242
404
533
604
634
631
598
545
483
424
375
337
300
267
264
312
380
420
413
407
448
525
589
608
602
597
588
566
528
501
488
468
422
367
341
327
269
137
-14
-112
-147
-182
-271
-410
-541
-606
-607
-576
-522
-429
-296
-161
-63
6
58
94
98
88
93
111
97
33
-52
-112
-148
-213
-336
-457
-477
-390
-308
-345
-464
-533
-506
-471
-504
-561
-543
-436
-315
-256
-244
-202
-92
38
107
111
123
182
239
223
148
86
80
82
40
-42
-116
-165
-218
-287
-367
-426
-461
-469
-442
-377
-281
-187
-102
-23
60
151
243
340
413
422
363
307
306
330
292
163
0
-120
-197
-281
-399
-499
-510
-448
-405
-447
-520
-523
-423
-274
-151
-74
-18
49
123
175
182
168
171
196
224
238
247
260
276
285
282
264
235
208
206
254
345
446
514
537
554
594
641
623
514
397
356
362
305
155
19
-30
-49
-145
-299
-379
-311
-184
-129
-146
-126
-18
95
110
62
72
165
244
227
180
243
420
550
503
357
298
372
428
319
105
-34
-21
16
-89
-318
-477
-424
-234
-129
-206
-330
-301
-123
-8
-97
-276
-317
-156
30
46
-88
-173
-80
80
97
-56
-178
-88
115
182
35
-107
-15
231
343
211
75
183
441
531
342
128
139
273
241
-19
-248
-233
-89
-60
-191
-286
-214
-71
-32
-123
-215
-213
-185
-230
-338
-398
-359
-285
-274
-338
-409
-417
-366
-335
-363
-409
-402
-344
-310
-338
-369
-330
-251
-215
-243
-257
-202
-142
-173
-287
-369
-356
-304
-291
-304
-296
-274
-270
-267
-228
-188
-213
-284
-304
-219
-103
-65
-96
-105
-52
-8
-43
-107
-102
-21
33
-9
-81
-59
69
204
257
252
245
230
191
176
278
485
671
737
732
784
904
968
916
870
966
1121
1107
866
598
510
560
565
466
373
371
403
382
314
258
227
187
145
137
175
223
248
266
308
353
322
168
-52
-223
-267
-221
-174
-171
-188
-174
-131
-97
-102
-121
-111
-57
17
70
67
-15
-143
-259
-323
-365
-447
-582
-692
-689
-587
-509
-555
-676
-752
-721
-648
-625
-660
-680
-617
-491
-379
-350
-369
-325
-180
-30
-5
-85
-119
-37
71
85
31
41
168
326
410
411
409
460
539
587
567
488
384
316
320
368
395
367
324
317
329
311
225
75
-116
-291
-371
-348
-297
-314
-392
-436
-393
-310
-274
-305
-367
-431
-483
-516
-537
-564
-592
-578
-527
-520
-595
-656
-595
-478
-472
-598
-684
-605
-465
-437
-515
-513
-358
-195
-193
-298
-310
-168
-20
-2
-52
-25
94
178
161
142
234
389
475
443
393
408
463
472
416
358
388
525
692
806
867
945
1054
1122
1103
1049
1051
1101
1106
1027
949
970
1058
1094
1039
986
1006
1055
1047
978
917
878
798
631
441
328
297
240
71
-149
-272
-263
-265
-420
-683
-875
-914
-893
-932
-1023
-1099
-1147
-1202
-1241
-1208
-1118
-1070
-1103
-1120
-1040
-911
-848
-844
-790
-668
-596
-640
-680
-582
-392
-293
-334
-399
-382
-324
-307
-313
-254
-116
26
107
127
149
224
342
410
359
255
236
314
334
205
65
97
271
402
430
502
725
977
1043
920
810
842
926
922
864
863
910
872
691
461
293
180
80
24
70
169
200
131
47
10
-41
-184
-392
-554
-617
-636
-679
-738
-771
-774
-777
-759
-686
-612
-657
-850
-1047
-1107
-1067
-1079
-1176
-1227
-1119
-920
-778
-736
-671
-459
-145
97
164
153
218
359
427
358
292
378
567
647
508
282
178
227
269
195
122
235
492
631
501
265
189
307
406
363
292
355
511
579
518
461
510
581
546
422
347
367
378
283
139
74
102
114
47
-2
69
217
285
230
173
209
280
257
128
16
19
95
122
51
-62
-165
-269
-392
-474
-451
-353
-285
-273
-256
-204
-179
-227
-272
-213
-71
11
-74
-258
-371
-310
-154
-70
-117
-176
-94
123
310
334
260
263
392
517
506
407
378
482
602
575
404
250
239
305
262
42
-230
-379
-382
-379
-477
-615
-672
-651
-649
-705
-733
-652
-497
-384
-353
-336
-276
-211
-224
-282
-256
-85
116
196
142
64
43
30
-52
-189
-252
-170
-27
19
-48
-85
32
235
357
369
399
523
636
583
399
267
279
319
237
56
-88
-119
-107
-138
-213
-263
-256
-220
-204
-191
-117
29
168
199
131
68
69
88
46
-43
-92
-72
-63
-155
-327
-463
-472
-408
-394
-468
-551
-563
-509
-440
-387
-357
-345
-326
-284
-234
-204
-181
-119
-18
68
102
111
125
126
87
36
29
42
8
-51
-28
118
258
266
196
217
369
514
505
362
242
272
441
594
583
425
293
327
442
432
221
-16
-59
99
258
267
186
172
259
335
289
157
79
118
190
186
117
84
131
199
238
276
348
404
372
295
274
307
290
184
106
156
248
216
40
-118
-135
-61
-29
-68
-124
-147
-133
-94
-42
-21
-52
-97
-81
-4
52
39
29
115
256
306
217
114
133
224
238
117
-63
-210
-301
-344
-336
-302
-294
-345
-400
-380
-305
-291
-386
-479
-459
-378
-392
-519
-613
-560
-433
-390
-471
-580
-601
-505
-356
-263
-293
-381
-401
-303
-201
-233
-372
-458
-423
-393
-488
-637
-676
-586
-495
-497
-540
-545
-505
-472
-455
-427
-377
-311
-242
-175
-125
-92
-32
91
251
402
542
686
805
859
861
862
883
873
795
683
613
629
709
793
830
821
807
833
859
808
657
481
379
357
353
325
295
283
257
168
36
-66
-97
-91
-115
-196
-302
-359
-326
-242
-224
-321
-440
-437
-313
-222
-246
-291
-219
-51
65
51
-19
-58
-70
-98
-127
-98
-24
23
13
2
35
79
89
83
105
140
139
101
60
13
-63
-147
-172
-129
-98
-150
-230
-231
-114
32
107
88
27
-1
60
210
361
413
352
281
285
332
340
295
250
213
134
21
-24
33
102
83
7
-31
-25
-47
-133
-241
-304
-313
-301
-311
-345
-401
-458
-512
-552
-573
-583
-575
-541
-496
-470
-443
-359
-211
-58
29
54
62
89
133
160
137
81
71
148
249
269
209
172
210
249
188
49
-36
2
82
99
74
127
277
393
358
249
239
372
507
509
425
389
411
351
153
-38
-49
69
103
-19
-148
-150
-105
-166
-294
-344
-292
-287
-401
-517
-484
-316
-181
-194
-304
-380
-364
-331
-373
-456
-447
-292
-109
-76
-209
-357
-384
-346
-393
-522
-559
-417
-255
-277
-424
-447
-260
-82
-125
-292
-311
-120
60
39
-87
-86
82
237
233
152
162
293
427
465
470
549
700
820
851
835
831
841
850
851
825
763
692
677
716
730
665
583
574
606
575
457
356
344
367
322
215
156
203
269
235
93
-56
-137
-191
-296
-435
-516
-501
-493
-572
-678
-682
-592
-534
-590
-697
-737
-684
-610
-581
-566
-501
-404
-357
-382
-387
-291
-156
-117
-193
-229
-119
-6
-98
-350
-484
-391
-296
-424
-621
-551
-175
167
204
92
163
457
665
586
419
471
704
790
583
330
315
475
528
377
209
185
238
215
123
101
204
328
345
256
159
127
129
88
-14
-113
-127
-60
-5
-29
-110
-181
-222
-268
-351
-464
-592
-729
-822
-810
-710
-641
-678
-743
-726
-645
-616
-652
-620
-440
-225
-162
-258
-334
-249
-74
29
16
-28
-5
79
166
207
215
236
293
354
372
343
316
328
364
380
378
394
448
510
527
505
517
621
774
849
765
585
454
429
442
395
295
217
177
134
62
7
-6
-24
-95
-193
-258
-272
-260
-244
-233
-253
-304
-335
-270
-132
-53
-108
-184
-136
-12
1
-143
-260
-213
-98
-87
-179
-224
-185
-175
-280
-402
-414
-337
-290
-303
-283
-160
13
131
156
132
109
107
127
149
143
74
-26
-63
10
124
174
158
147
176
178
132
100
125
155
127
74
64
108
154
202
299
453
574
590
526
460
405
314
188
88
59
48
-16
-109
-146
-111
-96
-164
-246
-241
-141
-50
-46
-84
-67
27
117
133
104
102
151
215
247
242
211
171
131
98
84
79
51
-21
-105
-146
-126
-93
-93
-113
-116
-111
-136
-191
-236
-262
-305
-394
-494
-544
-520
-497
-569
-689
-704
-563
-424
-453
-589
-639
-539
-428
-418
-447
-405
-293
-236
-273
-312
-259
-166
-156
-240
-294
-232
-135
-136
-235
-292
-208
-50
24
-60
-210
-286
-260
-205
-184
-166
-100
4
76
77
52
81
204
371
495
528
503
499
566
662
703
670
639
688
792
861
853
823
846
899
891
777
627
541
539
541
468
338
240
217
216
179
143
164
199
153
20
-96
-109
-40
22
39
17
-17
-61
-119
-187
-257
-317
-347
-335
-298
-285
-326
-380
-372
-294
-224
-220
-242
-221
-170
-160
-205
-241
-229
-210
-227
-259
-236
-152
-73
-61
-81
-51
33
93
91
83
130
207
244
231
203
188
175
177
212
248
246
208
196
208
204
187
228
341
429
397
276
182
157
146
92
25
13
56
100
99
63
25
5
0
-2
-10
-41
-109
-204
-275
-284
-273
-330
-487
-661
-744
-720
-673
-670
-685
-664
-623
-626
-683
-735
-725
-665
-600
-562
-542
-515
-469
-456
-513
-605
-656
-647
-642
-670
-676
-578
-388
-215
-147
-155
-119
19
182
265
279
303
366
410
390
333
307
346
430
515
576
624
662
665
600
492
416
406
419
383
316
292
346
420
447
447
480
555
606
583
518
508
608
759
818
711
522
397
370
339
226
80
17
59
123
119
86
125
239
279
154
-17
-39
95
188
111
-49
-139
-148
-180
-274
-357
-352
-297
-290
-348
-373
-290
-148
-58
-53
-56
4
98
142
119
110
172
251
235
129
70
139
237
194
6
-150
-156
-97
-146
-311
-432
-397
-294
-279
-362
-407
-358
-290
-289
-327
-330
-291
-268
-283
-312
-319
-317
-332
-367
-391
-379
-354
-353
-389
-426
-435
-402
-344
-278
-209
-126
-29
66
141
188
206
196
159
97
12
-67
-99
-80
-71
-120
-198
-224
-165
-64
44
160
283
381
440
474
493
498
491
492
489
457
382
284
207
168
158
139
101
56
14
-19
-46
-62
-102
-180
-259
-264
-185
-100
-76
-101
-116
-110
-108
-141
-194
-229
-242
-251
-276
-307
-337
-363
-388
-395
-349
-254
-168
-137
-135
-119
-99
-121
-193
-251
-236
-150
-59
-6
31
118
260
377
401
377
410
508
561
488
349
280
313
330
254
159
195
