-72
-43
-75
-138
-180
-165
-89
16
100
139
150
169
212
256
265
233
194
171
166
160
162
177
194
184
140
84
43
33
71
155
267
364
390
325
205
108
83
130
222
309
340
286
181
107
124
234
374
478
496
435
339
245
156
68
9
9
53
69
-5
-145
-278
-329
-289
-180
-25
152
309
388
359
243
115
47
51
74
55
2
-38
-30
18
85
158
231
310
377
408
401
378
345
277
169
60
-11
-32
-35
-76
-178
-294
-334
-269
-141
-12
91
146
142
79
0
-52
-39
59
199
295
276
148
-34
-212
-328
-331
-236
-132
-93
-137
-220
-282
-281
-243
-227
-270
-330
-352
-324
-274
-236
-208
-171
-113
-58
-45
-103
-207
-313
-366
-348
-283
-218
-190
-207
-254
-312
-355
-368
-345
-295
-235
-180
-148
-132
-108
-47
32
85
87
55
19
-16
-60
-100
-119
-100
-74
-83
-133
-204
-277
-330
-341
-297
-242
-229
-268
-317
-330
-313
-303
-332
-378
-414
-427
-425
-398
-328
-196
-32
109
174
149
79
36
58
119
178
247
355
477
541
520
468
432
404
378
366
376
394
401
403
393
347
271
203
190
258
389
535
632
672
692
724
744
709
606
462
314
186
84
13
-10
20
81
139
200
282
391
506
587
611
583
543
519
500
461
388
279
116
-100
-311
-422
-409
-348
-323
-333
-309
-209
-72
39
90
80
27
-48
-118
-147
-126
-84
-73
-120
-214
-312
-373
-348
-237
-100
-31
-70
-187
-311
-392
-433
-461
-499
-546
-580
-577
-527
-444
-352
-267
-199
-162
-165
-203
-260
-319
-374
-426
-467
-506
-540
-548
-514
-458
-433
-433
-404
-305
-169
-58
-5
-10
-49
-106
-163
-227
-299
-358
-387
-396
-405
-398
-343
-240
-147
-100
-55
56
244
455
625
711
692
585
442
336
299
317
351
345
280
182
116
111
136
168
214
282
327
299
216
148
140
170
207
251
294
310
283
244
235
265
334
419
489
500
441
337
232
168
180
252
321
331
284
217
130
47
12
66
173
259
279
229
121
-7
-101
-128
-119
-108
-93
-40
72
212
329
376
343
264
204
199
239
268
225
79
-142
-340
-440
-428
-354
-263
-194
-169
-195
-254
-291
-256
-149
-42
-2
-37
-99
-149
-187
-231
-275
-291
-254
-189
-145
-134
-129
-91
-40
-19
-52
-120
-194
-254
-295
-314
-298
-241
-147
-50
-6
-36
-107
-157
-173
-169
-157
-137
-121
-144
-211
-279
-282
-203
-85
-8
-7
-58
-98
-78
5
113
192
213
183
135
93
50
7
-20
-22
-17
-15
-9
-25
-80
-163
-207
-183
-121
-64
-47
-78
-133
-164
-148
-112
-86
-84
-96
-119
-135
-135
-108
-76
-74
-97
-98
-39
62
145
176
159
111
57
18
17
44
68
50
-35
-186
-361
-486
-498
-397
-242
-115
-73
-111
-168
-190
-160
-98
-29
21
45
67
111
173
224
255
272
270
248
209
159
93
0
-117
-218
-266
-233
-151
-63
-1
39
97
200
343
477
555
579
604
670
761
822
810
740
649
578
543
550
581
612
608
571
520
476
443
411
366
320
297
303
293
217
95
-19
-97
-154
-197
-226
-230
-212
-182
-164
-176
-186
-134
-18
90
123
91
55
37
25
-7
-56
-120
-192
-262
-326
-383
-438
-486
-517
-512
-459
-366
-266
-192
-141
-89
-44
-36
-76
-135
-169
-153
-96
-50
-51
-99
-154
-214
-294
-388
-466
-517
-532
-502
-441
-387
-371
-373
-352
-284
-190
-123
-143
-265
-427
-551
-601
-592
-564
-536
-490
-434
-406
-435
-494
-531
-533
-513
-487
-442
-382
-320
-263
-185
-54
123
286
382
404
389
373
369
364
327
262
212
242
363
531
674
748
744
669
545
417
341
330
344
356
365
373
377
404
490
627
749
799
766
677
562
444
349
279
229
197
195
211
196
105
-30
-152
-205
-166
-29
165
322
370
301
183
76
-11
-104
-228
-361
-444
-446
-390
-345
-330
-317
-274
-222
-173
-110
-20
76
127
109
17
-108
-214
-253
-240
-203
-152
-72
34
132
204
261
321
365
368
337
298
269
240
215
193
165
109
24
-62
-137
-189
-203
-161
-82
-17
5
-30
-119
-242
-334
-327
-226
-122
-108
-175
-245
-243
-173
-85
-1
98
207
279
265
175
50
-85
-219
-348
-456
-545
-618
-680
-718
-699
-603
-457
-335
-290
-309
-334
-319
-259
-166
-62
34
106
153
172
144
84
20
-10
-1
30
56
50
12
-27
-47
-51
-86
-141
-175
-147
-88
-49
-44
-65
-83
-81
-39
23
78
103
85
1
-143
-282
-329
-248
-93
41
91
61
7
-3
41
99
124
122
126
143
144
115
81
66
73
84
96
104
97
80
81
124
193
273
355
442
502
507
451
366
281
215
183
175
154
93
7
-66
-115
-135
-125
-107
-115
-172
-252
-314
-320
-251
-131
-14
50
49
15
-12
-14
1
25
57
109
160
174
135
98
108
164
210
218
208
222
269
319
326
274
185
104
55
54
107
202
296
330
291
215
170
189
250
296
285
253
242
271
298
297
277
251
211
129
14
-100
-163
-164
-121
-80
-86
-154
-254
-334
-384
-432
-505
-577
-586
-508
-395
-337
-364
-409
-369
-207
0
147
192
183
169
147
91
20
-19
-23
-31
-84
-157
-205
-207
-178
-143
-89
-3
90
158
203
255
312
340
331
298
248
180
105
45
9
-15
-34
-71
-119
-165
-175
-141
-91
-51
-39
-57
-119
-210
-294
-337
-341
-346
-389
-489
-591
-621
-541
-401
-282
-211
-166
-129
-114
-120
-106
-41
62
144
146
46
-119
-276
-360
-332
-214
-83
-23
-42
-84
-101
-92
-55
25
149
281
373
403
393
380
383
383
363
333
324
339
338
279
140
-41
-192
-246
-201
-119
-54
-13
21
34
3
-52
-73
-20
74
128
103
43
25
84
191
301
377
411
418
407
352
173
-186
-595
-721
-331
340
705
419
-219
-578
-344
187
481
331
-58
-419
-653
-698
-497
-144
119
105
-157
-440
-496
-256
89
276
233
108
73
148
256
332
352
306
188
38
-76
-74
56
219
254
99
-141
-268
-192
19
223
325
312
226
132
82
97
145
171
123
-1
-126
-159
-54
99
174
120
13
-59
-82
-73
-39
29
103
138
112
77
79
92
43
-74
-169
-182
-121
-18
102
198
234
202
120
20
-52
-46
37
133
163
109
18
-45
-73
-110
-171
-241
-290
-330
-369
-399
-398
-361
-299
-236
-207
-229
-278
-304
-268
-153
-8
96
108
56
16
35
119
215
256
220
170
181
261
345
354
262
126
34
12
10
-12
-31
-39
-59
-110
-149
-138
-90
-73
-152
-324
-503
-600
-608
-579
-528
-438
-325
-244
-233
-274
-327
-349
-318
-243
-167
-123
-103
-77
-43
0
64
140
199
204
167
121
107
129
187
269
340
348
277
191
142
137
160
225
326
416
441
400
355
358
398
402
311
161
53
66
190
329
379
325
234
182
164
138
79
17
1
56
154
221
216
159
103
75
67
79
117
177
214
174
71
-20
-42
-13
0
-36
-78
-79
-47
-6
43
137
272
380
376
245
50
-115
-208
-262
-299
-320
-326
-373
-464
-508
-412
-210
-20
115
227
331
390
389
360
322
261
167
53
-53
-127
-173
-212
-270
-340
-406
-435
-393
-282
-152
-54
-18
-35
-89
-146
-175
-155
-86
-17
-4
-69
-170
-260
-329
-384
-423
-428
-397
-348
-319
-322
-311
-230
-87
53
118
87
-15
-124
-182
-178
-148
-136
-164
-236
-324
-375
-359
-302
-252
-234
-245
-261
-261
-223
-159
-94
-65
-106
-221
-349
-396
-336
-211
-87
7
75
118
151
182
209
213
179
131
97
83
87
105
139
167
171
153
150
173
218
261
290
299
318
365
405
400
340
267
201
148
104
61
28
40
127
237
284
265
262
332
434
502
530
548
581
631
685
712
675
565
393
206
52
-4
30
83
85
35
19
96
248
379
435
422
368
286
209
161
128
56
-65
-190
-292
-381
-472
-547
-568
-508
-393
-304
-286
-319
-345
-332
-255
-120
3
22
-68
-178
-245
-275
-286
-253
-177
-113
-117
-171
-201
-168
-83
-4
14
-57
-177
-272
-328
-400
-506
-571
-535
-448
-397
-395
-374
-286
-143
9
134
205
217
179
125
74
29
-37
-122
-203
-253
-266
-258
-213
-122
3
98
122
123
185
303
356
258
79
-39
-36
18
28
-19
-57
-29
28
34
-21
-46
29
158
259
299
315
318
280
183
70
13
-10
-155
-542
-971
-1008
-480
172
294
-189
-591
-211
853
1759
1821
1173
512
370
708
1113
1186
802
161
-396
-656
-642
-521
-452
-532
-770
-1062
-1207
-1030
-549
-24
262
279
257
442
833
1201
1293
1050
631
249
19
-90
-181
-329
-558
-807
-971
-960
-790
-583
-444
-364
-263
-98
85
234
333
390
378
269
102
-23
-38
7
-15
-187
-439
-598
-537
-302
-75
-8
-96
-177
-112
83
228
187
25
-66
36
252
423
444
341
198
106
93
126
165
197
252
336
398
381
294
205
147
95
3
-106
-167
-134
-29
53
-3
-304
-814
-1258
-1321
-984
-594
-468
-521
-447
-129
205
312
255
295
506
670
549
194
-110
-100
214
502
399
-73
-455
-369
35
285
175
-5
155
749
1480
1976
2093
1995
1948
2077
2269
2294
2042
1608
1189
894
665
366
-45
-507
-953
-1374
-1779
-2086
-2199
-2135
-2076
-2148
-2262
-2227
-2008
-1781
-1702
-1748
-1752
-1632
-1451
-1330
-1269
-1158
-944
-698
-494
-327
-190
-122
-116
-68
80
226
213
25
-185
-274
-284
-369
-533
-570
-302
165
555
733
841
1084
1472
1797
1873
1751
1686
1844
2027
1877
1332
832
847
1292
1571
1278
660
294
385
616
615
395
196
53
-207
-647
-1077
-1340
-1491
-1650
-1772
-1720
-1469
-1154
-927
-770
-571
-356
-322
-546
-773
-686
-317
-30
-107
-459
-755
-777
-620
-582
-816
-1176
-1357
-1221
-902
-629
-495
-360
-32
509
1038
1346
1505
1795
2342
2935
3282
3364
3421
3622
3890
4063
4122
4144
4113
3908
3470
2918
2450
2200
2090
1750
663
-1311
-3504
-4806
-4720
-4003
-3974
-5142
-6618
-7021
-5890
-4077
-2835
-2642
-2913
-2677
-1489
238
1699
2450
2677
2837
3149
3530
3759
3617
2923
1667
127
-1257
-2214
-2866
-3514
-4254
-4854
-5070
-4963
-4773
-4565
-4122
-3241
-2058
-959
-174
470
1304
2377
3335
3787
3769
3695
3895
4240
4354
4069
3632
3405
3474
3572
3395
3012
2783
2921
3247
3438
3452
3468
3573
3641
3546
3347
3120
2692
1736
241
-1240
-2058
-2186
-2345
-3278
-4936
-6451
-6996
-6606
-6107
-6191
-6704
-6878
-6165
-4751
-3269
-2148
-1296
-325
946
2308
3405
4078
4403
4461
4263
3820
3204
2445
1499
354
-857
-1911
-2681
-3259
-3819
-4419
-4933
-5183
-5094
-4721
-4209
-3692
-3195
-2618
-1822
-759
445
1530
2293
2756
3173
3751
4427
4941
5139
5139
5159
5239
5222
4996
4679
4494
4517
4579
4463
4146
3857
3827
3979
3947
3402
2380
1263
439
-59
-567
-1474
-2801
-4150
-5031
-5302
-5291
-5468
-5975
-6463
-6481
-5942
-5169
-4502
-3948
-3219
-2091
-709
549
1471
2206
2964
3707
4222
4387
4273
3976
3523
2877
2058
1167
284
-605
-1571
-2590
-3544
-4293
-4761
-4991
-5110
-5197
-5145
-4785
-4123
-3369
-2720
-2151
-1469
-529
620
1767
2689
3312
3752
4197
4759
5359
5807
5946
5827
5711
5830
6135
6292
6014
5361
4658
4160
3828
3444
2857
2069
1129
71
-999
-1923
-2633
-3267
-4045
-4998
-5895
-6435
-6525
-6381
-6303
-6404
-6489
-6271
-5655
-4816
-4017
-3367
-2803
-2165
-1347
-350
724
1724
2544
3130
3474
3588
3512
3285
2917
2399
1759
1035
240
-613
-1456
-2204
-2803
-3283
-3708
-4091
-4359
-4402
-4214
-3892
-3547
-3204
-2765
-2114
-1217
-217
688
1411
2034
2698
3432
4155
4739
5152
5479
5828
6203
6478
6509
6261
5866
5546
5386
5222
4773
3949
2967
2147
1630
1241
682
-171
-1131
-1917
-2417
-2748
-3069
-3432
-3778
-3990
-3998
-3837
-3645
-3554
-3587
-3635
-3522
-3139
-2561
-1997
-1630
-1420
-1138
-616
54
605
875
985
1194
1569
1860
1785
1369
929
691
534
137
-622
-1485
-2085
-2345
-2525
-2885
-3360
-3651
-3536
-3092
-2593
-2236
-1977
-1647
-1175
-636
-121
336
734
1046
1268
1490
1845
2355
2855
3171
3305
3449
3728
4057
4212
4077
3770
3506
3382
3294
3082
2680
2170
1692
1324
997
574
-17
-681
-1216
-1486
-1549
-1600
-1755
-1946
-2029
-1942
-1745
-1526
-1329
-1140
-932
-704
-501
-364
-336
-468
-780
-1176
-1457
-1498
-1390
-1382
-1639
-2058
-2326
-2220
-1826
-1455
-1329
-1424
-1557
-1598
-1565
-1519
-1441
-1276
-1065
-943
-946
-934
-751
-441
-221
-213
-331
-371
-243
-43
37
-139
-514
-878
-994
-808
-495
-319
-378
-516
-462
-99
462
1010
1423
1745
2090
2493
2837
2986
2929
2815
2795
2883
2948
2841
2546
2191
1928
1790
1682
1512
1300
1167
1215
1373
1416
1173
746
419
373
500
537
306
-137
-587
-876
-1015
-1117
-1254
-1380
-1436
-1445
-1481
-1556
-1598
-1574
-1570
-1691
-1856
-1850
-1554
-1137
-877
-839
-810
-559
-129
250
444
515
583
655
649
531
379
303
315
291
106
-255
-651
-908
-933
-812
-703
-687
-713
-685
-549
-297
33
360
596
706
744
778
845
919
966
984
990
1019
1085
1185
1287
1343
1338
1285
1215
1154
1139
1170
1175
1056
772
382
-27
-394
-708
-999
-1321
-1703
-2085
-2375
-2544
-2648
-2710
-2709
-2659
-2670
-2805
-2934
-2843
-2474
-2044
-1798
-1734
-1599
-1196
-613
-125
105
179
326
664
1113
1529
1863
2157
2430
2616
2639
2505
2290
2072
1863
1606
1255
846
476
217
79
34
51
98
159
214
246
245
238
253
263
235
197
218
298
348
306
243
312
577
948
1257
1424
1519
1639
1792
1888
1834
1593
1172
639
103
-329
-647
-944
-1335
-1840
-2329
-2634
-2677
-2560
-2478
-2561
-2733
-2759
-2497
-2094
-1864
-1975
-2271
-2450
-2361
-2099
-1837
-1634
-1435
-1168
-846
-515
-185
222
771
1384
1890
2188
2308
2317
2255
2176
2120
2091
2036
1918
1759
1613
1529
1489
1439
1348
1242
1159
1097
1024
924
784
612
451
356
334
341
335
329
388
567
822
1035
1128
1149
1196
1305
1430
1473
1365
1092
736
435
276
205
49
-308
-789
-1191
-1387
-1449
-1539
-1741
-1994
-2154
-2150
-2041
-1969
-2014
-2137
-2244
-2291
-2290
-2231
-2095
-1909
-1788
-1797
-1866
-1843
-1643
-1310
-976
-746
-622
-491
-236
174
671
1131
1487
1737
1935
2115
2267
2342
2281
2068
1742
1368
1006
676
391
159
-1
-89
-132
-171
-205
-205
-162
-91
-1
119
266
414
563
750
994
1250
1426
1449
1342
1185
1059
970
873
699
416
44
-319
-574
-720
-865
-1094
-1345
-1480
-1436
-1287
-1155
-1106
-1119
-1113
-1038
-942
-917
-970
-1016
-985
-924
-927
-1037
-1193
-1297
-1309
-1285
-1315
-1395
-1425
-1312
-1059
-756
-482
-271
-69
202
562
939
1202
1264
1149
999
935
971
1028
1034
955
814
668
573
514
430
303
201
182
234
307
381
463
556
677
853
1090
1344
1552
1686
1749
1755
1742
1754
1799
1842
1816
1690
1477
1226
984
781
597
395
159
-70
-251
-365
-427
-462
-515
-646
-857
-1066
-1165
-1159
-1163
-1278
-1487
-1671
-1744
-1699
-1597
-1517
-1506
-1525
-1474
-1288
-1026
-784
-614
-497
-387
-274
-186
-169
-213
-271
-306
-299
-253
-179
-128
-134
-182
-232
-246
-203
-82
86
220
258
183
49
-62
-79
-3
101
183
258
374
544
719
844
944
1072
1244
1378
1389
1305
1218
1204
1238
1254
1201
1080
902
672
409
174
31
-6
4
-16
-106
-229
-317
-344
-344
-391
-530
-750
-965
-1074
-1032
-904
-798
-774
-807
-841
-841
-806
-742
-644
-547
-506
-557
-652
-706
-661
-547
-469
-499
-604
-681
-676
-621
-561
-490
-362
-175
34
217
340
384
358
312
304
369
487
582
596
513
395
320
342
443
549
617
690
825
985
1060
1002
880
816
849
901
856
682
457
263
114
-5
-92
-153
-197
-226
-232
-236
-256
-297
-347
-404
-452
-465
-439
-387
-314
-227
-153
-111
-96
-95
-100
-87
-40
15
33
16
31
130
276
371
328
158
-24
-99
-36
79
131
64
-52
-80
53
282
457
500
438
388
436
573
682
631
389
64
-188
-299
-341
-441
-627
-799
-822
-675
-471
-352
-373
-463
-520
-504
-452
-404
-354
-290
-222
-175
-157
-159
-184
-237
-330
-435
-508
-516
-470
-417
-382
-382
-396
-381
-274
-57
224
484
658
723
708
700
787
1005
1285
1504
1558
1439
1221
980
758
564
403
273
167
62
-74
-267
-502
-720
-850
-837
-676
-470
-364
-419
-537
-565
-441
-239
-83
-69
-200
-383
-499
-506
-464
-468
-543
-623
-630
-556
-461
-393
-364
-342
-301
-211
-62
129
323
472
537
514
452
436
513
638
720
698
593
454
324
210
110
9
-93
-182
-245
-282
-322
-378
-446
-500
-521
-515
-505
-511
-522
-498
-403
-261
-172
-241
-465
-722
-886
-937
-956
-1030
-1172
-1308
-1320
-1165
-922
-727
-626
-560
-459
-285
-25
325
704
1005
1159
1177
1150
1162
1247
1362
1420
1377
1272
1192
1184
1239
1332
1421
1480
1494
1477
1479
1517
1561
1545
1435
1275
1144
1078
1033
947
811
678
590
563
575
571
475
266
3
-222
-372
-474
-575
-701
-868
-1034
-1120
-1089
-1000
-939
-906
-858
-774
-693
-651
-647
-651
-645
-643
-674
-759
-893
-1067
-1261
-1430
-1535
-1567
-1554
-1546
-1576
-1637
-1680
-1638
-1476
-1220
-946
-718
-545
-378
-180
48
289
522
715
835
891
950
1069
1233
1349
1332
1190
1000
866
821
833
817
725
582
472
467
559
668
691
597
449
345
314
305
263
181
87
-3
-76
-129
-207
-357
-568
-749
-836
-853
-857
-873
-873
-854
-832
-842
-874
-883
-825
-696
-551
-451
-397
-320
-185
-13
137
267
390
487
519
490
446
410
379
357
398
540
749
924
973
909
812
766
780
784
697
506
305
201
198
182
49
-195
-433
-540
-510
-436
-426
-490
-574
-616
-603
-572
-581
-667
-803
-922
-952
-878
-761
-695
-739
-859
-978
-1039
-1050
-1033
-985
-892
-748
-574
-370
-147
97
344
585
820
1053
1285
1532
1806
2101
2349
2468
2442
2327
2229
2211
2256
2282
2242
2186
2184
2243
2283
2216
2011
1713
1406
1157
958
743
471
184
-47
-226
-417
-656
-896
-1078
-1193
-1297
-1452
-1680
-1938
-2142
-2238
-2252
-2257
-2306
-2385
-2418
-2351
-2190
-2006
-1879
-1865
-1956
-2088
-2175
-2177
-2128
-2096
-2130
-2195
-2215
-2133
-1985
-1836
-1689
-1473
-1157
-810
-549
-399
-281
-87
218
565
868
1100
1310
1571
1888
2202
2453
2632
2761
2847
2892
2904
2887
2852
2790
2701
2589
2492
2451
2447
2408
2272
2055
1840
1673
1511
1277
970
647
353
62
-266
-633
-987
-1291
-1555
-1818
-2082
-2294
-2442
-2559
-2689
-2834
-2963
-3050
-3073
-3024
-2903
-2719
-2490
-2242
-2004
-1787
-1570
-1336
-1085
-840
-627
-447
-278
-109
48
194
360
582
840
1076
1242
1337
1403
1485
1606
1730
1807
1820
1806
1815
1866
1918
1893
1754
1560
1409
1338
1296
1215
1078
916
761
621
508
431
391
368
337
282
198
89
-25
-109
-140
-135
-132
-159
-193
-187
-114
23
172
269
261
166
33
-106
-252
-403
-531
-601
-598
-525
-408
-285
-173
-77
17
88
117
109
107
164
264
321
275
154
60
40
56
46
1
-45
-71
-86
-114
-161
-239
-365
-532
-685
-768
-775
-752
-740
-776
-866
-972
-1042
-1043
-1004
-971
-966
-974
-962
-907
-834
-811
-869
-968
-1035
-1035
-978
-902
-848
-814
-733
-554
-316
-115
14
118
264
463
671
821
864
827
787
813
883
914
878
806
752
713
641
510
353
238
198
207
209
162
77
-3
-54
-86
-124
-171
-197
-181
-127
-68
-35
-25
12
116
257
343
300
146
-17
-117
-153
-192
-285
-416
-519
-548
-524
-501
-486
-459
-402
-335
-264
-153
30
277
537
775
990
1180
1321
1387
1394
1362
1280
1145
992
897
892
932
934
851
714
593
537
517
457
325
186
122
152
201
195
122
23
-36
-35
10
50
73
72
42
-23
-93
-116
-106
-119
-184
-281
-384
-502
-648
-820
-1026
-1254
-1463
-1600
-1636
-1593
-1499
-1378
-1240
-1091
-952
-829
-727
-643
-564
-482
-391
-285
-164
-33
78
156
238
352
483
575
619
634
651
676
715
748
748
688
576
455
378
375
414
423
345
189
13
-132
-228
-301
-383
-494
-635
-786
-902
-941
-886
-768
-627
-464
-257
-1
264
478
601
632
612
582
555
492
361
162
-47
-178
-205
-176
-166
-166
-107
52
267
436
500
477
455
506
634
777
852
843
796
762
738
696
629
567
554
572
559
457
297
156
75
32
-29
-145
-296
-428
-507
-563
-638
-744
-858
-944
-989
-1014
-1078
-1208
-1359
-1454
-1463
-1421
-1394
-1423
-1504
-1581
-1602
-1541
-1421
-1267
-1088
-880
-629
-353
-79
161
348
506
669
867
1087
1279
1376
1352
1231
1072
929
822
723
594
443
318
258
256
282
329
399
478
536
564
573
566
548
546
597
687
759
778
751
711
686
682
679
654
586
476
377
360
451
558
551
355
24
-329
-618
-794
-848
-746
-503
-169
159
431
661
887
1113
1260
1232
977
551
61
-361
-624
-658
-499
-238
-24
37
-91
-341
-549
-613
-552
-503
-521
-538
-410
-98
275
515
489
243
-88
-337
-421
-322
-123
79
207
260
281
308
323
257
96
-112
-268
-348
-363
-334
-226
-19
264
546
741
772
596
235
-214
-632
-963
-1201
-1365
-1427
-1362
-1178
-974
-876
-971
-1235
-1574
-1903
-2165
-2378
-2510
-2571
-2490
-2279
-1947
-1567
-1186
-792
-422
-69
164
313
320
276
223
236
347
502
719
888
1015
1001
925
790
681
589
509
447
387
406
451
516
476
402
351
418
528
597
618
651
770
912
1072
1190
1302
1336
1295
1221
1187
1251
1383
1530
1632
1676
1653
1583
1414
1172
903
697
568
445
256
3
-214
-261
-105
163
363
427
349
243
134
61
-11
-115
-248
-385
-443
-432
-384
-442
-598
-848
-1037
-1140
-1128
-1054
-979
-953
-1015
-1139
-1329
-1497
-1582
-1503
-1318
-1112
-990
-967
-1047
-1125
-1147
-1037
-905
-799
-784
-714
-527
-157
235
452
334
-18
-332
-373
-127
183
442
518
569
561
705
927
1225
1246
1008
541
216
159
400
828
1157
1328
1198
1047
868
868
888
962
936
763
476
154
100
303
747
1030
1054
738
317
-4
-25
234
457
517
364
411
527
695
521
187
-208
-465
-519
-485
-262
-92
102
61
-48
-226
-341
-393
-497
-597
-864
-1094
-1260
-1173
-921
-750
-704
-922
-1075
-1199
-1100
-1006
-982
-1036
-1184
-1261
-1383
-1297
-1157
-949
-936
-1089
-1213
-1167
-851
-608
-512
-674
-702
-519
-107
185
252
276
453
1003
1512
1856
1699
1500
1391
1648
2043
2346
2461
2206
1813
1228
885
745
921
1034
909
507
62
-202
-341
-477
-772
-1130
-1446
-1534
-1512
-1512
-1741
-2020
-2204
-2153
-1975
-1760
-1571
-1450
-1351
-1241
-1072
-926
-907
-1034
-1115
-943
-429
109
457
441
267
116
141
349
557
729
787
811
716
625
659
828
1040
1103
1238
1407
1695
1881
2044
2230
2429
2658
2775
2884
2802
2730
2555
2610
2710
2918
2914
2762
2510
2237
2043
1814
1723
1494
1273
835
436
6
-316
-491
-619
-683
-864
-1028
-1287
-1540
-1786
-1951
-2066
-2197
-2339
-2473
-2593
-2728
-2959
-3210
-3318
-3172
-2824
-2642
-2659
-2938
-3080
-3116
-2887
-2652
-2435
-2298
-2157
-1917
-1748
-1604
-1566
-1368
-1098
-698
-332
19
273
535
827
1191
1427
1531
1478
1461
1451
1440
1450
1486
1578
1487
1289
1010
1048
1268
1645
1722
1547
1183
865
725
566
460
195
97
-89
-145
-426
-540
-650
-462
-309
-184
-214
-363
-382
-414
-89
86
443
436
535
345
188
-29
-73
142
282
476
325
248
-24
-39
8
194
273
244
245
232
372
538
850
1100
1230
1271
1228
1269
1266
1281
1208
1060
973
897
1059
1092
1229
1088
1004
722
536
455
491
529
259
-66
-425
-478
-563
-690
-936
-1045
-1033
-982
-1050
-1151
-1240
-1152
-929
-683
-613
-803
-981
-1042
-847
-711
-666
-803
-969
-1017
-1016
-874
-896
-878
-962
-883
-771
-610
-368
-218
-60
-198
-283
-440
-284
-35
300
368
171
-72
-130
182
496
755
702
642
523
535
511
533
546
619
681
599
406
212
174
315
442
504
422
332
251
201
153
35
-16
-86
13
20
26
-171
-379
-520
-482
-346
-245
-131
-19
148
174
151
78
138
209
303
256
197
96
128
268
451
522
349
109
-117
-111
-85
-21
-100
-129
-205
-222
-276
-264
-235
-216
-295
-498
-691
-760
-558
-336
-208
-393
-599
-708
-609
-476
-418
-385
-345
-243
-180
-175
-188
-130
-1
143
193
109
-157
-368
-380
-117
214
425
496
411
331
244
216
174
37
-140
-213
121
723
1285
1349
986
551
434
727
1039
1174
1027
943
987
1110
1043
706
306
103
179
223
45
-320
-584
-655
-695
-825
-1015
-1026
-803
-505
-335
-378
-522
-655
-739
-710
-581
-334
-174
-123
-249
-340
-343
-182
-12
-11
-159
-296
-164
94
310
219
36
-158
-159
-63
199
476
633
495
155
-152
-238
-17
253
439
309
112
-36
54
125
53
-218
-393
-328
-91
108
136
165
215
288
166
-128
-536
-798
-819
-623
-417
-414
-547
-761
-803
-752
-589
-518
-541
-598
-611
-492
-416
-325
-305
-195
-135
-126
-132
3
362
742
1034
1165
1211
1222
1157
1113
1109
1273
1494
1617
1526
1225
957
812
886
1073
1232
1331
1284
1262
1262
1325
1333
1194
991
752
580
338
112
-33
39
269
444
481
310
175
29
-38
-208
-359
-581
-795
-1000
-1146
-1205
-1386
-1595
-1882
-1956
-1930
-1810
-1840
-1973
-2159
-2223
-2153
-2005
-1805
-1592
-1329
-1174
-1148
-1274
-1383
-1435
-1418
-1386
-1288
-1106
-906
-897
-1037
-1169
-1042
-770
-540
-426
-400
-235
-55
211
290
408
515
776
931
975
914
916
1047
1183
1394
1509
1722
1749
1761
1536
1327
1101
1039
1155
1350
1567
1564
1489
1253
1139
1080
1240
1387
1457
1303
1023
760
536
419
302
278
204
152
49
-41
-159
-274
-243
-121
90
148
111
-114
-362
-609
-641
-517
-285
-118
-82
-177
-355
-445
-399
-294
-412
-724
-1031
-1008
-751
-523
-529
-665
-678
-457
-136
140
270
398
455
506
445
443
499
641
739
676
587
457
515
534
633
619
656
657
665
574
363
129
-66
-162
-292
-461
-710
-920
-1107
-1108
-1028
-870
-921
-1044
-1286
-1394
-1438
-1345
-1295
-1368
-1464
-1547
-1411
-1356
-1195
-1237
-1118
-1100
-886
-745
-611
-525
-519
-311
-100
363
568
723
595
588
658
860
1067
1118
1092
1004
1067
1195
1367
1474
1588
1667
1681
1656
1583
1582
1442
1267
952
812
784
963
1105
1103
925
616
433
314
345
276
189
-87
-296
-581
-684
-866
-895
-964
-950
-1084
-1382
-1660
-1826
-1634
-1514
-1352
-1443
-1370
-1344
-1214
-1209
-1103
-900
-660
-560
-714
-774
-732
-400
-190
19
48
60
-32
-96
18
193
423
471
530
509
531
530
583
626
681
750
911
1056
1072
954
793
723
690
711
750
850
888
790
456
117
-66
51
206
250
53
-219
-490
-649
-718
-755
-782
-911
-1066
-1334
-1540
-1636
-1450
-1124
-928
-995
-1184
-1199
-1048
-812
-667
-470
-259
63
290
478
607
875
1172
1389
1389
1281
1283
1436
1706
1850
1870
1819
1890
2054
2192
2146
1960
1733
1625
1553
1547
1512
1560
1588
1558
1434
1275
1155
961
701
351
187
186
323
308
32
-423
-863
-1043
-1085
-1121
-1347
-1670
-2022
-2263
-2400
-2503
-2614
-2780
-2831
-2881
-2813
-2848
-2808
-2810
-2713
-2581
-2423
-2215
-2135
-2003
-1993
-1744
-1588
-1213
-970
-661
-542
-501
-397
-272
102
348
752
846
1006
928
942
926
990
1166
1250
1353
1212
1206
1127
1356
1539
1839
1895
1779
1494
1172
1099
1079
1190
1036
1013
955
1111
1038
887
654
609
689
707
586
281
110
-21
132
129
198
-49
-159
-299
-208
-130
-157
-269
-474
-466
-458
-233
-148
25
-33
-77
-213
-209
-70
192
449
509
466
397
576
844
1116
1097
931
694
629
608
628
524
401
288
231
260
255
285
162
113
12
95
67
45
-148
-287
-381
-309
-166
-107
-159
-361
-418
-496
-437
-518
-422
-367
-306
-455
-752
-951
-1077
-990
-968
-930
-970
-955
-928
-931
-997
-1158
-1290
-1408
-1410
-1405
-1405
-1332
-1102
-718
-436
-335
-425
-365
-142
314
629
718
573
414
496
731
1100
1273
1327
1183
1166
1206
1383
1427
1363
1102
744
467
288
329
210
107
-173
-230
-310
-342
-617
-1019
-1352
-1468
-1250
-1030
-870
-1029
-1114
-1141
-838
-687
-597
-737
-729
-541
-221
78
129
152
44
137
121
279
294
371
310
252
185
185
253
310
417
443
580
627
840
962
1089
1073
1085
1115
1111
1058
1012
1050
998
845
596
454
362
260
89
-31
-94
-147
-212
-290
-269
-322
-430
-697
-860
-794
-537
-338
-390
-492
-443
-156
53
37
-216
-413
-435
-324
-231
-235
-240
-258
-246
-307
-342
-274
-137
28
-22
-47
-157
-107
-105
-64
-12
8
178
270
498
471
424
224
208
346
552
701
694
751
778
792
653
590
676
910
1081
1132
1079
997
890
782
704
732
795
835
652
271
-243
-624
-786
-789
-778
-835
-901
-1111
-1301
-1538
-1536
-1524
-1426
-1350
-1132
-904
-721
-708
-810
-906
-966
-838
-706
-488
-401
-285
-261
-127
-47
-3
-96
-211
-169
-51
181
283
389
372
423
461
549
592
593
567
454
312
125
87
120
279
375
423
321
165
30
-40
-22
-13
41
-11
-146
-381
-506
-436
-161
111
224
73
-189
-419
-509
-441
-299
-113
-136
-254
-483
-459
-400
-268
-319
-374
-423
-439
-374
-317
-123
24
253
342
447
403
478
512
659
672
666
590
600
719
856
922
721
464
219
322
523
746
707
552
400
411
555
650
576
278
-41
-228
-159
111
309
357
110
-85
-262
-191
-124
-29
13
36
116
72
72
-83
-175
-380
-422
-418
-253
-155
-133
-250
-393
-419
-278
-12
194
230
104
12
58
254
356
301
114
58
218
515
694
672
449
216
13
-27
-50
9
-65
-133
-317
-457
-572
-609
-575
-686
-837
-1090
-1071
-1010
-839
-972
-1117
-1339
-1283
-1199
-1144
-1233
-1371
-1319
-1316
-1204
-1253
-945
-716
-402
-463
-512
-504
-338
-46
103
277
249
377
430
672
787
945
1036
1216
1368
1310
1061
753
823
1178
1727
1984
1982
1752
1645
1735
1891
1957
1791
1631
1523
1630
1759
1819
1649
1421
1214
1034
742
314
40
-98
-40
-200
-440
-814
-1030
-1092
-1054
-1091
-1386
-1786
-2125
-2182
-2088
-1982
-2016
-2129
-2182
-2175
-2068
-2060
-2083
-2163
-2115
-1884
-1595
-1326
-1281
-1239
-1263
-1083
-999
-831
-695
-375
-2
250
348
263
304
379
644
784
989
1072
1230
1251
1202
1068
1029
1167
1379
1587
1580
1511
1280
1210
1172
1348
1376
1362
1184
1104
1096
1253
1472
1655
1652
1439
1156
939
902
975
1071
1031
853
538
233
16
-84
-161
-342
-553
-729
-781
-805
-846
-919
-969
-967
-980
-1008
-1115
-1191
-1362
-1469
-1572
-1433
-1239
-1023
-942
-906
-841
-809
-811
-886
-804
-595
-278
-108
-86
-197
-313
-268
-69
257
416
459
381
453
541
637
574
469
366
305
306
358
450
421
258
-40
-184
-138
139
358
413
255
75
-12
-24
21
77
174
142
16
-173
-164
-39
99
72
-121
-294
-437
-421
-470
-437
-476
-386
-283
-98
29
12
-50
-110
36
143
268
235
292
306
412
470
586
584
454
226
72
104
195
289
225
141
-36
-35
-49
29
-86
-150
-174
-29
110
164
189
172
231
191
194
66
-8
-134
-138
-175
-210
-275
-269
-181
-120
-42
-70
-48
-96
-47
-30
22
46
54
50
-29
-69
-163
-152
-190
-119
-134
-98
-188
-253
-404
-421
-290
-44
142
89
19
-16
183
327
433
339
243
135
90
160
321
550
607
497
247
142
182
306
277
60
-205
-407
-392
-345
-277
-395
-477
-560
-481
-448
-460
-623
-815
-955
-980
-910
-839
-747
-685
-553
-442
-286
-225
-164
-179
-113
-21
155
270
300
246
241
397
639
853
850
752
619
706
863
1081
1129
1087
923
742
637
624
712
722
728
654
624
511
477
459
576
678
748
757
703
656
528
406
273
229
202
141
21
-138
-211
-266
-306
-432
-596
-718
-810
-855
-964
-1039
-1139
-1155
-1167
-1088
-1036
-1066
-1213
-1354
-1311
-1120
-901
-842
-831
-823
-719
-648
-603
-629
-598
-498
-370
-368
-480
-537
-409
-86
173
317
275
305
382
521
519
422
306
268
352
486
684
822
898
827
699
571
563
588
588
423
238
93
164
344
532
479
210
-143
-310
-225
-73
38
-47
-125
-213
-111
-56
-46
-284
-512
-616
-473
-224
-150
-226
-446
-443
-363
-164
-176
-219
-339
-332
-240
-101
14
-10
-3
3
151
287
485
645
713
636
499
526
797
1170
1328
1142
798
567
604
720
834
823
737
571
349
222
128
160
130
148
177
273
369
256
16
-308
-365
-238
62
274
336
215
-25
-215
-301
-199
18
239
314
127
-223
-557
-629
-393
-40
146
-11
-369
-669
-703
-593
-458
-446
-457
-471
-475
-503
-582
-590
-511
-332
-272
-289
-409
-421
-415
-395
-424
-450
-341
-161
54
104
78
14
57
149
241
307
304
289
259
272
313
305
252
153
85
-20
-165
-290
-321
-190
-111
-81
-200
-220
-207
-139
-134
-148
-116
-55
8
-41
-136
-182
-81
0
-26
-225
-330
-373
-233
-138
-29
-52
-74
-119
-170
-218
-299
-308
-373
-381
-375
-200
40
269
318
197
45
-1
186
395
578
526
396
180
128
239
475
595
520
340
149
94
85
169
154
130
-36
-167
-344
-305
-209
-99
-186
-442
-601
-598
-271
-15
91
-219
-553
-728
-518
-168
43
41
-149
-265
-316
-254
-145
21
198
281
261
181
121
96
50
-25
-141
-164
-113
-6
33
55
180
424
692
793
714
550
481
589
777
862
742
547
434
517
697
912
1033
1072
989
814
623
545
626
682
606
407
310
365
493
548
435
280
208
295
356
289
163
81
120
77
-3
-229
-412
-540
-535
-456
-443
-507
-733
-964
-1190
-1210
-1142
-1035
-1030
-1102
-1188
-1276
-1284
-1218
-1099
-1043
-1062
-1148
-1186
-1216
-1171
-1048
-837
-640
-614
-673
-737
-603
-428
-216
-141
-129
-208
-231
-79
230
529
618
532
501
705
1048
1259
1219
1069
1026
1168
1338
1467
1460
1437
1336
1189
958
725
560
521
563
548
427
234
167
257
431
472
312
27
-177
-266
-269
-333
-413
-497
-536
-613
-729
-788
-734
-623
-676
-830
-964
-893
-774
-745
-902
-1084
-1112
-955
-777
-820
-1075
-1324
-1353
-1123
-810
-567
-461
-385
-220
51
264
297
194
95
136
258
435
563
652
689
726
808
960
1116
1198
1164
1056
905
844
908
1079
1188
1144
1016
857
718
533
343
212
195
298
403
469
417
360
320
328
343
246
81
-190
-293
-285
-91
-6
7
-86
-181
-145
-95
83
136
208
46
-154
-388
-437
-286
-67
179
147
-26
-390
-578
-629
-425
-183
72
88
-43
-251
-314
-241
-138
-96
-189
-278
-380
-351
-339
-245
-172
-74
-56
-80
-94
-54
-72
-205
-360
-361
-126
106
195
59
-73
-146
-107
-68
2
107
165
172
44
-29
-113
-144
-175
-135
1
122
256
332
440
468
430
347
210
99
-89
-182
-247
-157
-47
78
110
10
-168
-343
-332
-212
-43
-53
-259
-580
-774
-746
-586
-506
-602
-794
-969
-1043
-1066
-1070
-1084
-1020
-896
-680
-516
-407
-437
-576
-712
-762
-711
-734
-855
-980
-940
-707
-439
-215
-150
-144
-228
-283
-281
-185
28
194
401
500
734
874
1032
982
935
913
997
1198
1332
1490
1480
1533
1481
1536
1591
1758
1928
1995
1933
1709
1555
1446
1460
1445
1439
1421
1412
1350
1137
858
627
596
565
461
183
-47
-175
-150
-78
-60
-104
-298
-519
-802
-927
-961
-928
-952
-1005
-998
-965
-963
-1073
-1239
-1363
-1430
-1428
-1447
-1380
-1217
-926
-693
-652
-751
-876
-832
-751
-643
-697
-753
-791
-662
-405
-129
73
111
113
81
139
206
330
387
427
400
504
598
725
672
532
367
204
198
131
173
113
161
167
210
240
239
214
89
-39
-159
-170
-67
92
238
293
252
75
-175
-360
-344
-183
-91
-156
-322
-382
-318
-159
-113
-167
-350
-520
-678
-791
-795
-665
-406
-212
-146
-224
-302
-384
-475
-594
-699
-678
-546
-358
-234
-213
-182
-173
-140
-187
-146
-87
90
228
365
407
365
344
310
383
333
352
294
389
424
454
417
405
567
744
994
994
945
723
628
500
414
279
268
444
669
789
609
353
108
152
255
436
434
399
311
277
289
243
260
220
283
217
159
1
-84
-101
-62
9
-34
-88
-265
-386
-456
-298
-105
-3
-123
-334
-451
-487
-408
-355
-225
-133
-30
-48
-116
-247
-219
-38
234
364
322
181
-26
-222
-419
-451
-442
-329
-250
-168
-127
-76
116
297
383
225
68
-5
47
158
282
455
563
594
443
211
10
12
139
296
329
278
140
70
57
49
-91
-380
-552
-586
-405
-309
-310
-445
-634
-695
-648
-382
-214
-171
-429
-694
-784
-637
-437
-537
-787
-1042
-962
-708
-374
-139
-38
-69
-236
-354
-378
-225
-114
-149
-401
-645
-697
-516
-238
-102
-157
-429
-580
-595
-247
14
248
164
76
-60
-142
-81
-82
57
-141
-228
-499
-379
-155
196
392
350
335
241
410
461
647
618
587
454
337
358
403
635
771
972
910
852
672
659
730
828
854
655
545
395
507
523
693
718
807
835
832
773
560
497
433
629
731
875
825
729
644
589
627
605
650
593
508
302
113
36
15
49
-38
-147
-298
-387
-404
-442
-517
-690
-816
-889
-924
-948
-1009
-998
-982
-848
-709
-619
-696
-925
-1124
-1282
-1287
-1295
-1199
-1176
-1118
-1067
-937
-768
-682
-631
-650
-551
-420
-179
-56
29
-33
-5
45
208
323
402
396
286
201
59
181
318
637
716
751
690
691
734
722
680
541
507
484
602
634
794
856
920
739
554
395
349
331
212
178
69
164
137
129
-123
-313
-461
-417
-368
-328
-309
-381
-353
-379
-166
-39
144
106
21
-136
-324
-420
-505
-380
-322
-248
-320
-337
-317
-308
-330
-391
-407
-464
-472
-450
-305
-235
-174
-252
-278
-281
-159
39
203
336
354
407
340
350
326
523
680
756
578
329
209
266
410
455
436
304
236
135
123
110
178
256
289
217
56
-122
-228
-170
31
221
242
86
-89
-116
-7
146
147
-29
-318
-470
-400
-229
-137
-254
-424
-567
-544
-457
-397
-401
-398
-381
-347
-370
-356
-355
-357
-410
-520
-569
-518
-344
-285
-424
-646
-753
-619
-436
-237
-142
-48
82
179
258
134
51
-36
30
86
215
393
559
600
447
364
326
457
477
490
370
296
295
386
625
783
945
833
745
590
570
500
468
436
436
489
541
614
526
446
329
401
421
536
501
535
467
446
402
394
423
386
270
114
-7
-78
-156
-188
-190
-209
-262
-364
-377
-423
-426
-594
-721
-917
-889
-864
-767
-848
-919
-1000
-993
-985
-992
-899
-841
-679
-718
-683
-791
-750
-762
-645
-535
-405
-344
-428
-503
-647
-633
-580
-289
0
208
112
-134
-304
-229
65
351
559
584
525
432
443
568
721
862
948
1046
1094
1108
1042
986
972
1006
997
880
717
583
572
543
521
370
337
320
416
387
266
70
-112
-154
-179
-135
-283
-458
-710
-817
-816
-740
-570
-497
-509
-839
-1123
-1286
-1026
-713
-451
-478
-628
-739
-796
-662
-575
-346
-246
-132
-240
-379
-476
-422
-158
63
271
179
95
16
177
387
568
571
387
194
105
276
508
762
825
739
565
487
581
712
773
690
581
475
377
376
455
702
829
892
718
568
447
525
745
936
987
731
423
124
149
312
577
708
690
548
287
69
1
169
427
490
285
-109
-362
-397
-238
-106
-140
-310
-559
-695
-780
-814
-895
-991
-1034
-1023
-946
-849
-772
-799
-976
-1172
-1272
-1191
-1101
-1025
-1056
-1016
-942
-783
-669
-666
-707
-817
-791
-739
-552
-416
-331
-328
-355
-269
-145
54
183
259
261
170
214
332
544
577
477
422
478
664
715
688
619
705
843
918
867
762
732
732
773
769
732
614
439
283
195
219
299
386
386
243
53
-95
-72
-20
-22
-189
-432
-681
-866
-919
-834
-628
-568
-763
-1164
-1345
-1144
-716
-454
-491
-636
-609
-298
73
237
42
-274
-475
-385
-147
123
262
305
277
220
99
-51
-43
110
336
441
597
799
1054
1188
1314
1566
1942
2240
2228
2038
1869
1935
2034
2068
1890
1698
1444
1131
629
97
-281
-415
-426
-597
-980
-1476
-1716
-1711
-1575
-1525
-1466
-1355
-1252
-1227
-1276
-1231
-1075
-839
-738
-820
-1022
-1151
-1142
-1004
-866
-840
-926
-980
-883
-664
-439
-296
-226
-160
-80
3
-71
-282
-634
-838
-688
-99
675
1114
1048
674
664
1230
2125
2607
2384
1739
1277
1315
1580
1601
1072
215
-414
-430
3
278
-133
-1147
-2208
-2639
-2354
-1779
-1533
-1734
-2000
-1834
-1143
-291
284
462
490
666
1087
1514
1687
1486
1148
889
765
573
209
-307
-774
-1112
-1324
-1576
-1901
-2214
-2326
-2168
-1842
-1492
-1238
-1031
-818
-476
19
681
1394
2028
2515
2881
3278
3715
4127
4281
4143
3831
3601
3531
3440
3053
2194
1031
-150
-997
-1464
-1644
-1837
-2234
-2823
-3437
-3880
-4096
-4039
-3742
-3304
-2932
-2718
-2563
-2253
-1682
-908
-68
739
1459
2023
2298
2254
1988
1749
1687
1769
1810
1608
1115
446
-267
-949
-1641
-2236
-2627
-2739
-2745
-2830
-3022
-3146
-2971
-2499
-1868
-1328
-891
-474
83
746
1390
1896
2261
2573
2889
3243
3603
3945
4212
4395
4544
4688
4799
4735
4402
3809
3132
2571
2260
2136
1916
1223
-81
-1708
-3094
-3794
-3739
-3301
-3042
-3361
-4185
-5081
-5600
-5556
-5061
-4349
-3611
-2931
-2360
-1908
-1512
-992
-196
901
2133
3234
3944
4111
3768
3164
2647
2440
2456
2361
1842
840
-403
-1576
-2524
-3295
-3946
-4439
-4717
-4853
-4984
-5125
-5079
-4614
-3738
-2700
-1772
-978
-209
667
1592
2465
3231
3931
4624
5299
5895
6328
6541
6552
6418
6231
5996
5631
4988
4054
3055
2339
2011
1724
874
-778
-2799
-4344
-4926
-4777
-4608
-4901
-5554
-6151
-6491
-6675
-6707
-6322
-5259
-3746
-2363
-1541
-1055
-320
981
2602
4042
5105
5873
6424
6546
6003
4897
3689
2791
2172
1482
414
-992
-2468
-3783
-4871
-5779
-6453
-6797
-6784
-6524
-6173
-5710
-5001
-3965
-2731
-1486
-251
1045
2388
3585
4498
5138
5650
6088
6379
6454
6350
6206
6058
5842
5496
5045
4566
3991
3194
2206
1368
1065
1206
1137
114
-1812
-3773
-4767
-4658
-4113
-3889
-4153
-4576
-4920
-5273
-5739
-6043
-5697
-4574
-3128
-1980
-1349
-910
-213
890
2199
3449
4536
5385
5801
5534
4626
3470
2540
1936
1398
626
-462
-1743
-3097
-4363
-5417
-6054
-6225
-6035
-5805
-5688
-5552
-5052
-4023
-2632
-1217
23
1125
2172
3173
4031
4758
5401
5996
6412
6486
6199
5736
5313
4972
4638
4303
4065
3917
3621
2925
1932
1147
1019
1337
1247
38
-2008
-3825
-4605
-4536
-4384
-4625
-5044
-5258
-5298
-5519
-5941
-6011
-5215
-3694
-2111
-943
-129
704
1743
2879
3943
4950
5903
6568
6515
5577
4096
2706
1754
1033
102
-1228
-2731
-4089
-5179
-6077
-6791
-7167
-7101
-6716
-6245
-5716
-4988
-3967
-2787
-1641
-537
660
1972
3109
3760
3978
4164
4596
5079
5199
4770
4044
3366
2868
2486
2232
2325
2854
3559
3856
3480
2755
2463
2931
3627
3503
2104
58
-1609
-2421
-2744
-3078
-3601
-4133
-4617
-5212
-5992
-6617
-6559
-5713
-4422
-3129
-1886
-604
811
2282
3783
5281
6635
7499
7576
6916
5876
4793
3659
2329
798
-673
-1922
-3103
-4481
-6002
-7174
-7539
-7143
-6532
-6139
-5863
-5258
-4130
-2733
-1450
-380
650
1765
2808
3471
3716
3808
4055
4420
4634
4465
3975
3401
2946
2656
2487
2491
2775
3368
4004
4341
4219
3923
3867
4222
4542
4082
2482
234
-1734
-2867
-3385
-3807
-4468
-5289
-6088
-6790
-7337
-7557
-7181
-6137
-4559
-2762
-1027
437
1697
3000
4592
6354
7807
8502
8347
7580
6390
4830
3004
1227
-188
-1291
-2473
-4038
-5796
-7219
-7958
-8138
-8051
-7781
-7105
-5947
-4534
-3273
-2302
-1442
-430
785
1999
2985
3616
3900
3862
3575
3178
2867
2693
2540
2229
1721
1100
544
276
497
1236
2228
3086
3534
3655
3756
4015
4174
3644
2126
24
-1854
-3002
-3616
-4169
-4975
-5915
-6754
-7342
-7629
-7470
-6641
-5129
-3213
-1358
154
1374
2678
4355
6290
8006
9131
9595
9464
8683
7185
5217
3271
1744
531
-731
-2293
-4004
-5553
-6714
-7451
-7774
-7670
-7192
-6464
-5586
-4503
-3135
-1570
-105
1006
1785
2500
3286
3971
4249
4081
3697
3346
3031
2597
1990
1393
1045
974
1028
1136
1435
2069
2944
3732
4184
4338
4472
4728
4810
4117
2319
-155
-2428
-3880
-4611
-5120
-5794
-6588
-7272
-7707
-7890
-7708
-6881
-5279
-3127
-930
970
2529
3954
5368
6729
7906
8817
9362
9293
8357
6577
4377
2247
416
-1217
-2788
-4319
-5696
-6843
-7724
-8331
-8570
-8290
-7442
-6177
-4752
-3274
-1765
-295
923
1752
2291
2820
3554
4359
4827
4637
3880
2965
2222
1650
1106
544
136
-19
34
193
511
1140
2095
3166
4004
4456
4647
4832
4929
4467
2961
580
-1935
-3798
-4890
-5617
-6404
-7260
-7890
-8176
-8214
-8076
-7460
-6030
-3821
-1321
942
2804
4381
5862
7197
8244
8901
9229
9177
8502
6993
4803
2423
280
-1513
-3113
-4559
-5757
-6601
-7211
-7707
-8040
-7925
-7156
-5836
-4254
-2660
-1054
522
1925
2900
3460
3835
4308
4849
5131
4882
4169
3364
2668
2034
1283
507
-87
-317
-303
-182
91
748
1865
3092
3940
4179
4126
4232
4498
4334
3087
823
-1706
-3699
-4983
-5890
-6730
-7454
-7800
-7788
-7689
-7654
-7326
-6224
-4235
-1788
609
2698
4506
6034
7164
7857
8258
8552
8631
8159
6874
4874
2536
198
-1983
-3948
-5551
-6642
-7263
-7634
-7945
-8130
-7963
-7252
-6020
-4450
-2749
-1037
618
2082
3186
3821
4094
4236
4421
4607
4625
4360
3831
3147
2360
1489
618
-17
-204
36
472
953
1554
2437
3558
4592
5183
5292
5231
5323
5432
4931
3193
321
-2788
-5131
-6352
-6819
-7034
-7229
-7347
-7412
-7532
-7651
-7303
-5997
-3730
-1030
1482
3508
5050
6259
7189
7843
8231
8405
8282
7601
6169
4052
1563
-989
-3318
-5213
-6493
-7204
-7592
-7927
-8232
-8281
-7878
-7036
-5908
-4534
-2855
-885
1072
2608
3518
3985
4279
4477
4476
4243
3976
3834
3741
3342
2425
1162
27
-622
-779
-644
-325
265
1174
2244
3203
3902
4370
4701
4961
5206
5414
5235
4049
1447
-2007
-5092
-6802
-7204
-7080
-7059
-7181
-7177
-7141
-7264
-7389
-6743
-4848
-2011
836
3026
4546
5731
6747
7464
7852
8094
8361
8335
7472
5488
2761
-39
-2448
-4409
-6040
-7288
-8036
-8284
-8320
-8393
-8438
-8092
-7083
-5486
-3634
-1828
-170
1366
2765
3876
4504
4622
4474
4414
4615
4911
4925
4395
3373
2121
910
-54
-615
-687
-287
445
1306
2085
2682
3210
3845
4701
5622
6319
6548
6337
5801
4760
2838
55
-2758
-4650
-5358
-5501
-5789
-6429
-7124
-7569
-7725
-7575
-6914
-5468
-3376
-1107
906
2628
4214
5728
7037
7985
8611
9025
9165
8694
7346
5187
2573
-161
-2795
-5118
-6862
-7891
-8377
-8746
-9261
-9756
-9761
-8959
-7443
-5575
-3674
-1823
-37
1584
2853
3720
4356
4969
5597
6040
6090
5695
4980
3988
2666
1072
-435
-1426
-1765
-1718
-1672
-1769
-1808
-1467
-643
556
1951
3438
4805
5717
5911
5543
5146
5015
4784
3681
1472
-1188
-3394
-4849
-5936
-6995
-7866
-8152
-7880
-7546
-7456
-7244
-6248
-4358
-2062
191
2433
4784
7017
8641
9458
9736
9819
9657
8862
7206
4880
2262
-440
-3153
-5715
-7822
-9285
-10146
-10613
-10771
-10523
-9756
-8512
-6962
-5220
-3325
-1332
665
2607
4477
6193
7511
8152
8042
7404
6557
5654
4652
3493
2257
1039
-199
-1528
-2779
-3557
-3532
-2728
-1446
-52
1237
2384
3462
4559
5709
6846
7824
8479
8725
8522
7718
6013
3235
-216
-3482
-5805
-7104
-7821
-8410
-8983
-9390
-9526
-9397
-8941
-7832
-5752
-2804
458
3462
5940
7865
9223
9959
10077
9734
9139
8277
6857
4613
1672
-1524
-4522
-7099
-9176
-10698
-11592
-11858
-11682
-11296
-10773
-9927
-8485
-6314
-3536
-508
2311
4597
6266
7407
8073
8253
7998
7468
6812
5985
4807
3173
1257
-611
-2197
-3436
-4255
-4470
-3979
-2929
-1666
-409
876
2358
4058
5769
7260
8410
9160
9325
8787
7619
6167
4687
3133
1147
-1483
-4445
-7097
-8967
-10103
-10707
-10855
-10398
-9295
-7764
-6148
-4554
-2758
-561
1893
4275
6390
8195
9559
10211
9975
8989
7618
6169
4645
2869
749
-1616
-4081
-6522
-8756
-10522
-11585
-11874
-11489
-10591
-9310
-7706
-5851
-3816
-1677
485
2548
4374
5876
6990
7675
7854
7487
6594
5337
3953
2635
1464
407
-544
-1410
-2144
-2691
-2927
-2693
-1840
-361
1515
3397
4930
5930
6416
6563
6541
6446
6265
6001
5585
4891
3794
2417
1042
-247
-1757
-3778
-5940
-7437
-7744
-7251
-6655
-6285
-5843
-5049
-4063
-3239
-2582
-1627
-136
1612
3035
3989
4708
5415
5937
5953
5426
4661
3965
3195
1961
90
-2077
-4098
-5793
-7221
-8368
-9041
-9095
-8636
-7946
-7192
-6295
-5111
-3655
-2042
-367
1298
2759
3795
4345
4627
4871
5086
5097
4828
4426
4095
3866
3604
3219
2786
2447
2194
1909
1520
1133
891
826
832
799
716
660
703
892
1274
1894
2679
3399
3817
3892
3853
3866
3780
3139
1731
-86
-1689
-2793
-3689
-4752
-6039
-7207
-7946
-8242
-8238
-7920
-7067
-5665
-4002
-2405
-833
955
2994
4981
6526
7462
7841
7736
7054
5734
3945
2025
131
-1835
-3926
-5922
-7515
-8590
-9267
-9702
-9864
-9546
-8601
-7104
-5230
-3087
-807
1295
2860
3835
4578
5478
6582
7584
8180
8303
8014
7304
6110
4555
2963
1627
583
-309
-1130
-1835
-2347
-2677
-2812
-2667
-2072
-971
491
2056
3520
4840
5959
6774
7198
7346
7386
7355
7016
6007
4053
1272
-1826
-4677
-6985
-8750
-9993
-10731
-10987
-10920
-10674
-10257
-9405
-7809
-5459
-2664
215
3017
5597
7688
8969
9352
9087
8578
7985
7040
5400
3099
547
-1960
-4411
-6805
-8869
-10178
-10563
-10272
-9713
-9024
-8010
-6495
-4611
-2649
-743
1138
2963
4472
5390
5760
5976
6371
6861
7110
6946
6497
5883
5050
3930
2709
1703
1057
563
-82
-905
-1578
-1741
-1374
-727
-11
775
1699
2719
3716
4619
5441
6152
6571
6503
5926
5039
4043
2973
1609
-311
-2844
-5534
-7736
-9071
-9668
-9852
-9740
-9267
-8337
-7135
-5882
-4696
-3424
-1952
-381
1130
2533
3931
5239
6205
6559
6297
5679
5006
4369
3652
2752
1694
490
-923
-2551
-4183
-5530
-6412
-6828
-6925
-6884
-6823
-6717
-6496
-6097
-5427
-4367
-2921
-1284
302
1723
3020
4242
5361
6316
7124
7863
8490
8810
8595
7782
6454
4784
3005
1371
72
-824
-1352
-1619
-1744
-1798
-1764
-1561
-1129
-480
299
1065
1709
2170
2443
2533
2459
2260
1986
1758
1575
1262
456
-962
-2762
-4543
-6001
-7070
-7707
-7948
-7812
-7502
-7272
-7226
-7168
-6744
-5799
-4354
-2488
-230
2303
4787
6842
8206
8924
9213
9207
8830
7925
6531
4843
3032
1135
-844
-2825
-4686
-6331
-7712
-8777
-9408
-9464
-8931
-7961
-6766
-5446
-3963
-2258
-371
1582
3486
5281
6894
8227
9155
9622
9656
9345
8757
7902
6777
5430
3969
2478
1026
-322
-1429
-2190
-2591
-2737
-2720
-2530
-2128
-1559
-986
-555
-263
33
452
961
1404
1684
1799
1760
1522
1009
153
-1104
-2708
-4399
-5824
-6734
-7147
-7219
-7122
-6880
-6435
-5725
-4780
-3653
-2372
-958
534
2000
3325
4401
5192
5727
6070
6218
6102
5667
4973
4164
3356
2518
1508
224
-1275
-2825
-4258
-5404
-6118
-6402
-6476
-6538
-6563
-6315
-5611
-4429
-2910
-1262
296
1624
2643
3341
3784
4087
4377
4718
5177
5712
6166
6313
6028
5342
4403
3471
2794
2483
2438
2446
2309
1877
1108
69
-1059
-2079
-2840
-3338
-3678
-3937
-4089
-4064
-3906
-3747
-3640
-3468
-3034
-2267
-1338
-570
-229
-373
-818
-1296
-1541
-1460
-1141
-804
-587
-492
-495
-632
-968
-1355
-1520
-1262
-668
-17
499
888
1270
1680
2039
2313
2543
2755
2803
2492
1848
1118
564
184
-203
-716
-1270
-1731
-2141
-2632
-3183
-3542
-3512
-3166
-2703
-2240
-1755
-1272
-884
-638
-393
158
1177
2533
3830
4776
5314
5579
5673
5617
5462
5323
5296
5277
5034
4381
3371
2184
988
-160
-1205
-2044
-2578
-2871
-3107
-3415
-3760
-4000
-4064
-3960
-3739
-3348
-2746
-1964
-1181
-525
-27
347
591
647
581
553
726
1050
1311
1325
1105
829
589
298
-168
-762
-1252
-1478
-1478
-1434
-1437
-1367
-1067
-542
-37
288
519
841
1255
1566
1674
1675
1741
1865
1823
1436
786
143
-380
-893
-1476
-2046
-2478
-2844
-3308
-3886
-4353
-4459
-4182
-3707
-3174
-2517
-1595
-448
723
1792
2827
3926
4958
5689
6057
6241
6366
6275
5737
4741
3579
2494
1483
371
-904
-2195
-3331
-4300
-5193
-5985
-6427
-6294
-5630
-4713
-3788
-2874
-1908
-871
148
1118
2089
3127
4111
4751
4790
4273
3509
2758
2056
1293
501
-214
-789
-1325
-1914
-2547
-3128
-3525
-3620
-3318
-2603
-1566
-369
782
1759
2554
3194
3670
3873
3776
3419
2940
2437
1907
1249
354
-742
-1930
-3087
-4149
-5049
-5698
-5982
-5864
-5430
-4832
-4143
-3328
-2331
-1180
39
1259
2441
3559
4515
5216
5569
5563
5236
4674
3993
3274
2560
1845
1146
486
-107
-640
-1106
-1493
-1725
-1757
-1573
-1265
-944
-732
-711
-820
-905
-766
-412
-11
218
222
84
-81
-208
-267
-203
24
354
628
713
654
618
701
842
921
947
1022
1195
1325
1224
857
354
-134
-567
-955
-1280
-1468
-1481
-1393
-1320
-1333
-1377
-1334
-1173
-963
-825
-764
-694
-512
-233
43
234
313
284
118
-188
-546
-804
-862
-739
-576
-541
-750
-1183
-1722
-2188
-2429
-2325
-1856
-1122
-283
511
1196
1758
2214
2597
2988
3467
4019
4492
4693
4523
3994
3178
2166
1091
86
-766
-1463
-2065
-2657
-3263
-3789
-4087
-4035
-3625
-2923
-2059
-1169
-322
476
1247
1943
2506
2908
3162
3258
3160
2816
2200
1371
461
-395
-1137
-1738
-2165
-2416
-2580
-2788
-3069
-3309
-3344
-3097
-2620
-2003
-1294
-518
229
829
1246
1559
1853
2107
2207
2054
1673
1199
734
267
-260
-843
-1402
-1868
-2226
-2468
-2564
-2486
-2270
-1998
-1699
-1332
-819
-160
540
1117
1483
1675
1788
1896
2010
2134
2252
2369
2480
2560
2540
2341
1991
1578
1192
862
602
447
391
366
271
58
-218
-449
-542
-535
-526
-580
-679
-766
-839
-904
-975
-1018
-992
-859
-622
-308
90
593
1168
1693
2070
2316
2509
2638
2615
2375
1997
1628
1358
1103
736
224
-346
-907
-1505
-2167
-2817
-3261
-3395
-3244
-2923
-2496
-1982
-1447
-1020
-778
-645
-457
-118
335
789
1118
1275
1257
1076
701
147
-479
-1044
-1483
-1795
-1957
-1916
-1692
-1419
-1271
-1289
-1326
-1183
-790
-275
196
541
782
934
933
733
418
194
191
390
644
832
900
847
678
384
-44
-541
-982
-1244
-1278
-1129
-846
-477
-46
366
671
850
1008
1286
1732
2276
2766
3087
3191
3093
2815
2405
1943
1529
1225
1029
866
648
300
-206
-822
-1428
-1837
-1929
-1714
-1338
-967
-706
-594
-610
-724
-863
-970
-1020
-1027
-999
-911
-758
-590
-480
-497
-648
-890
-1156
-1376
-1535
-1628
-1687
-1705
-1642
-1443
-1131
-802
-542
-390
-357
-458
-654
-832
-859
-687
-365
-13
289
510
669
778
832
857
893
981
1091
1145
1071
861
595
369
251
269
425
709
1065
1424
1730
1963
2155
2340
2539
2714
2842
2921
2958
2925
2796
2571
2245
1816
1310
809
371
15
-263
-451
-570
-677
-828
-1003
-1125
-1137
-1051
-937
-817
-658
-440
-223
-86
-48
-88
-186
-375
-676
-1069
-1467
-1809
-2094
-2391
-2707
-2973
-3122
-3180
-3244
-3371
-3555
-3723
-3780
-3644
-3310
-2849
-2360
-1903
-1494
-1088
-657
-178
335
868
1379
1805
2100
2211
2111
1788
1310
793
351
42
-176
-374
-594
-786
-898
-891
-740
-379
212
959
1714
2361
2911
3459
4061
4608
4913
4890
4618
4210
3721
3167
2582
1998
1425
881
379
-61
-444
-765
-1054
-1318
-1521
-1592
-1489
-1267
-977
-661
-328
-8
307
622
911
1102
1124
968
690
357
-23
-477
-970
-1411
-1740
-2022
-2359
-2784
-3231
-3595
-3833
-3978
-4046
-3964
-3644
-3123
-2537
-1976
-1399
-746
-38
654
1258
1756
2127
2340
2363
2226
2004
1750
1453
1079
612
71
-485
-983
-1340
-1506
-1452
-1202
-838
-479
-183
80
379
758
1223
1752
2289
2768
3136
3371
3448
3345
3068
2678
2235
1780
1318
878
501
191
-88
-388
-704
-984
-1150
-1205
-1224
-1290
-1389
-1431
-1357
-1187
-971
-716
-444
-187
15
159
252
301
316
303
251
137
-29
-252
-533
-871
-1239
-1609
-1939
-2168
-2242
-2164
-2032
-1972
-2064
-2207
-2186
-1835
-1176
-366
415
1044
1463
1676
1701
1573
1369
1190
1096
1051
984
849
657
444
233
28
-148
-221
-146
48
275
486
658
762
776
719
654
654
788
1074
1452
1797
2024
2097
1999
1702
1228
708
306
99
9
-128
-411
-781
-1104
-1292
-1361
-1349
-1279
-1157
-1016
-891
-781
-647
-429
-109
265
593
791
842
773
616
395
126
-158
-412
-620
-801
-993
-1185
-1334
-1398
-1370
-1254
-1048
-750
-418
-155
-31
-21
-37
-27
4
17
-4
-52
-95
-142
-249
-459
-724
-948
-1068
-1101
-1104
-1091
-1024
-850
-583
-266
50
345
615
863
1092
1260
1329
1295
1219
1156
1121
1091
1024
852
531
123
-213
-351
-327
-274
-267
-269
-239
-201
-207
-225
-152
74
386
640
760
772
744
683
556
349
134
36
97
221
242
90
-152
-377
-552
-705
-834
-872
-769
-554
-314
-108
74
265
450
588
682
782
916
1033
1034
874
607
341
125
-71
-283
-496
-654
-734
-759
-770
-778
-743
-606
-362
-53
277
615
933
1171
1269
1212
1036
801
569
376
206
5
-294
-699
-1152
-1552
-1839
-2008
-2045
-1915
-1599
-1166
-710
-298
59
371
630
831
991
1170
1388
1577
1635
1532
1327
1085
798
424
-6
-403
-691
-890
-1049
-1176
-1236
-1229
-1214
-1220
-1193
-1042
-723
-277
222
713
1152
1507
1731
1781
1688
1556
1476
1416
1275
1016
706
409
118
-217
-578
-856
-987
-1022
-1049
-1078
-1042
-920
-770
-661
-589
-492
-316
-83
128
257
301
293
244
146
10
-151
-343
-582
-848
-1068
-1167
-1140
-1069
-1053
-1096
-1121
-1052
-889
-659
-393
-112
145
347
517
686
859
971
965
838
644
446
280
146
42
-30
-74
-122
-233
-421
-623
-737
-717
-607
-453
-287
-134
-35
-34
-114
-194
-183
-61
103
247
375
513
640
689
642
567
559
668
857
1068
1269
1444
1542
1509
1355
1178
1071
1034
1000
934
863
801
741
681
660
713
799
805
638
318
-37
-302
-442
-492
-510
-497
-427
-281
-120
-33
-47
-89
-57
69
213
295
307
290
258
177
35
-131
-263
-356
-429
-493
-531
-533
-522
-525
-566
-636
-718
-793
-851
-895
-942
-1021
-1144
-1296
-1456
-1614
-1776
-1930
-2037
-2068
-2032
-1966
-1882
-1756
-1582
-1380
-1164
-916
-636
-345
-72
176
384
542
660
755
827
872
910
976
1076
1182
1255
1297
1331
1367
1374
1320
1201
1035
840
625
420
246
102
-35
-163
-246
-262
-221
-154
-73
40
171
302
417
521
615
691
747
771
736
647
542
477
455
436
393
349
347
372
356
258
133
59
41
1
-100
-232
-342
-426
-513
-632
-789
-972
-1164
-1342
-1479
-1524
-1450
-1273
-1054
-853
-722
-678
-700
-737
-749
-722
-655
-556
-449
-355
-284
-218
-147
-62
54
230
480
772
1058
1297
1499
1681
1845
1974
2056
2102
2111
2062
1912
1660
1377
1134
976
882
801
684
517
312
92
-106
-225
-232
-158
-75
-25
-37
-121
-260
-385
-420
-340
-186
-28
91
165
197
168
67
-84
-235
-345
-418
-462
-492
-528
-598
-715
-870
-1044
-1202
-1324
-1401
-1441
-1464
-1461
-1428
-1394
-1407
-1460
-1475
-1396
-1237
-1075
-974
-952
-996
-1065
-1115
-1104
-1009
-820
-560
-291
-78
54
158
304
529
787
1024
1227
1419
1603
1753
1846
1873
1849
1797
1731
1653
1580
1523
1467
1367
1198
975
728
483
260
81
-38
-96
-123
-171
-269
-394
-473
-447
-336
-223
-154
-84
48
228
372
435
440
435
430
401
330
219
71
-98
-262
-382
-445
-507
-633
-847
-1115
-1380
-1591
-1700
-1694
-1602
-1484
-1375
-1277
-1190
-1123
-1084
-1049
-995
-907
-781
-614
-414
-205
-28
89
133
115
66
39
80
193
325
425
475
490
477
438
413
463
600
749
834
861
899
998
1146
1292
1398
1455
1478
1457
1360
1204
1068
1017
1018
989
883
727
567
436
338
274
260
290
329
332
294
234
170
112
77
87
145
228
275
234
104
-66
-234
-415
-647
-921
-1171
-1335
-1407
-1425
-1427
-1429
-1425
-1413
-1389
-1334
-1206
-974
-669
-364
-106
112
307
440
480
449
421
422
432
399
313
191
49
-127
-322
-481
-556
-564
-564
-568
-522
-363
-129
81
211
290
391
526
654
741
823
950
1113
1235
1241
1118
914
670
413
159
-94
-324
-516
-676
-824
-960
-1055
-1100
-1124
-1145
-1138
-1063
-907
-694
-473
-296
-199
-159
-124
-69
-19
-12
-56
-137
-250
-404
-602
-841
-1104
-1345
-1477
-1438
-1226
-918
-611
-361
-156
50
293
582
870
1105
1241
1272
1225
1141
1052
955
841
694
509
305
136
63
83
151
218
283
346
390
401
385
387
460
637
878
1104
1249
1311
1317
1283
1197
1060
904
774
675
582
462
313
152
-23
-238
-512
-798
-1001
-1073
-1048
-1006
-982
-951
-883
-780
-681
-606
-526
-421
-300
-206
-174
-217
-319
-455
-606
-742
-817
-797
-708
-623
-583
-572
-542
-479
-391
-302
-222
-135
-26
104
237
365
480
553
551
485
406
364
353
325
270
228
257
359
487
579
596
555
519
539
633
771
926
1061
1140
1152
1131
1118
1110
1079
1021
958
920
904
868
762
572
345
136
-28
-148
-236
-311
-397
-502
-591
-636
-639
-631
-650
-688
-727
-750
-768
-788
-805
-803
-791
-795
-812
-829
-844
-882
-941
-977
-949
-856
-752
-698
-694
-690
-654
-628
-657
-739
-823
-868
-868
-833
-777
-725
-687
-668
-656
-631
-561
-422
-217
8
190
320
429
559
693
814
925
1044
1165
1245
1261
1215
1129
1023
916
836
780
736
692
659
626
569
483
417
399
417
456
508
572
612
598
529
436
340
236
118
-11
-144
-296
-480
-672
-834
-955
-1053
-1142
-1200
-1188
-1095
-957
-834
-741
-657
-559
-457
-377
-325
-287
-239
-187
-158
-169
-203
-230
-244
-264
-308
-365
-401
-395
-361
-323
-285
-218
-113
15
146
279
416
530
620
725
889
1096
1278
1397
1454
1462
1423
1355
1279
1200
1102
973
826
681
556
453
370
296
239
211
222
251
265
260
276
354
482
603
658
635
543
391
190
-36
-247
-410
-500
-526
-530
-560
-633
-739
-859
-971
-1048
-1051
-981
-885
-828
-826
-852
-892
-950
-1028
-1104
-1157
-1196
-1224
-1242
-1237
-1200
-1145
-1098
-1078
-1078
-1078
-1057
-996
-897
-772
-625
-456
-295
-173
-99
-50
3
82
215
416
653
866
1019
1118
1206
1306
1408
1470
1461
1391
1298
1213
1137
1058
962
834
663
476
307
186
110
82
112
191
294
388
470
541
621
707
790
849
866
831
749
635
507
392
301
230
156
64
-43
-142
-201
-217
-223
-264
-350
-451
-537
-601
-662
-731
-805
-871
-941
-1038
-1155
-1235
-1237
-1184
-1147
-1174
-1238
-1268
-1227
-1130
-1017
-910
-788
-636
-458
-294
-169
-69
47
204
400
613
816
973
1050
1053
1023
1011
1024
1038
1006
910
748
528
279
42
-134
-213
-186
-98
-7
60
131
242
399
587
791
988
1145
1246
1301
1327
1315
1254
1168
1097
1052
1008
933
821
685
541
384
223
70
-45
-117
-167
-222
-290
-363
-440
-524
-625
-725
-801
-838
-855
-873
-895
-927
-988
-1094
-1233
-1354
-1418
-1427
-1424
-1453
-1511
-1551
-1529
-1437
-1293
-1126
-946
-752
-561
-406
-306
-241
-169
-71
40
161
293
415
480
463
388
295
211
149
105
51
-46
-185
-327
-441
-522
-560
-524
-394
-205
-11
155
302
449
593
705
773
814
852
902
972
1050
1096
1054
919
746
591
467
343
207
67
-60
-166
-237
-259
-242
-209
-170
-127
-74
-8
74
180
291
374
398
366
312
272
260
242
188
99
8
-66
-138
-234
-358
-475
-550
-578
-578
-546
-466
-347
-237
-168
-129
-83
-6
99
203
278
326
376
441
490
493
468
461
486
505
482
431
416
485
615
725
742
662
549
479
485
542
615
678
718
714
663
586
497
393
274
153
31
-107
-260
-397
-498
-563
-588
-549
-435
-294
-202
-188
-209
-210
-186
-179
-220
-286
-336
-353
-365
-395
-450
-521
-598
-666
-710
-742
-790
-864
-938
-983
-1001
-993
-962
-925
-912
-927
-940
-934
-905
-853
-757
-619
-472
-361
-306
-292
-290
-272
-229
-176
-137
-123
-106
-58
26
128
249
387
534
664
776
896
1039
1191
1326
1433
1518
1559
1528
1426
1291
1146
980
781
564
359
193
82
15
-36
-90
-124
-121
-105
-101
-114
-120
-110
-84
-39
11
42
38
7
-37
-106
-203
-298
-338
-314
-275
-299
-401
-527
-608
-631
-625
-609
-580
-513
-420
-334
-282
-248
-194
-117
-52
-36
-67
-112
-150
-171
-181
-199
-236
-287
-326
-349
-373
-408
-435
-437
-407
-341
-243
-108
57
233
389
513
627
751
882
985
1033
1013
935
809
664
542
472
438
410
365
322
289
277
295
354
432
496
539
565
566
534
485
442
412
377
332
277
216
137
29
-93
-209
-304
-389
-467
-533
-575
-589
-581
-567
-553
-523
-462
-377
-304
-260
-229
-187
-131
-94
-111
-175
-242
-257
-232
-210
-213
-230
-251
-286
-349
-413
-446
-439
-401
-353
-294
-212
-100
34
177
319
425
453
401
321
284
306
339
309
200
67
-32
-84
-115
-152
-191
-224
-259
-303
-355
-387
-370
-290
-175
-69
12
82
161
238
301
344
349
305
212
99
-9
-108
-201
-297
-398
-518
-661
-813
-945
-1019
-1018
-973
-955
-1001
-1079
-1118
-1088
-1005
-888
-738
-574
-430
-325
-243
-158
-54
53
139
196
242
298
367
426
451
451
450
473
527
602
681
758
838
929
1027
1123
1203
1253
1263
1245
1215
1187
1153
1108
1046
963
866
767
673
586
491
388
298
229
185
159
158
184
221
250
266
283
301
310
317
340
382
421
431
400
338
254
147
19
-123
-267
-397
-506
-584
-643
-697
-761
-844
-948
-1060
-1133
-1138
-1084
-1020
-970
-927
-883
-845
-825
-814
-792
-758
-729
-726
-751
-778
-777
-735
-668
-607
-575
-576
-587
-569
-496
-361
-192
-27
106
199
287
408
567
728
842
898
905
889
856
806
733
636
513
374
243
161
168
254
372
463
507
529
553
575
575
563
558
572
593
607
598
559
487
396
303
225
162
90
-9
-119
-195
-232
-273
-367
-492
-570
-545
-425
-289
-197
-168
-174
-189
-209
-240
-283
-313
-319
-306
-313
-363
-457
-572
-687
-787
-871
-922
-916
-851
-770
-726
-713
-677
-564
-383
-170
17
149
232
306
394
475
511
502
493
508
535
540
526
503
480
453
415
360
287
225
198
225
302
403
507
596
662
683
657
601
534
459
362
247
127
27
-33
-76
-135
-242
-372
-487
-572
-648
-720
-765
-763
-733
-709
-697
-670
-607
-520
-427
-328
-210
-80
37
113
135
112
77
69
111
176
210
173
73
-47
-153
-225
-244
-199
-108
0
89
134
132
100
69
58
80
140
245
375
497
579
624
641
641
629
627
656
695
698
638
537
451
406
388
369
353
360
392
419
423
402
373
343
308
254
171
67
-29
-107
-176
-255
-355
-460
-545
-592
-625
-665
-713
-761
-802
-844
-874
-885
-876
-859
-846
-849
-872
-906
-925
-913
-861
-775
-670
-570
-506
-478
-456
-418
-365
-308
-245
-181
-142
-131
-129
-109
-73
-35
-13
-2
13
53
124
206
288
368
446
504
529
530
539
585
657
721
737
706
663
646
651
650
631
614
615
631
646
648
641
621
589
547
507
472
435
390
350
334
358
414
473
498
481
444
402
332
206
35
-133
-262
-351
-418
-476
-516
-529
-511
-477
-440
-408
-410
-481
-615
-734
-765
-708
-640
-621
-653
-689
-688
-641
-572
-502
-423
-320
-207
-130
-116
-146
-180
-192
-168
-82
43
156
201
181
135
112
139
207
275
292
248
147
12
-125
-212
-230
-201
-166
-146
-139
-129
-89
-19
51
85
84
93
136
199
253
288
306
318
334
354
370
368
349
320
302
298
290
260
221
192
174
173
210
288
375
431
460
479
482
435
326
165
-5
-135
-197
-211
-221
-249
-286
-306
-307
-302
-309
-333
-356
-359
-337
-306
-277
-238
-171
-83
10
89
137
140
96
37
8
30
92
165
225
249
234
190
137
96
71
56
37
-4
-69
-150
-230
-293
-332
-349
-358
-362
-357
-328
-282
-249
-243
-244
-228
-192
-153
-121
-96
-68
-42
-12
25
72
122
174
228
283
324
329
294
247
226
236
250
245
212
159
99
41
-10
-65
-129
-198
-261
-307
-330
-332
-335
-333
-314
-278
-254
-251
-250
-236
-215
-195
-173
-143
-105
-50
22
84
104
87
83
126
204
279
321
327
321
334
384
429
419
330
190
50
-29
-24
33
79
91
90
100
128
158
183
192
189
175
161
149
139
140
147
144
112
63
23
16
24
21
10
18
61
115
147
145
116
78
46
17
-18
-54
-82
-97
-119
-176
-286
-417
-509
-525
-483
-435
-406
-397
-390
-377
-352
-320
-290
-260
-232
-193
-146
-94
-59
-49
-43
-19
17
31
10
-35
-80
-100
-90
-64
-41
-20
7
42
79
111
130
129
112
90
65
37
25
42
89
122
123
108
103
109
125
148
175
185
174
163
167
186
197
193
180
156
109
48
-6
-35
-32
-2
49
100
119
79
-15
-107
-149
-136
-112
-105
-121
-156
-201
-248
-277
-279
-244
-186
-130
-99
-96
-103
-103
-106
-125
-160
-202
-236
-260
-281
-300
-309
-304
-293
-294
-316
-350
-365
-335
-256
-156
-62
5
42
59
82
122
183
258
333
403
458
484
479
460
460
490
527
540
522
490
451
393
316
247
243
308
404
482
520
530
535
547
560
560
536
498
452
405
376
380
419
453
432
339
221
150
151
185
199
184
156
120
54
-39
-122
-165
-172
-180
-213
-265
-316
-351
-372
-397
-426
-443
-434
-412
-415
-452
-490
-493
-457
-418
-410
-425
-430
-405
-354
-290
-224
-163
-119
-112
-140
-182
-202
-183
-137
-85
-31
9
17
-25
-101
-181
-225
-224
-202
-200
-234
-277
-294
-282
-265
-260
-263
-268
-271
-259
-217
-156
-115
-132
-207
-295
-345
-327
-238
