-377
-475
-559
-610
-613
-588
-572
-614
-718
-827
-889
-897
-898
-904
-903
-904
-937
-1007
-1066
-1094
-1115
-1161
-1212
-1240
-1243
-1225
-1191
-1152
-1150
-1207
-1291
-1344
-1332
-1274
-1206
-1134
-1045
-919
-767
-617
-496
-415
-367
-343
-320
-289
-252
-218
-183
-135
-65
23
117
193
241
269
278
284
285
273
244
227
244
267
270
262
299
400
534
639
698
736
796
878
949
999
1048
1104
1151
1165
1137
1072
1002
968
987
1021
1029
1004
983
991
1014
1024
1008
981
951
911
858
809
777
750
689
571
413
251
149
145
223
301
305
242
164
125
130
180
251
314
347
327
231
62
-110
-209
-218
-182
-146
-121
-104
-112
-164
-254
-336
-370
-363
-359
-395
-465
-530
-569
-586
-610
-646
-670
-649
-607
-600
-654
-731
-774
-772
-748
-739
-760
-810
-881
-955
-1012
-1016
-964
-882
-794
-702
-617
-574
-583
-592
-557
-489
-438
-437
-464
-492
-511
-520
-520
-487
-423
-351
-283
-216
-148
-102
-83
-64
-22
58
183
335
469
544
570
579
593
611
632
653
645
599
542
519
545
612
702
781
806
784
765
779
803
806
796
775
740
671
571
462
374
332
332
333
292
203
86
-20
-80
-81
-45
-17
-20
-52
-112
-189
-262
-319
-374
-438
-478
-472
-426
-371
-316
-267
-219
-168
-116
-79
-88
-152
-243
-319
-351
-332
-265
-172
-90
-50
-40
-19
15
18
-38
-122
-163
-143
-86
-41
-22
-26
-50
-84
-126
-186
-267
-352
-405
-416
-394
-372
-362
-351
-316
-261
-226
-225
-231
-207
-164
-143
-166
-206
-210
-155
-69
-6
-3
-51
-114
-139
-97
-18
35
25
-24
-82
-142
-203
-240
-211
-108
32
151
206
213
220
273
343
372
328
246
193
203
267
337
382
393
404
429
461
483
482
473
475
511
585
671
750
807
841
851
838
808
770
737
710
682
640
592
560
562
573
564
517
443
362
296
271
294
339
348
306
224
139
57
-31
-137
-243
-324
-373
-406
-443
-474
-487
-466
-426
-406
-441
-493
-493
-419
-335
-316
-381
-503
-628
-711
-726
-686
-642
-629
-634
-615
-565
-515
-475
-421
-341
-262
-216
-214
-221
-239
-270
-313
-329
-309
-299
-315
-330
-301
-261
-269
-336
-419
-495
-560
-599
-590
-528
-423
-295
-185
-122
-102
-84
-57
-41
-69
-146
-244
-313
-323
-294
-277
-281
-276
-245
-204
-171
-146
-136
-149
-174
-173
-137
-86
-45
-18
12
45
56
8
-68
-95
-10
131
216
205
157
154
201
261
305
318
300
268
256
277
301
326
393
521
640
687
660
624
629
659
682
663
599
521
471
476
528
591
622
608
569
538
518
490
446
420
458
553
645
682
667
635
606
580
546
483
406
365
395
459
480
430
344
269
227
213
220
229
233
217
187
149
124
123
128
112
37
-83
-207
-284
-310
-319
-338
-366
-376
-376
-390
-418
-429
-407
-380
-392
-458
-556
-647
-691
-668
-594
-534
-551
-637
-728
-763
-741
-697
-668
-681
-749
-854
-942
-967
-939
-903
-897
-906
-898
-871
-834
-789
-724
-668
-646
-635
-600
-532
-453
-370
-311
-295
-307
-289
-223
-151
-135
-168
-186
-146
-76
-23
9
36
49
21
-35
-56
-12
77
162
222
261
295
331
354
357
339
332
355
397
416
405
400
440
521
607
678
742
810
875
912
893
831
765
727
707
696
715
772
846
897
922
925
912
887
849
808
773
753
737
706
643
574
520
485
448
395
344
321
332
363
392
409
385
292
128
-49
-182
-249
-272
-285
-313
-352
-369
-342
-292
-268
-289
-336
-377
-398
-413
-435
-461
-461
-433
-411
-439
-498
-553
-580
-585
-584
-596
-627
-656
-649
-602
-539
-489
-462
-455
-454
-479
-545
-639
-706
-712
-661
-587
-514
-464
-448
-460
-484
-488
-472
-445
-427
-412
-373
-301
-209
-132
-89
-72
-68
-67
-85
-127
-183
-218
-206
-168
-142
-158
-183
-174
-110
-10
81
142
185
232
289
334
346
324
278
238
228
264
344
447
543
599
609
587
557
515
456
412
407
439
460
452
437
436
465
507
542
552
543
537
530
521
503
499
510
531
550
558
546
493
402
300
206
118
48
23
47
88
104
71
5
-63
-108
-146
-213
-314
-421
-488
-482
-400
-282
-190
-156
-162
-168
-151
-111
-83
-105
-182
-273
-327
-319
-262
-194
-166
-203
-254
-246
-154
-44
27
62
78
92
103
110
84
-1
-118
-204
-238
-253
-273
-301
-328
-359
-403
-461
-512
-525
-481
-392
-302
-258
-266
-281
-274
-269
-294
-302
-238
-108
6
55
66
72
66
28
-21
-48
-65
-103
-157
-186
-179
-165
-176
-198
-214
-216
-207
-184
-152
-129
-118
-83
-6
75
94
39
-37
-76
-63
-26
16
63
124
192
254
295
300
287
293
342
392
395
352
308
295
298
290
273
242
191
120
60
30
7
-17
-29
2
76
174
276
359
403
415
412
396
364
327
297
277
269
284
321
355
363
326
253
183
179
250
345
395
382
328
242
128
20
-30
-9
50
94
88
30
-53
-119
-136
-114
-90
-94
-117
-141
-159
-170
-166
-152
-155
-195
-252
-282
-274
-235
-176
-104
-46
-42
-98
-184
-248
-267
-250
-244
-269
-310
-341
-358
-368
-373
-373
-369
-373
-395
-427
-448
-437
-402
-369
-359
-396
-492
-597
-623
-519
-344
-192
-104
-62
-48
-67
-111
-143
-132
-72
-12
5
-17
-45
-41
-2
66
134
155
115
52
17
-7
-49
-103
-132
-120
-92
-50
4
68
121
166
211
267
344
449
568
652
653
583
506
464
448
427
404
417
478
550
570
516
427
360
328
307
268
220
192
201
239
274
296
312
344
399
448
479
488
484
454
390
321
276
260
258
258
259
233
187
166
221
320
382
370
316
256
189
102
-6
-122
-230
-288
-270
-209
-175
-203
-274
-344
-395
-421
-444
-477
-513
-532
-522
-503
-482
-456
-421
-393
-387
-411
-456
-505
-541
-556
-561
-559
-548
-515
-470
-443
-439
-433
-423
-445
-514
-593
-636
-652
-667
-695
-710
-674
-587
-485
-430
-421
-425
-417
-412
-421
-429
-413
-367
-307
-273
-286
-331
-383
-430
-466
-479
-454
-394
-309
-217
-131
-59
-5
24
20
-8
-39
-54
-41
14
119
260
402
493
509
480
468
511
594
688
781
873
941
968
944
907
898
926
956
940
883
822
807
843
894
910
871
803
744
712
694
669
641
619
614
616
612
578
513
435
378
341
310
289
282
278
245
201
181
189
189
170
168
201
218
162
43
-68
-117
-103
-67
-56
-91
-140
-154
-120
-71
-57
-89
-159
-237
-295
-315
-305
-298
-304
-328
-379
-478
-613
-735
-800
-801
-763
-695
-606
-516
-461
-459
-492
-519
-516
-493
-460
-429
-401
-383
-368
-348
-337
-336
-345
-350
-362
-390
-427
-447
-441
-426
-411
-406
-413
-413
-375
-302
-244
-250
-301
-346
-356
-341
-325
-318
-294
-225
-106
15
74
60
4
-49
-71
-61
-49
-68
-106
-119
-87
-27
32
80
122
166
215
253
261
245
239
261
300
321
312
287
259
247
262
310
370
417
436
412
354
290
251
244
252
266
294
328
357
362
351
344
348
361
382
425
488
546
563
547
512
483
458
425
369
281
183
106
61
31
26
72
166
250
271
214
109
1
-68
-77
-48
-23
-17
-23
-32
-43
-49
-54
-84
-152
-241
-315
-335
-273
-139
14
123
157
100
-36
-201
-316
-360
-370
-381
-383
-359
-322
-300
-298
-294
-279
-241
-171
-65
53
126
115
34
-59
-101
-88
-41
-5
-4
-30
-48
-14
63
133
143
93
21
-23
-37
-63
-141
-257
-355
-372
-290
-146
-34
-24
-98
-180
-202
-176
-144
-162
-237
-322
-356
-323
-262
-194
-126
-75
-87
-172
-292
-402
-469
-475
-440
-405
-383
-324
-195
-37
65
59
-35
-139
-178
-123
-26
41
49
28
28
52
92
146
245
381
487
485
391
297
268
280
265
222
193
216
279
343
381
386
375
377
432
530
612
620
571
511
464
422
385
349
324
326
348
332
225
67
-64
-128
-153
-189
-267
-369
-444
-448
-396
-341
-309
-296
-284
-275
-278
-285
-274
-235
-184
-147
-151
-195
-251
-281
-280
-263
-239
-209
-196
-229
-289
-315
-282
-220
-177
-147
-108
-67
-60
-86
-108
-85
-18
54
89
74
22
-59
-158
-235
-231
-152
-47
37
92
110
85
58
78
123
123
84
74
142
258
363
440
492
515
502
454
383
326
331
411
501
526
468
360
281
296
415
547
597
548
450
359
299
286
293
293
278
264
250
224
206
207
206
174
122
75
27
-32
-92
-113
-67
1
10
-79
-183
-202
-135
-74
-105
-214
-342
-429
-467
-472
-460
-444
-449
-490
-550
-575
-533
-438
-364
-380
-494
-618
-632
-497
-289
-129
-61
-47
-31
-10
-11
-48
-117
-206
-297
-363
-380
-329
-214
-80
2
-13
-108
-218
-282
-304
-326
-375
-424
-434
-378
-261
-128
-34
4
9
18
35
71
119
144
113
26
-69
-116
-93
-41
-27
-82
-154
-177
-147
-108
-97
-93
-69
-8
51
62
36
16
23
33
27
20
43
127
266
394
449
425
379
358
370
408
457
511
574
648
721
776
798
784
733
658
575
496
444
436
454
435
332
169
40
22
113
233
304
291
223
138
82
59
59
43
-30
-152
-272
-313
-283
-260
-291
-342
-332
-256
-187
-206
-310
-411
-415
-339
-287
-338
-453
-540
-558
-527
-483
-443
-408
-396
-449
-572
-679
-670
-551
-450
-457
-515
-486
-318
-100
29
-4
-146
-266
-287
-212
-100
-8
55
110
189
289
359
372
358
371
413
437
409
347
335
433
594
663
551
347
216
224
295
334
313
273
246
215
157
84
65
121
215
299
362
423
467
453
349
200
99
78
87
60
23
56
169
250
163
-63
-234
-187
30
197
161
-18
-161
-190
-151
-133
-140
-127
-74
-20
-27
-95
-172
-203
-210
-263
-393
-531
-557
-446
-317
-330
-496
-644
-626
-471
-340
-326
-401
-478
-490
-413
-288
-198
-179
-191
-171
-91
62
270
453
481
306
57
-62
27
173
151
-94
-383
-470
-303
-65
15
-139
-401
-569
-541
-419
-440
-753
-1214
-1453
-1202
-588
-58
33
-204
-261
219
1035
1627
1679
1391
1159
1173
1319
1400
1318
1077
749
405
153
71
128
183
82
-174
-440
-536
-410
-170
7
49
63
214
537
916
1227
1426
1490
1337
936
432
80
-13
-49
-370
-1102
-1933
-2333
-2039
-1331
-775
-681
-838
-802
-385
200
589
636
511
475
615
760
717
478
203
6
-161
-413
-748
-1015
-1096
-1051
-1023
-1029
-935
-642
-234
121
354
569
903
1330
1666
1786
1767
1778
1879
1964
1897
1661
1376
1191
1157
1208
1273
1325
1360
1327
1180
965
791
677
415
-307
-1606
-3167
-4330
-4589
-4039
-3403
-3367
-3961
-4507
-4268
-3056
-1410
-135
328
190
41
351
1178
2196
2872
2831
2148
1322
864
852
890
448
-667
-2113
-3257
-3673
-3443
-2993
-2743
-2839
-3108
-3203
-2803
-1838
-531
681
1408
1602
1640
2012
2820
3637
3902
3483
2804
2454
2663
3208
3681
3816
3601
3205
2884
2833
3080
3414
3559
3402
3103
2875
2755
2587
2129
1072
-793
-3101
-4768
-4844
-3660
-2772
-3486
-5436
-6786
-5987
-3409
-1031
-481
-1512
-2512
-2157
-454
1592
2922
3159
2673
2148
2088
2518
2968
2729
1366
-831
-2991
-4289
-4572
-4377
-4420
-4954
-5577
-5631
-4800
-3332
-1799
-639
121
787
1664
2718
3599
3927
3582
2765
1812
1035
585
364
119
-351
-964
-1427
-1417
-866
-65
554
848
1153
1906
3169
4566
5636
6188
6368
6452
6598
6724
6605
6061
5075
3793
2466
1304
241
-1199
-3454
-6116
-7885
-7812
-6492
-5660
-6397
-7932
-8331
-6463
-3252
-815
-322
-907
-818
723
2987
4726
5315
5049
4620
4484
4589
4576
4076
2879
1042
-1056
-2831
-3919
-4439
-4876
-5586
-6416
-6825
-6376
-5171
-3737
-2575
-1796
-1141
-251
978
2220
2922
2791
2090
1410
1176
1323
1436
1172
560
-75
-455
-519
-355
-58
280
589
897
1409
2360
3696
4973
5677
5709
5546
5773
6458
7003
6696
5438
3846
2671
1997
1051
-1048
-4140
-6802
-7654
-6871
-6082
-6681
-8402
-9590
-8834
-6398
-3977
-2953
-3083
-2981
-1659
670
3005
4490
5023
5165
5552
6313
7038
7145
6289
4602
2638
967
-267
-1375
-2703
-4254
-5690
-6631
-6982
-6959
-6822
-6561
-5951
-4847
-3394
-1944
-761
161
997
1815
2484
2834
2902
2898
2987
3119
3119
2893
2539
2217
1991
1850
1854
2126
2655
3262
3777
4182
4573
4981
5343
5578
5685
5679
5451
4876
4113
3568
3346
2880
1411
-1053
-3418
-4440
-4065
-3647
-4616
-6888
-8811
-8773
-6886
-4899
-4409
-5255
-5795
-4677
-2134
398
1706
1836
1860
2770
4550
6281
7013
6510
5283
4081
3314
2822
2099
761
-1120
-3018
-4352
-4942
-5175
-5619
-6424
-7161
-7227
-6466
-5270
-4202
-3487
-2879
-1996
-747
553
1507
2001
2243
2505
2893
3291
3481
3357
3061
2848
2843
2995
3200
3429
3715
4064
4366
4461
4336
4208
4307
4564
4631
4218
3462
2858
2770
2952
2621
1169
-1097
-3003
-3504
-2788
-2206
-3026
-5119
-7035
-7339
-6032
-4551
-4306
-5266
-6075
-5512
-3652
-1648
-578
-488
-509
245
1858
3619
4728
4913
4533
4182
4176
4345
4211
3425
2086
678
-320
-890
-1476
-2504
-3866
-4972
-5355
-5144
-4888
-4900
-4951
-4625
-3850
-2947
-2223
-1663
-1029
-215
635
1318
1826
2324
2883
3376
3641
3724
3888
4376
5157
5921
6327
6316
6125
6026
6035
5932
5517
4803
3956
3167
2555
2127
1731
1113
105
-1210
-2425
-3067
-2988
-2652
-2784
-3715
-5003
-5807
-5647
-4885
-4457
-4955
-5967
-6416
-5651
-4122
-2913
-2634
-2784
-2307
-716
1379
2915
3375
3175
3127
3666
4475
4857
4402
3334
2222
1427
864
223
-663
-1677
-2585
-3288
-3879
-4438
-4868
-4959
-4689
-4330
-4206
-4318
-4288
-3755
-2778
-1767
-1041
-524
45
754
1464
2059
2606
3213
3855
4426
4905
5387
5951
6518
6840
6720
6218
5635
5205
4873
4411
3679
2740
1750
857
147
-373
-835
-1444
-2236
-2900
-3009
-2572
-2226
-2665
-3800
-4741
-4727
-4003
-3532
-3933
-4793
-5182
-4692
-3811
-3241
-3056
-2710
-1774
-472
578
1034
1141
1405
2011
2673
2969
2800
2389
1966
1576
1172
779
438
82
-415
-1073
-1733
-2192
-2356
-2317
-2299
-2449
-2713
-2921
-2948
-2791
-2502
-2127
-1675
-1156
-620
-102
425
1070
1869
2705
3385
3812
4086
4363
4664
4818
4685
4356
4074
3987
3991
3869
3513
2969
2372
1832
1438
1236
1187
1149
928
485
7
-241
-255
-351
-873
-1802
-2729
-3220
-3201
-2996
-3010
-3362
-3851
-4162
-4090
-3663
-3089
-2626
-2391
-2298
-2148
-1806
-1323
-846
-450
-103
192
345
343
373
676
1222
1636
1565
1071
589
476
658
756
530
135
-96
-65
-70
-441
-1102
-1594
-1591
-1284
-1175
-1488
-1900
-1886
-1285
-461
88
242
316
727
1546
2428
2912
2813
2407
2148
2312
2761
3101
3018
2567
2095
1932
2110
2391
2509
2361
2032
1695
1507
1476
1400
1019
286
-525
-1053
-1187
-1152
-1263
-1641
-2146
-2548
-2738
-2770
-2788
-2896
-3075
-3186
-3138
-2983
-2875
-2873
-2843
-2574
-2019
-1424
-1122
-1124
-1042
-489
413
1126
1289
1106
1080
1430
1899
2095
1932
1669
1579
1617
1471
944
234
-262
-378
-364
-595
-1152
-1744
-1977
-1760
-1375
-1212
-1336
-1411
-1077
-354
376
766
790
689
713
957
1344
1688
1797
1613
1324
1280
1680
2308
2701
2601
2224
2008
2146
2405
2384
1923
1251
728
511
477
418
246
-27
-377
-778
-1156
-1399
-1503
-1611
-1886
-2332
-2776
-3061
-3177
-3281
-3409
-3401
-3131
-2796
-2677
-2611
-2139
-1038
298
1226
1464
1358
1540
2224
2976
3220
2847
2297
2036
2122
2190
1827
1040
262
-60
59
190
-25
-549
-1064
-1316
-1292
-1122
-929
-746
-532
-254
46
260
329
296
253
253
288
299
206
-9
-215
-202
73
389
482
361
324
632
1212
1717
1854
1653
1391
1276
1274
1217
1030
733
357
-95
-606
-1113
-1545
-1835
-2011
-2199
-2500
-2856
-3099
-3117
-2973
-2807
-2691
-2543
-2261
-1848
-1382
-901
-395
123
606
989
1244
1406
1568
1757
1876
1810
1580
1355
1263
1256
1172
921
586
335
274
368
482
481
347
198
170
285
443
538
558
576
684
888
1075
1144
1102
1032
953
794
526
231
92
208
454
541
316
-21
-160
-30
132
91
-134
-328
-309
-121
52
86
5
-108
-251
-470
-776
-1125
-1463
-1762
-2000
-2173
-2275
-2356
-2475
-2624
-2716
-2665
-2500
-2309
-2138
-1925
-1591
-1142
-705
-410
-243
-44
286
661
882
880
803
885
1197
1535
1636
1434
1131
956
936
912
714
371
104
100
282
399
322
181
203
487
912
1268
1420
1407
1375
1431
1585
1765
1880
1806
1505
1117
907
1026
1320
1447
1199
737
424
472
737
895
758
438
208
248
492
706
691
454
151
-55
-121
-135
-221
-444
-722
-919
-976
-1003
-1142
-1399
-1624
-1705
-1692
-1721
-1836
-1916
-1824
-1565
-1306
-1210
-1270
-1326
-1210
-910
-542
-231
12
250
507
719
808
752
587
370
178
56
-40
-189
-414
-628
-711
-603
-365
-174
-161
-228
-145
186
551
668
486
249
252
519
803
835
631
469
584
943
1256
1241
894
488
334
463
612
505
121
-268
-379
-178
83
118
-125
-441
-600
-548
-416
-375
-492
-689
-813
-792
-725
-801
-1108
-1510
-1753
-1706
-1495
-1359
-1397
-1473
-1372
-1028
-599
-356
-453
-763
-959
-813
-392
22
207
162
51
51
230
516
730
711
471
226
199
393
572
512
261
63
95
300
526
710
885
1054
1140
1092
967
905
969
1077
1059
839
539
418
634
1086
1466
1524
1321
1186
1397
1864
2204
2119
1688
1295
1259
1527
1749
1644
1272
918
760
742
683
465
125
-193
-371
-445
-555
-807
-1185
-1539
-1683
-1557
-1341
-1277
-1428
-1598
-1523
-1124
-605
-304
-412
-786
-1106
-1168
-1018
-852
-849
-1059
-1353
-1535
-1488
-1303
-1189
-1262
-1419
-1425
-1161
-764
-480
-413
-458
-456
-355
-214
-63
127
372
558
555
383
235
285
467
548
383
74
-153
-168
-14
153
198
96
-23
1
235
585
872
966
883
800
899
1194
1482
1551
1358
1059
865
832
821
648
309
-19
-146
-100
-98
-323
-701
-948
-877
-620
-486
-600
-784
-755
-419
32
293
220
-22
-132
16
262
363
206
-131
-463
-620
-560
-437
-484
-794
-1197
-1381
-1172
-726
-384
-341
-455
-423
-120
307
597
649
594
635
822
1010
1030
846
559
289
110
17
-68
-237
-504
-794
-1004
-1088
-1077
-1030
-966
-835
-574
-212
124
347
519
761
1093
1368
1445
1340
1222
1217
1264
1188
912
562
325
262
249
118
-182
-498
-610
-472
-273
-238
-364
-439
-259
157
572
737
595
318
155
203
352
388
201
-118
-382
-455
-371
-273
-294
-476
-697
-733
-466
-52
196
137
-43
-56
186
511
683
645
535
524
630
734
707
515
222
-57
-219
-261
-251
-270
-319
-339
-293
-201
-146
-179
-244
-204
-5
215
276
166
83
205
519
821
914
767
535
384
339
295
176
12
-128
-238
-358
-506
-643
-730
-785
-867
-1005
-1119
-1093
-908
-694
-578
-592
-663
-721
-748
-750
-729
-697
-687
-713
-738
-685
-528
-318
-165
-153
-272
-407
-424
-284
-107
-74
-254
-529
-697
-651
-484
-408
-540
-773
-865
-670
-280
67
201
168
146
279
524
708
708
555
403
381
500
642
664
536
385
347
422
505
530
548
639
812
986
1076
1094
1138
1245
1324
1279
1152
1084
1118
1172
1155
1069
964
828
590
239
-122
-365
-485
-593
-761
-946
-1023
-926
-709
-517
-444
-443
-396
-267
-125
-13
70
115
81
-34
-163
-228
-219
-225
-348
-575
-742
-716
-570
-499
-584
-711
-718
-566
-358
-210
-132
-56
88
276
439
530
565
599
657
681
591
405
253
228
270
266
183
82
27
35
91
172
284
428
590
708
741
718
723
826
995
1116
1090
925
720
574
526
519
459
268
-50
-401
-663
-764
-754
-795
-1025
-1394
-1666
-1645
-1391
-1162
-1131
-1236
-1274
-1118
-817
-539
-432
-504
-637
-687
-581
-378
-211
-194
-311
-426
-432
-351
-319
-425
-618
-756
-764
-685
-605
-548
-452
-271
-42
151
288
422
595
771
890
934
943
982
1076
1177
1219
1171
1072
971
884
780
644
525
497
571
638
590
425
259
217
345
558
715
745
701
690
738
790
771
642
405
99
-188
-376
-453
-487
-557
-696
-849
-943
-954
-941
-983
-1103
-1251
-1342
-1327
-1224
-1111
-1073
-1146
-1255
-1265
-1126
-947
-879
-936
-981
-867
-618
-398
-346
-419
-458
-388
-286
-268
-338
-378
-302
-150
-34
-6
-1
93
336
673
961
1091
1094
1119
1262
1461
1562
1467
1213
956
855
932
1063
1103
1031
916
825
802
877
1039
1188
1215
1114
1005
1006
1096
1157
1110
1013
966
975
935
760
488
237
70
-64
-254
-471
-563
-443
-218
-115
-228
-443
-571
-557
-483
-458
-519
-647
-815
-986
-1080
-1048
-941
-859
-842
-835
-792
-735
-732
-829
-998
-1153
-1232
-1248
-1256
-1269
-1251
-1165
-1028
-873
-701
-499
-281
-94
24
75
73
53
63
143
273
354
284
78
-115
-149
-11
167
251
201
82
-6
12
112
155
58
-96
-129
25
250
390
385
320
338
498
707
800
735
609
537
517
483
391
257
138
62
23
-24
-118
-233
-324
-363
-378
-399
-429
-446
-420
-369
-330
-334
-354
-346
-289
-182
-56
42
61
-4
-93
-131
-104
-59
-76
-182
-302
-297
-99
206
433
476
404
385
534
802
1014
1043
911
781
770
849
893
813
658
542
548
655
773
823
783
691
586
509
476
491
528
565
582
555
475
382
344
389
464
497
445
325
170
-31
-279
-548
-756
-842
-819
-767
-771
-836
-893
-859
-749
-646
-591
-554
-503
-468
-487
-527
-513
-450
-441
-577
-829
-1057
-1143
-1109
-1071
-1102
-1168
-1193
-1138
-1041
-961
-941
-995
-1062
-1040
-852
-550
-277
-151
-159
-186
-148
-54
42
123
203
319
489
721
977
1168
1231
1137
916
638
402
268
237
288
429
664
942
1169
1227
1047
614
37
-500
-788
-686
-209
492
1186
1698
1928
1877
1602
1186
710
239
-150
-386
-433
-308
-65
208
384
375
189
-95
-411
-743
-1055
-1269
-1285
-1053
-615
-133
224
374
348
196
-64
-396
-685
-812
-736
-519
-258
-33
124
200
182
57
-153
-381
-545
-582
-451
-152
237
569
706
608
367
131
5
-22
-16
13
77
209
375
538
610
527
302
22
-206
-357
-385
-285
-93
59
110
93
97
161
226
224
120
-15
-68
13
166
283
316
277
187
36
-177
-413
-592
-685
-723
-753
-750
-637
-369
-45
156
92
-208
-552
-770
-806
-736
-625
-516
-414
-347
-277
-213
-139
-147
-260
-461
-627
-663
-542
-301
-22
204
289
211
76
25
139
347
495
527
439
371
368
459
559
591
570
536
585
684
786
794
670
432
209
170
378
681
785
581
204
-26
16
239
383
317
134
59
219
490
690
715
631
513
441
431
482
552
631
693
665
476
129
-201
-340
-249
-103
-102
-249
-388
-353
-185
-29
-50
-217
-493
-783
-1045
-1116
-887
-455
-46
93
23
-132
-170
-136
-168
-352
-575
-582
-400
-221
-319
-578
-785
-749
-555
-398
-397
-555
-740
-909
-989
-973
-814
-563
-341
-257
-280
-278
-150
-2
-28
-317
-737
-1003
-915
-547
-155
-1
-92
-295
-475
-576
-580
-419
-100
281
583
707
668
555
581
759
1024
1109
998
778
613
545
548
556
495
266
-52
-224
-85
290
499
329
-175
-600
-653
-327
98
288
235
77
44
82
118
108
121
210
420
672
875
904
739
465
113
-130
-240
-147
-2
129
206
278
327
335
278
202
155
99
46
38
133
337
469
576
555
572
602
732
874
897
842
727
689
619
599
557
565
551
557
562
507
397
220
93
33
135
371
699
935
918
548
32
-253
-75
344
537
366
0
-181
-175
-174
-465
-1051
-1553
-1730
-1528
-1285
-1162
-1156
-1166
-1144
-1174
-1232
-1303
-1333
-1315
-1255
-1127
-956
-749
-578
-516
-633
-889
-1246
-1581
-1777
-1678
-1374
-1098
-1024
-1130
-1201
-1169
-1011
-911
-862
-879
-825
-790
-695
-500
-132
265
511
619
562
465
318
284
351
488
599
594
458
265
202
319
528
654
619
425
204
191
516
1093
1596
1833
1811
1714
1603
1498
1324
1146
1023
1071
1151
1120
916
774
807
883
760
366
-54
-233
-82
211
261
60
-175
-79
249
562
620
431
139
-101
-162
-135
-52
-49
-36
-16
22
50
-62
-243
-490
-593
-526
-317
-102
-52
-142
-354
-480
-508
-387
-182
16
83
-12
-107
-88
20
60
39
51
182
369
489
433
251
47
-13
55
179
243
274
320
404
470
436
357
240
244
279
436
532
643
640
610
508
421
370
288
168
7
5
85
186
141
-34
-281
-541
-727
-848
-905
-930
-973
-1026
-1143
-1204
-1235
-1159
-1056
-928
-869
-901
-994
-1048
-1032
-984
-983
-1075
-1229
-1367
-1400
-1328
-1217
-1079
-956
-841
-793
-795
-782
-733
-562
-368
-184
-145
-233
-365
-421
-279
-20
243
337
308
239
273
420
617
790
873
926
909
841
744
759
910
1094
1148
1107
1040
1092
1176
1251
1293
1308
1372
1367
1367
1322
1318
1307
1251
1139
994
914
882
852
706
510
329
223
155
82
-2
-116
-250
-367
-447
-472
-461
-419
-414
-469
-624
-791
-948
-989
-921
-810
-728
-684
-605
-574
-655
-851
-912
-827
-639
-585
-628
-655
-536
-201
153
368
264
11
-201
-151
64
368
582
645
591
477
516
586
733
771
810
727
598
460
391
450
517
594
510
340
121
48
124
269
382
396
381
324
276
196
153
153
222
246
204
64
-124
-277
-379
-338
-316
-310
-401
-440
-439
-461
-575
-801
-963
-1051
-1026
-1056
-1064
-1035
-843
-698
-674
-873
-1075
-1156
-1060
-885
-795
-770
-791
-777
-784
-855
-929
-912
-746
-543
-407
-445
-533
-561
-360
-57
121
102
-22
30
229
495
664
805
983
1281
1524
1639
1484
1196
922
771
749
721
732
754
828
926
1002
1011
867
650
399
246
205
302
440
555
590
589
492
367
255
246
299
304
307
335
475
610
577
382
139
79
87
30
-164
-406
-567
-652
-621
-544
-440
-395
-477
-657
-881
-901
-793
-577
-526
-595
-801
-1014
-1136
-1183
-1086
-1026
-925
-951
-948
-925
-810
-665
-560
-436
-308
-181
-45
46
124
55
-6
-34
55
223
369
500
505
474
434
450
495
458
328
220
258
477
646
645
410
154
72
316
672
946
926
783
581
454
412
464
624
730
804
680
488
249
127
121
117
100
0
-74
-150
-121
-35
11
-70
-223
-296
-259
-201
-179
-201
-222
-196
-120
-31
-48
-147
-272
-321
-313
-286
-312
-447
-643
-805
-793
-587
-266
8
100
56
-17
3
126
326
552
713
800
850
923
980
994
998
1029
1054
981
796
561
396
327
338
294
192
53
-3
-34
-101
-174
-180
-98
-82
-162
-355
-557
-704
-663
-461
-234
-185
-350
-628
-818
-856
-734
-655
-620
-706
-793
-937
-1059
-1077
-992
-810
-693
-604
-649
-766
-867
-907
-888
-976
-1039
-1048
-878
-713
-584
-585
-669
-816
-988
-983
-838
-502
-244
-65
-21
-39
10
109
276
324
336
380
551
753
912
982
996
946
849
742
726
844
1038
1167
1184
1085
951
866
879
953
971
891
809
743
765
747
771
725
723
672
640
527
398
337
383
533
636
697
669
590
461
364
340
383
419
350
224
102
140
251
360
326
159
-100
-329
-436
-433
-443
-512
-537
-505
-435
-516
-634
-758
-770
-722
-664
-610
-618
-674
-744
-770
-744
-722
-722
-732
-733
-698
-646
-511
-382
-245
-187
-111
-54
-65
-129
-124
54
265
356
255
101
-4
-47
-183
-408
-593
-545
-358
-218
-199
-243
-244
-242
-194
-116
1
61
19
-78
-172
-156
-105
44
172
258
244
200
240
311
378
333
240
178
229
351
329
134
-139
-205
-81
180
307
236
-109
-524
-723
-623
-333
-208
-337
-595
-733
-548
-259
-83
-153
-260
-193
-55
26
-28
-74
-14
102
183
128
38
45
157
257
262
241
265
299
286
278
360
539
704
774
728
639
583
590
633
628
643
693
747
687
552
449
484
515
513
345
160
2
18
199
388
479
347
143
-27
9
201
380
390
225
30
-67
-48
17
58
48
30
-28
-100
-161
-163
-120
-179
-350
-631
-815
-873
-795
-755
-804
-892
-907
-808
-713
-669
-736
-774
-769
-643
-543
-478
-477
-497
-486
-494
-425
-392
-361
-354
-320
-193
-110
-96
-191
-262
-226
-119
10
55
25
-45
-61
2
68
139
265
468
685
758
689
550
491
558
651
695
666
610
591
564
550
473
401
305
223
169
182
271
400
504
561
534
427
297
198
221
283
359
399
406
406
347
311
243
173
32
-132
-268
-351
-338
-271
-173
-90
-73
-98
-182
-190
-165
-105
-167
-282
-388
-360
-266
-191
-225
-289
-317
-273
-249
-306
-361
-403
-324
-276
-186
-201
-242
-350
-440
-502
-490
-415
-283
-155
-41
29
33
-16
-105
-141
-103
42
220
299
262
140
101
120
145
63
-95
-196
-167
-69
-59
-165
-294
-347
-316
-230
-131
-9
109
163
90
-149
-367
-414
-191
75
210
132
-4
-107
-154
-186
-236
-246
-194
-102
-129
-345
-648
-814
-707
-449
-212
-141
-156
-141
-21
145
210
120
-55
-164
-135
14
242
401
454
367
269
203
204
288
345
346
225
165
133
166
99
56
99
329
583
681
624
478
474
495
640
689
778
721
647
492
425
391
391
423
460
540
524
504
413
359
349
462
629
707
685
627
617
610
593
550
545
533
534
408
243
84
62
130
165
193
163
153
-19
-290
-566
-707
-677
-611
-501
-435
-351
-319
-291
-352
-466
-626
-765
-809
-825
-779
-819
-879
-991
-1057
-1099
-1146
-1200
-1235
-1210
-1200
-1166
-1185
-1140
-1140
-1037
-935
-796
-718
-657
-532
-424
-308
-331
-363
-438
-404
-287
-156
-132
-231
-339
-369
-326
-242
-191
-164
-155
-100
30
254
509
704
693
516
311
256
388
564
681
604
447
290
278
305
367
385
480
555
610
538
414
280
254
350
492
530
437
351
359
481
505
464
355
356
485
608
669
539
442
378
390
369
332
406
588
768
781
620
428
388
504
657
649
525
394
343
341
354
356
340
304
302
349
404
418
384
324
282
289
387
545
666
669
549
408
319
309
288
288
273
314
306
224
77
-86
-209
-281
-285
-195
-90
-40
-111
-209
-282
-297
-328
-356
-389
-416
-474
-577
-651
-732
-795
-843
-820
-757
-843
-1023
-1247
-1295
-1252
-1158
-1142
-1218
-1365
-1506
-1530
-1428
-1227
-1090
-1045
-1118
-1146
-1121
-991
-904
-861
-865
-824
-706
-583
-479
-426
-425
-457
-500
-466
-355
-192
-41
70
143
229
284
323
278
220
185
233
300
338
305
319
344
415
451
487
547
585
693
731
794
754
765
763
768
784
797
849
849
826
734
625
516
471
465
490
503
496
498
496
505
501
492
513
547
595
598
542
473
375
336
266
204
72
-60
-97
-30
106
163
110
41
37
205
370
445
367
260
213
207
165
64
-60
-123
-103
-13
124
212
212
92
-33
-78
-27
55
80
74
66
151
231
242
78
-154
-308
-277
-58
128
181
22
-210
-312
-216
85
286
217
-92
-375
-385
-220
-61
-86
-255
-441
-453
-319
-140
-64
-57
-38
-13
3
-73
-194
-364
-504
-602
-663
-636
-595
-547
-634
-745
-794
-652
-445
-321
-382
-571
-716
-766
-664
-589
-567
-708
-808
-817
-635
-468
-320
-286
-227
-151
-72
-18
-74
-117
-170
-141
-96
-45
25
82
147
202
286
369
404
377
321
268
235
277
311
335
229
155
72
72
62
126
249
406
507
502
438
314
212
153
215
351
470
495
450
371
321
289
286
326
378
507
608
708
709
660
589
537
538
514
400
222
71
106
219
305
188
-21
-192
-230
-174
-90
-31
-2
-64
-182
-289
-282
-162
-41
-27
-138
-255
-235
-49
90
65
-104
-213
-182
-117
-67
-92
-108
-119
-159
-243
-376
-444
-362
-167
2
9
-139
-278
-312
-147
134
433
603
565
358
138
49
155
337
423
321
38
-203
-295
-196
-89
-88
-155
-203
-181
-196
-249
-297
-254
-122
7
20
-122
-305
-368
-299
-186
-126
-92
-101
-148
-277
-375
-439
-461
-508
-585
-592
-516
-395
-336
-343
-304
-119
126
273
165
-35
-171
-137
-10
106
149
89
-12
-34
72
258
398
421
327
180
88
93
180
242
269
246
297
350
429
409
331
222
185
289
442
534
460
326
192
170
153
163
107
44
-54
-120
-136
-117
-102
-154
-208
-196
-62
105
168
83
-40
-95
-65
-69
-124
-169
-117
35
146
152
28
-125
-271
-335
-311
-210
-131
-106
-173
-269
-330
-299
-224
-169
-129
-86
-23
-52
-171
-373
-491
-499
-390
-297
-177
-81
40
90
122
132
150
130
53
-6
20
168
275
319
267
148
-69
-274
-298
-98
112
161
21
-147
-218
-175
-113
-118
-181
-176
-130
-79
-121
-155
-121
22
196
296
299
241
228
262
290
263
205
202
202
176
68
-33
-71
-54
-38
-86
-181
-224
-164
-20
118
130
59
-89
-149
-137
-29
51
66
-16
-84
-82
24
147
274
336
333
234
171
185
307
376
343
216
161
183
214
163
106
175
339
510
517
421
276
295
459
700
799
761
643
561
522
474
386
265
190
195
241
270
250
161
56
-66
-111
-137
-173
-288
-442
-547
-563
-509
-461
-420
-378
-368
-402
-422
-328
-225
-262
-512
-786
-923
-870
-750
-722
-793
-921
-898
-793
-610
-556
-574
-640
-595
-442
-292
-212
-239
-240
-251
-224
-247
-308
-360
-354
-232
-147
-72
-42
74
168
201
110
-11
-50
14
166
267
287
237
198
200
217
241
306
406
489
499
444
347
264
238
315
399
441
397
309
235
186
228
271
297
257
201
182
162
186
209
253
242
207
204
288
372
416
447
530
617
572
405
201
151
221
313
275
156
76
115
186
185
55
-117
-227
-171
-60
-36
-191
-330
-332
-176
-70
-64
-199
-314
-392
-372
-372
-405
-436
-401
-321
-269
-247
-170
-7
227
402
430
298
133
137
276
407
280
11
-243
-273
-169
-85
-166
-391
-602
-659
-539
-316
-105
1
-37
-130
-153
-41
131
239
202
61
-42
-50
11
3
-69
-162
-140
-28
75
40
-122
-263
-300
-235
-175
-169
-225
-262
-231
-127
-38
-37
-73
-120
-121
-132
-122
-80
-1
111
135
49
-166
-299
-273
-32
192
264
44
-307
-581
-550
-254
108
217
95
-165
-274
-231
4
340
594
587
269
-80
-219
-112
74
141
78
-31
-51
22
91
54
-29
-44
112
339
516
556
483
410
340
347
334
368
363
415
445
516
537
576
556
520
441
388
322
232
116
29
14
62
155
199
108
-102
-303
-345
-223
-82
-21
-91
-189
-297
-358
-391
-386
-362
-387
-430
-493
-529
-581
-657
-751
-786
-728
-635
-650
-789
-878
-765
-510
-327
-326
-401
-433
-384
-299
-250
-232
-222
-89
119
247
170
-58
-210
-158
82
329
436
420
348
277
239
231
288
357
464
569
597
550
444
468
537
611
511
347
232
282
456
636
692
556
295
96
120
308
471
438
294
178
259
508
785
877
694
359
78
33
169
404
519
475
216
-37
-126
7
167
167
9
-156
-269
-312
-340
-241
-73
111
162
104
22
-1
96
176
167
-27
-234
-328
-241
-125
-110
-217
-303
-322
-269
-275
-338
-437
-488
-468
-482
-524
-579
-506
-364
-252
-220
-221
-202
-202
-243
-331
-436
-521
-520
-470
-444
-478
-455
-370
-240
-252
-367
-505
-524
-388
-234
-165
-234
-326
-285
-146
-27
-95
-260
-405
-377
-233
-87
-103
-251
-389
-416
-386
-372
-299
-152
-41
-159
-371
-495
-327
-64
141
83
-128
-308
-327
-207
-55
87
199
231
195
152
125
157
144
184
175
203
147
96
4
10
134
358
531
505
411
359
521
651
692
529
458
606
957
1283
1300
1083
768
667
786
1009
1077
976
773
665
638
690
731
724
663
578
535
481
465
463
640
826
963
852
627
472
448
580
644
573
354
118
80
127
96
-104
-340
-378
-297
-238
-346
-532
-657
-583
-440
-324
-433
-591
-685
-614
-511
-470
-423
-377
-355
-477
-692
-900
-1002
-918
-799
-799
-1002
-1186
-1173
-967
-733
-653
-743
-960
-1131
-1210
-1185
-1143
-1135
-1160
-1204
-1130
-909
-573
-341
-338
-532
-756
-838
-796
-630
-567
-469
-444
-296
-181
-73
-97
-187
-256
-176
22
232
342
306
200
49
20
82
269
390
403
298
200
232
409
664
869
875
740
532
464
587
820
1054
1068
966
744
646
742
994
1171
1061
784
573
603
736
786
650
446
322
347
478
588
598
447
231
98
122
307
516
723
742
588
291
84
31
76
141
184
232
238
173
83
68
194
362
458
421
317
174
19
-184
-301
-306
-199
-137
-141
-101
33
287
400
383
138
-25
-113
21
138
186
70
-65
-160
-171
-211
-250
-384
-533
-760
-952
-1009
-922
-772
-771
-857
-915
-806
-636
-555
-601
-648
-572
-443
-345
-302
-176
-17
22
-134
-445
-571
-464
-145
73
21
-253
-594
-721
-584
-314
-106
-131
-263
-447
-557
-483
-265
114
308
339
208
81
3
-142
-200
-201
-64
1
-56
-172
-175
6
163
172
7
-41
35
233
257
186
34
56
279
557
621
385
89
-32
40
190
322
395
361
213
5
-187
-260
-194
8
143
161
60
-20
49
218
503
701
721
521
216
60
85
279
376
243
-50
-211
-108
81
161
79
-52
-187
-278
-284
-207
-6
228
425
382
152
-134
-196
-1
347
592
608
477
303
253
287
453
589
607
410
113
-114
-107
96
371
497
412
158
-83
-121
9
212
287
211
82
2
92
240
313
244
-17
-226
-345
-274
-146
-66
-63
-172
-266
-310
-301
-307
-288
-247
-246
-280
-374
-366
-354
-179
-6
108
19
-143
-214
-188
-137
-250
-438
-686
-800
-811
-724
-597
-544
-521
-529
-452
-300
-181
-74
24
89
32
-238
-424
-464
-295
-169
-174
-253
-405
-429
-447
-308
-289
-231
-301
-291
-277
-275
-297
-363
-270
-62
211
405
368
207
25
62
285
508
580
421
182
16
82
369
647
732
526
252
114
142
212
180
216
334
567
621
482
223
124
305
611
871
847
650
340
193
190
360
514
630
546
315
71
-34
26
88
164
185
185
168
223
332
390
374
343
376
391
306
118
-90
-141
-151
-80
-53
90
294
361
215
-156
-442
-528
-406
-139
78
200
78
-193
-524
-653
-482
-192
38
-74
-235
-462
-446
-436
-410
-461
-443
-311
-170
-233
-522
-889
-972
-718
-292
8
11
-225
-523
-705
-701
-620
-529
-521
-616
-770
-859
-698
-418
-67
25
-20
-203
-248
-203
-196
-193
-220
-150
-168
-153
-174
-209
-264
-355
-350
-361
-236
-78
88
143
18
-132
-209
-32
299
642
868
862
664
390
296
432
672
677
423
88
33
232
495
549
555
564
750
877
912
890
931
1102
1234
1211
1103
912
871
800
741
567
376
303
258
341
335
317
239
264
387
563
749
929
885
653
369
273
286
262
188
62
-90
-211
-252
-191
-145
-150
-296
-581
-850
-1014
-830
-551
-295
-416
-744
-945
-876
-547
-377
-365
-517
-585
-574
-510
-559
-605
-649
-563
-505
-561
-671
-706
-642
-572
-689
-831
-1043
-1098
-1020
-826
-708
-788
-993
-1140
-1065
-759
-380
-218
-293
-493
-498
-330
-37
70
61
-133
-312
-378
-193
244
552
597
339
86
-42
-50
-45
-92
-141
-91
62
200
255
241
323
491
738
877
790
462
111
9
168
372
423
385
326
292
284
366
475
454
315
196
222
270
273
204
202
176
207
303
563
817
859
707
516
520
664
841
885
792
598
391
330
439
663
720
526
198
-116
-182
-125
68
100
24
-86
1
254
432
371
142
-59
-75
26
168
203
156
42
-30
-84
-19
78
148
54
-183
-434
-605
-555
-365
-182
-235
-438
-596
-597
-502
-419
-303
-268
-313
-471
-524
-433
-265
-138
-189
-345
-501
-472
-253
-74
-5
-134
-251
-381
-446
-423
-250
68
284
333
168
-32
-416
-923
-1418
-1439
-935
-276
78
-30
-323
-464
-293
173
625
907
914
699
364
-12
-113
151
703
1084
965
451
-107
-394
-494
-554
-602
-486
-197
2
-83
-338
-398
-127
350
775
998
973
770
569
564
804
1200
1519
1581
1286
751
260
23
22
79
123
149
105
-139
-525
-829
-820
-491
-114
72
-56
-347
-641
-754
-627
-347
-77
-9
-152
-403
-505
-374
-133
-42
-179
-473
-764
-982
-1133
-1266
-1378
-1420
-1329
-1156
-969
-860
-810
-769
-684
-548
-385
-228
-123
-73
-39
13
62
60
26
36
141
330
481
569
547
530
544
627
671
634
575
646
903
1262
1590
1845
2086
2363
2646
2877
3027
3004
2665
1932
1063
410
216
357
476
247
-417
-1274
-2041
-2596
-2925
-3075
-3028
-2909
-2846
-2920
-2935
-2602
-1794
-675
438
1333
1923
2228
2339
2339
2318
2290
2248
2101
1749
1138
350
-447
-1121
-1692
-2217
-2669
-2972
-3081
-3080
-3027
-2925
-2686
-2244
-1556
-625
443
1467
2268
2880
3393
3928
4493
5069
5561
5845
5904
5676
5009
3640
1754
-80
-1222
-1573
-1574
-1868
-2816
-4233
-5628
-6588
-6978
-6759
-5985
-4944
-4179
-4035
-4241
-4057
-2967
-1134
860
2514
3675
4331
4512
4273
3890
3733
3902
4045
3659
2587
1091
-444
-1766
-2816
-3637
-4259
-4770
-5235
-5698
-5999
-5916
-5287
-4244
-3111
-2219
-1563
-919
-22
1147
2467
3800
5001
5939
6506
6763
6883
7084
7394
7643
7540
6941
5976
5014
4362
3952
3169
1394
-1308
-3976
-5538
-5723
-5245
-5129
-5807
-6900
-7728
-7942
-7501
-6486
-5003
-3449
-2314
-1847
-1692
-1120
293
2361
4441
6070
7044
7364
7025
6163
5138
4395
4028
3596
2587
875
-1138
-2995
-4446
-5496
-6245
-6761
-7088
-7228
-7118
-6687
-5915
-4855
-3565
-2102
-549
940
2198
3182
4070
5150
6449
7651
8335
8403
8176
8003
7935
7641
6885
5784
4770
4102
3385
1756
-1194
-4703
-7261
-7885
-6884
-5585
-5279
-6198
-7480
-8058
-7563
-6216
-4388
-2419
-808
-23
-49
-207
350
1939
4100
6104
7326
7498
6615
5054
3411
2254
1692
1249
311
-1385
-3486
-5437
-6797
-7492
-7677
-7566
-7312
-6988
-6597
-5953
-4801
-3080
-1061
775
2127
2973
3573
4187
4937
5773
6524
6984
7016
6633
6028
5393
4852
4394
3910
3322
2706
2259
1891
983
-1090
-4062
-6606
-7410
-6339
-4620
-3757
-4291
-5498
-6242
-6014
-4986
-3461
-1635
134
1198
1193
577
457
1579
3659
5737
6983
7143
6345
4894
3217
1873
1202
994
523
-811
-2880
-4954
-6358
-6969
-7043
-6792
-6314
-5742
-5278
-4899
-4289
-3047
-1187
851
2474
3444
3909
4216
4628
5212
5873
6417
6678
6558
6130
5591
5131
4805
4549
4244
3812
3318
3007
2780
1912
-392
-3706
-6332
-6770
-5275
-3633
-3412
-4627
-5982
-6378
-5732
-4502
-2865
-898
817
1438
909
318
922
2846
5127
6760
7437
7234
6161
4357
2434
1202
852
669
-356
-2461
-4952
-6821
-7663
-7676
-7281
-6733
-6174
-5720
-5342
-4785
-3677
-1885
249
2113
3234
3629
3650
3734
4122
4764
5362
5539
5167
4414
3633
3036
2698
2598
2653
2637
2302
1728
1355
1378
1145
-372
-3205
-5893
-6765
-5634
-4009
-3520
-4486
-5834
-6465
-6172
-5279
-3875
-1909
83
1190
1068
544
854
2462
4721
6622
7663
7769
6934
5230
3126
1447
699
531
-57
-1717
-4053
-6073
-7089
-7199
-6786
-6123
-5299
-4420
-3647
-2970
-2163
-926
722
2395
3659
4350
4678
4918
5251
5568
5652
5368
4850
4360
4049
3871
3722
3635
3698
3784
3635
3237
2997
3116
2899
1232
-1994
-5238
-6693
-6071
-4795
-4420
-5287
-6489
-7092
-6911
-6222
-4992
-3083
-941
479
819
800
1510
3284
5436
7101
7905
7947
7228
5746
3863
2299
1386
693
-568
-2589
-4788
-6402
-7213
-7530
-7631
-7544
-7157
-6526
-5699
-4614
-3055
-1116
781
2156
2932
3359
3720
4161
4666
5056
5067
4596
3837
3171
2859
2897
3095
3320
3602
3894
4014
3829
3630
3698
3594
2175
-989
-4627
-6713
-6477
-5158
-4652
-5702
-7367
-8265
-7983
-7021
-5683
-3715
-1202
925
1777
1619
1741
3098
5376
7424
8438
8423
7690
6379
4576
2667
1177
198
-851
-2548
-4736
-6610
-7614
-7911
-7909
-7669
-6984
-5888
-4729
-3717
-2650
-1202
599
2312
3545
4229
4583
4759
4853
4889
4907
4866
4698
4374
3973
3601
3280
3069
3158
3688
4387
4810
4813
4670
4410
3370
767
-2986
-6145
-7144
-6259
-5219
-5483
-6888
-8133
-8239
-7325
-5915
-4019
-1527
949
2339
2412
2189
2942
4825
6884
8142
8478
8194
7290
5532
3152
942
-506
-1473
-2756
-4694
-6781
-8290
-8996
-9130
-8826
-8008
-6740
-5346
-4099
-2861
-1340
477
2179
3405
4186
4773
5251
5439
5182
4594
3995
3641
3546
3614
3726
3716
3398
2919
2734
3150
3880
4342
4285
4030
3844
3183
1042
-2624
-6220
-7894
-7295
-5894
-5398
-6272
-7523
-7979
-7388
-6146
-4392
-2005
596
2422
2965
2862
3265
4547
6104
7205
7784
7970
7410
5606
2783
23
-1823
-2914
-4093
-5697
-7251
-8193
-8604
-8898
-8993
-8344
-6696
-4598
-2732
-1202
367
2057
3456
4260
4703
5257
5881
5980
5098
3597
2400
2128
2624
3276
3609
3471
2963
2353
2088
2560
3724
5005
5676
5490
4820
4042
2839
482
-2932
-6033
-7358
-6835
-5805
-5604
-6383
-7184
-7064
-5968
-4390
-2568
-409
1898
3718
4590
4723
4768
5234
6153
7203
7943
7896
6719
4478
1711
-904
-2984
-4502
-5611
-6472
-7191
-7869
-8414
-8546
-7926
-6536
-4713
-2885
-1292
106
1360
2443
3267
3919
4516
4948
4807
3738
2046
627
350
1173
2201
2505
1900
910
159
-28
494
1782
3605
5189
5666
4866
3588
2872
2800
2266
81
-3432
-6572
-7890
-7556
-6766
-6326
-6138
-5771
-5182
-4559
-3705
-2033
540
3033
4275
4202
3883
4214
5045
5719
5983
6015
5650
4316
1754
-1314
-3748
-5067
-5780
-6568
-7430
-7876
-7677
-7114
-6474
-5657
-4377
-2614
-719
962
2389
3660
4683
5186
5071
4512
3789
3052
2396
1878
1564
1379
1176
828
416
138
146
467
1065
1962
3108
4354
5394
6010
6155
5983
5689
5317
4464
2429
-1024
-4921
-7625
-8236
-7318
-6176
-5636
-5500
-5062
-4033
-2749
-1448
164
2302
4400
5511
5325
4447
3777
3684
3895
3988
3795
3256
2108
90
-2612
-5273
-7116
-7815
-7562
-6810
-5985
-5380
-5076
-4842
-4180
-2654
-279
2426
4686
5918
6046
5513
4869
4337
3799
3029
1999
864
-249
-1438
-2757
-3901
-4336
-3861
-2834
-1817
-1041
-265
842
2236
3634
4852
5904
6637
6718
6041
5084
4401
3686
1755
-1964
-6210
-8745
-8516
-6577
-4892
-4483
-4784
-4677
-3847
-2815
-1814
-405
1591
3368
3920
3270
2509
2565
3309
3962
4142
3998
3499
2128
-341
-3196
-5257
-6006
-5907
-5679
-5471
-4987
-4122
-3136
-2172
-944
810
2874
4668
5837
6427
6575
6187
5132
3525
1706
-102
-1840
-3419
-4671
-5448
-5740
-5561
-4888
-3691
-2160
-682
481
1505
2747
4273
5737
6808
7450
7774
7742
7227
6370
5622
5145
4200
1665
-2543
-6854
-9257
-9073
-7348
-5741
-5128
-5310
-5632
-5719
-5419
-4395
-2280
599
3070
4067
3661
2926
2826
3419
4140
4566
4576
3946
2303
-314
-3139
-5134
-5790
-5370
-4465
-3440
-2382
-1439
-791
-340
343
1563
3157
4613
5448
5500
4909
3819
2255
273
-1855
-3743
-5081
-5733
-5802
-5576
-5313
-4888
-3896
-2115
125
2177
3612
4483
5112
5728
6366
7071
7986
9070
9796
9448
7793
5433
3348
2172
1662
806
-1348
-4741
-8159
-10277
-10623
-9655
-8167
-6779
-5728
-4992
-4505
-4097
-3256
-1421
1327
4108
5956
6537
6207
5525
4823
4254
3999
4158
4410
4116
2863
802
-1523
-3535
-4817
-5165
-4665
-3750
-3039
-2856
-2943
-2817
-2277
-1460
-560
260
761
607
-351
-1849
-3346
-4484
-5268
-5789
-5971
-5700
-5014
-4066
-2958
-1653
-77
1723
3493
4972
6029
6656
6860
6699
6376
6132
6094
6139
6040
5610
4781
3630
2375
1317
429
-830
-3122
-6314
-9319
-10963
-10933
-9772
-8184
-6517
-4856
-3321
-2100
-1108
146
2016
4194
5936
6880
7260
7450
7460
7109
6433
5765
5265
4608
3344
1478
-584
-2547
-4366
-5942
-6882
-6824
-5848
-4552
-3559
-3055
-2776
-2399
-1774
-919
74
1029
1690
1853
1479
738
-82
-707
-937
-721
-243
173
317
353
629
1339
2251
3045
3658
4256
4872
5300
5427
5488
5798
6310
6591
6288
5516
4643
3802
2771
1427
52
-874
-1450
-2432
-4520
-7288
-9409
-9855
-8751
-6978
-5290
-3951
-2892
-2017
-1305
-671
151
1354
2715
3777
4317
4483
4474
4310
3943
3445
3005
2680
2243
1346
-169
-2163
-4353
-6371
-7801
-8324
-7925
-6934
-5789
-4805
-4010
-3223
-2272
-1135
74
1190
2023
2436
2416
2107
1677
1248
858
518
164
-299
-897
-1459
-1736
-1588
-1034
-170
809
1588
1968
2201
2838
4168
5800
6957
7156
6555
5702
5024
4632
4460
4403
4261
3773
2766
1395
-43
-1518
-3402
-5889
-8354
-9740
-9526
-8203
-6686
-5516
-4590
-3561
-2376
-1224
-53
1469
3450
5383
6647
7023
6757
6120
5220
4189
3295
2728
2271
1449
-20
-1944
-3909
-5618
-6947
-7683
-7548
-6543
-5211
-4247
-3862
-3639
-3044
-1902
-352
1465
3377
4975
5716
5354
4151
2591
1004
-478
-1694
-2399
-2544
-2488
-2655
-3010
-2994
-2178
-698
892
2293
3673
5241
6765
7715
7852
7411
6714
5843
4762
3609
2627
1883
1217
458
-352
-1020
-1386
-1464
-1348
-1253
-1566
-2770
-4838
-6949
-7998
-7496
-5904
-4061
-2564
-1495
-714
-164
174
534
1249
2295
3151
3333
2879
2325
2156
2472
3009
3438
3512
3046
1906
140
-1938
-3884
-5371
-6335
-6861
-7003
-6720
-5985
-4904
-3732
-2765
-2108
-1551
-714
570
2064
3315
3986
4034
3585
2778
1748
687
-185
-789
-1202
-1496
-1598
-1361
-769
7
731
1339
2017
2997
4267
5482
6241
6322
5785
4862
3923
3291
3060
3055
2997
2721
2214
1590
1036
743
789
1101
1528
1725
1153
-646
-3434
-6242
-8020
-8360
-7614
-6465
-5472
-4788
-4331
-3972
-3549
-2713
-1140
1044
3243
4776
5341
5083
4391
3638
3020
2537
1995
1147
-191
-1987
-4014
-5906
-7317
-8077
-8205
-7806
-6961
-5794
-4519
-3375
-2445
-1564
-540
564
1428
1759
1568
1121
757
698
1012
1628
2333
2854
3012
2844
2552
2375
2438
2671
2828
2664
2113
1357
781
740
1352
2423
3619
4621
5247
5510
5662
5995
6619
7316
7696
7480
6650
5366
3725
1796
-248
-2040
-3162
-3534
-3661
-4390
-6156
-8391
-9974
-10134
-9023
-7282
-5426
-3579
-1807
-451
171
269
594
1665
3214
4498
5045
4944
4471
3657
2398
886
-364
-1031
-1409
-2068
-3203
-4448
-5329
-5703
-5677
-5292
-4468
-3310
-2186
-1432
-1008
-624
-149
243
404
518
923
1669
2410
2752
2633
2280
1877
1412
901
571
648
1038
1387
1474
1387
1325
1317
1278
1281
1623
2549
3922
5352
6501
7233
7480
7154
6237
4872
3322
1756
163
-1452
-2873
-3814
-4275
-4528
-4733
-4662
-3968
-2667
-1411
-1072
-2088
-4017
-5962
-7195
-7447
-6800
-5549
-4186
-3112
-2503
-2248
-2096
-1679
-673
965
2943
4762
5986
6414
6134
5415
4512
3606
2830
2274
1817
1126
-100
-1832
-3707
-5271
-6265
-6696
-6718
-6440
-5979
-5501
-5117
-4661
-3760
-2213
-190
1882
3665
5031
5964
6404
6284
5740
5074
4535
4135
3750
3252
2579
1746
865
120
-338
-477
-375
-112
285
779
1187
1300
1123
990
1261
2007
2948
3696
3968
3688
2985
2122
1377
926
752
641
296
-491
-1697
-3066
-4274
-5224
-6055
-6894
-7559
-7707
-7177
-6088
-4688
-3129
-1475
193
1667
2693
3224
3442
3548
3539
3353
3075
2903
2922
2986
2894
2597
2227
1867
1404
716
-125
-917
-1618
-2403
-3391
-4448
-5277
-5738
-5920
-5938
-5664
-4893
-3715
-2581
-1864
-1438
-852
140
1384
2595
3719
4796
5696
6110
5902
5385
5014
4949
4913
4588
3915
2997
1873
556
-774
-1773
-2271
-2434
-2577
-2791
-2905
-2820
-2636
-2471
-2225
-1749
-1058
-343
264
813
1374
1864
2087
2022
1884
1886
2057
2261
2398
2310
1673
131
-2245
-4686
-6229
-6486
-5938
-5356
-5091
-4936
-4566
-3980
-3378
-2760
-1850
-467
1168
2713
4012
5141
6119
6804
6995
6648
5885
4872
3689
2380
1030
-267
-1492
-2719
-3985
-5189
-6112
-6591
-6622
-6350
-5906
-5355
-4672
-3828
-2770
-1450
149
1945
3745
5344
6578
7364
7646
7431
6782
5824
4686
3468
2241
1059
-30
-974
-1726
-2297
-2818
-3392
-3931
-4144
-3799
-2946
-1832
-656
523
1626
2413
2724
2726
2811
3146
3465
3416
2957
2378
1873
1338
597
-225
-767
-847
-639
-469
-555
-1001
-1841
-2941
-3956
-4499
-4471
-4095
-3612
-3016
-2189
-1295
-712
-600
-608
-232
659
1779
2778
3599
4286
4734
4731
4303
3812
3564
3407
2882
1733
189
-1376
-2842
-4309
-5754
-6923
-7621
-7929
-8054
-7988
-7479
-6365
-4827
-3222
-1717
-209
1362
2820
3909
4654
5276
5848
6131
5921
5360
4747
4173
3465
2578
1730
1128
640
-41
-1000
-1975
-2712
-3220
-3659
-4019
-4085
-3675
-2845
-1824
-760
342
1468
2469
3181
3668
4143
4657
4943
4696
3953
3079
2444
2134
1998
1896
1728
1393
702
-310
-1384
-2201
-2656
-2862
-2899
-2820
-2645
-2474
-2439
-2610
-2938
-3226
-3274
-2932
-2084
-725
952
2499
3567
4094
4284
4352
4378
4353
4174
3720
2849
1509
-191
-1986
-3575
-4774
-5566
-6043
-6361
-6623
-6822
-6831
-6523
-5886
-4979
-3882
-2651
-1397
-292
523
1051
1498
2113
3000
4080
5167
6083
6604
6552
5871
4711
3342
2015
906
59
-609
-1291
-2189
-3303
-4320
-4759
-4344
-3237
-1846
-516
612
1455
1914
1995
1908
1913
2063
2222
2263
2258
2355
2589
2816
2832
2506
1791
757
-391
-1358
-1904
-1985
-1741
-1409
-1188
-1187
-1409
-1774
-2134
-2313
-2238
-1995
-1739
-1497
-1128
-511
300
1132
1875
2521
3051
3360
3316
2892
2203
1419
628
-155
-938
-1689
-2452
-3356
-4448
-5532
-6217
-6248
-5679
-4773
-3722
-2550
-1273
-67
837
1403
1846
2409
3118
3803
4273
4469
4408
4153
3775
3382
3060
2829
2628
2357
1917
1230
310
-659
-1375
-1614
-1411
-982
-511
-75
258
367
221
-45
-176
-11
435
1001
1522
1923
2203
2343
2339
2224
2073
1910
1678
1276
641
-156
-922
-1455
-1657
-1571
-1348
-1168
-1146
-1274
-1518
-1894
-2361
-2680
-2608
-2193
-1801
-1728
-1929
-2111
-2036
-1697
-1184
-535
266
1105
1663
1671
1181
534
16
-354
-716
-1165
-1709
-2362
-3165
-4052
-4770
-5020
-4727
-4109
-3493
-3084
-2910
-2943
-3124
-3315
-3235
-2595
-1290
455
2215
3661
4720
5500
6040
6313
6296
6026
5513
4730
3700
2519
1328
276
-494
-950
-1216
-1493
-1864
-2223
-2349
-2053
-1310
-293
711
1472
1927
2154
2307
2521
2853
3287
3766
4197
4474
4476
4193
3691
3103
2505
1899
1234
462
-362
-1116
-1659
-1952
-2040
-1957
-1755
-1550
-1513
-1696
-1970
-2172
-2214
-2128
-1956
-1711
-1392
-1045
-798
-760
-944
-1238
-1469
-1510
-1314
-968
-638
-461
-469
-584
-726
-855
-984
-1118
-1253
-1427
-1693
-2060
-2442
-2740
-2925
-3037
-3113
-3098
-2873
-2380
-1688
-951
-229
508
1276
2009
2586
2962
3183
3388
3716
4222
4815
5306
5515
5360
4854
4071
3100
2044
1015
91
-717
-1472
-2186
-2785
-3126
-3134
-2821
-2227
-1363
-253
974
2120
3018
3631
4019
4251
4337
4230
3895
3350
2645
1804
844
-188
-1221
-2210
-3095
-3795
-4261
-4560
-4815
-5042
-5150
-5061
-4795
-4400
-3785
-2828
-1590
-420
328
636
729
788
741
487
86
-239
-365
-407
-567
-861
-1101
-1179
-1236
-1441
-1717
-1815
-1664
-1513
-1653
-2059
-2393
-2370
-2043
-1666
-1338
-957
-454
56
441
749
1160
1746
2423
3082
3702
4285
4740
4897
4676
4190
3653
3211
2849
2488
2091
1684
1251
715
23
-713
-1276
-1469
-1209
-571
240
910
1216
1168
1031
1100
1489
2090
2678
3081
3230
3130
2807
2269
1585
863
242
-185
-457
-690
-998
-1383
-1786
-2185
-2591
-3037
-3489
-3868
-4084
-4134
-4077
-3910
-3522
-2802
-1813
-781
47
555
751
666
335
-152
-578
-735
-627
-494
-544
-778
-1088
-1433
-1839
-2252
-2506
-2436
-2031
-1470
-974
-688
-589
-581
-564
-457
-207
228
815
1482
2116
2602
2853
2846
2679
2492
2378
2367
2426
2495
2474
2292
1954
1558
1264
1180
1295
1453
1522
1490
1425
1342
1218
1106
1109
1237
1333
1228
906
517
238
151
248
488
803
1097
1256
1214
962
533
-11
-567
-999
-1239
-1384
-1614
-2051
-2586
-3018
-3224
-3270
-3302
-3343
-3323
-3212
-3114
-3132
-3182
-3114
-2866
-2554
-2342
-2288
-2308
-2228
-1955
-1520
-1031
-562
-113
306
663
911
1025
979
766
422
6
-441
-887
-1225
-1348
-1238
-1019
-838
-752
-688
-522
-198
259
825
1478
2149
2699
3062
3267
3340
3286
3149
3088
3247
3601
3975
4169
4119
3874
3516
3050
2489
1931
1483
1092
587
-77
-719
-1090
-1140
-1039
-972
-934
-786
-471
-98
202
417
593
709
732
702
731
839
894
782
503
214
-16
-249
-597
-1056
-1515
-1956
-2432
-2981
-3502
-3855
-4011
-4019
-3888
-3510
-2805
-1891
-1036
-449
-101
157
387
561
652
738
863
960
900
636
271
-64
-322
-543
-741
-841
-773
-589
-445
-474
-675
-931
-1125
-1209
-1197
-1117
-1013
-927
-890
-845
-691
-380
28
438
853
1335
1899
2454
2893
3187
3367
3431
3327
3006
2523
1971
1446
973
576
274
51
-162
-406
-615
-655
-455
-98
251
472
558
535
438
301
214
279
506
780
950
972
894
776
654
534
417
283
131
-50
-293
-660
-1172
-1731
-2175
-2386
-2366
-2224
-2040
-1830
-1583
-1329
-1111
-930
-778
-698
-754
-919
-1080
-1145
-1106
-1025
-949
-889
-848
-845
-909
-1045
-1204
-1338
-1442
-1550
-1700
-1859
-1987
-2007
-1871
-1569
-1189
-882
-697
-557
-335
-20
307
610
929
1279
1573
1697
1674
1669
1874
2317
2876
3407
3840
4127
4163
3877
3330
2714
2192
1804
1511
1304
1188
1139
1054
836
498
179
36
76
190
269
318
399
557
799
1118
1473
1780
1925
1833
1529
1116
726
402
93
-258
-671
-1123
-1609
-2104
-2546
-2884
-3105
-3212
-3197
-3021
-2683
-2212
-1664
-1111
-647
-421
-493
-775
-1043
-1148
-1102
-982
-839
-696
-644
-799
-1179
-1631
-1950
-2079
-2137
-2206
-2228
-2076
-1793
-1531
-1368
-1193
-831
-278
322
807
1132
1348
1514
1655
1813
2050
2402
2764
2959
2895
2658
2412
2258
2223
2287
2394
2443
2349
2122
1821
1482
1099
715
430
316
312
272
112
-109
-270
-309
-258
-164
-7
246
547
757
766
597
348
89
-146
-346
-490
-599
-706
-852
-1057
-1300
-1570
-1853
-2122
-2341
-2496
-2621
-2725
-2754
-2634
-2339
-1958
-1627
-1430
-1319
-1175
-965
-748
-593
-459
-297
-148
-129
-307
-578
-769
-804
-769
-768
-787
-746
-654
-592
-599
-605
-513
-314
-91
63
175
305
446
511
516
629
979
1501
1950
2155
2148
2102
2140
2275
2478
2735
3015
3219
3236
3029
2671
2270
1929
1690
1540
1424
1284
1089
855
620
401
199
10
-126
-200
-197
-108
117
464
841
1109
1193
1138
1037
933
787
532
145
-326
-830
-1361
-1935
-2513
-2988
-3236
-3239
-3090
-2923
-2800
-2719
-2629
-2460
-2161
-1744
-1288
-894
-630
-520
-540
-673
-907
-1197
-1425
-1481
-1381
-1274
-1321
-1534
-1794
-1963
-1978
-1800
-1420
-884
-352
17
183
240
284
317
284
197
173
331
652
974
1142
1142
1091
1107
1233
1468
1798
2175
2488
2630
2596
2480
2386
2324
2250
2162
2120
2174
2263
2300
2284
2288
2352
2390
2293
2025
1661
1304
987
700
447
288
247
253
167
-44
-287
-433
-459
-422
-370
-324
-293
-338
-497
-761
-1063
-1357
-1668
-2022
-2374
-2632
-2758
-2797
-2807
-2765
-2639
-2464
-2339
-2277
-2192
-2015
-1815
-1691
-1634
-1562
-1454
-1400
-1455
-1576
-1636
-1590
-1488
-1417
-1391
-1368
-1347
-1387
-1522
-1661
-1678
-1538
-1310
-1044
-713
-299
137
503
789
1070
1409
1783
2125
2391
2574
2677
2687
2628
2583
2661
2875
3102
3189
3113
2962
2795
2569
2267
1985
1862
1924
2030
2036
1897
1669
1410
1139
908
800
860
1009
1112
1087
970
832
714
604
498
413
351
279
154
-43
-298
-555
-763
-883
-935
-961
-1033
-1203
-1453
-1709
-1903
-2053
-2207
-2374
-2519
-2610
-2644
-2614
-2488
-2247
-1946
-1687
-1537
-1442
-1317
-1122
-901
-670
-398
-81
168
196
-42
-431
-795
-1051
-1197
-1258
-1224
-1108
-967
-866
-814
-766
-666
-480
-215
113
442
715
889
981
1037
1114
1261
1480
1712
1871
1919
1881
1808
1732
1681
1664
1657
1616
1525
1416
1307
1169
968
729
492
282
73
-143
-340
-453
-437
-295
-73
170
393
532
546
449
331
272
264
230
108
-84
-282
-471
-694
-964
-1211
-1338
-1352
-1343
-1379
-1432
-1435
-1366
-1289
-1289
-1372
-1446
-1440
-1379
-1329
-1264
-1099
-821
-529
-323
-192
-100
-30
-4
20
114
274
386
304
33
-292
-509
-600
-647
-705
-726
-633
-455
-296
-223
-177
-53
183
476
757
1033
1347
1688
1963
2085
2069
2014
2005
2059
2128
2163
2128
2009
1827
1644
1513
1413
1268
1046
798
590
420
253
93
9
59
234
443
567
559
461
327
178
37
-26
31
126
132
5
-175
-323
-447
-608
-807
-993
-1129
-1248
-1365
-1445
-1435
-1357
-1309
-1364
-1487
-1573
-1572
-1521
-1459
-1376
-1230
-1036
-880
-833
-881
-940
-938
-861
-743
-593
-445
-378
-442
-592
-703
-718
-684
-661
-635
-549
-402
-259
-191
-182
-182
-145
-61
86
291
507
670
745
757
757
786
824
826
774
739
806
976
1167
1320
1463
1636
1812
1910
1909
1860
1818
1755
1627
1452
1296
1181
1055
874
668
504
387
264
96
-74
-175
-195
-182
-181
-187
-175
-140
-129
-188
-301
-376
-374
-332
-316
-321
-315
-320
-400
-581
-808
-1002
-1119
-1173
-1191
-1195
-1217
-1320
-1513
-1725
-1861
-1909
-1917
-1909
-1839
-1673
-1451
-1264
-1149
-1056
-933
-817
-788
-853
-935
-955
-904
-817
-727
-655
-620
-653
-768
-932
-1047
-1015
-815
-510
-171
191
588
986
1311
1527
1686
1874
2118
2363
2552
2664
2700
2641
2460
2187
1916
1739
1656
1604
1534
1440
1335
1209
1067
937
852
832
865
923
999
1093
1217
1347
1466
1575
1664
1687
1585
1373
1131
917
718
491
236
19
-114
-188
-290
-460
-660
-835
-993
-1196
-1452
-1688
-1810
-1818
-1780
-1764
-1781
-1818
-1853
-1847
-1768
-1642
-1533
-1487
-1478
-1466
-1453
-1468
-1532
-1611
-1649
-1627
-1569
-1514
-1477
-1446
-1428
-1430
-1463
-1498
-1497
-1431
-1318
-1177
-1009
-798
-546
-287
-55
166
448
819
1212
1517
1704
1847
2029
2241
2431
2555
2604
2557
2369
2031
1608
1225
966
796
629
451
334
323
363
389
398
439
536
667
800
910
981
1015
1024
1029
1002
909
749
585
459
347
201
8
-207
-432
-652
-852
-1020
-1127
-1150
-1122
-1129
-1232
-1404
-1565
-1684
-1782
-1877
-1921
-1878
-1775
-1683
-1632
-1587
-1513
-1430
-1407
-1474
-1561
-1546
-1379
-1152
-968
-841
-712
-574
-472
-421
-380
-300
-181
-44
94
242
421
620
782
885
972
1118
1341
1602
1852
2055
2177
2200
2147
2096
2114
2215
2346
2441
2465
2401
2254
2065
1908
1842
1850
1861
1821
1712
1531
1292
1029
802
665
643
698
744
712
608
459
295
129
-12
-117
-201
-295
-421
-590
-777
-931
-1044
-1151
-1274
-1382
-1452
-1523
-1651
-1822
-1974
-2069
-2135
-2225
-2354
-2486
-2564
-2558
-2484
-2374
-2269
-2187
-2118
-2030
-1876
-1634
-1345
-1095
-970
-965
-1014
-1042
-1025
-959
-849
-698
-551
-458
-425
-417
-377
-281
-102
159
458
716
874
955
1020
1135
1332
1602
1907
2190
2403
2519
2535
2490
2426
2386
2349
2261
2090
1864
1653
1465
1269
1040
813
604
390
139
-99
-242
-261
-192
-85
46
187
323
435
527
617
707
798
877
962
1061
1136
1112
929
622
280
-20
-284
-556
-862
-1161
-1405
-1597
-1787
-1993
-2163
-2240
-2229
-2200
-2181
-2154
-2077
-1966
-1852
-1733
-1579
-1376
-1172
-1032
-964
-907
-774
-560
-328
-141
7
142
249
294
277
262
313
426
545
623
656
669
656
605
507
378
248
146
107
133
200
279
344
387
413
434
447
461
512
619
746
822
832
824
861
949
1036
1047
971
853
749
669
593
532
513
561
633
661
615
539
496
473
424
343
290
314
397
469
463
340
105
-216
-566
-855
-1012
-1047
-1050
-1084
-1146
-1202
-1235
-1233
-1180
-1089
-1011
-971
-942
-864
-711
-518
-365
-307
-310
-289
-194
-67
30
85
125
179
260
355
439
462
401
287
188
167
230
314
335
271
162
63
-23
-105
-174
-184
-135
-81
-70
-88
-89
-51
4
50
74
87
105
137
162
166
149
133
132
164
247
369
468
479
413
330
291
306
347
400
474
574
674
718
673
544
361
158
-6
-74
-46
6
4
-80
-229
-416
-597
-721
-772
-782
-793
-827
-897
-1008
-1124
-1182
-1170
-1124
-1072
-995
-859
-675
-460
-222
47
324
581
774
894
954
981
985
937
821
643
445
252
61
-144
-360
-564
-737
-873
-983
-1080
-1153
-1182
-1170
-1140
-1114
-1077
-995
-850
-646
-413
-165
115
430
734
948
1055
1102
1147
1194
1218
1210
1175
1123
1060
988
911
839
793
785
806
840
870
888
872
814
729
650
592
540
493
466
473
511
549
557
535
512
517
547
571
549
452
287
84
-107
-223
-231
-149
-38
34
35
-31
-134
-251
-374
-498
-594
-644
-658
-669
-713
-818
-983
-1182
-1352
-1439
-1438
-1382
-1309
-1244
-1210
-1207
-1209
-1170
-1093
-1012
-951
-900
-850
-824
-837
-874
-898
-894
-864
-813
-751
-674
-547
-342
-88
140
306
440
597
784
958
1078
1135
1151
1134
1095
1047
992
933
874
831
798
765
742
735
705
589
398
241
217
332
506
667
800
914
1003
1037
1018
988
1004
1051
1064
976
783
542
308
97
-107
-312
-495
-633
-726
-799
-879
-988
-1114
-1208
-1207
-1104
-949
-823
-768
-777
-815
-850
-877
-905
-931
-923
-884
-843
-826
-800
-728
-608
-469
-337
-233
-176
-155
-147
-130
-107
-87
-82
-109
-160
-205
-212
-162
-63
57
153
196
213
253
346
453
526
555
561
578
616
671
717
738
746
770
816
867
918
969
995
955
846
740
713
767
841
899
969
1076
1181
1209
1120
967
819
702
587
456
326
220
125
10
-143
-310
-458
-590
-727
-874
-992
-1046
-1030
-962
-889
-855
-868
-869
-809
-694
-576
-481
-402
-329
-291
-315
-376
-413
-383
-316
-250
-193
-145
-128
-163
-227
-279
-292
-271
-230
-203
-227
-309
-428
-566
-709
-838
-926
-960
-950
-905
-828
-729
-634
-557
-504
-472
-459
-437
-364
-221
-42
131
271
399
548
737
947
1125
1242
1309
1349
1358
1307
1190
1027
862
720
599
495
416
377
383
428
493
562
614
642
633
587
512
428
364
336
323
282
178
14
-188
-405
-594
-697
-670
-556
-453
-428
-470
-519
-526
-486
-409
-319
-226
-146
-112
-135
-181
-202
-179
-137
-89
-52
-58
-135
-277
-446
-586
-643
-595
-470
-342
-271
-286
-380
-507
-608
-644
-626
-586
-530
-461
-411
-417
-460
-467
-410
-309
-210
-130
-83
-67
-47
28
167
347
541
746
924
1012
991
910
841
819
823
837
870
924
965
948
885
829
832
908
1021
1104
1099
999
841
663
476
294
136
10
-99
-222
-359
-497
-623
-735
-811
-816
-740
-604
-464
-371
-335
-326
-311
-287
-274
-279
-291
-285
-243
-153
-21
134
268
322
280
196
139
121
95
31
-67
-188
-345
-521
-670
-751
-765
-746
-725
-704
-665
-592
-512
-448
-398
-347
-312
-332
-407
-483
-502
-451
-344
-206
-68
28
73
93
147
258
395
490
500
458
427
421
404
360
319
327
393
497
597
651
622
511
347
166
19
-67
-86
-67
-50
-79
-165
-271
-333
-331
-299
-280
-286
-299
-319
-355
-388
-383
-341
-306
-309
-321
-299
-256
-205
-141
-50
34
49
-19
-112
-152
-124
-96
-116
-165
-192
-208
-249
-309
-337
-296
-199
-79
33
112
168
222
271
276
220
138
75
37
11
1
11
25
14
-17
-28
12
84
149
191
219
235
240
246
248
232
199
202
279
410
532
608
659
736
860
992
1068
1061
999
933
882
861
880
936
983
972
906
817
735
651
553
458
381
316
236
125
-5
-132
-237
-330
-410
-467
-492
-489
-471
-435
-370
-283
-197
-136
-120
-158
-231
-311
-372
-424
-499
-615
-750
-849
-870
-811
-728
-682
-680
-680
-658
-645
-674
-734
-788
-801
-779
-746
-739
-766
-797
-788
-720
-616
-524
-485
-510
-590
-681
-741
-746
-709
-674
-661
-664
-634
-537
-376
-175
31
214
352
441
502
571
654
731
772
781
771
753
723
684
646
616
600
584
545
465
383
356
402
467
469
381
233
92
10
3
45
81
73
20
-41
-84
-99
-82
-35
39
97
98
40
-31
-64
-31
57
172
267
307
291
258
250
272
303
319
307
290
321
425
562
646
641
576
495
412
331
264
227
211
193
142
61
-23
-90
-155
-240
-345
-441
-484
-470
-416
-359
-316
-283
-248
-209
-160
-78
42
183
300
359
353
314
297
330
390
429
435
423
412
414
435
464
481
467
418
331
208
52
-117
-275
-408
-514
-607
-710
-832
-945
-1015
-1011
-948
-873
-832
-822
-794
-727
-638
-563
-531
-557
-634
-712
-741
-700
-608
-500
-406
-342
-297
-240
-155
-54
38
106
147
158
139
93
29
-44
-106
-141
-127
-60
22
64
30
-54
-130
-126
-28
120
224
236
177
85
1
-53
-31
70
197
276
278
238
205
191
163
110
52
38
73
117
123
94
57
45
74
173
336
522
676
784
880
1002
1159
1313
1398
1364
1236
1082
950
825
676
511
352
207
88
5
-39
-71
-130
-225
-320
-366
-343
-279
-209
-152
-108
-95
-107
-115
-87
-33
7
9
2
12
32
25
-13
-54
-78
-99
-162
-265
-352
-360
-302
-265
-278
-290
-248
-187
-168
-202
-244
-271
-312
-393
-519
-650
-750
-805
-830
-819
-760
-656
-545
-466
-422
-384
-319
-234
-153
-92
-39
20
77
106
106
92
74
32
-43
-139
-227
-273
-257
-185
-110
-81
-104
-135
-120
-39
83
197
247
225
180
186
265
364
420
406
326
204
78
-9
-43
-47
-50
-69
-89
-87
-54
9
94
179
230
229
211
238
352
526
678
737
689
571
442
336
281
289
346
407
418
367
306
295
338
387
401
380
346
313
280
247
224
230
254
261
219
138
54
-17
-90
-179
-276
-366
-457
-559
-661
-735
-766
-762
-738
-689
-600
-465
-317
-191
-108
-68
-61
-63
-52
-23
25
89
157
211
223
184
103
20
-13
7
30
-2
-79
-144
-165
-154
-151
-181
-266
-386
-495
-554
-575
-585
-564
-485
-359
-245
-185
-169
-150
-99
-13
83
160
197
185
146
111
102
94
56
3
-27
-18
3
24
39
49
61
74
99
139
196
251
274
231
134
30
-26
-45
-76
-143
-230
-291
-301
-250
-156
-58
-3
-2
-20
-5
62
161
257
338
405
454
474
465
444
414
382
338
287
229
172
136
152
246
390
508
541
498
451
451
490
524
519
466
392
319
258
211
163
104
30
-52
-121
-151
-149
-132
-124
-127
-135
-137
-136
-148
-183
-234
-291
-329
-327
-263
-141
3
133
212
240
227
180
99
-3
-96
-157
-204
-266
-351
-443
-522
-563
-553
-485
-388
-314
-314
-393
-514
-617
-652
-612
-525
-455
-436
-470
-523
-558
-546
-485
-399
-330
-293
-264
-191
-65
55
77
-25
-172
-255
-240
-170
-120
-119
-137
-132
-102
-86
-96
-91
-31
67
149
186
196
193
183
157
119
87
91
122
154
168
163
161
198
290
397
447
413
349
335
397
493
553
539
468
373
294
257
268
304
334
351
356
346
323
309
326
367
402
409
390
360
324
294
263
236
209
192
189
202
211
184
106
9
-49
-31
25
51
19
-49
-115
-153
-157
-132
-95
-70
-68
-73
-86
-93
-65
12
94
129
100
37
-25
-56
-30
21
26
-55
-185
-289
-323
-295
-225
-141
-66
-21
-9
-14
-24
-26
-19
-15
-30
-78
-152
-249
-346
-407
-418
-398
-389
-415
-470
-541
-597
-637
-671
-705
-726
-721
-708
-681
-611
-477
-317
-201
-163
-182
-204
-196
-137
-31
95
188
213
193
167
158
171
217
281
331
345
341
340
355
394
457
524
564
562
528
479
425
368
300
219
128
46
-18
-62
-81
-57
6
87
148
166
137
72
-6
-70
-111
-132
-127
-78
25
152
261
327
364
396
423
448
481
523
541
519
466
413
378
359
346
323
296
271
256
222
151
52
-36
-87
-103
-90
-63
-38
-45
-104
-209
-332
-423
-453
-426
-385
-363
-381
-445
-549
-665
-752
-797
-800
-782
-750
-716
-693
-691
-703
-706
-687
-643
-594
-555
-512
-448
-377
-345
-362
-399
-411
-382
-327
-279
-266
-294
-333
-334
-258
-120
22
108
128
114
123
189
311
445
526
506
391
243
150
157
257
382
466
480
441
384
335
312
335
408
514
600
642
649
658
692
737
782
806
788
722
648
624
670
746
785
753
641
477
312
201
155
145
135
114
78
40
25
49
98
113
56
-57
-154
-178
-114
-1
91
93
-4
-134
-210
-198
-129
-49
-13
-41
-117
-196
-246
-249
-218
-187
-202
-275
-375
-458
-501
-500
-469
-437
-436
-460
-471
-444
-394
-361
-361
-377
-368
-310
-204
-73
45
107
98
42
-1
-10
7
22
8
-38
-116
