624
651
632
588
556
547
558
581
611
617
564
459
347
293
320
393
455
475
482
517
584
639
654
640
628
610
564
480
369
247
124
35
11
55
123
187
243
301
344
348
308
247
206
217
275
346
397
429
426
357
238
134
93
92
123
215
372
512
537
464
367
299
220
108
-6
-93
-169
-267
-370
-451
-503
-538
-584
-651
-731
-781
-775
-717
-619
-509
-415
-362
-353
-389
-479
-604
-713
-760
-751
-721
-683
-647
-636
-658
-687
-661
-561
-442
-367
-340
-317
-295
-311
-353
-371
-339
-300
-288
-307
-332
-335
-283
-180
-74
3
55
98
127
114
55
-23
-77
-92
-90
-80
-55
-9
35
63
90
116
120
92
71
88
133
151
140
141
180
231
246
217
148
65
2
-7
32
80
113
145
210
317
438
539
603
620
589
515
410
283
170
119
144
180
150
51
-45
-63
10
148
305
429
487
484
473
488
527
548
526
463
403
376
369
348
303
269
257
254
231
191
117
-1
-125
-180
-136
-52
1
1
-20
-36
-26
21
97
162
176
147
125
140
180
215
211
163
66
-64
-191
-279
-326
-373
-448
-533
-584
-584
-577
-596
-605
-545
-423
-322
-280
-242
-157
-62
-36
-89
-157
-171
-110
-24
24
-16
-129
-240
-282
-254
-216
-211
-239
-259
-280
-345
-459
-546
-529
-425
-315
-266
-275
-289
-252
-182
-141
-172
-230
-251
-223
-191
-206
-261
-299
-278
-210
-133
-57
28
125
206
251
259
273
310
345
343
323
356
469
609
703
718
659
541
386
244
168
180
242
283
242
128
20
9
104
225
285
288
312
382
442
417
340
316
404
522
525
375
175
58
47
89
153
225
273
246
152
56
-2
-27
-50
-57
-35
21
61
44
-29
-114
-161
-158
-125
-102
-116
-158
-189
-186
-167
-186
-262
-364
-435
-444
-402
-320
-234
-192
-250
-387
-519
-562
-485
-346
-237
-212
-223
-210
-181
-190
-223
-232
-216
-223
-269
-322
-373
-432
-500
-555
-579
-559
-481
-366
-258
-185
-139
-96
-48
28
148
299
420
456
404
308
217
164
185
275
371
373
271
161
148
227
307
307
223
125
78
75
64
32
8
13
48
120
248
386
442
369
223
100
55
75
105
117
120
144
206
284
320
265
132
7
-40
0
89
186
241
219
154
134
193
264
272
243
268
361
429
368
179
-49
-202
-246
-198
-117
-49
-41
-108
-209
-284
-287
-247
-197
-139
-56
33
47
-55
-218
-318
-296
-214
-167
-192
-260
-306
-283
-185
-53
51
118
153
157
104
6
-88
-148
-184
-203
-164
-61
53
79
-36
-258
-467
-540
-451
-293
-169
-103
-69
-70
-103
-139
-99
28
165
206
165
149
221
304
269
128
5
2
65
85
19
-75
-129
-142
-140
-135
-127
-109
-66
-8
-3
-106
-271
-378
-394
-387
-402
-389
-305
-186
-91
-6
113
272
384
383
293
187
100
24
-12
21
99
131
76
-11
-65
-63
-6
125
318
479
492
341
147
41
59
151
257
339
381
356
245
81
-23
22
184
333
382
347
262
153
45
-29
-65
-79
-49
22
67
26
-82
-172
-203
-172
-69
105
265
286
124
-103
-242
-236
-149
-77
-57
-68
-84
-113
-185
-302
-411
-452
-406
-329
-288
-312
-361
-361
-283
-142
31
206
361
435
387
239
79
7
36
99
103
24
-101
-218
-292
-318
-300
-260
-238
-229
-177
-35
104
123
8
-114
-142
-92
-10
68
159
242
274
208
81
11
83
256
389
402
343
319
373
466
525
522
495
482
477
454
422
423
472
505
463
361
278
261
243
159
9
-145
-275
-370
-403
-367
-320
-352
-449
-510
-457
-329
-236
-226
-250
-216
-111
-20
12
13
27
20
-63
-198
-307
-345
-351
-359
-350
-282
-192
-176
-268
-388
-422
-360
-272
-220
-197
-179
-172
-203
-288
-379
-401
-310
-160
-59
-55
-105
-139
-144
-133
-103
-29
65
81
-49
-261
-397
-377
-262
-176
-169
-175
-100
59
183
177
80
33
107
223
262
208
119
16
-118
-270
-349
-312
-215
-169
-212
-276
-267
-151
1
112
151
134
77
15
-3
63
213
387
515
526
452
391
427
554
692
744
640
410
192
129
253
480
679
732
583
301
69
49
264
565
752
705
478
265
200
268
350
394
421
463
510
511
424
257
91
28
95
195
216
139
58
36
43
14
-59
-110
-97
-17
65
81
0
-145
-299
-404
-410
-296
-147
-111
-260
-471
-607
-641
-669
-719
-686
-508
-259
-115
-133
-216
-270
-319
-413
-499
-458
-320
-234
-293
-395
-396
-296
-230
-322
-505
-608
-542
-421
-410
-505
-538
-427
-318
-388
-591
-686
-556
-346
-225
-188
-106
26
64
-82
-309
-428
-385
-289
-261
-286
-248
-92
98
195
166
124
205
409
566
543
413
344
385
415
354
270
294
427
514
435
223
30
-31
29
143
273
415
506
434
204
0
2
195
435
631
757
771
634
398
212
162
204
238
254
324
457
545
475
293
117
8
-83
-193
-287
-294
-218
-122
-80
-80
-45
41
118
117
70
27
5
-38
-132
-254
-309
-230
-62
78
162
225
262
187
17
-115
-81
77
232
301
254
104
-78
-125
22
233
286
147
-52
-166
-145
-20
138
207
134
-26
-198
-362
-492
-500
-358
-182
-74
-7
63
77
-19
-145
-148
13
216
305
228
51
-98
-141
-40
130
247
204
31
-169
-292
-294
-197
-68
40
131
165
103
-18
-73
-51
-71
-187
-252
-122
122
230
65
-182
-232
-39
141
90
-127
-319
-423
-484
-495
-386
-188
-72
-189
-508
-800
-845
-655
-430
-347
-320
-190
4
50
-98
-223
-147
55
204
247
220
128
-41
-225
-281
-154
43
128
14
-228
-465
-574
-536
-411
-300
-263
-269
-243
-113
70
145
20
-211
-332
-282
-127
-13
-24
-168
-313
-243
46
306
298
136
83
216
350
324
217
201
337
524
623
617
561
470
333
184
124
189
337
481
530
419
200
31
44
219
427
570
629
582
435
281
245
337
432
437
430
506
645
712
642
494
364
313
373
501
578
499
288
83
11
70
194
306
415
510
500
297
-26
-210
-104
213
425
320
-93
-574
-838
-727
-312
104
223
-24
-446
-779
-833
-586
-202
22
-48
-273
-426
-462
-490
-548
-554
-451
-304
-218
-226
-317
-471
-649
-766
-728
-527
-290
-201
-357
-648
-834
-744
-465
-249
-294
-502
-606
-510
-374
-377
-445
-477
-459
-438
-353
-144
56
78
-120
-370
-540
-565
-472
-316
-148
-5
71
-71
-474
-884
-836
-264
383
603
420
228
232
271
166
88
268
674
947
862
534
229
89
76
171
356
564
618
423
61
-249
-318
-106
277
624
775
692
471
243
147
306
711
1169
1378
1246
910
588
381
331
490
813
1113
1140
867
457
128
-32
-59
-66
-108
-129
-65
20
4
-103
-152
-59
100
202
202
171
164
150
61
-64
-86
67
292
353
147
-183
-377
-348
-249
-186
-120
6
79
-48
-356
-628
-675
-527
-386
-388
-489
-570
-617
-709
-882
-1052
-1084
-919
-642
-468
-533
-742
-838
-709
-466
-291
-238
-263
-308
-336
-343
-352
-374
-372
-314
-215
-105
-14
14
-82
-302
-542
-651
-549
-324
-88
87
216
293
281
171
40
20
199
500
736
774
673
549
433
286
118
9
59
293
595
752
639
378
189
172
258
394
553
664
604
383
150
9
-55
-49
112
423
692
685
378
5
-156
6
348
631
718
658
546
380
127
-141
-248
-121
106
251
291
331
392
371
204
5
-48
86
258
303
223
155
146
100
-83
-332
-483
-461
-343
-272
-311
-428
-525
-551
-514
-452
-381
-315
-318
-426
-594
-684
-592
-365
-160
-145
-337
-612
-819
-891
-870
-798
-654
-402
-110
47
-25
-266
-516
-658
-643
-503
-312
-142
-43
-20
-46
-70
-80
-110
-152
-135
-18
137
219
163
-11
-235
-416
-463
-343
-123
53
45
-177
-474
-589
-375
97
573
823
793
623
493
485
541
581
609
688
817
879
755
462
139
-59
-68
82
292
427
408
252
103
99
267
507
692
752
700
634
669
830
990
981
765
466
244
193
305
492
628
635
522
331
100
-110
-207
-141
47
239
298
137
-182
-444
-460
-248
15
165
194
163
124
77
36
30
55
74
23
-123
-325
-458
-450
-356
-308
-345
-394
-380
-304
-249
-267
-333
-338
-213
-37
13
-187
-535
-792
-798
-600
-363
-236
-313
-620
-1050
-1395
-1487
-1327
-1064
-856
-778
-840
-1033
-1297
-1494
-1456
-1171
-804
-552
-488
-528
-573
-563
-491
-325
-40
326
620
672
494
320
421
816
1251
1481
1480
1408
1377
1401
1467
1601
1788
1905
1799
1493
1231
1281
1620
1923
1912
1602
1167
620
-129
-967
-1548
-1693
-1640
-1795
-2269
-2765
-2948
-2844
-2774
-2899
-2982
-2710
-2167
-1740
-1618
-1510
-1013
-61
1010
1802
2190
2302
2292
2167
1906
1573
1253
935
521
-16
-603
-1143
-1581
-1899
-2092
-2166
-2124
-1967
-1697
-1322
-836
-205
637
1701
2865
3899
4620
5004
5194
5381
5690
6082
6369
6349
6010
5516
5038
4560
3845
2574
738
-1146
-2405
-2911
-3208
-3927
-5135
-6325
-6938
-6880
-6513
-6187
-5873
-5336
-4525
-3658
-2899
-2158
-1243
-96
1166
2367
3350
3989
4181
3870
3146
2286
1574
1025
332
-783
-2220
-3518
-4333
-4769
-5203
-5766
-6185
-6170
-5782
-5271
-4671
-3794
-2595
-1347
-325
554
1616
2960
4295
5257
5840
6326
6883
7375
7572
7471
7229
6877
6270
5372
4447
3830
3498
3078
2264
1153
-2
-1129
-2281
-3321
-3991
-4318
-4671
-5293
-5976
-6341
-6274
-5938
-5497
-4960
-4311
-3626
-3046
-2612
-2159
-1438
-362
898
2049
2854
3241
3268
3086
2855
2657
2437
2030
1304
294
-791
-1731
-2468
-3097
-3690
-4165
-4382
-4325
-4106
-3857
-3592
-3197
-2495
-1433
-209
815
1446
1878
2521
3576
4811
5777
6227
6293
6301
6453
6688
6803
6631
6142
5435
4740
4310
4182
4044
3517
2485
1126
-267
-1451
-2297
-2907
-3561
-4464
-5498
-6345
-6805
-6947
-6900
-6644
-6091
-5325
-4575
-3959
-3347
-2543
-1514
-351
856
2076
3221
4067
4366
4119
3638
3267
3011
2590
1800
747
-329
-1299
-2219
-3137
-3939
-4423
-4575
-4612
-4705
-4702
-4341
-3626
-2857
-2239
-1624
-750
363
1388
2072
2536
3130
3967
4775
5212
5251
5182
5260
5479
5644
5550
5107
4423
3785
3478
3534
3639
3312
2216
527
-1045
-1788
-1746
-1754
-2565
-4030
-5298
-5766
-5630
-5483
-5562
-5576
-5231
-4638
-4078
-3583
-2976
-2188
-1272
-196
1129
2572
3731
4240
4138
3837
3722
3760
3545
2770
1547
275
-757
-1578
-2405
-3347
-4233
-4801
-5023
-5098
-5121
-4967
-4569
-4072
-3589
-2972
-1997
-718
484
1275
1723
2277
3243
4368
5099
5257
5234
5466
5931
6279
6237
5772
5067
4441
4249
4543
4926
4786
3756
1996
138
-1135
-1595
-1683
-2065
-3026
-4270
-5298
-5840
-5978
-5937
-5822
-5607
-5237
-4762
-4272
-3809
-3312
-2640
-1625
-217
1379
2738
3519
3710
3603
3491
3464
3351
2936
2130
1078
52
-754
-1379
-2064
-2935
-3856
-4552
-4879
-4876
-4656
-4337
-4019
-3705
-3296
-2698
-1930
-1035
-49
960
1846
2523
3069
3616
4143
4496
4634
4781
5198
5821
6221
5963
5059
4050
3643
4122
5076
5681
5292
3844
1867
174
-611
-525
-313
-894
-2502
-4412
-5579
-5680
-5341
-5361
-5836
-6178
-5902
-5160
-4473
-4074
-3715
-3014
-1831
-305
1292
2638
3456
3681
3606
3664
3987
4178
3710
2533
1197
322
-45
-426
-1342
-2719
-3962
-4568
-4545
-4278
-4091
-4047
-4011
-3818
-3392
-2791
-2148
-1512
-833
-77
669
1255
1628
1901
2225
2675
3257
3939
4617
5085
5161
4827
4315
4006
4236
4979
5742
5905
5190
3833
2342
1213
728
728
577
-417
-2278
-4205
-5305
-5483
-5443
-5789
-6432
-6853
-6791
-6399
-5942
-5450
-4760
-3731
-2365
-765
919
2421
3411
3790
3914
4260
4868
5259
4986
4094
3040
2198
1534
686
-525
-1851
-2863
-3408
-3658
-3835
-4035
-4289
-4598
-4822
-4713
-4130
-3226
-2291
-1458
-664
124
811
1355
1951
2802
3847
4773
5375
5724
6006
6271
6389
6229
5874
5648
5814
6230
6369
5726
4268
2483
1059
355
140
-234
-1308
-3066
-4945
-6258
-6753
-6788
-6949
-7479
-8060
-8170
-7571
-6512
-5430
-4538
-3629
-2318
-508
1438
2943
3752
4083
4387
4883
5420
5645
5347
4576
3574
2549
1572
576
-537
-1744
-2874
-3715
-4218
-4518
-4800
-5090
-5240
-5058
-4506
-3717
-2895
-2153
-1471
-721
189
1212
2193
3052
3819
4535
5125
5513
5770
6063
6409
6565
6271
5568
4895
4708
5017
5289
4938
3832
2326
884
-178
-773
-1097
-1685
-2970
-4749
-6214
-6781
-6702
-6734
-7246
-7857
-7908
-7175
-5999
-4832
-3814
-2815
-1699
-403
1078
2634
3973
4851
5312
5661
6059
6345
6220
5581
4589
3505
2488
1491
364
-940
-2256
-3378
-4235
-4890
-5373
-5667
-5768
-5684
-5400
-4937
-4416
-3938
-3446
-2749
-1711
-418
844
1796
2398
2885
3517
4317
5098
5698
6097
6308
6329
6138
5745
5247
4860
4764
4855
4738
4049
2767
1203
-214
-1199
-1781
-2329
-3303
-4811
-6416
-7519
-7931
-7943
-7897
-7834
-7523
-6822
-5817
-4681
-3492
-2265
-1013
343
1932
3721
5361
6435
6840
6869
6881
6922
6700
5929
4639
3138
1759
615
-421
-1559
-2887
-4282
-5483
-6242
-6491
-6398
-6224
-6113
-5989
-5611
-4785
-3559
-2270
-1257
-496
365
1543
2821
3823
4462
4984
5607
6285
6832
7157
7269
7158
6749
6084
5418
5073
5131
5236
4862
3812
2415
1129
81
-851
-1706
-2475
-3356
-4632
-6149
-7293
-7607
-7317
-7024
-6974
-6867
-6348
-5470
-4553
-3721
-2766
-1464
134
1784
3307
4614
5596
6147
6343
6389
6405
6214
5527
4251
2647
1140
-46
-1054
-2181
-3526
-4857
-5833
-6328
-6479
-6537
-6675
-6883
-6916
-6425
-5296
-3852
-2611
-1837
-1286
-469
873
2494
3851
4581
4770
4861
5268
6009
6685
6872
6528
5947
5395
4959
4681
4613
4652
4465
3813
2823
1820
888
-73
-1035
-1782
-2360
-3169
-4470
-5866
-6638
-6569
-6178
-6043
-6168
-6141
-5738
-5082
-4295
-3260
-1864
-309
1072
2228
3382
4548
5409
5744
5792
5864
5881
5452
4421
3070
1799
748
-259
-1440
-2779
-4034
-4981
-5611
-6068
-6440
-6705
-6796
-6665
-6239
-5491
-4535
-3600
-2808
-2028
-1020
316
1820
3180
4143
4673
4990
5407
6045
6686
6984
6849
6565
6440
6392
6058
5321
4553
4196
4182
3991
3275
2163
926
-330
-1499
-2315
-2717
-3175
-4231
-5752
-6929
-7161
-6737
-6416
-6501
-6577
-6118
-5108
-3884
-2663
-1388
-37
1228
2284
3264
4316
5270
5788
5797
5607
5462
5195
4418
3057
1513
274
-582
-1417
-2580
-3980
-5198
-5956
-6357
-6639
-6840
-6802
-6417
-5735
-4885
-3985
-3137
-2344
-1487
-377
1022
2477
3624
4295
4694
5190
5934
6694
7132
7168
7044
7003
7002
6706
5867
4693
3795
3591
3781
3650
2822
1575
317
-810
-1769
-2417
-2767
-3276
-4368
-5753
-6572
-6414
-5843
-5685
-6008
-6142
-5571
-4525
-3510
-2719
-1980
-1209
-452
373
1482
2816
3905
4358
4326
4298
4457
4429
3791
2636
1450
546
-258
-1288
-2619
-3976
-5043
-5711
-6103
-6359
-6512
-6512
-6305
-5872
-5266
-4612
-4017
-3400
-2538
-1325
116
1540
2782
3780
4571
5265
5979
6722
7356
7714
7742
7561
7292
6847
6023
4891
3971
3725
3935
3841
2978
1645
355
-782
-1880
-2729
-3015
-3020
-3520
-4759
-5954
-6201
-5604
-5075
-5098
-5212
-4798
-3932
-3134
-2615
-2109
-1452
-733
34
1102
2510
3779
4351
4270
4087
4179
4313
4004
3118
1981
968
126
-783
-1916
-3175
-4285
-5032
-5369
-5406
-5343
-5348
-5437
-5415
-5067
-4402
-3644
-2933
-2167
-1154
122
1478
2711
3765
4678
5445
6013
6399
6687
6880
6852
6511
6007
5590
5272
4828
4210
3720
3594
3518
3004
2056
1152
484
-262
-1240
-2017
-2185
-2145
-2661
-3759
-4580
-4542
-4127
-4179
-4694
-4964
-4619
-4112
-3861
-3624
-2927
-1857
-924
-287
423
1498
2648
3389
3657
3790
3934
3851
3324
2560
1885
1317
534
-636
-1967
-3080
-3866
-4526
-5233
-5902
-6358
-6580
-6684
-6702
-6514
-6051
-5387
-4605
-3671
-2518
-1200
117
1280
2226
3019
3776
4575
5339
5922
6233
6335
6349
6349
6289
6021
5432
4634
3973
3699
3639
3367
2712
1897
1167
518
-57
-375
-355
-365
-869
-1847
-2778
-3303
-3592
-3999
-4479
-4683
-4476
-4152
-3990
-3902
-3631
-3092
-2374
-1497
-377
944
2190
3051
3489
3717
3917
4048
3927
3465
2701
1755
699
-432
-1595
-2668
-3529
-4201
-4836
-5517
-6141
-6538
-6616
-6401
-5947
-5326
-4602
-3829
-3007
-2083
-956
387
1785
3005
3970
4812
5635
6397
6957
7269
7380
7383
7312
7132
6750
6133
5466
5070
5042
5006
4513
3616
2823
2381
1999
1384
688
127
-478
-1450
-2682
-3678
-4263
-4775
-5509
-6166
-6323
-6083
-5982
-6176
-6243
-5757
-4804
-3739
-2663
-1418
10
1307
2229
2857
3418
3872
4007
3763
3320
2772
1994
847
-519
-1780
-2748
-3538
-4366
-5298
-6195
-6881
-7300
-7464
-7347
-6896
-6196
-5454
-4775
-3956
-2733
-1132
492
1841
2939
3968
5004
5922
6618
7080
7366
7458
7354
7125
6868
6533
5985
5298
4804
4753
4911
4775
4137
3272
2477
1730
931
204
-311
-852
-1835
-3253
-4487
-5025
-5113
-5433
-6176
-6845
-6956
-6601
-6167
-5743
-5094
-4090
-2920
-1727
-393
1194
2750
3837
4338
4585
4881
5131
4992
4354
3443
2477
1429
213
-1058
-2164
-3054
-3936
-4951
-5981
-6748
-7140
-7188
-6943
-6446
-5833
-5220
-4504
-3446
-1972
-340
1081
2160
3113
4206
5421
6481
7186
7579
7791
7871
7817
7685
7530
7267
6746
6019
5381
5066
4905
4494
3682
2704
1804
941
12
-888
-1653
-2484
-3620
-4853
-5644
-5871
-6069
-6721
-7559
-7887
-7451
-6650
-5926
-5276
-4471
-3457
-2322
-985
678
2460
3813
4441
4634
4881
5234
5322
4877
4045
3096
2046
795
-569
-1782
-2736
-3627
-4677
-5822
-6769
-7272
-7338
-7118
-6751
-6293
-5723
-4978
-3995
-2759
-1323
210
1684
2956
3999
4910
5763
6494
7004
7335
7605
7847
7938
7712
7140
6381
5639
5019
4520
4170
3946
3665
3064
2075
878
-244
-1074
-1567
-1928
-2545
-3662
-5045
-6084
-6424
-6328
-6341
-6597
-6762
-6483
-5804
-4991
-4232
-3480
-2563
-1299
336
2085
3494
4240
4416
4438
4663
5018
5111
4598
3498
2137
860
-207
-1205
-2360
-3695
-4954
-5879
-6458
-6873
-7234
-7493
-7506
-7208
-6640
-5904
-5041
-4024
-2822
-1474
-94
1155
2172
3038
3937
4956
5946
6682
7033
7068
6933
6781
6650
6487
6210
5781
5224
4649
4226
4017
3912
3637
2980
1932
796
-26
-389
-655
-1362
-2657
-3992
-4661
-4540
-4285
-4547
-5246
-5707
-5454
-4685
-3858
-3234
-2659
-1908
-831
546
2113
3546
4440
4670
4645
4871
5318
5402
4671
3319
1929
875
0
-1041
-2374
-3758
-4894
-5687
-6253
-6728
-7134
-7411
-7485
-7309
-6854
-6131
-5229
-4255
-3225
-2046
-672
762
2017
3023
3908
4787
5591
6196
6563
6732
6787
6832
6922
6982
6896
6622
6193
5676
5201
4883
4686
4317
3444
2008
439
-625
-971
-1116
-1832
-3283
-4821
-5680
-5780
-5704
-5953
-6434
-6740
-6649
-6200
-5456
-4486
-3479
-2588
-1691
-430
1265
2929
3920
4118
4062
4306
4757
4794
4031
2734
1453
432
-497
-1582
-2841
-4074
-5059
-5754
-6271
-6724
-7108
-7350
-7365
-7081
-6469
-5640
-4793
-4030
-3201
-2057
-559
986
2189
2998
3672
4489
5455
6384
7071
7432
7531
7534
7543
7526
7378
7042
6543
5971
5443
5037
4706
4196
3196
1722
330
-355
-402
-672
-1881
-3762
-5286
-5797
-5633
-5616
-6044
-6546
-6667
-6335
-5675
-4725
-3552
-2393
-1449
-509
875
2748
4454
5288
5297
5226
5559
5953
5694
4639
3299
2169
1181
14
-1371
-2668
-3660
-4423
-5156
-5924
-6634
-7191
-7542
-7629
-7379
-6821
-6131
-5491
-4868
-4009
-2731
-1199
180
1180
1990
2931
4067
5189
6074
6657
6985
7161
7298
7455
7573
7510
7176
6593
5893
5256
4807
4455
3843
2625
939
-530
-1188
-1255
-1645
-2946
-4741
-6043
-6404
-6275
-6338
-6715
-7009
-6914
-6434
-5643
-4494
-3127
-1912
-1033
-84
1452
3462
5107
5722
5546
5405
5733
6097
5847
4861
3594
2412
1297
66
-1254
-2506
-3601
-4595
-5493
-6220
-6729
-7123
-7517
-7840
-7855
-7427
-6704
-5928
-5127
-4095
-2704
-1130
288
1420
2438
3555
4754
5864
6759
7421
7830
7968
7917
7857
7884
7885
7628
6999
6132
5328
4745
4195
3279
1849
301
-774
-1242
-1655
-2649
-4218
-5685
-6387
-6315
-6019
-6026
-6372
-6685
-6557
-5831
-4637
-3323
-2201
-1322
-333
1155
3083
4836
5753
5754
5391
5290
5498
5508
4833
3538
2120
1003
173
-717
-1916
-3303
-4537
-5415
-6013
-6530
-7088
-7680
-8167
-8357
-8098
-7439
-6609
-5810
-4984
-3896
-2430
-793
644
1722
2637
3699
4959
6157
7031
7540
7808
7949
8045
8159
8266
8174
7663
6748
5770
5078
4604
3837
2388
574
-799
-1295
-1419
-2070
-3524
-5091
-5944
-5979
-5770
-5808
-6067
-6258
-6186
-5761
-4853
-3484
-2024
-946
-215
756
2423
4419
5850
6200
5853
5571
5661
5757
5370
4421
3209
2008
862
-323
-1574
-2825
-4017
-5129
-6102
-6833
-7299
-7618
-7937
-8228
-8232
-7738
-6844
-5884
-5060
-4227
-3101
-1623
-45
1340
2451
3438
4458
5552
6614
7476
7977
8081
7927
7772
7773
7812
7557
6810
5693
4607
3857
3381
2732
1554
25
-1224
-1801
-2029
-2591
-3730
-4964
-5688
-5783
-5649
-5616
-5697
-5693
-5491
-4980
-4043
-2695
-1294
-223
532
1414
2722
4206
5261
5541
5308
5105
5158
5158
4726
3830
2743
1643
467
-860
-2206
-3349
-4248
-5082
-5962
-6780
-7370
-7735
-7997
-8198
-8202
-7857
-7181
-6345
-5468
-4471
-3229
-1773
-300
1045
2293
3542
4776
5874
6768
7486
8030
8301
8239
7952
7655
7426
7123
6531
5639
4695
3921
3215
2236
868
-555
-1539
-1966
-2226
-2817
-3826
-4879
-5543
-5682
-5455
-5097
-4800
-4651
-4543
-4145
-3160
-1701
-305
590
1128
1887
3180
4640
5555
5605
5122
4700
4585
4556
4258
3542
2471
1165
-239
-1546
-2561
-3306
-4045
-5015
-6115
-7031
-7556
-7774
-7844
-7824
-7648
-7245
-6594
-5683
-4518
-3179
-1848
-684
350
1471
2814
4261
5515
6391
6942
7332
7659
7919
8067
8054
7830
7366
6689
5895
5149
4525
3862
2859
1476
74
-910
-1426
-1818
-2439
-3327
-4219
-4813
-4965
-4757
-4394
-4137
-4123
-4231
-4107
-3460
-2326
-1097
-177
392
978
1927
3156
4208
4685
4589
4231
3903
3664
3378
2881
2079
991
-231
-1383
-2337
-3171
-4052
-5062
-6094
-6971
-7587
-7924
-8010
-7922
-7777
-7608
-7283
-6628
-5596
-4321
-3007
-1794
-717
293
1342
2533
3840
5102
6086
6684
6974
7188
7472
7746
7787
7468
6856
6098
5333
4680
4174
3651
2838
1650
405
-443
-740
-802
-1082
-1749
-2604
-3270
-3494
-3259
-2785
-2383
-2282
-2442
-2546
-2206
-1345
-300
493
918
1229
1722
2431
3183
3733
3904
3643
3063
2405
1869
1457
960
110
-1100
-2380
-3340
-3891
-4309
-4920
-5760
-6542
-7029
-7248
-7368
-7386
-7201
-6781
-6224
-5608
-4932
-4119
-3074
-1791
-449
691
1547
2324
3319
4539
5650
6278
6417
6430
6655
7063
7325
7173
6648
5946
5241
4601
4086
3685
3274
2657
1755
747
-35
-367
-383
-439
-832
-1514
-2135
-2332
-2083
-1692
-1479
-1518
-1652
-1679
-1454
-987
-406
102
445
703
1031
1456
1797
1874
1695
1434
1200
958
585
30
-643
-1316
-1945
-2570
-3241
-3945
-4632
-5279
-5828
-6182
-6283
-6278
-6354
-6518
-6518
-6110
-5312
-4387
-3595
-2933
-2213
-1280
-171
978
2027
2917
3676
4387
5116
5829
6424
6759
6804
6698
6646
6666
6571
6166
5458
4630
3879
3303
2806
2272
1623
959
387
-43
-431
-862
-1281
-1538
-1540
-1414
-1339
-1400
-1510
-1561
-1469
-1196
-816
-485
-355
-381
-373
-168
174
413
378
156
-30
-87
-118
-291
-651
-1158
-1727
-2332
-2944
-3503
-3935
-4277
-4666
-5173
-5653
-5881
-5837
-5752
-5835
-5971
-5821
-5196
-4270
-3378
-2686
-2110
-1492
-712
279
1436
2595
3526
4139
4514
4815
5144
5504
5879
6158
6254
6043
5580
4998
4531
4296
4196
3969
3427
2738
2196
1981
1912
1779
1473
1070
735
530
447
324
127
-63
-142
-137
-162
-195
-140
56
263
370
425
520
612
497
117
-322
-577
-601
-618
-782
-1173
-1690
-2224
-2640
-2908
-3107
-3339
-3689
-4160
-4656
-5019
-5141
-5110
-5072
-5044
-4896
-4533
-4069
-3635
-3190
-2584
-1769
-971
-344
110
606
1250
1987
2726
3374
3934
4262
4306
4078
3948
4122
4521
4665
4297
3629
3099
2943
2981
2915
2590
2128
1635
1267
981
845
728
564
289
-11
-195
-248
-246
-303
-367
-297
-19
277
372
189
25
111
464
709
595
116
-448
-877
-1151
-1273
-1406
-1550
-1839
-2259
-2758
-3240
-3528
-3677
-3688
-3762
-3807
-3868
-3885
-3969
-4176
-4314
-4237
-3751
-3116
-2552
-2224
-1950
-1597
-1085
-442
291
1086
1722
2162
2397
2657
3039
3469
3742
3729
3566
3487
3567
3598
3395
3006
2747
2689
2788
2703
2525
2262
2097
1879
1516
1080
680
575
568
609
430
250
102
137
280
456
652
711
682
583
612
793
977
975
717
323
3
-167
-248
-431
-809
-1320
-1881
-2341
-2682
-2880
-3044
-3260
-3564
-3829
-3972
-3897
-3804
-3749
-3885
-3984
-3866
-3410
-2778
-2279
-1965
-1800
-1524
-1187
-736
-233
376
1019
1535
1944
2209
2507
2756
3027
3221
3402
3541
3577
3434
3076
2778
2636
2713
2582
2259
1809
1670
1673
1624
1262
817
517
470
562
605
579
381
162
-90
-35
254
690
869
735
426
271
356
655
862
860
591
187
-178
-407
-458
-488
-662
-1137
-1730
-2289
-2551
-2636
-2634
-2708
-2929
-3199
-3480
-3631
-3679
-3573
-3359
-3053
-2808
-2663
-2591
-2449
-2103
-1663
-1132
-669
-209
171
525
894
1332
1849
2340
2646
2698
2649
2671
2833
2914
2795
2526
2290
2193
2156
2014
1748
1381
1113
979
949
893
759
525
271
26
-94
-84
-40
10
-10
-4
-3
33
73
106
150
256
375
421
349
232
224
328
394
242
-221
-712
-1120
-1302
-1441
-1543
-1719
-1940
-2189
-2364
-2344
-2193
-1966
-1934
-2092
-2401
-2570
-2544
-2347
-2192
-2098
-1990
-1743
-1407
-1053
-715
-265
214
701
1059
1365
1652
1942
2206
2466
2770
3095
3338
3356
3202
2917
2688
2557
2505
2456
2329
2073
1733
1379
1160
1042
963
844
685
516
301
42
-202
-265
-112
120
317
344
281
103
-32
-28
92
267
272
132
-134
-340
-442
-445
-456
-541
-736
-1046
-1357
-1600
-1666
-1670
-1734
-1947
-2201
-2360
-2376
-2337
-2362
-2532
-2829
-3074
-3096
-2878
-2560
-2327
-2190
-2121
-1979
-1722
-1331
-904
-513
-124
276
747
1149
1466
1694
1931
2203
2443
2578
2573
2452
2281
2154
2078
2054
1992
1905
1732
1441
1066
735
549
444
263
-11
-228
-211
-19
149
159
93
119
306
543
660
627
512
475
499
569
554
474
335
200
90
15
-40
-134
-259
-416
-548
-688
-821
-956
-1088
-1195
-1243
-1225
-1251
-1399
-1678
-1922
-2067
-2086
-2042
-1950
-1824
-1682
-1517
-1281
-926
-490
-69
242
461
655
867
1130
1393
1642
1830
1973
2065
2080
1988
1817
1646
1526
1480
1481
1488
1404
1210
914
591
304
106
-13
-120
-250
-414
-557
-653
-659
-558
-359
-139
-25
-37
-89
-49
125
351
506
536
416
282
159
171
215
239
120
-90
-281
-409
-449
-541
-675
-948
-1186
-1384
-1440
-1475
-1511
-1602
-1699
-1750
-1719
-1604
-1478
-1336
-1207
-1038
-878
-667
-412
-53
301
610
768
887
1013
1214
1415
1584
1753
1876
1941
1868
1743
1589
1464
1339
1218
1030
808
565
379
224
57
-189
-489
-733
-785
-663
-539
-562
-692
-744
-610
-354
-144
-93
-203
-322
-356
-218
1
205
264
184
38
-46
-89
-81
-85
-94
-184
-385
-637
-839
-932
-956
-981
-1034
-1109
-1131
-1104
-1070
-1122
-1225
-1288
-1180
-930
-682
-533
-453
-278
-37
235
452
734
1002
1251
1344
1417
1469
1568
1688
1826
1919
1882
1740
1575
1502
1459
1408
1203
914
559
298
97
-36
-219
-426
-639
-787
-833
-796
-617
-352
-77
19
-38
-128
-64
100
243
250
138
1
-101
-150
-187
-235
-308
-377
-469
-595
-778
-959
-1061
-1042
-985
-978
-1032
-1084
-1087
-1093
-1131
-1185
-1202
-1147
-1094
-1098
-1192
-1229
-1111
-806
-482
-268
-154
-48
156
428
723
966
1121
1215
1290
1360
1423
1433
1461
1478
1552
1620
1698
1708
1613
1426
1225
1102
978
828
625
447
279
152
84
68
37
-75
-195
-255
-159
-87
-136
-324
-430
-313
-69
133
159
78
-35
-101
-153
-206
-326
-490
-682
-823
-954
-1074
-1209
-1267
-1274
-1257
-1263
-1250
-1192
-1127
-1076
-1051
-970
-838
-632
-444
-301
-266
-240
-163
33
243
374
396
396
453
555
666
730
765
744
710
710
753
812
796
755
716
767
820
847
787
725
703
743
730
578
296
19
-146
-222
-265
-329
-421
-534
-615
-564
-369
-128
-4
-29
-141
-210
-187
-132
-116
-215
-343
-459
-535
-605
-663
-676
-660
-680
-764
-846
-854
-806
-793
-855
-906
-876
-730
-590
-512
-538
-580
-541
-383
-181
-74
-33
-8
113
238
383
535
703
810
803
785
803
892
919
881
778
743
780
863
919
968
1069
1204
1311
1300
1205
1073
958
851
795
779
791
728
596
462
390
374
321
188
-13
-169
-208
-144
-108
-137
-175
-145
-113
-187
-344
-471
-469
-446
-492
-621
-713
-753
-775
-856
-959
-1059
-1071
-1026
-956
-946
-958
-898
-772
-656
-646
-684
-673
-554
-402
-310
-364
-499
-601
-573
-414
-229
-92
-26
-42
-64
-59
41
162
261
327
411
508
542
526
493
577
769
1024
1225
1272
1183
983
790
631
558
546
531
461
281
94
-38
-57
-79
-164
-300
-381
-406
-411
-448
-472
-482
-503
-588
-678
-688
-625
-542
-543
-551
-596
-601
-611
-560
-506
-463
-442
-411
-352
-316
-269
-212
-67
65
149
129
74
29
27
116
298
481
540
451
348
316
356
412
453
507
545
566
563
551
550
549
602
703
850
982
1075
1136
1163
1211
1254
1330
1353
1319
1192
1045
926
872
843
732
482
138
-170
-364
-528
-718
-921
-1060
-1112
-1135
-1144
-1151
-1128
-1104
-1037
-980
-917
-962
-1085
-1240
-1326
-1267
-1144
-1005
-963
-951
-987
-979
-959
-878
-813
-803
-844
-869
-854
-836
-821
-789
-703
-671
-686
-745
-708
-654
-581
-539
-411
-238
-58
53
82
114
186
380
595
811
955
1114
1275
1444
1554
1612
1662
1764
1880
1947
1893
1775
1664
1613
1596
1571
1515
1400
1209
922
676
541
569
591
537
378
201
23
-78
-82
-35
-57
-233
-430
-569
-517
-400
-274
-264
-355
-467
-573
-600
-619
-598
-593
-596
-629
-721
-792
-865
-862
-918
-1002
-1136
-1226
-1243
-1201
-1100
-1004
-925
-937
-957
-938
-773
-574
-399
-304
-212
-92
58
197
293
358
396
476
591
779
961
1093
1131
1132
1154
1192
1238
1228
1183
1057
938
847
864
883
810
599
361
206
184
189
160
54
-44
-160
-282
-442
-590
-628
-578
-435
-397
-443
-627
-763
-870
-844
-782
-663
-614
-624
-727
-824
-889
-844
-752
-678
-686
-755
-758
-719
-610
-601
-656
-815
-893
-860
-692
-526
-385
-269
-157
-77
-25
54
159
270
310
366
402
531
647
801
941
1048
1122
1115
1131
1116
1155
1126
1124
1116
1158
1213
1178
1130
1053
1016
922
802
702
649
611
500
344
147
-21
-161
-229
-252
-226
-228
-234
-262
-267
-278
-323
-377
-450
-494
-597
-670
-798
-907
-1034
-1105
-1103
-1120
-1118
-1164
-1120
-1075
-928
-811
-683
-630
-619
-661
-747
-771
-728
-592
-516
-480
-461
-361
-232
-85
34
186
313
380
402
418
553
707
904
1002
1078
1057
1043
1055
1110
1195
1189
1219
1205
1259
1195
1138
1044
1092
1174
1225
1166
974
817
624
503
299
220
181
292
269
132
-125
-330
-371
-317
-163
-93
-87
-235
-396
-555
-581
-562
-534
-613
-761
-930
-1030
-1058
-1015
-993
-964
-938
-854
-751
-689
-708
-778
-817
-785
-709
-669
-647
-662
-643
-640
-613
-606
-563
-478
-348
-226
-213
-224
-270
-223
-177
-82
23
159
264
287
246
240
315
462
613
722
793
761
691
584
598
633
651
515
368
279
270
246
127
-15
-124
-138
-134
-166
-263
-330
-355
-331
-355
-388
-358
-284
-258
-379
-539
-653
-615
-505
-373
-276
-184
-115
-61
-28
42
104
111
61
-24
-75
-112
-61
-1
108
148
203
217
191
149
147
249
385
485
497
464
393
361
326
360
464
615
717
708
660
666
789
967
1166
1289
1347
1292
1172
1070
1037
1067
1079
1036
956
869
768
638
456
279
108
-51
-226
-368
-473
-517
-570
-640
-743
-791
-760
-657
-548
-513
-548
-682
-805
-901
-863
-800
-738
-803
-906
-1045
-1126
-1161
-1120
-1004
-823
-577
-393
-318
-368
-367
-316
-232
-224
-233
-245
-270
-308
-313
-263
-211
-217
-257
-291
-300
-288
-214
-88
58
183
264
349
467
627
738
734
724
799
907
904
789
685
601
520
417
387
386
349
196
18
-91
-110
-121
-151
-179
-191
-210
-250
-287
-346
-409
-486
-553
-624
-665
-618
-525
-473
-510
-547
-519
-444
-408
-434
-499
-540
-538
-507
-468
-424
-369
-311
-218
-63
138
290
345
335
353
376
379
380
457
541
491
317
193
254
371
394
300
240
301
452
581
628
619
648
741
853
931
969
1017
1005
929
774
623
488
409
367
323
215
97
35
36
5
-148
-336
-433
-389
-312
-286
-283
-265
-233
-217
-207
-186
-138
-66
-3
-20
-139
-272
-333
-310
-284
-274
-265
-221
-161
-111
-105
-149
-210
-231
-179
-98
-23
17
27
-18
-79
-97
-14
128
244
299
291
290
292
292
249
189
160
171
194
151
72
-14
-2
63
123
111
48
12
5
15
-49
-166
-309
-388
-411
-415
-442
-462
-461
-465
-525
-623
-706
-747
-768
-813
-869
-943
-990
-1029
-1007
-940
-828
-714
-603
-511
-472
-452
-414
-304
-194
-130
-119
-119
-103
-89
-63
-28
21
62
108
199
300
384
424
469
524
589
646
691
684
646
614
628
626
568
514
519
594
629
636
630
626
606
568
580
605
651
646
620
528
448
411
442
454
410
351
290
240
169
116
58
10
-40
-55
-63
-87
-149
-237
-317
-366
-388
-430
-509
-587
-609
-563
-480
-415
-380
-382
-395
-422
-443
-442
-395
-301
-179
-70
-12
1
27
132
275
375
369
315
286
324
387
419
417
389
370
345
307
251
189
158
151
160
180
219
268
286
272
243
219
176
136
124
135
157
131
92
41
34
28
6
-50
-100
-133
-168
-192
-207
-208
-238
-260
-287
-328
-434
-544
-608
-601
-573
-523
-457
-413
-443
-554
-672
-744
-725
-649
-563
-545
-582
-619
-597
-525
-447
-378
-313
-247
-190
-136
-80
-15
47
121
183
232
237
227
233
278
366
436
480
478
495
528
578
591
566
525
480
447
403
369
350
361
386
405
399
348
264
179
123
83
35
-14
-61
-95
-126
-131
-108
-81
-76
-87
-103
-126
-166
-217
-264
-312
-348
-357
-341
-308
-293
-317
-402
-516
-576
-544
-471
-446
-495
-546
-551
-483
-386
-302
-258
-249
-255
-261
-249
-201
-116
-12
89
175
276
408
566
715
819
872
901
938
984
1000
968
878
768
662
592
555
530
503
467
431
405
389
374
346
318
307
322
336
350
359
369
359
345
352
384
411
379
296
188
97
31
-25
-99
-189
-265
-301
-317
-368
-468
-575
-627
-615
-572
-538
-543
-586
-633
-658
-670
-707
-764
-805
-798
-735
-642
-560
-555
-619
-683
-668
-584
-502
-463
-455
-464
-498
-549
-568
-515
-421
-362
-371
-414
-430
-384
-267
-94
89
218
255
230
207
225
270
304
309
308
330
360
367
334
300
301
328
356
375
403
431
428
404
395
427
474
495
477
436
392
338
270
194
126
83
56
48
36
10
-63
-150
-238
-275
-254
-166
-82
-70
-139
-228
-295
-341
-360
-345
-328
-350
-395
-408
-391
-379
-362
-279
-118
57
189
263
307
322
323
305
281
281
301
332
315
271
238
260
305
330
331
332
362
409
475
543
610
652
678
696
727
765
782
743
667
585
539
510
489
502
559
646
685
636
509
383
302
275
244
189
98
-19
-152
-271
-335
-357
-360
-392
-444
-510
-556
-598
-655
-749
-848
-904
-909
-906
-940
-992
-1063
-1150
-1278
-1376
-1404
-1365
-1334
-1346
-1399
-1455
-1471
-1428
-1322
-1198
-1067
-922
-771
-641
-538
-444
-363
-324
-301
-231
-86
64
158
219
320
467
605
714
821
939
1064
1214
1401
1596
1741
1864
1989
2091
2081
1968
1831
1747
1731
1751
1758
1672
1493
1298
1142
1020
882
744
605
445
248
42
-153
-344
-530
-694
-815
-906
-968
-1049
-1187
-1375
-1524
-1553
-1492
-1418
-1389
-1403
-1455
-1551
-1629
-1635
-1540
-1412
-1289
-1191
-1107
-1033
-972
-892
-819
-756
-709
-627
-502
-350
-189
-34
86
154
212
321
492
662
799
888
978
1095
1252
1413
1537
1621
1682
1745
1786
1808
1807
1796
1770
1716
1625
1509
1396
1309
1219
1055
791
484
211
-14
-233
-458
-670
-862
-1026
-1176
-1297
-1405
-1500
-1589
-1660
-1722
-1767
-1789
-1792
-1789
-1790
-1768
-1724
-1662
-1598
-1523
-1448
-1383
-1314
-1217
-1082
-926
-758
-600
-467
-400
-373
-319
-184
3
179
328
463
611
762
929
1090
1227
1312
1350
1346
1333
1341
1412
1534
1685
1836
2007
2192
2337
2392
2365
2329
2310
2323
2355
2418
2450
2411
2292
2143
1978
1790
1579
1350
1080
754
399
49
-289
-598
-860
-1097
-1363
-1648
-1892
-2072
-2203
-2279
-2258
-2177
-2114
-2119
-2149
-2169
-2162
-2140
-2110
-2091
-2094
-2078
-2010
-1890
-1767
-1678
-1627
-1606
-1584
-1537
-1445
-1327
-1207
-1097
-995
-907
-827
-759
-674
-561
-407
-232
-67
64
143
199
257
346
475
639
849
1100
1361
1555
1637
1674
1771
1963
2156
2271
2309
2322
2324
2294
2255
2218
2185
2114
1995
1824
1599
1330
1058
809
546
214
-160
-488
-725
-890
-1013
-1097
-1138
-1151
-1140
-1124
-1117
-1136
-1161
-1176
-1186
-1208
-1231
-1233
-1229
-1239
-1271
-1309
-1338
-1338
-1281
-1166
-1026
-908
-823
-758
-669
-543
-387
-251
-152
-60
29
83
68
24
35
136
302
478
642
788
925
1063
1197
1328
1462
1617
1755
1853
1914
1979
2045
2092
2110
2124
2148
2164
2150
2101
2032
1959
1850
1661
1384
1068
766
474
170
-161
-508
-862
-1204
-1522
-1798
-2026
-2192
-2302
-2365
-2400
-2413
-2388
-2319
-2208
-2097
-2014
-1980
-1964
-1928
-1856
-1782
-1743
-1731
-1707
-1644
-1534
-1377
-1194
-1024
-889
-775
-651
-513
-383
-282
-186
-66
82
218
330
435
567
733
915
1075
1175
1218
1274
1421
1664
1921
2098
2177
2194
2217
2286
2413
2552
2651
2682
2658
2587
2498
2402
2301
2184
2024
1819
1555
1267
990
746
497
202
-147
-517
-872
-1186
-1470
-1735
-1983
-2187
-2306
-2339
-2322
-2318
-2340
-2371
-2382
-2371
-2344
-2322
-2311
-2311
-2315
-2302
-2262
-2176
-2041
-1888
-1748
-1617
-1477
-1342
-1236
-1134
-1011
-841
-643
-414
-192
-5
121
198
276
399
586
801
1008
1180
1323
1441
1561
1696
1858
2035
2221
2390
2500
2539
2532
2547
2587
2635
2644
2623
2580
2528
2461
2368
2235
2047
1792
1493
1180
876
588
303
17
-283
-592
-902
-1197
-1457
-1674
-1840
-1946
-1992
-1997
-1988
-1974
-1949
-1921
-1907
-1908
-1909
-1897
-1884
-1876
-1871
-1843
-1766
-1644
-1511
-1382
-1265
-1174
-1130
-1095
-1011
-859
-697
-574
-469
-338
-169
-2
144
254
349
441
562
729
930
1135
1306
1443
1559
1696
1868
2037
2156
2214
2247
2291
2353
2420
2470
2467
2409
2311
2196
2056
1884
1699
1499
1268
1007
742
476
176
-156
-461
-706
-914
-1112
-1302
-1478
-1650
-1792
-1888
-1936
-1971
-1993
-1993
-1960
-1901
-1829
-1761
-1744
-1780
-1850
-1910
-1950
-1963
-1945
-1884
-1787
-1688
-1599
-1517
-1417
-1316
-1228
-1149
-1060
-955
-860
-784
-708
-592
-413
-191
42
265
473
684
897
1107
1284
1435
1567
1714
1885
2079
2267
2413
2497
2522
2554
2628
2717
2748
2683
2556
2411
2298
2246
2251
2242
2136
1896
1562
1197
854
555
297
65
-159
-375
-573
-741
-895
-1038
-1169
-1256
-1297
-1316
-1351
-1420
-1508
-1613
-1722
-1824
-1877
-1880
-1866
-1901
-1991
-2087
-2141
-2145
-2127
-2107
-2077
-2007
-1869
-1691
-1532
-1432
-1369
-1303
-1215
-1083
-899
-677
-473
-297
-103
161
485
803
1089
1346
1597
1825
2018
2173
2281
2356
2419
2508
2604
2682
2711
2694
2636
2533
2416
2318
2250
2171
2037
1841
1608
1384
1187
1014
812
567
295
30
-228
-498
-768
-995
-1139
-1196
-1216
-1261
-1353
-1478
-1592
-1682
-1750
-1803
-1855
-1912
-1989
-2071
-2131
-2145
-2097
-2022
-1955
-1924
-1917
-1897
-1845
-1779
-1723
-1661
-1557
-1395
-1205
-1027
-872
-718
-550
-369
-183
9
209
420
638
834
985
1096
1218
1386
1587
1790
1958
2096
2208
2289
2336
2354
2362
2362
2359
2333
2265
2136
1974
1815
1665
1486
1237
938
649
427
266
128
-35
-236
-476
-728
-957
-1139
-1269
-1374
-1446
-1493
-1513
-1531
-1550
-1565
-1593
-1636
-1704
-1770
-1828
-1862
-1853
-1800
-1718
-1648
-1596
-1558
-1515
-1457
-1374
-1251
-1093
-919
-755
-610
-480
-353
-220
-66
115
311
495
654
790
922
1060
1212
1369
1524
1671
1810
1930
2014
2075
2119
2155
2174
2183
2170
2111
1991
1849
1727
1639
1576
1514
1424
1298
1152
984
773
524
296
139
14
-151
-377
-613
-810
-980
-1142
-1269
-1331
-1364
-1433
-1539
-1614
-1649
-1681
-1722
-1727
-1677
-1618
-1597
-1606
-1599
-1542
-1443
-1336
-1244
-1166
-1080
-958
-786
-595
-437
-336
-257
-165
-65
21
103
204
321
434
532
632
765
947
1168
1393
1585
1733
1847
1930
1983
1989
1955
1894
1807
1680
1514
1339
1180
1054
972
929
887
792
635
467
357
299
230
103
-77
-271
-444
-580
-678
-761
-849
-949
-1045
-1136
-1243
-1396
-1591
-1774
-1858
-1824
-1745
-1731
-1826
-1928
-1917
-1767
-1559
-1392
-1288
-1220
-1142
-1026
-876
-706
-525
-339
-167
-42
45
126
208
266
279
285
329
418
513
594
686
814
962
1081
1156
1205
1240
1255
1238
1233
1268
1321
1313
1208
1035
855
700
563
418
256
73
-114
-288
-433
-546
-623
-674
-689
-662
-580
-478
-386
-301
-229
-192
-227
-311
-392
-428
-418
-375
-324
-296
-313
-369
-421
-425
-367
-277
-193
-132
-83
-36
12
69
149
265
397
520
602
653
691
750
848
984
1140
1277
1358
1383
1382
1389
1389
1352
1273
1171
1034
828
570
331
153
9
-158
-351
-526
-636
-696
-758
-855
-973
-1068
-1119
-1135
-1138
-1157
-1178
-1171
-1102
-1005
-931
-879
-813
-695
-555
-449
-433
-498
-555
-521
-420
-342
-342
-386
-400
-339
-206
-48
78
139
151
153
183
245
328
423
539
694
905
1179
1499
1832
2132
2382
2589
2747
2833
2826
2747
2598
2354
1981
1475
847
144
-563
-1231
-1882
-2539
-3157
-3650
-3988
-4207
-4358
-4453
-4454
-4331
-4091
-3757
-3328
-2796
-2178
-1527
-877
-226
430
1074
1652
2085
2320
2352
2207
1913
1501
1012
503
32
-354
-633
-837
-1012
-1156
-1238
-1224
-1114
-916
-637
-303
79
525
1079
1766
2568
3433
4292
5062
5679
6129
6428
6547
6403
5930
5157
4152
2952
1558
37
-1474
-2832
-3976
-4899
-5600
-6065
-6309
-6378
-6298
-6070
-5680
-5164
-4550
-3831
-2980
-1988
-906
192
1227
2165
2961
3547
3826
3766
3401
2809
2053
1190
267
-674
-1585
-2393
-3019
-3431
-3672
-3807
-3825
-3652
-3233
-2616
-1887
-1087
-202
791
1885
3092
4409
5772
7018
7998
8680
9092
9200
8865
8027
6786
5319
3699
1909
-50
-2032
-3846
-5384
-6652
-7658
-8342
-8670
-8676
-8443
-7989
-7293
-6356
-5225
-3952
-2569
-1093
444
1979
3407
4605
5481
5992
6140
5912
5298
4325
3101
1741
297
-1213
-2698
-4000
-5010
-5729
-6228
-6535
-6602
-6371
-5830
-5022
-3984
-2718
-1234
409
2126
3872
5622
7285
8702
9774
10477
10781
10575
9812
8569
6979
5132
3072
883
-1313
-3358
-5160
-6695
-7967
-8919
-9493
-9698
-9562
-9075
-8231
-7087
-5713
-4157
-2431
-576
1353
3254
4978
6376
7358
7865
7873
7392
6479
5222
3722
2091
395
-1324
-3002
-4512
-5764
-6732
-7441
-7865
-7949
-7652
-6998
-6080
-4945
-3584
-1948
-78
1949
4034
6083
7928
9430
10525
11196
11379
10981
10004
8533
6703
4609
2350
-8
-2353
-4559
-6486
-8081
-9320
-10184
-10639
-10685
-10367
-9710
-8716
-7361
-5685
-3770
-1725
405
2554
4611
6414
7854
8886
9459
9480
8893
7773
6277
4555
2698
785
-1082
-2777
-4202
-5338
-6218
-6853
-7197
-7199
-6863
-6239
-5358
-4204
-2762
-1066
798
2766
4790
6782
8567
10022
11078
11686
11707
11068
9811
8094
6029
3661
1052
-1633
-4162
-6400
-8320
-9910
-11046
-11637
-11720
-11455
-10902
-10015
-8742
-7153
-5368
-3463
-1434
709
2859
4843
6525
7846
8741
9110
8859
8036
6792
5265
3511
1587
-365
-2186
-3770
-5100
-6166
-6936
-7338
-7351
-6997
-6324
-5357
-4109
-2602
-884
992
2972
4997
6963
8723
10203
11366
12126
12292
11764
10586
8901
6820
4420
1799
-891
-3446
-5748
-7767
-9495
-10799
-11590
-11901
-11835
-11423
-10599
-9323
-7662
-5770
-3740
-1558
757
3025
5016
6615
7811
8555
8716
8217
7139
5681
4004
2164
202
-1737
-3475
-4936
-6160
-7144
-7795
-8013
-7810
-7266
-6435
-5304
-3860
-2161
-300
1663
3701
5747
7679
9375
10791
11872
12500
12518
11913
10779
9240
7311
5007
2438
-180
-2663
-4969
-7085
-8913
-10244
-10982
-11189
-11006
-10470
-9535
-8169
-6474
-4601
-2616
-496
1698
3757
5497
6856
7825
8323
8264
7639
6543
5076
3313
1323
-761
-2735
-4458
-5886
-7051
-7916
-8399
-8475
-8191
-7587
-6645
-5353
-3788
-2060
-228
1722
3773
5798
7621
9163
10434
11392
11874
11724
10972
9745
8179
6294
4105
1676
-795
-3130
-5286
-7259
-8932
-10117
-10768
-10959
-10747
-10085
-8940
-7367
-5525
-3558
-1502
643
2768
4686
6269
7465
8224
8469
8157
7295
5961
4269
2334
254
-1821
-3713
-5326
-6677
-7751
-8445
-8689
-8530
-8044
-7242
-6104
-4660
-3006
-1229
645
2624
4644
6535
8127
9392
10368
11016
11190
10821
9979
8765
7203
5271
3023
596
-1839
-4180
-6370
-8303
-9810
-10773
-11213
-11205
-10761
-9859
-8526
-6856
-4951
-2870
-676
1542
3640
5467
6925
7964
8550
8637
8209
7303
5988
4315
2360
258
-1807
-3695
-5342
-6710
-7728
-8295
-8368
-8001
-7293
-6288
-4972
-3376
-1619
185
2016
3884
5737
7438
8864
10000
10849
11354
11395
10939
10037
8742
7068
5061
2838
539
-1720
-3884
-5923
-7763
-9250
-10285
-10862
-11002
-10670
-9843
-8563
-6913
-4991
-2881
-680
1481
3452
5137
6496
7479
7979
7927
7352
6353
5021
3396
1523
-479
-2433
-4210
-5767
-7067
-8029
-8575
-8664
-8302
-7527
-6397
-4991
-3380
-1641
167
1973
3713
5332
6813
8141
9296
10207
10779
10909
10574
9807
8644
7101
5211
3063
771
-1515
-3681
-5639
-7311
-8614
-9508
-10003
-10106
-9815
-9120
-8024
-6545
-4758
-2793
-773
1206
3063
4712
6064
7015
7498
7505
7055
6164
4872
3254
1415
-536
-2479
-4303
-5911
-7198
-8104
-8622
-8770
-8540
-7931
-6975
-5735
-4270
-2663
-998
667
2316
3929
5452
6805
7944
8874
9585
9991
9981
9524
8665
7472
5959
4147
2098
-30
-2104
-4058
-5831
-7294
-8339
-8940
-9119
-8881
-8219
-7155
-5765
-4169
-2453
-659
1167
2900
4433
5690
6628
7209
7389
7136
6475
5488
4244
2759
1078
-681
-2382
-3902
-5161
-6129
-6803
-7165
-7180
-6845
-6197
-5292
-4216
-3059
-1838
-519
885
2302
3668
4952
6113
7118
7950
8571
8908
8863
8403
7537
6324
4800
3015
1038
-1008
-2965
-4723
-6233
-7461
-8320
-8713
-8628
-8138
-7319
-6210
-4871
-3407
-1902
-369
1165
2598
3795
4695
5321
5693
5776
5517
4929
4062
2979
1703
316
-1080
-2376
-3508
-4419
-5071
-5450
-5570
-5466
-5158
-4647
-3941
-3097
-2184
-1232
-251
753
1776
2819
3865
4872
5789
6542
7072
7371
7446
7227
6621
5611
4269
2681
934
-855
-2543
-4033
-5283
-6256
-6892
-7134
-6989
-6511
-5770
-4817
-3706
-2514
-1338
-244
757
1650
2398
2945
3281
3418
3360
3095
2633
2033
1344
576
-280
-1172
-1976
-2585
-2979
-3182
-3221
-3111
-2866
-2509
-2070
-1582
-1046
-465
138
723
1299
1900
2526
3127
3667
4150
4573
4915
5145
5231
5111
4733
4060
3120
2000
826
-320
-1413
-2423
-3264
-3848
-4140
-4162
-3922
-3423
-2708
-1904
-1133
-439
182
708
1067
1233
1240
1145
945
621
196
-261
-718
-1185
-1667
-2134
-2543
-2867
-3099
-3240
-3262
-3143
-2896
-2571
-2182
-1698
-1129
-548
-40
364
673
932
1181
1442
1718
1998
2280
2538
2748
2878
2921
2877
2733
2459
2037
1506
913
298
-316
-863
-1252
-1428
-1398
-1198
-840
-339
277
963
1661
2311
2845
3199
3328
3234
2955
2519
1926
1198
407
-362
-1068
-1699
-2255
-2714
-3061
-3305
-3465
-3550
-3528
-3370
-3085
-2731
-2346
-1928
-1470
-1008
-601
-268
23
307
561
731
827
897
962
976
925
856
811
750
593
313
-55
-436
-804
-1167
-1519
-1793
-1914
-1846
-1601
-1212
-693
-54
695
1512
2337
3103
3737
4154
4304
4205
3927
3532
3036
2428
1714
963
238
-433
-1034
-1513
-1827
-2018
-2139
-2179
-2062
-1793
-1453
-1116
-783
-435
-78
249
525
759
968
1119
1175
1124
1007
857
668
436
182
-72
-342
-660
-1031
-1414
-1757
-2059
-2341
-2629
-2888
-3046
-3036
-2847
-2484
-1958
-1280
-498
346
1212
2028
2703
3164
3412
3471
3382
3184
2894
2483
1934
1271
554
-167
-850
-1451
-1948
-2334
-2608
-2734
-2678
-2434
-2067
-1629
-1126
-544
79
672
1186
1603
1911
2098
2177
2173
2116
2021
1885
1695
1448
1152
822
445
-5
-529
-1054
-1503
-1872
-2217
-2550
-2805
-2900
-2816
-2577
-2209
-1721
-1127
-483
135
667
1111
1495
1827
2068
2161
2077
1837
1483
1064
600
92
-470
-1085
-1702
-2245
-2665
-2966
-3163
-3224
-3098
-2771
-2285
-1708
-1076
-396
305
975
1563
2056
2448
2740
2941
3054
3062
2965
2789
2570
2324
2060
1775
1455
1093
693
287
-101
-444
-722
-928
-1041
-1050
-955
-777
-530
-217
156
565
976
1361
1699
1979
2174
2251
2179
1939
1544
1044
508
-35
-621
-1288
-2013
-2720
-3350
-3862
-4231
-4420
-4407
-4206
-3852
-3400
-2878
-2290
-1624
-903
-175
507
1101
1589
1943
2165
2285
2351
2390
2387
2321
2166
1923
1613
1272
938
626
334
60
-189
-385
-498
-509
-425
-258
-4
339
736
1134
1494
1813
2075
2250
2305
2241
2086
1847
1515
1083
573
35
-514
-1086
-1698
-2307
-2843
-3270
-3609
-3899
-4140
-4298
-4323
-4176
-3861
-3403
-2854
-2282
-1750
-1270
-799
-312
139
487
733
919
1066
1148
1159
1106
1004
835
606
356
133
-38
-147
-198
-208
-176
-62
177
546
994
1459
1900
2310
2677
2971
3166
3279
3329
3308
3187
2950
2620
2224
1771
1278
769
247
-299
-863
-1414
-1903
-2293
-2556
-2702
-2759
-2746
-2659
-2485
-2231
-1881
-1447
-980
-551
-205
77
330
567
757
865
889
846
754
614
439
228
-11
-265
-500
-693
-848
-979
-1074
-1089
-967
-686
-289
153
576
964
1336
1712
2069
2356
2556
2694
2794
2836
2781
2597
2271
1821
1288
711
118
-475
-1028
-1489
-1848
-2113
-2296
-2378
-2335
-2173
-1919
-1617
-1303
-1004
-724
-460
-197
69
322
530
660
708
695
660
606
501
326
99
-140
-372
-596
-803
-975
-1099
-1174
-1206
-1190
-1102
-929
-681
-377
-35
328
688
1038
1368
1649
1849
1946
1951
1863
1696
1476
1197
835
392
-98
-609
-1137
-1647
-2066
-2360
-2563
-2721
-2808
-2767
-2581
-2306
-1988
-1622
-1200
-749
-320
59
380
642
846
981
1048
1050
1008
947
880
795
674
503
294
75
-121
-287
-437
-568
-650
-655
-586
-463
-279
-19
325
717
1097
1436
1728
1987
2189
2315
2372
2382
2349
2249
2048
1746
1353
882
344
-210
-731
-1199
-1623
-1993
-2277
-2441
-2479
-2408
-2249
-2030
-1759
-1439
-1075
-695
-328
1
281
502
661
747
759
724
669
581
436
236
26
-167
-344
-493
-577
-587
-553
-505
-445
-369
-264
-115
99
378
684
977
1218
1409
1580
1782
2017
2239
2387
2446
2450
2404
2276
2030
1687
1287
842
339
-205
-753
-1260
-1678
-1965
-2096
-2100
-2008
-1848
-1621
-1336
-1008
-668
-349
-79
126
258
321
342
336
303
229
114
-39
-224
-440
-660
-856
-1023
-1179
-1332
-1456
-1511
-1473
-1376
-1273
-1190
-1105
-975
-798
-597
-383
-151
89
319
534
742
923
1053
1132
1196
1249
1258
1178
981
697
389
119
-105
-317
-548
-793
-1016
-1163
-1206
-1148
-1019
-846
-635
-377
-83
194
414
558
653
703
719
727
732
711
632
491
303
80
-150
-357
-511
-605
-644
-652
-656
-657
-650
-618
-540
-398
-207
-5
170
301
405
515
648
784
874
904
919
975
1052
1086
1036
905
726
511
284
65
-143
-330
-496
-602
-633
-586
-476
-327
-150
38
223
382
521
655
788
895
953
982
1009
1035
1024
951
823
671
523
372
218
55
-101
-255
-412
-555
-651
-660
-591
-475
-344
-203
-45
101
186
198
172
175
207
239
237
210
158
70
-61
-215
-363
-494
-623
-757
-883
-995
-1126
-1294
-1456
-1543
-1527
-1430
-1281
-1096
-894
-684
-471
-263
-77
68
164
217
243
254
256
233
174
102
52
32
17
-6
-23
-30
-42
-70
-106
-118
-80
-2
81
156
248
370
513
667
825
964
1051
1092
1099
1059
954
791
590
362
129
-78
-242
-372
-496
-627
-765
-899
-1013
-1098
-1152
-1162
-1132
-1070
-976
-812
-571
-288
-27
192
387
573
727
817
841
837
808
719
546
325
109
-70
-192
-242
-242
-237
-245
-237
-185
-83
57
212
337
428
525
665
828
958
1035
1076
1115
1173
1239
1285
1271
1182
1033
850
658
459
255
37
-173
-347
-475
-580
-695
-832
-962
-1048
-1075
-1051
-975
-833
-629
-392
-141
105
312
441
482
453
365
219
21
-201
-416
-604
-762
-894
-1009
-1101
-1150
-1139
-1069
-977
-881
-783
-687
-625
-600
-549
-415
-200
52
299
501
636
711
751
765
743
681
593
500
424
373
322
259
173
74
-21
-90
-130
-181
-268
-373
-452
-471
-410
-267
-62
179
436
710
977
1189
1315
1341
1275
1145
979
785
535
209
-156
-494
-752
-906
-965
-952
-907
-842
-761
-679
-602
-529
-462
-423
-418
-404
-343
-228
-93
36
141
226
305
371
405
374
291
193
111
29
-84
-211
-314
-365
-383
-386
-377
-339
-278
-208
-149
-94
-18
91
214
338
481
667
904
1158
1375
1502
1519
1430
1258
1013
730
461
237
51
-131
-324
-527
-727
-890
-965
-923
-821
-739
-721
-741
-770
-796
-824
-848
-846
-814
-755
-674
-560
-422
-288
-183
-117
-97
-121
-168
-219
-280
-358
-440
-515
-571
-593
-564
-488
-386
-272
-147
14
223
466
716
959
1201
1441
1656
1827
1935
1973
1950
1862
1689
1419
1087
749
444
180
-54
-262
-445
-599
-712
-774
-793
-796
-793
-771
-719
-652
-601
-568
-539
-490
-417
-330
-229
-126
-47
-8
15
44
85
111
102
48
-55
-181
-296
-381
-438
-472
-491
-508
-512
-478
-389
-250
-77
109
284
451
638
864
1097
1291
1422
1502
1543
1544
1474
1305
1043
741
454
211
13
-150
-288
-425
-568
-709
-812
-857
-855
-835
-834
-854
-888
-927
-966
-994
-996
-965
-902
-799
-646
-469
-316
-219
-168
-142
-131
-134
-148
-165
-178
-198
-230
-269
-299
-305
-274
-193
-59
111
275
411
528
669
831
1002
1151
1269
1345
1382
1390
1363
1293
1176
1023
840
622
383
161
-19
-175
-342
-532
-722
-880
-997
-1080
-1144
-1197
-1228
-1235
-1229
-1219
-1186
-1111
-1015
-933
-866
-792
-708
-617
-503
-367
-242
-161
-103
-51
-9
-1
-20
-42
-46
-35
-12
36
113
223
350
488
634
777
921
1074
1233
1372
1473
1551
1612
1647
1637
1597
1552
1494
1406
1272
1108
922
711
472
223
10
-134
-218
-287
-391
-544
-714
-866
-986
-1091
-1195
-1292
-1367
-1396
-1361
-1269
-1130
-954
-759
-589
-481
-445
-446
-456
-473
-507
-543
-549
-520
-476
-439
-396
-330
-243
-131
11
182
340
436
470
480
525
627
778
938
1068
1151
1177
1162
1128
1094
1051
984
880
742
578
405
245
111
3
-87
-166
-239
-309
-390
-492
-620
-751
-848
-887
-884
-872
-861
-834
-772
-683
-583
-491
-418
-366
-321
-261
-202
-196
-277
-400
-494
-519
-489
-445
-410
-376
-304
-191
-66
43
138
240
357
462
529
567
614
675
718
731
741
770
807
841
862
838
752
623
509
430
365
286
203
139
107
88
46
-27
-113
-164
-165
-148
-157
-215
-297
-371
-424
-454
-451
-402
-307
-214
-172
-194
-235
-256
-260
-281
-338
-418
-497
-555
-576
-535
-436
-307
-186
-79
18
115
202
269
321
385
481
597
709
812
910
983
995
947
876
815
759
667
509
298
91
-52
-132
-194
-262
-311
-338
-379
-468
-589
-691
-752
-797
-864
-948
-1011
-1024
-989
-918
-804
-668
-542
-456
-387
-319
-267
-248
-255
-266
-284
-318
-353
-353
-305
-240
-196
-176
-138
-56
49
140
205
257
304
364
459
593
737
858
949
1020
1073
1088
1069
1040
1016
985
941
891
846
795
720
615
484
336
177
37
-61
-127
-193
-263
-316
-337
-331
-315
-286
-228
-130
-6
105
168
172
123
36
-63
-150
-220
-288
-361
-427
-478
-523
-570
-609
-626
-620
-614
-610
-590
-548
-494
-437
-362
-261
-151
-64
12
93
186
277
350
406
451
470
448
388
323
278
255
245
228
194
132
65
32
59
112
115
29
-111
-238
-313
-330
-304
-262
-233
-222
-226
-234
-250
-263
-289
-341
-407
-454
-476
-498
-537
-570
-576
-578
-600
-624
-608
-549
-505
-520
-569
-582
-533
-457
-391
-314
-188
-8
175
311
388
439
506
609
716
786
796
779
764
748
712
644
560
501
501
556
615
640
644
654
671
655
604
543
486
414
321
228
165
139
152
203
266
302
290
256
221
178
112
25
-71
-185
-323
-470
-592
-666
-694
-704
-721
-756
-797
-827
-830
-792
-720
-638
-554
-470
-384
-307
-229
-124
18
170
296
373
398
390
389
405
429
447
470
492
485
434
352
285
242
198
125
34
-27
-15
55
124
159
163
163
191
250
316
356
362
352
335
314
292
262
208
130
43
-59
-195
-359
-487
-537
-518
-497
-519
-577
-635
-660
-660
-667
-705
-756
-766
-708
-600
-465
-316
-158
-14
105
209
306
392
452
497
539
568
561
522
474
429
392
358
326
274
190
77
-42
-148
-239
-319
-404
-498
-569
-580
-530
-461
-415
-389
-355
-300
-243
-203
-191
-214
-257
-300
-331
-361
-390
-403
-389
-361
-355
-378
-425
-474
-514
-530
-506
-439
-339
-218
-92
28
153
289
433
561
658
737
811
875
917
951
997
1045
1059
1028
971
908
842
773
702
630
540
439
327
198
45
-93
-157
-137
-70
-7
34
58
83
106
130
157
188
203
181
122
42
-44
-119
-173
-208
-237
-268
-310
-375
-469
-568
-636
-651
-611
-534
-449
-375
-304
-216
-98
28
153
284
434
587
713
791
804
749
648
536
453
419
435
475
494
457
374
264
123
-58
-257
-439
-564
-616
-586
-505
-406
-317
-236
-153
-80
-45
-71
-138
-204
-245
-285
-350
-425
-475
-495
-538
-636
-767
-870
-927
-980
-1078
-1213
-1335
-1400
-1394
-1328
-1222
-1087
-918
-716
-495
-290
-109
66
238
399
550
695
805
855
862
874
889
874
818
745
689
652
625
580
497
373
248
169
141
138
137
144
163
178
176
174
188
207
198
152
92
63
72
81
41
-45
-139
-207
-268
-346
-441
-538
-622
-675
-678
-629
-559
-491
-419
-336
-243
-125
40
260
489
695
873
1027
1150
1239
1317
1395
1461
1483
1456
1371
1245
1099
956
801
600
363
138
-42
-178
-279
-351
-402
-444
-464
-432
-353
-279
-260
-301
-360
-402
-415
-418
-418
-419
-412
-403
-415
-457
-517
-568
-591
-592
-586
-592
-620
-668
-734
-810
-880
-926
-932
-882
-762
-596
-423
-277
-162
-65
31
135
259
410
584
748
858
883
839
778
734
701
632
509
358
220
104
9
-70
-116
-108
-57
-10
8
1
-9
-26
-37
-13
51
119
143
117
63
18
-7
-22
-53
-115
-198
-267
-297
-290
-293
-333
-414
-498
-548
-553
-534
-516
-499
-461
-390
-291
-195
-127
-73
18
164
314
406
448
509
634
797
924
980
978
943
875
770
638
488
327
173
44
-60
-143
-199
-227
-253
-303
-368
-420
-438
-424
-405
-416
-462
-511
-511
-434
-308
-184
-96
-33
4
-7
-87
-209
-323
-401
-466
-527
-569
-568
-526
-457
-362
-244
-112
15
131
226
302
359
413
482
577
683
790
892
972
1012
1010
971
884
732
544
381
267
173
64
-56
-176
-284
-382
-472
-554
-613
-627
-592
-535
-490
-457
-426
-386
-343
-288
-220
-145
-70
-5
37
30
-24
-98
-151
-177
-180
-189
-214
-228
-206
-136
-53
8
37
60
103
152
192
218
251
305
385
490
605
706
765
781
774
778
778
734
636
524
439
375
306
216
114
22
-40
-73
-94
-125
-161
-206
-254
-291
-300
-280
-247
-211
-169
-118
-58
-12
-8
-52
-118
-181
-248
-311
-348
-339
-311
-312
-359
-426
-474
-484
-476
-468
-461
-441
-411
-387
-364
-330
-278
-235
-218
-218
-203
-165
-114
-48
45
152
224
234
193
131
54
-29
-101
-154
-195
-229
-254
-261
-266
-280
-307
-338
-355
-354
-331
-303
-286
-298
-332
-362
-356
-291
-185
-63
39
105
134
128
99
60
23
6
9
14
-5
-59
-117
-139
-109
-45
35
129
234
335
416
471
509
546
598
664
737
809
867
901
897
839
729
594
469
370
303
255
198
115
20
-39
-46
-15
32
92
168
233
253
212
145
97
86
96
112
120
109
90
89
109
117
92
61
58
77
94
83
38
-36
-109
-150
-152
-142
-130
-105
-63
-19
6
9
28
81
165
243
297
334
365
375
345
276
184
103
37
-25
-102
-188
-259
-317
-389
-488
-580
-629
-642
-635
-598
-516
-401
-285
-193
-132
-101
-91
-95
-107
-117
-115
-109
-110
-106
-92
-82
-110
-183
-275
-350
-388
-406
-431
-480
-543
-584
-576
-533
-493
-474
-451
-402
-335
-261
-183
-105
-44
-14
15
80
180
256
247
