295
337
337
310
268
211
124
-12
-178
-328
-394
-351
-215
-45
91
126
63
-15
1
140
333
470
454
282
63
-65
-74
-55
-91
-142
-150
-97
-12
83
186
279
359
410
418
362
254
133
13
-111
-229
-297
-301
-278
-273
-290
-291
-247
-167
-80
-5
65
113
122
94
65
46
-9
-128
-280
-396
-471
-532
-578
-581
-547
-520
-511
-488
-455
-453
-474
-464
-401
-329
-289
-304
-364
-449
-510
-490
-393
-258
-152
-114
-141
-188
-189
-119
12
168
293
327
271
200
192
253
297
251
129
15
0
102
274
448
581
664
673
593
463
387
423
501
517
457
392
352
317
312
382
488
528
463
355
287
292
361
449
493
472
408
325
228
139
75
24
-57
-159
-198
-132
-8
55
13
-87
-141
-90
43
180
236
210
150
107
88
104
147
177
151
62
-64
-207
-312
-320
-221
-91
-5
-1
-69
-194
-357
-505
-604
-648
-682
-670
-579
-455
-396
-408
-388
-297
-189
-85
51
210
305
282
155
-16
-145
-183
-143
-111
-143
-227
-297
-272
-117
117
303
332
196
-2
-134
-141
-42
93
187
181
119
99
136
111
-27
-165
-177
-100
-28
14
35
30
8
29
93
131
120
112
121
90
8
-60
-82
-110
-153
-172
-153
-150
-170
-178
-156
-123
-118
-158
-248
-322
-337
-314
-332
-389
-398
-335
-239
-151
-44
58
69
-7
-68
-61
-56
-97
-135
-128
-115
-112
-117
-147
-206
-236
-202
-184
-230
-254
-133
107
337
453
447
343
197
95
88
133
182
204
205
192
223
357
514
552
448
338
316
344
357
376
410
428
386
295
172
42
-21
67
272
430
448
380
341
363
422
512
608
674
649
488
160
-283
-682
-858
-767
-534
-288
-112
-17
-10
-50
-63
-27
46
152
268
291
137
-91
-219
-195
-116
-97
-171
-311
-428
-405
-240
-45
55
78
111
138
107
52
42
30
-82
-248
-343
-339
-290
-230
-192
-227
-318
-355
-302
-229
-182
-136
-54
34
90
103
94
111
146
126
-1
-140
-142
11
178
249
242
210
168
142
148
145
75
1
18
88
105
50
-33
-166
-370
-569
-611
-418
-76
225
368
377
318
198
36
-73
-59
40
141
167
70
-143
-347
-399
-307
-242
-343
-541
-651
-598
-438
-261
-121
-56
-85
-137
-168
-184
-237
-301
-283
-112
138
287
243
86
-19
-29
33
139
244
231
47
-166
-195
-29
144
170
58
-89
-186
-190
-142
-99
-37
109
314
445
424
291
185
189
294
379
366
276
151
18
-115
-194
-193
-144
-109
-128
-171
-191
-148
-60
47
135
171
117
-5
-133
-240
-345
-441
-450
-343
-193
-103
-66
-43
-59
-127
-187
-146
-14
165
333
421
376
278
237
224
172
126
218
425
637
767
797
712
556
471
524
635
661
584
469
366
279
222
220
294
388
402
244
-36
-239
-213
5
255
437
547
569
477
277
38
-139
-193
-139
-97
-178
-360
-513
-513
-377
-180
5
135
147
13
-192
-306
-239
-84
-15
-93
-257
-438
-606
-743
-842
-878
-780
-530
-265
-187
-321
-503
-574
-491
-313
-107
21
17
-82
-165
-190
-196
-197
-145
-12
99
36
-211
-437
-407
-123
168
249
160
83
110
150
84
-98
-276
-298
-129
88
170
51
-204
-484
-669
-619
-332
29
221
161
-59
-269
-351
-270
-108
0
-8
-72
-92
-88
-126
-195
-200
-113
-32
-23
-45
-60
-99
-168
-188
-112
-26
-31
-97
-125
-77
5
75
141
198
243
273
296
301
282
254
232
208
165
143
220
418
698
940
1025
899
653
441
342
361
514
780
994
978
710
337
12
-162
-136
38
200
217
95
-51
-115
-37
223
572
783
678
377
164
125
71
-124
-342
-413
-351
-262
-222
-238
-297
-384
-461
-512
-464
-256
78
372
468
342
82
-158
-261
-228
-174
-167
-175
-199
-321
-583
-831
-878
-687
-360
-65
67
-34
-236
-275
-15
341
469
320
72
-111
-226
-261
-244
-286
-439
-528
-352
-42
120
50
-53
-30
95
204
214
145
90
129
212
210
61
-188
-458
-690
-782
-661
-362
-44
170
243
195
60
-75
-126
-85
1
99
177
124
-81
-285
-271
-65
103
108
22
-39
-48
-8
39
1
-142
-263
-234
-124
-89
-146
-205
-210
-182
-123
-39
21
1
-78
-109
-21
141
258
258
224
260
401
581
721
740
618
442
360
415
453
355
179
91
76
43
-6
20
65
0
-118
-98
106
314
416
412
323
167
44
32
26
-123
-350
-434
-303
-86
45
34
-116
-282
-313
-190
-84
-113
-179
-150
-19
118
168
41
-255
-501
-488
-287
-162
-228
-360
-427
-380
-243
-73
-4
-119
-306
-338
-121
168
300
208
8
-165
-210
-42
301
580
558
266
-54
-201
-131
150
531
789
754
495
221
29
-119
-203
-160
33
241
325
247
99
15
75
248
408
420
302
214
300
496
587
433
84
-214
-256
4
332
444
226
-160
-439
-460
-240
37
181
81
-171
-368
-368
-220
-74
-36
-93
-194
-293
-347
-319
-219
-128
-74
-56
-95
-258
-486
-611
-571
-479
-409
-260
42
335
386
154
-172
-380
-412
-344
-269
-191
-101
-15
-17
-116
-275
-391
-389
-316
-278
-307
-270
-155
-78
-77
34
366
693
689
298
-230
-563
-531
-224
89
191
122
4
-158
-397
-579
-502
-244
-57
-45
-37
115
384
625
710
568
241
-89
-278
-325
-286
-155
44
162
108
-58
-222
-355
-385
-174
242
615
726
619
435
273
223
334
490
481
307
184
234
303
228
84
56
200
408
559
541
308
-48
-304
-319
-160
39
197
285
257
130
13
-48
-103
-185
-185
-13
252
442
451
297
28
-262
-415
-290
73
424
533
371
67
-228
-422
-476
-404
-260
-95
19
9
-134
-327
-458
-465
-346
-131
119
320
390
298
136
9
-53
-87
-71
59
272
427
406
187
-141
-411
-457
-262
-6
126
95
-3
-71
-78
-47
-25
-16
5
68
153
259
378
426
261
-73
-301
-193
127
316
226
-34
-234
-304
-268
-193
-132
-106
-125
-184
-262
-282
-130
187
454
430
130
-152
-169
19
148
52
-187
-396
-505
-555
-546
-458
-317
-247
-335
-519
-642
-606
-479
-384
-367
-344
-249
-151
-181
-357
-501
-422
-116
206
329
224
16
-167
-272
-275
-163
33
193
207
86
-54
-113
-101
-69
-47
-13
67
210
373
454
387
240
135
132
190
250
294
335
392
433
415
346
282
255
228
191
204
330
499
572
480
309
170
150
268
476
642
647
498
290
98
-39
-69
13
108
108
13
-94
-158
-178
-169
-149
-138
-120
-76
-30
-54
-173
-329
-439
-464
-410
-304
-194
-101
-34
-6
-57
-175
-274
-293
-241
-161
-57
43
89
97
120
160
174
191
281
416
452
348
218
199
285
366
353
226
67
8
137
393
623
748
786
785
761
738
714
632
449
265
230
352
483
460
233
-108
-335
-251
82
334
255
-45
-301
-415
-489
-598
-724
-852
-1008
-1200
-1411
-1635
-1867
-2088
-2275
-2387
-2368
-2216
-2031
-1945
-1970
-1969
-1760
-1326
-843
-528
-442
-472
-458
-287
40
404
641
685
612
606
764
1058
1340
1503
1563
1617
1740
1892
1993
1988
1892
1796
1831
2040
2281
2334
2151
1932
1894
2027
2163
2070
1545
546
-592
-1312
-1417
-1280
-1416
-1905
-2435
-2666
-2500
-2106
-1841
-1954
-2253
-2269
-1802
-1176
-814
-774
-714
-303
465
1278
1758
1761
1471
1183
1006
797
399
-179
-839
-1535
-2257
-2950
-3497
-3785
-3788
-3605
-3369
-3091
-2680
-2094
-1366
-509
490
1540
2471
3220
3909
4657
5429
6072
6437
6507
6413
6324
6235
5957
5363
4637
4115
3875
3476
2269
98
-2350
-3984
-4277
-3769
-3591
-4402
-5822
-6843
-6688
-5444
-3965
-3198
-3325
-3624
-3238
-2045
-652
327
799
1119
1750
2892
4214
4947
4570
3343
2062
1281
961
693
40
-1203
-2832
-4324
-5257
-5632
-5775
-5956
-6169
-6159
-5672
-4669
-3344
-1990
-859
-55
562
1336
2537
4008
5203
5714
5741
5899
6523
7241
7365
6628
5486
4671
4515
4675
4517
3720
2401
824
-850
-2426
-3615
-4246
-4481
-4756
-5422
-6396
-7085
-6847
-5667
-4342
-3760
-4004
-4270
-3750
-2414
-937
17
406
793
1766
3307
4731
5279
4767
3692
2767
2381
2363
2167
1277
-346
-2133
-3369
-3864
-4068
-4490
-5168
-5751
-5919
-5569
-4777
-3713
-2548
-1379
-257
727
1550
2374
3399
4540
5435
5866
6061
6437
7086
7652
7666
6994
5937
5026
4600
4558
4495
4032
2942
1167
-995
-2804
-3538
-3290
-3028
-3715
-5354
-6937
-7345
-6337
-4829
-4116
-4673
-5662
-5708
-4261
-2104
-565
-240
-463
-14
1706
4104
5922
6277
5279
3854
2990
2990
3281
2987
1693
-265
-2132
-3314
-3765
-3983
-4530
-5474
-6311
-6462
-5792
-4691
-3708
-3048
-2454
-1541
-256
1129
2334
3282
4043
4720
5376
5959
6367
6556
6593
6539
6328
5826
5016
4143
3559
3408
3417
3135
2195
507
-1610
-3403
-4155
-3916
-3579
-4043
-5316
-6546
-6834
-6049
-4936
-4441
-4785
-5238
-4862
-3476
-1785
-617
-145
189
1036
2492
4069
5198
5620
5374
4680
3887
3303
2960
2538
1646
128
-1716
-3275
-4078
-4288
-4559
-5304
-6186
-6452
-5747
-4478
-3406
-2865
-2447
-1510
52
1680
2783
3370
3936
4812
5770
6293
6144
5641
5352
5511
5751
5488
4586
3559
3063
3215
3497
3258
2197
420
-1652
-3335
-3994
-3659
-3240
-3744
-5200
-6529
-6545
-5122
-3401
-2817
-3729
-4978
-4977
-3296
-1088
106
-105
-694
-327
1337
3487
5048
5497
4978
4005
3206
2985
3141
2918
1662
-451
-2427
-3303
-3105
-2875
-3629
-5238
-6525
-6471
-5218
-3787
-2995
-2756
-2360
-1297
280
1829
2997
3796
4343
4753
5206
5818
6388
6515
6110
5564
5351
5480
5472
4873
3812
2914
2622
2714
2489
1329
-780
-3061
-4380
-4268
-3531
-3497
-4638
-6117
-6697
-5873
-4274
-3160
-3340
-4314
-4705
-3689
-1855
-456
-91
-233
81
1327
3106
4585
5217
5024
4358
3610
3090
2842
2487
1524
-113
-1888
-3117
-3558
-3636
-4081
-5152
-6262
-6525
-5703
-4415
-3475
-3137
-2955
-2269
-801
1081
2747
3848
4473
4933
5479
6165
6792
6990
6576
5820
5255
5125
5088
4544
3309
1906
1087
1096
1442
1363
379
-1415
-3350
-4520
-4512
-3846
-3529
-4049
-4973
-5429
-4902
-3702
-2733
-2710
-3448
-4022
-3675
-2511
-1302
-738
-803
-816
-97
1372
2948
3893
3903
3273
2665
2570
2817
2697
1650
-166
-1974
-2977
-3046
-2854
-3246
-4337
-5375
-5540
-4722
-3540
-2696
-2384
-2218
-1663
-480
1134
2702
3748
4110
4102
4269
4915
5774
6181
5661
4497
3631
3760
4514
4743
3762
2162
1221
1562
2570
3027
2165
189
-1891
-2937
-2532
-1442
-1021
-1968
-3664
-4774
-4430
-2996
-1833
-2160
-3841
-5357
-5295
-3797
-2347
-2170
-3035
-3576
-2645
-399
1875
2979
2788
2162
2022
2628
3467
3696
2808
1082
-603
-1460
-1439
-1267
-1750
-2952
-4100
-4430
-3946
-3299
-2977
-2846
-2467
-1681
-714
240
1262
2442
3518
4103
4182
4195
4545
5127
5427
5113
4473
4117
4324
4715
4687
4010
3059
2451
2462
2793
2879
2347
1200
-185
-1153
-1261
-831
-752
-1544
-2794
-3640
-3598
-2982
-2654
-3325
-4804
-6093
-6371
-5767
-5045
-4726
-4709
-4500
-3674
-2185
-412
1101
1983
2270
2387
2809
3526
3922
3387
2010
552
-275
-393
-358
-799
-1808
-2865
-3354
-3174
-2755
-2551
-2585
-2525
-2110
-1340
-351
654
1364
1519
1295
1264
1844
2850
3657
3781
3322
2899
3134
4049
4973
5135
4396
3430
3094
3596
4326
4480
3724
2314
875
102
245
699
429
-945
-2689
-3710
-3624
-3034
-2938
-3877
-5450
-6634
-6731
-6025
-5431
-5482
-5782
-5457
-4086
-2089
-233
1073
1938
2645
3370
4102
4628
4638
4042
3167
2506
2221
1985
1373
347
-672
-1274
-1489
-1751
-2364
-3124
-3488
-3206
-2670
-2431
-2449
-2162
-1331
-418
57
186
458
1125
1986
2703
3147
3466
3887
4506
5139
5410
5128
4628
4546
5106
5846
6093
5528
4261
2737
1616
1318
1431
952
-588
-2537
-3826
-4082
-3862
-4036
-5076
-6669
-7922
-8125
-7465
-6826
-6810
-7076
-6727
-5244
-3001
-888
484
1208
1818
2733
3947
5039
5524
5269
4628
4087
3822
3637
3195
2307
1093
-69
-905
-1511
-2211
-3123
-3955
-4311
-4158
-3860
-3674
-3427
-2861
-2102
-1517
-1163
-734
17
1011
2001
2820
3442
3984
4629
5410
6024
6097
5696
5419
5744
6465
6904
6548
5371
3789
2454
1835
1717
1280
-33
-1880
-3445
-4272
-4521
-4684
-5266
-6467
-7903
-8821
-8816
-8244
-7752
-7551
-7172
-5994
-3957
-1668
191
1459
2427
3431
4597
5783
6643
6859
6422
5635
4884
4353
3876
3058
1732
219
-991
-1765
-2380
-3142
-4059
-4853
-5247
-5243
-5043
-4734
-4246
-3599
-2961
-2408
-1793
-970
31
1052
1973
2784
3539
4315
5133
5817
6065
5860
5696
6106
6936
7480
7253
6329
5036
3729
2768
2221
1595
325
-1490
-3161
-4200
-4743
-5207
-5891
-6871
-8007
-8877
-9022
-8417
-7614
-7135
-6800
-5881
-4051
-1829
18
1278
2286
3382
4605
5779
6616
6832
6387
5624
5054
4883
4761
4069
2589
846
-395
-925
-1262
-2004
-3196
-4321
-4895
-4961
-4954
-5064
-4986
-4387
-3449
-2691
-2280
-1810
-830
525
1684
2324
2698
3288
4291
5462
6285
6429
6146
6135
6756
7570
7838
7266
6109
4797
3700
2994
2454
1527
-65
-1955
-3489
-4384
-4869
-5398
-6301
-7536
-8585
-8818
-8209
-7470
-7271
-7405
-7013
-5563
-3471
-1667
-663
-79
860
2464
4246
5453
5797
5644
5534
5615
5626
5281
4517
3455
2318
1351
623
-69
-1006
-2231
-3491
-4421
-4807
-4766
-4664
-4771
-4914
-4683
-3970
-3123
-2489
-2000
-1367
-473
601
1728
2753
3536
4121
4704
5309
5766
6062
6446
7007
7479
7537
7108
6303
5316
4400
3670
2860
1570
-173
-1873
-3185
-4261
-5322
-6296
-7055
-7712
-8314
-8646
-8573
-8320
-8072
-7601
-6608
-5254
-3999
-3003
-1941
-497
1158
2541
3409
4002
4663
5401
5894
5906
5554
5127
4695
4107
3304
2472
1735
911
-216
-1515
-2573
-3164
-3449
-3738
-4182
-4637
-4820
-4603
-4178
-3833
-3546
-3002
-2034
-857
215
1090
1859
2659
3586
4628
5551
6095
6340
6693
7369
8087
8386
8071
7235
6121
5070
4321
3690
2684
1150
-547
-1971
-3068
-3948
-4737
-5679
-6966
-8265
-8879
-8620
-8141
-8096
-8284
-7978
-6863
-5348
-3937
-2715
-1443
26
1612
3110
4294
5042
5452
5762
6093
6322
6252
5809
5102
4354
3677
2969
2021
861
-245
-1095
-1796
-2614
-3621
-4547
-5018
-4960
-4732
-4703
-4776
-4503
-3668
-2562
-1608
-875
-113
884
2107
3440
4679
5529
5866
6036
6558
7459
8182
8197
7498
6463
5544
5007
4685
3980
2463
449
-1284
-2348
-3071
-4027
-5461
-7098
-8364
-8884
-8905
-9087
-9712
-10273
-10007
-8770
-7177
-5866
-4833
-3558
-1769
184
1787
2948
3943
4930
5810
6449
6810
6873
6630
6170
5690
5276
4766
3895
2672
1428
456
-290
-1068
-2065
-3253
-4390
-5179
-5503
-5515
-5422
-5246
-4851
-4168
-3272
-2288
-1248
-126
1038
2152
3211
4248
5138
5686
6001
6489
7318
8138
8459
8155
7430
6586
5870
5351
4738
3613
1903
24
-1578
-2815
-3922
-5173
-6628
-8030
-8955
-9283
-9368
-9611
-9887
-9715
-8842
-7524
-6149
-4831
-3411
-1724
159
1997
3519
4615
5375
6047
6795
7511
7870
7635
6911
6088
5483
4992
4221
2987
1605
510
-246
-1039
-2163
-3498
-4614
-5215
-5408
-5506
-5652
-5697
-5417
-4761
-3869
-2908
-1928
-906
119
1103
2085
3154
4233
5097
5631
6020
6557
7311
8035
8337
7949
6950
5840
5170
4930
4419
3032
988
-910
-2240
-3241
-4365
-5760
-7240
-8447
-9111
-9304
-9400
-9616
-9703
-9247
-8124
-6582
-4931
-3360
-1892
-498
903
2366
3839
5094
5943
6441
6797
7078
7134
6870
6380
5826
5187
4314
3128
1837
707
-304
-1510
-2983
-4221
-4736
-4721
-4885
-5644
-6686
-7251
-6746
-5261
-3629
-2717
-2597
-2515
-1771
-355
1242
2587
3594
4398
5153
5892
6589
7209
7703
7957
7884
7467
6837
6178
5540
4658
3266
1569
117
-865
-1752
-3006
-4681
-6487
-8009
-8885
-9058
-8929
-9001
-9288
-9276
-8444
-6800
-4863
-3229
-2072
-1057
258
1969
3711
4999
5672
6021
6476
7154
7711
7705
7020
5975
5001
4270
3575
2594
1258
-194
-1491
-2572
-3526
-4385
-5077
-5510
-5674
-5658
-5569
-5396
-5031
-4421
-3666
-2895
-2134
-1292
-283
863
1972
2901
3716
4595
5564
6456
7111
7539
7851
8024
7842
7148
6211
5463
4976
4319
3121
1535
-64
-1446
-2712
-3995
-5374
-6787
-8001
-8709
-8877
-8800
-8798
-8720
-8168
-6937
-5300
-3730
-2485
-1455
-303
1099
2602
3921
4915
5594
6069
6427
6624
6470
5869
5013
4254
3669
2957
1817
353
-975
-1892
-2524
-3187
-3993
-4726
-5129
-5144
-5015
-5005
-5072
-4925
-4376
-3586
-2872
-2335
-1795
-984
147
1392
2470
3311
4088
4946
5759
6324
6693
7095
7534
7703
7289
6351
5332
4669
4290
3597
2178
323
-1294
-2380
-3191
-4163
-5482
-6918
-7934
-8191
-7957
-7804
-7879
-7774
-7077
-5821
-4375
-3087
-2039
-1054
63
1306
2487
3459
4195
4784
5304
5701
5732
5233
4343
3465
2829
2294
1521
404
-755
-1579
-1986
-2270
-2706
-3269
-3677
-3725
-3533
-3435
-3581
-3736
-3551
-2973
-2298
-1816
-1535
-1177
-482
553
1628
2475
3159
3926
4788
5455
5776
5971
6369
6958
7349
7093
6200
5207
4643
4361
3681
2266
515
-901
-1744
-2323
-3163
-4486
-5976
-6977
-7153
-6814
-6562
-6652
-6753
-6363
-5305
-3932
-2773
-2025
-1387
-431
910
2262
3222
3731
4043
4363
4626
4616
4234
3601
2926
2290
1684
1079
502
6
-381
-694
-1080
-1606
-2103
-2309
-2237
-2219
-2517
-2992
-3271
-3156
-2850
-2664
-2665
-2588
-2177
-1447
-620
113
781
1513
2379
3232
3856
4210
4519
5056
5828
6470
6514
5826
4845
4192
4025
3823
2966
1428
-252
-1504
-2229
-2788
-3641
-4876
-6036
-6519
-6289
-5970
-6127
-6576
-6599
-5802
-4581
-3627
-3120
-2559
-1463
-13
1205
1927
2383
2853
3351
3758
3985
4002
3836
3585
3319
2980
2494
1896
1343
943
654
321
-147
-691
-1192
-1603
-1974
-2398
-2907
-3399
-3698
-3731
-3578
-3352
-3064
-2665
-2141
-1543
-958
-428
109
783
1652
2627
3528
4235
4774
5282
5838
6289
6360
5891
5075
4356
4016
3821
3184
1862
295
-831
-1338
-1659
-2327
-3422
-4539
-5158
-5172
-4982
-5066
-5429
-5650
-5386
-4679
-3811
-2998
-2271
-1526
-672
252
1104
1784
2326
2794
3144
3303
3311
3313
3325
3176
2779
2327
2059
1948
1728
1221
496
-239
-881
-1497
-2166
-2848
-3431
-3872
-4156
-4275
-4265
-4217
-4157
-4004
-3665
-3118
-2433
-1713
-967
-75
1050
2304
3458
4337
4906
5275
5638
6086
6487
6663
6539
6105
5375
4522
3821
3327
2788
1944
828
-267
-1044
-1501
-1964
-2769
-3826
-4705
-5116
-5190
-5249
-5414
-5519
-5330
-4822
-4154
-3443
-2673
-1797
-870
-2
760
1469
2207
2949
3518
3781
3837
3921
4062
4021
3619
2973
2332
1771
1146
344
-556
-1385
-2125
-2892
-3672
-4268
-4558
-4719
-4979
-5307
-5416
-5069
-4355
-3609
-3075
-2618
-1901
-792
467
1543
2309
2908
3568
4385
5218
5815
6069
6091
6063
6064
6028
5745
5056
4089
3248
2763
2405
1705
528
-759
-1689
-2165
-2530
-3156
-4051
-4866
-5251
-5256
-5240
-5431
-5623
-5446
-4806
-3949
-3149
-2425
-1644
-726
271
1212
2033
2757
3392
3904
4241
4406
4376
4094
3583
2973
2385
1782
1029
41
-1079
-2058
-2686
-3081
-3597
-4397
-5214
-5635
-5548
-5251
-5075
-5015
-4745
-4053
-3134
-2334
-1691
-898
226
1463
2472
3211
3922
4752
5537
6002
6119
6132
6252
6427
6468
6268
5877
5365
4736
3990
3219
2540
1894
1076
18
-1023
-1744
-2127
-2468
-3038
-3837
-4567
-4916
-4839
-4594
-4433
-4358
-4149
-3610
-2752
-1792
-937
-181
637
1590
2498
3132
3422
3521
3583
3607
3475
3132
2643
2058
1342
484
-418
-1239
-1956
-2632
-3312
-3974
-4558
-5025
-5350
-5507
-5472
-5254
-4935
-4591
-4203
-3653
-2863
-1950
-1141
-537
35
839
1915
3015
3856
4399
4815
5302
5867
6347
6519
6304
5870
5499
5322
5198
4852
4121
3089
2029
1195
589
48
-563
-1245
-1946
-2571
-2990
-3165
-3250
-3446
-3780
-4064
-4045
-3677
-3189
-2876
-2722
-2418
-1726
-757
127
675
921
1144
1558
2095
2492
2515
2117
1460
846
492
292
-93
-861
-1867
-2767
-3358
-3703
-4036
-4491
-4942
-5126
-4954
-4644
-4485
-4510
-4445
-4032
-3288
-2481
-1841
-1353
-794
28
1052
2016
2746
3322
3921
4593
5220
5684
5970
6149
6256
6247
6041
5654
5197
4774
4380
3954
3438
2794
2047
1308
694
202
-287
-876
-1530
-2058
-2290
-2259
-2178
-2156
-2096
-1900
-1635
-1415
-1207
-900
-484
-112
51
-17
-129
-61
230
542
619
414
110
-60
-97
-226
-644
-1279
-1874
-2268
-2509
-2746
-3090
-3528
-3924
-4144
-4161
-4053
-3891
-3699
-3467
-3167
-2778
-2336
-1890
-1430
-879
-229
425
951
1323
1667
2142
2797
3469
3941
4092
3989
3859
3932
4273
4657
4726
4314
3668
3235
3195
3305
3150
2602
1906
1398
1163
1041
829
454
-3
-379
-519
-447
-340
-349
-425
-401
-226
-39
-26
-213
-482
-707
-852
-939
-1038
-1201
-1423
-1652
-1872
-2109
-2340
-2509
-2606
-2701
-2831
-2955
-3013
-3019
-3063
-3199
-3371
-3408
-3226
-2905
-2633
-2508
-2477
-2372
-2072
-1582
-1045
-616
-361
-234
-141
-1
207
473
813
1228
1649
1910
1945
1861
1871
2081
2428
2784
3039
3123
3009
2786
2653
2736
2982
3208
3252
3078
2722
2342
2094
2074
2224
2367
2302
1958
1540
1347
1461
1593
1433
959
474
225
211
216
16
-471
-1145
-1754
-2054
-2002
-1849
-1977
-2559
-3360
-3888
-3828
-3321
-2823
-2745
-3122
-3606
-3694
-3144
-2191
-1392
-1193
-1569
-2072
-2152
-1616
-757
-157
-179
-691
-1212
-1330
-1016
-526
-139
-15
-151
-414
-581
-485
-148
277
587
664
532
381
398
650
1072
1549
1960
2177
2176
2038
1979
2192
2727
3388
3803
3710
3197
2723
2769
3342
3894
3796
2987
2062
1638
1815
2138
2117
1597
781
67
-268
-229
-108
-226
-633
-1105
-1358
-1325
-1244
-1352
-1742
-2178
-2401
-2284
-2002
-1839
-1906
-2126
-2364
-2516
-2473
-2153
-1666
-1260
-1145
-1354
-1718
-1954
-1860
-1490
-1145
-1095
-1342
-1689
-1889
-1848
-1591
-1297
-1107
-1017
-909
-726
-557
-444
-334
-159
-12
25
36
236
692
1228
1596
1654
1513
1439
1683
2183
2602
2627
2275
1853
1692
1939
2455
2904
2907
2328
1421
740
740
1348
1954
1930
1169
182
-353
-132
561
1026
775
-103
-961
-1189
-764
-217
-154
-671
-1403
-1868
-1813
-1367
-881
-731
-929
-1236
-1419
-1458
-1451
-1444
-1481
-1587
-1730
-1838
-1819
-1682
-1476
-1247
-1024
-885
-981
-1305
-1614
-1606
-1211
-611
-83
131
-96
-585
-870
-539
372
1300
1649
1287
688
470
851
1549
2090
2211
1937
1503
1200
1197
1454
1750
1858
1700
1389
1135
1086
1223
1414
1499
1379
1100
831
780
952
1196
1271
1085
694
299
87
128
346
521
482
170
-256
-614
-755
-661
-404
-122
-3
-172
-626
-1100
-1309
-1122
-829
-795
-1208
-1865
-2346
-2350
-1891
-1373
-1223
-1544
-2015
-2174
-1886
-1408
-1044
-984
-1102
-1270
-1271
-974
-486
12
256
335
343
398
568
864
1242
1456
1427
1224
1016
890
866
923
1016
1065
1027
829
494
147
42
277
746
1103
1086
715
318
276
554
930
1078
996
755
454
173
14
98
364
524
401
53
-232
-316
-274
-186
-181
-218
-350
-487
-681
-899
-1126
-1237
-1233
-1256
-1408
-1659
-1897
-2095
-2232
-2217
-2043
-1843
-1717
-1674
-1582
-1493
-1338
-1083
-660
-190
134
236
174
63
96
283
650
945
1124
1179
1210
1229
1224
1229
1265
1335
1446
1628
1761
1740
1480
1258
1175
1296
1401
1466
1451
1368
1201
1027
965
1012
1053
928
682
505
593
871
1011
839
483
266
280
372
344
163
-34
-172
-242
-344
-469
-598
-723
-844
-1022
-1166
-1249
-1175
-1088
-1086
-1195
-1363
-1529
-1783
-1986
-2067
-1923
-1695
-1470
-1342
-1347
-1398
-1373
-1140
-813
-497
-322
-256
-235
-131
101
353
443
354
286
417
692
852
846
753
789
928
1119
1280
1362
1342
1222
1121
1099
1137
1198
1258
1268
1143
890
640
496
510
681
900
972
796
511
325
276
300
317
362
366
279
68
-152
-215
-153
-85
-140
-247
-316
-397
-570
-889
-1194
-1308
-1247
-1113
-1154
-1295
-1543
-1749
-1876
-1831
-1638
-1521
-1565
-1761
-1839
-1764
-1574
-1412
-1293
-1211
-1176
-1184
-1119
-871
-409
48
325
338
269
350
577
898
1090
1218
1236
1213
1109
970
945
1069
1293
1359
1199
885
638
616
793
1065
1226
1172
856
404
57
25
272
537
622
527
439
412
448
453
464
549
731
955
1085
1041
889
730
708
729
724
556
203
-277
-751
-983
-954
-784
-726
-865
-1139
-1402
-1594
-1633
-1498
-1213
-927
-744
-650
-647
-800
-1028
-1181
-1018
-709
-434
-392
-511
-582
-504
-210
128
455
710
890
939
890
793
807
885
1058
1161
1126
867
472
164
101
315
555
592
352
-35
-320
-432
-326
-84
181
413
414
270
1
-40
176
547
802
818
700
592
601
665
660
569
459
367
297
201
132
-36
-312
-716
-1050
-1200
-1183
-1109
-1092
-1128
-1203
-1262
-1224
-1071
-836
-676
-637
-678
-649
-489
-286
-115
-50
-6
5
79
199
339
409
341
252
252
494
856
1161
1187
926
562
293
208
229
266
298
205
-34
-431
-765
-877
-728
-475
-379
-531
-828
-985
-954
-761
-539
-170
279
694
905
884
704
425
238
312
618
920
913
555
8
-424
-557
-421
-222
-164
-265
-478
-738
-1012
-1153
-1023
-634
-233
-65
-175
-446
-662
-659
-347
122
473
596
573
606
692
816
921
1015
1072
1124
1174
1192
1099
966
866
867
878
878
851
774
568
211
-187
-509
-644
-611
-455
-349
-386
-613
-895
-1100
-1114
-940
-663
-371
-217
-194
-278
-319
-274
-133
107
412
652
710
594
471
418
430
459
465
390
130
-264
-705
-1022
-1149
-1082
-927
-856
-919
-1062
-1122
-1073
-927
-782
-659
-625
-612
-531
-302
1
288
532
796
981
1066
1025
1056
1157
1292
1365
1341
1280
1155
1053
937
890
866
857
775
612
370
108
-165
-401
-565
-609
-521
-396
-336
-396
-475
-477
-410
-371
-367
-334
-252
-173
-168
-183
-170
-70
26
79
54
62
134
219
232
138
47
-59
-142
-266
-427
-685
-1054
-1398
-1594
-1540
-1394
-1326
-1442
-1680
-1834
-1793
-1511
-1148
-862
-728
-707
-622
-388
55
562
933
1037
970
1027
1235
1482
1511
1417
1322
1328
1383
1427
1464
1439
1272
950
572
327
237
249
201
48
-146
-278
-282
-248
-270
-366
-468
-474
-363
-133
154
375
478
446
413
427
503
565
557
484
360
258
212
209
142
-29
-269
-504
-712
-902
-1025
-1067
-1026
-982
-1032
-1184
-1392
-1500
-1410
-1167
-929
-845
-866
-863
-745
-503
-206
85
288
443
625
877
1103
1188
1177
1178
1275
1396
1490
1511
1488
1374
1232
1105
1051
987
836
651
481
457
477
517
441
315
209
184
213
217
224
250
323
394
430
429
368
269
131
2
-81
-94
-44
-48
-176
-420
-683
-887
-1037
-1085
-1072
-1050
-1154
-1370
-1588
-1692
-1644
-1538
-1474
-1490
-1561
-1606
-1593
-1463
-1310
-1213
-1197
-1161
-1063
-938
-813
-659
-491
-339
-209
-83
58
184
373
609
868
1042
1148
1206
1219
1180
1136
1128
1120
1058
928
802
730
762
860
990
1097
1172
1153
1069
994
1052
1220
1373
1383
1239
1038
898
836
755
575
343
159
62
-60
-290
-612
-900
-1044
-1028
-908
-821
-853
-1032
-1280
-1509
-1605
-1542
-1381
-1270
-1250
-1263
-1259
-1223
-1196
-1135
-1054
-913
-762
-651
-611
-608
-521
-356
-136
-9
21
-40
-70
-31
97
288
455
516
480
482
630
857
998
966
819
718
771
985
1242
1382
1312
1082
883
922
1203
1588
1826
1830
1635
1366
1179
1095
1147
1166
1124
957
771
527
259
-9
-171
-218
-251
-319
-490
-710
-911
-951
-829
-701
-765
-967
-1175
-1214
-1138
-1006
-960
-1025
-1137
-1181
-1096
-981
-909
-923
-903
-848
-767
-762
-785
-785
-736
-690
-665
-636
-582
-532
-512
-516
-488
-372
-237
-119
-87
-53
-22
54
170
312
410
419
430
560
808
1074
1241
1308
1346
1382
1453
1494
1458
1292
1077
975
1069
1266
1357
1196
843
497
339
397
491
459
239
-54
-289
-423
-496
-576
-689
-818
-914
-970
-997
-1046
-1114
-1169
-1125
-956
-739
-607
-613
-735
-889
-1025
-1045
-963
-840
-776
-770
-784
-825
-883
-912
-892
-882
-936
-1014
-990
-854
-689
-638
-687
-708
-591
-382
-198
-96
11
167
409
630
840
988
1117
1221
1344
1484
1634
1750
1789
1789
1778
1865
1932
1907
1705
1492
1370
1357
1341
1245
1043
769
532
406
382
309
151
-55
-136
-111
-26
-35
-147
-316
-443
-478
-406
-261
-109
-46
-122
-276
-421
-454
-444
-446
-531
-666
-824
-919
-937
-887
-885
-948
-1073
-1189
-1251
-1200
-1070
-949
-905
-920
-941
-948
-908
-798
-608
-408
-259
-182
-99
32
252
527
807
973
964
843
741
760
860
964
1033
1049
1082
1137
1251
1347
1332
1189
959
764
619
498
376
235
121
-9
-86
-139
-177
-262
-364
-377
-324
-262
-262
-240
-153
27
186
255
111
-132
-376
-469
-453
-390
-315
-322
-398
-595
-796
-963
-1049
-1058
-1032
-1012
-1034
-1097
-1078
-968
-722
-512
-388
-402
-466
-458
-380
-225
-105
-23
-45
-141
-242
-228
-98
80
181
181
110
54
129
373
757
1053
1149
1007
841
719
682
597
445
274
203
257
310
236
7
-236
-349
-253
-76
43
0
-116
-248
-299
-255
-100
106
269
356
381
375
360
335
307
268
205
110
-19
-129
-206
-283
-441
-665
-852
-895
-810
-688
-614
-579
-536
-459
-358
-224
-75
68
127
76
-7
-31
64
185
273
348
448
574
669
702
676
572
476
457
568
715
775
745
686
671
698
688
604
435
286
257
325
409
374
224
17
-97
-51
109
235
217
81
-39
-9
180
380
495
461
384
288
253
253
244
199
104
39
-56
-185
-369
-511
-592
-632
-683
-748
-868
-1030
-1155
-1098
-878
-614
-452
-430
-516
-630
-614
-446
-198
-76
-131
-290
-402
-368
-214
-37
45
-14
-140
-233
-179
-32
82
84
31
54
114
137
38
-137
-320
-448
-467
-388
-259
-183
-171
-161
-58
108
207
154
-3
-126
-98
63
245
317
260
177
151
204
227
219
208
256
300
281
228
185
155
96
39
43
95
105
-3
-195
-369
-444
-359
-192
3
101
122
77
34
57
119
205
238
254
274
345
447
516
503
447
425
497
568
568
445
251
91
40
134
227
263
156
-7
-218
-351
-373
-336
-299
-340
-343
-329
-232
-130
-90
-199
-372
-426
-266
-3
226
356
373
312
212
184
242
353
393
283
27
-268
-408
-340
-118
26
45
-42
-88
-67
-8
31
-53
-186
-336
-300
-159
-3
1
-175
-372
-502
-456
-311
-133
14
100
155
249
353
470
513
533
517
448
362
290
271
242
173
77
-29
-116
-184
-215
-208
-154
-98
-95
-162
-215
-189
-141
-151
-223
-295
-304
-282
-230
-182
-145
-84
-13
113
224
330
390
399
394
393
415
409
320
144
-82
-276
-343
-307
-227
-235
-359
-539
-652
-626
-465
-245
-24
137
192
158
72
-12
-76
-104
-91
-60
-14
55
125
150
99
85
147
264
304
276
241
232
214
159
129
135
110
-20
-197
-302
-309
-307
-358
-412
-393
-319
-253
-209
-197
-186
-186
-147
-168
-276
-398
-407
-328
-327
-385
-414
-340
-234
-116
3
105
152
168
137
43
-102
-205
-232
-207
-192
-210
-269
-363
-368
-243
-35
74
48
-79
-215
-308
-254
-60
152
256
267
268
258
270
375
568
699
698
638
638
656
700
783
842
769
605
515
513
461
316
227
283
433
580
720
808
760
614
471
415
379
357
316
282
214
190
142
50
-140
-338
-497
-584
-502
-315
-182
-275
-434
-464
-343
-213
-99
-74
-225
-558
-819
-807
-652
-581
-614
-597
-502
-439
-433
-402
-333
-299
-352
-399
-384
-347
-358
-388
-376
-375
-457
-584
-648
-583
-426
-225
-62
-12
-31
14
198
412
550
609
648
660
653
669
782
972
1131
1184
1126
1031
930
820
716
637
576
475
334
228
213
244
244
203
136
67
23
47
90
94
50
15
-26
-153
-341
-506
-554
-547
-542
-611
-730
-835
-855
-779
-682
-593
-533
-507
-542
-616
-672
-674
-639
-616
-628
-705
-832
-966
-1015
-981
-922
-889
-847
-744
-616
-520
-481
-478
-469
-432
-348
-244
-145
-60
6
65
144
263
415
580
749
900
976
957
886
829
818
826
822
799
779
800
877
966
1023
1010
945
866
824
832
837
781
667
573
563
612
611
505
336
235
229
253
245
225
230
216
155
72
7
-59
-154
-250
-298
-304
-271
-201
-100
-45
-110
-288
-501
-650
-689
-619
-525
-481
-534
-625
-698
-735
-769
-816
-845
-828
-750
-622
-475
-315
-158
-18
74
91
70
43
24
-14
-86
-167
-213
-189
-104
-8
49
57
36
34
95
209
335
434
507
573
623
626
568
472
411
410
463
492
472
424
388
345
250
147
105
151
188
158
62
-52
-138
-169
-134
-72
-45
-88
-204
-352
-482
-549
-551
-530
-527
-561
-626
-727
-844
-935
-946
-894
-856
-874
-903
-887
-817
-715
-584
-453
-373
-349
-317
-234
-148
-103
-94
-88
-88
-115
-139
-142
-101
-30
52
141
240
354
435
466
440
404
390
445
570
688
732
701
685
704
725
707
685
715
791
870
887
824
710
605
550
518
503
524
583
606
532
414
347
354
365
315
192
45
-72
-112
-110
-117
-184
-285
-392
-479
-523
-530
-523
-518
-515
-507
-512
-504
-448
-339
-220
-145
-135
-189
-244
-255
-216
-182
-166
-135
-74
-14
23
10
-20
-59
-57
-26
6
24
41
105
194
291
330
305
240
207
228
262
263
227
206
244
352
487
576
593
529
412
291
205
201
244
292
290
228
147
85
62
23
-58
-174
-244
-257
-250
-271
-303
-317
-324
-343
-365
-365
-410
-538
-708
-810
-819
-795
-762
-721
-667
-617
-566
-505
-480
-540
-653
-713
-642
-488
-361
-326
-374
-444
-474
-439
-368
-300
-231
-152
-83
-57
-76
-99
-94
-56
-4
35
42
51
92
177
250
278
254
231
261
336
419
451
438
412
423
487
576
648
700
732
742
699
630
584
557
518
446
381
347
343
354
389
418
427
383
290
171
81
56
67
48
-34
-136
-194
-181
-163
-173
-206
-187
-124
-78
-73
-90
-71
-26
11
12
-27
-91
-176
-256
-305
-306
-285
-272
-281
-287
-270
-237
-223
-241
-261
-261
-254
-242
-195
-109
-11
57
93
103
96
105
150
228
309
398
484
550
577
596
621
622
566
478
422
389
346
271
195
126
47
-64
-210
-349
-418
-386
-292
-200
-122
-51
20
75
109
133
149
134
68
-33
-109
-124
-80
-14
42
57
6
-103
-247
-400
-552
-668
-734
-755
-758
-721
-628
-513
-446
-429
-410
-353
-280
-243
-235
-243
-221
-183
-150
-146
-149
-121
-72
-41
-52
-79
-77
-17
94
208
281
327
377
458
526
563
554
512
437
339
225
114
21
-45
-63
-33
15
7
-59
-132
-132
-53
61
130
135
106
94
95
90
87
109
164
247
362
479
529
471
344
236
182
171
144
68
-72
-226
-341
-399
-427
-454
-473
-472
-469
-481
-511
-552
-583
-584
-542
-498
-483
-519
-576
-658
-735
-773
-716
-564
-374
-222
-150
-130
-104
-27
79
170
213
219
194
171
171
216
302
424
566
687
732
669
519
342
202
142
165
229
313
412
517
578
546
463
419
464
551
605
617
618
621
611
602
634
703
760
753
689
614
573
568
575
554
516
467
416
338
217
53
-124
-241
-274
-241
-234
-280
-366
-442
-494
-517
-509
-488
-475
-476
-475
-486
-496
-465
-367
-264
-239
-302
-390
-447
-492
-536
-562
-513
-388
-266
-215
-234
-254
-236
-196
-177
-211
-299
-384
-397
-315
-178
-66
-24
-52
-104
-118
-52
62
142
145
82
-8
-123
-255
-369
-427
-428
-395
-337
-241
-121
-11
63
107
138
173
228
282
275
173
9
-137
-210
-204
-149
-82
-28
0
1
-13
-35
-62
-99
-124
-131
-118
-112
-124
-142
-159
-152
-118
-46
10
14
-13
6
96
207
255
202
90
-6
-17
42
115
146
131
103
109
164
246
290
260
179
119
146
251
365
427
420
359
277
209
152
68
-69
-198
-246
-199
-109
-8
117
262
407
525
594
594
525
433
385
394
427
427
399
355
304
214
99
12
-14
4
17
13
-6
-45
-96
-154
-208
-264
-311
-342
-362
-359
-316
-222
-123
-65
-60
-67
-55
-24
5
22
42
73
121
163
160
87
-4
-50
-34
4
32
53
80
115
157
203
212
157
63
1
-2
4
-41
-151
-278
-364
-372
-332
-300
-299
-301
-281
-254
-267
-322
-370
-370
-340
-327
-324
-287
-215
-166
-186
-247
-304
-343
-371
-385
-368
-324
-273
-223
-166
-109
-74
-77
-104
-121
-77
39
176
254
271
292
368
475
544
544
481
390
317
300
331
384
437
487
506
462
363
261
182
96
-26
-187
-349
-487
-558
-545
-466
-376
-337
-355
-400
-425
-418
-422
-469
-543
-594
-604
-590
-575
-573
-603
-662
-715
-715
-648
-533
-384
-213
-47
78
168
262
378
494
564
574
541
513
520
548
587
622
669
712
733
720
692
689
733
800
842
858
889
959
1041
1096
1118
1115
1057
928
757
600
480
394
342
321
299
253
198
156
106
-3
-149
-251
-268
-244
-234
-259
-319
-420
-557
-698
-808
-879
-924
-963
-1015
-1083
-1150
-1187
-1200
-1214
-1249
-1290
-1311
-1293
-1210
-1038
-784
-523
-347
-273
-250
-197
-109
-4
94
209
345
475
582
683
807
937
1035
1068
1039
977
917
861
806
770
790
884
1007
1092
1102
1070
1049
1036
986
859
674
475
311
184
67
-74
-233
-379
-486
-555
-596
-620
-630
-620
-612
-655
-800
-1017
-1228
-1386
-1512
-1633
-1740
-1807
-1838
-1860
-1877
-1866
-1810
-1710
-1576
-1427
-1289
-1177
-1072
-951
-802
-637
-454
-249
-19
213
409
533
589
628
717
892
1131
1362
1504
1566
1614
1700
1789
1822
1789
1714
1630
1561
1504
1452
1399
1364
1346
1319
1259
1171
1077
974
839
676
527
425
350
238
71
-133
-323
-478
-591
-654
-645
-550
-423
-371
-470
-670
-876
-1035
-1164
-1294
-1423
-1520
-1565
-1556
-1502
-1410
-1289
-1163
-1046
-913
-730
-503
-297
-169
-97
-4
170
412
664
882
1050
1181
1270
1310
1289
1239
1210
1232
1274
1274
1214
1134
1053
951
802
626
474
385
350
326
272
169
21
-136
-276
-397
-508
-596
-651
-686
-735
-798
-865
-925
-977
-1012
-1044
-1112
-1208
-1289
-1322
-1322
-1298
-1251
-1193
-1148
-1139
-1168
-1219
-1280
-1316
-1302
-1225
-1086
-921
-762
-619
-460
-265
-40
175
353
497
635
808
1038
1312
1573
1783
1939
2067
2167
2223
2225
2182
2122
2057
1974
1869
1737
1569
1343
1080
832
653
543
466
390
322
260
191
91
-33
-153
-261
-390
-572
-795
-1013
-1182
-1286
-1340
-1359
-1365
-1380
-1439
-1541
-1639
-1689
-1661
-1577
-1489
-1446
-1445
-1441
-1404
-1326
-1234
-1147
-1073
-980
-815
-589
-374
-233
-129
0
174
365
574
814
1059
1266
1413
1505
1546
1551
1553
1581
1638
1716
1789
1828
1826
1782
1705
1603
1489
1381
1282
1182
1041
849
640
467
331
171
-36
-239
-359
-413
-489
-652
-885
-1126
-1336
-1506
-1635
-1734
-1828
-1929
-2005
-2004
-1931
-1846
-1835
-1924
-2070
-2170
-2158
-2044
-1914
-1822
-1760
-1675
-1497
-1178
-734
-288
43
225
362
559
864
1237
1599
1886
2076
2209
2358
2528
2638
2616
2523
2512
2595
2655
2580
2432
2347
2319
2250
2073
1869
1654
1354
939
593
508
600
672
646
595
495
229
-165
-510
-740
-986
-1342
-1700
-1938
-2051
-2056
-1970
-1879
-1936
-2174
-2442
-2644
-2807
-2977
-3060
-2958
-2679
-2257
-1752
-1303
-1118
-1178
-1290
-1288
-1145
-916
-596
-250
84
423
768
1077
1305
1535
1946
2517
2987
3048
2682
2233
2021
2154
2507
2931
3282
3395
3175
2712
2142
1486
727
11
-457
-694
-869
-1114
-1439
-1865
-2291
-2443
-2150
-1667
-1448
-1620
-1910
-2069
-2150
-2274
-2390
-2356
-2167
-1872
-1455
-886
-254
242
476
419
139
-238
-609
-964
-1390
-1897
-2340
-2530
-2412
-2106
-1773
-1487
-1247
-1009
-736
-375
85
583
1039
1505
2152
3059
4074
4950
5577
5967
6142
6086
5818
5369
4743
3941
3042
2145
1302
478
-340
-1109
-1779
-2316
-2754
-3123
-3504
-3934
-4379
-4725
-4877
-4831
-4609
-4167
-3432
-2428
-1296
-171
926
1996
2951
3611
3835
3581
2917
1973
917
-102
-993
-1708
-2250
-2628
-2882
-3060
-3204
-3311
-3307
-3123
-2755
-2268
-1724
-1130
-427
449
1509
2675
3840
4904
5811
6578
7219
7643
7672
7207
6343
5247
4037
2778
1556
422
-641
-1687
-2701
-3606
-4386
-5100
-5826
-6535
-7097
-7390
-7390
-7117
-6546
-5616
-4306
-2709
-985
692
2195
3437
4332
4786
4778
4393
3758
2926
1911
784
-314
-1297
-2176
-2939
-3487
-3766
-3875
-3988
-4177
-4331
-4274
-3916
-3313
-2533
-1550
-291
1196
2763
4268
5641
6861
7896
8667
9034
8886
8256
7268
6032
4616
3135
1729
432
-818
-2054
-3196
-4178
-5055
-5964
-6958
-7925
-8632
-8887
-8656
-8021
-7044
-5682
-3900
-1796
426
2575
4462
5892
6712
6907
6575
5841
4820
3616
2339
1099
-39
-1086
-2054
-2898
-3534
-3989
-4361
-4717
-4990
-5082
-4943
-4588
-4028
-3190
-1985
-361
1592
3689
5682
7410
8795
9772
10230
10101
9486
8539
7324
5824
4161
2557
1131
-206
-1542
-2825
-3973
-5031
-6130
-7290
-8389
-9263
-9798
-9923
-9540
-8561
-6967
-4882
-2521
-90
2273
4394
6025
6947
7133
6755
6013
5034
3897
2713
1596
596
-303
-1119
-1833
-2461
-3078
-3770
-4499
-5117
-5508
-5662
-5612
-5264
-4452
-3076
-1214
943
3186
5326
7224
8753
9787
10192
9967
9254
8235
6971
5525
4037
2648
1355
61
-1236
-2488
-3702
-4984
-6385
-7821
-9114
-10079
-10592
-10580
-9985
-8739
-6838
-4418
-1741
922
3337
5317
6678
7311
7248
6649
5714
4574
3336
2123
1070
219
-482
-1104
-1671
-2220
-2822
-3546
-4369
-5175
-5823
-6194
-6191
-5688
-4569
-2809
-549
1938
4346
6455
8158
9405
10104
10195
9754
8929
7821
6484
5051
3672
2397
1157
-88
-1329
-2570
-3877
-5305
-6829
-8345
-9684
-10648
-11065
-10847
-9962
-8414
-6292
-3780
-1112
1491
3796
5570
6665
7067
6877
6221
5206
3955
2660
1533
674
30
-496
-962
-1437
-2038
-2832
-3754
-4622
-5291
-5706
-5847
-5638
-4940
-3670
-1875
281
2610
4904
6977
8656
9817
10361
10292
9718
8792
7624
6308
4957
3667
2467
1328
213
-952
-2243
-3736
-5386
-7072
-8604
-9824
-10574
-10734
-10233
-9033
-7129
-4626
-1791
1040
3559
5549
6862
7465
7386
6701
5527
4063
2558
1252
286
-347
-738
-978
-1126
-1290
-1622
-2214
-3015
-3877
-4661
-5275
-5627
-5540
-4849
-3517
-1678
488
2794
5030
6996
8540
9541
9921
9703
9004
7924
6559
5070
3649
2374
1199
62
-1072
-2226
-3467
-4834
-6287
-7698
-8941
-9921
-10527
-10600
-10003
-8681
-6685
-4199
-1487
1165
3512
5339
6503
6958
6740
5942
4737
3344
1969
754
-225
-940
-1420
-1732
-1966
-2230
-2601
-3112
-3720
-4340
-4872
-5209
-5216
-4761
-3797
-2390
-652
1323
3412
5446
7262
8743
9729
10081
9797
9032
7930
6579
5101
3628
2218
855
-432
-1607
-2695
-3822
-5071
-6400
-7674
-8772
-9622
-10113
-10095
-9456
-8155
-6212
-3742
-972
1795
4277
6239
7504
7986
7703
6797
5446
3853
2221
758
-410
-1254
-1799
-2080
-2186
-2277
-2505
-2899
-3384
-3872
-4306
-4620
-4694
-4393
-3630
-2407
-757
1256
3499
5713
7664
9220
10293
10752
10548
9796
8648
7180
5489
3769
2187
777
-500
-1657
-2685
-3653
-4706
-5917
-7220
-8466
-9514
-10191
-10305
-9740
-8473
-6537
-4050
-1254
1546
4051
5991
7178
7561
7197
6202
4729
2983
1187
-418
-1650
-2447
-2846
-2928
-2827
-2740
-2851
-3204
-3727
-4294
-4790
-5122
-5224
-5009
-4358
-3199
-1553
472
2726
4996
7053
8719
9878
10409
10271
9547
8384
6907
5238
3550
2003
672
-452
-1406
-2231
-3017
-3898
-4973
-6185
-7389
-8456
-9255
-9615
-9359
-8381
-6672
-4361
-1714
976
3481
5573
7006
7625
7448
6604
5240
3519
1662
-69
-1412
-2247
-2640
-2746
-2695
-2591
-2567
-2733
-3125
-3687
-4310
-4866
-5238
-5302
-4927
-4025
-2615
-780
1364
3658
5872
7783
9254
10189
10516
10217
9380
8135
6595
4887
3214
1752
555
-472
-1437
-2369
-3289
-4258
-5342
-6486
-7568
-8479
-9113
-9301
-8905
-7883
-6257
-4105
-1609
954
3298
5171
6380
6854
6630
5814
4575
3140
1732
513
-397
-964
-1276
-1469
-1630
-1806
-2063
-2454
-2979
-3596
-4218
-4748
-5086
-5123
-4736
-3867
-2566
-931
956
2993
5035
6892
8377
9342
9751
9597
8904
7787
6457
5082
3743
2521
1456
462
-568
-1621
-2641
-3648
-4702
-5782
-6821
-7726
-8390
-8665
-8430
-7648
-6347
-4593
-2507
-288
1808
3539
4729
5294
5264
4764
3957
2990
1999
1117
442
-4
-270
-410
-486
-574
-778
-1180
-1800
-2590
-3446
-4270
-4981
-5457
-5534
-5080
-4081
-2606
-779
1233
3219
5002
6473
7589
8356
8777
8827
8445
7699
6744
5736
4703
3622
2482
1313
137
-1060
-2288
-3492
-4607
-5653
-6637
-7446
-7932
-8047
-7796
-7204
-6352
-5321
-4119
-2774
-1419
-189
877
1761
2439
2884
3086
3084
2990
2892
2778
2619
2415
2143
1732
1148
396
-514
-1532
-2574
-3556
-4387
-4973
-5281
-5318
-5028
-4331
-3251
-1923
-469
1008
2444
3791
5016
6030
6790
7369
7838
8141
8136
7777
7131
6299
5311
4177
2924
1593
200
-1227
-2619
-3896
-5040
-6030
-6819
-7374
-7733
-7970
-8097
-8057
-7782
-7210
-6328
-5148
-3718
-2107
-443
1132
2535
3738
4718
5415
5776
5795
5518
5007
4297
3427
2461
1460
456
-551
-1572
-2592
-3537
-4300
-4839
-5172
-5289
-5122
-4642
-3882
-2894
-1717
-374
1090
2599
4070
5449
6677
7666
8356
8751
8860
8670
8186
7443
6483
5353
4162
2970
1736
377
-1083
-2535
-3892
-5144
-6319
-7405
-8348
-9089
-9587
-9761
-9552
-8939
-7945
-6577
-4887
-2968
-935
1090
2979
4601
5865
6709
7124
7156
6860
6253
5375
4298
3092
1803
500
-749
-1894
-2929
-3861
-4701
-5413
-5913
-6138
-6050
-5640
-4918
-3926
-2722
-1353
101
1539
2886
4101
5169
6114
6945
7649
8184
8577
8837
8910
8679
8072
7088
5765
4157
2303
295
-1765
-3767
-5631
-7256
-8528
-9348
-9695
-9643
-9319
-8797
-8069
-7123
-6015
-4833
-3602
-2278
-844
669
2202
3668
4958
5987
6696
7019
6895
6329
5365
4056
2481
787
-877
-2388
-3633
-4533
-5059
-5253
-5175
-4904
-4504
-4022
-3509
-3033
-2642
-2294
-1905
-1395
-726
116
1138
2339
3680
5043
6241
7147
7718
7947
7810
7322
6525
5466
4221
2893
1557
238
-1004
-2102
-3036
-3810
-4419
-4844
-5084
-5142
-5038
-4793
-4395
-3847
-3216
-2558
-1870
-1165
-490
115
631
1018
1260
1401
1515
1631
1750
1852
1909
1899
1809
1634
1374
1050
678
272
-162
-578
-954
-1273
-1521
-1673
-1715
-1669
-1548
-1355
-1079
-728
-333
65
439
783
1069
1254
1340
1368
1381
1385
1363
1290
1162
1011
886
804
750
735
774
876
1048
1306
1646
2013
2329
2517
2528
2392
2154
1819
1353
770
127
-507
-1085
-1561
-1920
-2181
-2375
-2509
-2567
-2573
-2580
-2610
-2625
-2599
-2552
-2485
-2341
-2033
-1555
-975
-386
195
779
1333
1789
2118
2318
2346
2147
1746
1204
592
-37
-618
-1107
-1496
-1786
-2006
-2211
-2458
-2735
-3006
-3243
-3427
-3511
-3453
-3202
-2740
-2068
-1216
-232
821
1875
2886
3805
4584
5160
5476
5491
5204
4686
4039
3347
2647
1968
1355
860
489
229
63
-21
-46
-87
-218
-472
-847
-1320
-1830
-2291
-2631
-2817
-2831
-2629
-2178
-1516
-772
-84
451
795
926
817
465
-65
-641
-1143
-1498
-1668
-1635
-1438
-1159
-866
-622
-477
-481
-633
-897
-1214
-1528
-1786
-1935
-1914
-1686
-1241
-600
185
998
1702
2215
2539
2708
2732
2596
2288
1847
1369
958
657
459
355
345
430
581
737
814
749
532
190
-244
-688
-1026
-1172
-1122
-889
-477
106
799
1506
2136
2605
2833
2759
2400
1857
1271
721
233
-192
-545
-797
-922
-923
-900
-978
-1215
-1563
-1944
-2325
-2684
-2982
-3135
-3071
-2765
-2227
-1499
-656
193
964
1622
2135
2463
2596
2581
2496
2375
2223
2051
1879
1725
1590
1460
1300
1066
709
201
-460
-1232
-2020
-2748
-3356
-3795
-4007
-3963
-3687
-3230
-2638
-1964
-1276
-650
-135
261
560
796
995
1187
1408
1669
1930
2148
2306
2392
2366
2189
1860
1408
857
218
-474
-1128
-1623
-1901
-1981
-1908
-1719
-1467
-1198
-947
-727
-575
-513
-498
-458
-333
-106
216
629
1127
1691
2279
2828
3257
3488
3465
3185
2682
2009
1207
354
-428
-1052
-1507
-1812
-1941
-1891
-1730
-1575
-1519
-1613
-1855
-2199
-2563
-2855
-3001
-2968
-2745
-2341
-1784
-1127
-416
313
1003
1560
1906
2011
1899
1648
1370
1138
971
873
876
985
1148
1261
1249
1121
927
711
443
100
-293
-673
-966
-1113
-1079
-883
-583
-219
192
614
986
1264
1404
1381
1198
932
677
492
412
472
670
937
1182
1363
1473
1484
1345
1016
510
-125
-797
-1399
-1845
-2112
-2217
-2192
-2058
-1836
-1551
-1252
-994
-833
-796
-876
-1034
-1203
-1311
-1308
-1181
-924
-545
-96
354
766
1146
1476
1704
1789
1736
1569
1332
1080
846
644
479
366
303
261
209
139
48
-83
-282
-564
-884
-1171
-1339
-1345
-1195
-933
-591
-203
179
497
739
931
1066
1113
1077
1022
976
904
766
590
454
403
428
455
428
343
211
19
-240
-530
-810
-1059
-1274
-1447
-1574
-1644
-1642
-1557
-1410
-1234
-1048
-863
-690
-520
-349
-179
-31
102
242
391
536
654
713
707
666
636
596
484
284
48
-140
-253
-286
-256
-173
-63
28
54
-3
-129
-292
-462
-612
-704
-706
-628
-505
-346
-112
207
553
865
1140
1399
1613
1728
1693
1496
1183
854
607
470
398
338
270
199
126
37
-80
-223
-403
-630
-873
-1065
-1175
-1217
-1193
-1076
-852
-543
-204
100
315
430
457
409
290
113
-91
-254
-297
-185
51
341
606
778
830
742
502
136
-284
-682
-1021
-1276
-1429
-1471
-1414
-1248
-961
-563
-115
307
648
886
1005
1011
945
862
786
712
648
628
675
786
923
1040
1100
1078
962
747
473
188
-84
-337
-552
-704
-779
-762
-651
-467
-259
-68
88
179
176
87
-22
-84
-73
5
129
294
492
700
875
969
963
867
692
438
99
-303
-717
-1093
-1417
-1689
-1907
-2063
-2138
-2094
-1911
-1624
-1321
-1070
-882
-726
-563
-370
-138
113
352
563
738
868
931
923
862
773
672
548
407
265
135
37
-6
20
90
161
196
165
48
-120
-263
-329
-322
-270
-187
-62
130
406
748
1088
1367
1565
1685
1696
1565
1311
999
704
437
173
-97
-347
-557
-722
-842
-912
-955
-996
-1037
-1086
-1165
-1294
-1435
-1525
-1505
-1349
-1079
-757
-430
-111
205
504
754
913
953
880
734
549
354
169
19
-91
-161
-187
-163
-90
-2
57
62
15
-43
-77
-86
-94
-109
-101
-32
80
213
358
523
713
922
1137
1311
1383
1321
1138
883
593
304
41
-175
-334
-429
-474
-497
-509
-491
-431
-356
-300
-260
-213
-169
-155
-191
-257
-310
-308
-246
-148
-45
44
101
130
148
176
228
293
355
392
389
366
350
359
380
383
326
209
89
21
0
-22
-56
-72
-51
-18
8
13
-2
-31
-72
-113
-165
-247
-367
-508
-643
-767
-876
-945
-948
-868
-728
-577
-466
-396
-340
-284
-250
-263
-318
-374
-380
-334
-274
-243
-236
-232
-198
-119
-16
57
62
1
-79
-163
-242
-317
-358
-334
-234
-71
119
312
492
651
804
973
1141
1267
1327
1337
1317
1283
1226
1127
957
731
497
294
131
-15
-177
-375
-586
-777
-941
-1087
-1199
-1252
-1237
-1200
-1191
-1227
-1278
-1301
-1258
-1117
-876
-580
-286
1
278
523
714
862
993
1092
1113
1025
834
596
367
174
-13
-218
-411
-528
-530
-422
-258
-97
5
48
63
101
209
386
591
793
1008
1263
1538
1788
1990
2126
2173
2102
1916
1622
1233
764
242
-287
-757
-1133
-1403
-1586
-1693
-1742
-1740
-1694
-1623
-1567
-1559
-1593
-1639
-1655
-1612
-1489
-1287
-998
-641
-237
179
579
915
1148
1255
1208
1005
690
348
34
-233
-434
-523
-484
-352
-174
31
238
406
496
509
488
484
533
632
755
882
1006
1140
1305
1492
1666
1774
1793
1722
1580
1389
1153
878
597
356
147
-78
-324
-551
-727
-885
-1070
-1299
-1552
-1790
-1993
-2153
-2277
-2336
-2293
-2133
-1879
-1560
-1208
-860
-550
-310
-163
-118
-142
-187
-225
-255
-292
-320
-326
-284
-190
-54
96
231
335
415
511
650
826
991
1101
1168
1229
1319
1442
1599
1763
1869
1863
1750
1573
1351
1082
782
483
195
-69
-286
-444
-557
-660
-756
-833
-914
-1012
-1109
-1166
-1196
-1236
-1306
-1366
-1360
-1266
-1105
-911
-703
-490
-286
-136
-84
-142
-281
-454
-638
-814
-969
-1074
-1117
-1086
-981
-800
-552
-259
47
340
600
800
932
1016
1101
1230
1411
1631
1859
2071
2255
2404
2506
2537
2482
2327
2076
1729
1317
868
415
-14
-385
-665
-858
-981
-1069
-1134
-1163
-1135
-1058
-977
-938
-942
-942
-886
-777
-645
-495
-310
-102
70
158
169
125
13
-201
-492
-785
-1010
-1167
-1291
-1403
-1459
-1411
-1239
-981
-722
-537
-445
-387
-294
-143
63
304
567
839
1114
1379
1615
1814
1974
2088
2139
2104
1970
1747
1464
1155
849
562
310
71
-176
-432
-664
-836
-966
-1084
-1216
-1347
-1456
-1515
-1487
-1364
-1160
-919
-657
-387
-134
58
161
192
180
115
-39
-281
-538
-728
-822
-857
-891
-933
-938
-847
-670
-487
-376
-339
-335
-331
-326
-296
-203
-33
178
404
653
942
1256
1545
1756
1862
1870
1810
1694
1509
1264
990
719
453
192
-32
-171
-221
-247
-325
-471
-617
-711
-760
-809
-854
-832
-710
-522
-326
-132
88
351
589
703
634
410
125
-165
-448
-725
-957
-1112
-1195
-1230
-1220
-1170
-1099
-1021
-936
-832
-704
-549
-349
-97
197
485
740
970
1221
1502
1771
1980
2106
2141
2072
1908
1666
1371
1065
807
616
457
271
44
-193
-399
-566
-717
-865
-1001
-1108
-1177
-1195
-1147
-1022
-826
-571
-265
84
449
762
948
991
934
822
634
345
-12
-362
-658
-881
-1035
-1131
-1208
-1309
-1415
-1495
-1541
-1590
-1650
-1664
-1568
-1351
-1032
-636
-192
273
755
1270
1782
2214
2512
2686
2765
2756
2659
2492
2293
2088
1861
1588
1254
866
452
54
-286
-578
-849
-1128
-1408
-1684
-1920
-2048
-2026
-1866
-1605
-1274
-896
-520
-201
44
219
327
361
322
225
84
-67
-187
-244
-255
-263
-319
-443
-620
-826
-1042
-1258
-1453
-1590
-1636
-1601
-1540
-1477
-1367
-1149
-819
-421
1
405
754
1019
1203
1308
1363
1433
1552
1686
1762
1773
1741
1659
1504
1278
1030
789
557
334
114
-126
-405
-706
-978
-1148
-1153
-993
-747
-519
-357
-240
-135
-25
66
114
117
90
67
61
64
35
-46
-158
-256
-323
-387
-471
-572
-662
-721
-764
-809
-848
-836
-742
-578
-394
-206
6
259
530
774
964
1090
1159
1184
1186
1186
1188
1178
1136
1048
918
779
660
578
515
438
343
254
193
155
115
51
-43
-147
-214
-209
-160
-133
-160
-203
-209
-168
-109
-67
-55
-64
-84
-111
-147
-209
-313
-463
-623
-752
-824
-853
-869
-900
-944
-973
-946
-851
-709
-556
-397
-230
-57
111
265
412
562
743
947
1129
1218
1191
1082
956
847
738
608
455
294
127
-56
-242
-375
-429
-436
-466
-543
-624
-646
-598
-540
-527
-545
-540
-488
-413
-347
-296
-259
-243
-254
-290
-329
-355
-380
-429
-517
-610
-661
-658
-645
-650
-663
-656
-619
-567
-505
-448
-392
-347
-303
-243
-143
6
186
381
577
762
902
978
1018
1061
1109
1108
1028
883
723
564
412
295
245
264
314
346
348
350
386
422
392
280
139
25
-54
-90
-68
12
122
227
303
346
350
308
203
38
-156
-340
-501
-650
-786
-884
-916
-882
-805
-697
-540
-317
-41
227
404
453
405
324
272
280
355
478
606
687
690
626
547
505
490
440
325
190
112
110
143
157
149
157
223
330
425
470
460
393
271
117
-28
-149
-246
-319
-346
-326
-275
-232
-230
-269
-312
-322
-322
-361
-467
-622
-786
-917
-977
-953
-874
-780
-689
-599
-500
-404
-314
-218
-94
36
116
134
149
232
373
524
629
665
632
570
516
463
371
241
136
101
118
116
63
-18
-78
-91
-59
4
67
103
102
75
32
-29
-97
-144
-147
-127
-110
-103
-91
-69
-55
-68
-107
-177
-281
-417
-552
-650
-715
-774
-827
-834
-772
-660
-554
-467
-376
-258
-129
-38
8
34
82
186
352
540
676
730
723
707
696
686
657
596
506
392
256
103
-41
-157
-246
-327
-397
-435
-422
-364
-281
-205
-153
-124
-103
-71
-20
42
93
110
119
167
258
343
363
323
247
153
48
-51
-133
-214
-309
-421
-527
-593
-585
-492
-340
-184
-72
-9
47
141
280
433
573
688
765
803
842
915
987
989
893
746
599
453
290
128
-1
-100
-218
-377
-535
-628
-633
-581
-523
-511
-548
-584
-555
-462
-350
-252
-171
-92
-4
100
207
265
249
182
133
129
142
120
43
-69
-173
-233
-258
-284
-323
-344
-327
-303
-302
-286
-185
6
220
392
504
572
623
690
795
913
1002
1040
1051
1061
1067
1045
988
893
757
589
413
252
94
-82
-271
-434
-570
-712
-874
-997
-1016
-939
-841
-793
-804
-831
-826
-773
-703
-681
-717
-765
-768
-730
-682
-639
-603
-592
-610
-636
-649
-651
-650
-644
-642
-658
-697
-726
-700
-598
-424
-218
-32
108
216
318
410
487
568
691
842
967
1036
1079
1129
1199
1269
1307
1284
1193
1084
1002
959
914
828
684
489
282
104
-25
-126
-207
-269
-297
-296
-283
-276
-283
-284
-255
-210
-189
-198
-205
-178
-133
-124
-165
-229
-284
-334
-388
-435
-458
-454
-442
-429
-413
-383
-346
-325
-305
-267
-203
-163
-149
-129
-54
74
215
331
402
436
454
467
461
447
449
483
515
498
420
329
272
262
267
277
290
316
334
315
251
157
78
50
65
75
41
-41
-142
-245
-336
-402
-434
-455
-492
-543
-590
-612
-602
-540
-419
-263
-127
-54
-34
-14
43
120
178
190
159
99
47
40
88
168
235
275
298
307
287
232
155
102
85
81
47
-22
-89
-135
-165
-179
-157
-101
-30
36
101
163
199
204
186
166
150
128
89
43
17
16
9
-34
-109
-180
-217
-223
-236
-282
-364
-457
-539
-599
-621
-604
-574
-567
-574
-550
-491
-418
-331
-199
-31
108
162
130
58
-12
-55
-56
-39
-42
-87
-137
-148
-127
-119
-149
-189
-200
-190
-193
-239
-308
-369
-397
-390
-359
-317
-274
-220
-152
-78
-11
58
153
291
449
573
611
575
531
536
584
609
569
494
432
397
395
440
523
568
533
454
404
395
409
434
470
506
510
471
398
328
285
292
344
410
439
422
395
400
432
438
383
282
189
126
58
-58
-201
-303
-332
-312
-299
-327
-390
-454
-480
-469
-446
-427
-406
-384
-393
-445
-507
-526
-487
-422
-363
-322
-301
-302
-310
-300
-232
-106
48
187
277
318
326
329
334
344
363
396
426
427
390
333
275
221
164
92
8
-63
-88
-67
-28
-24
-92
-213
-318
-349
-316
-263
-206
-138
-75
-66
-133
-234
-306
-329
-321
-313
-320
-312
-280
-257
-296
-403
-521
-602
-639
-657
-673
-697
-729
-742
-698
-596
-489
-425
-386
-323
-217
-102
-17
44
111
201
297
373
421
462
536
640
713
696
612
538
522
541
552
547
539
545
553
557
534
460
339
206
108
53
8
-52
-135
-212
-250
-251
-236
-229
-217
-178
-111
-56
-52
-96
-127
-98
-32
-1
-34
-95
-131
-119
-76
-45
-56
-97
-143
-181
-213
-212
-135
15
167
253
267
262
286
340
387
401
378
335
311
338
410
483
506
467
406
380
392
401
362
286
219
195
216
269
328
371
384
360
288
168
47
-23
-43
-74
-156
-262
-345
-387
-400
-399
-399
-422
-474
-533
-573
-591
-582
-546
-507
-502
-524
-506
-397
-210
-10
146
246
289
278
228
178
161
161
145
100
55
47
69
85
67
22
-27
-80
-140
-200
-242
-255
-239
-206
-166
-132
-108
-113
-159
-243
-339
-405
-423
-394
-341
-279
-216
-155
-103
-59
-12
25
16
-48
-141
-232
-307
-379
-463
-556
-636
-665
-628
-540
-429
-315
-204
-105
-31
4
-4
-32
-56
-68
-74
-77
-70
