37
15
-13
-14
27
63
30
-98
-263
-363
-338
-208
-60
16
-23
-148
-283
-357
-363
-341
-335
-355
-385
-404
-403
-390
-392
-422
-470
-522
-574
-616
-632
-607
-535
-414
-284
-211
-244
-346
-432
-448
-398
-312
-212
-137
-117
-159
-226
-286
-324
-333
-300
-253
-227
-224
-214
-182
-163
-185
-246
-333
-434
-529
-556
-472
-310
-156
-70
-43
-50
-71
-84
-48
41
134
171
128
52
-2
2
58
143
220
261
255
220
181
154
133
110
83
64
84
148
214
225
191
178
241
356
458
504
491
464
469
528
612
677
709
724
727
696
620
530
481
479
488
482
451
397
355
354
388
391
326
229
169
183
256
342
397
406
399
409
419
393
323
242
180
138
98
53
21
18
47
75
92
83
49
-23
-130
-243
-314
-314
-255
-163
-79
-51
-121
-273
-429
-526
-555
-542
-531
-546
-585
-589
-527
-433
-371
-364
-374
-378
-366
-345
-335
-344
-345
-313
-273
-269
-306
-330
-314
-268
-243
-270
-345
-426
-453
-398
-294
-210
-194
-247
-327
-383
-373
-288
-160
-22
91
140
99
0
-85
-137
-172
-204
-215
-175
-87
32
121
136
74
-6
-43
-22
42
120
192
242
275
287
272
231
195
184
200
224
233
224
200
191
204
229
239
207
132
35
-31
-34
14
71
122
177
249
305
303
241
166
128
121
110
81
58
49
43
28
17
21
44
82
129
161
162
138
129
150
183
192
177
149
126
126
158
201
209
181
176
229
294
304
257
179
73
-49
-127
-98
18
137
172
125
55
22
22
33
56
95
127
123
93
64
25
-54
-170
-283
-355
-381
-388
-413
-465
-520
-556
-564
-533
-466
-385
-331
-312
-308
-292
-277
-288
-316
-319
-251
-137
-60
-82
-183
-282
-330
-329
-291
-226
-151
-89
-37
9
50
86
128
177
212
221
205
180
162
146
143
164
195
196
154
116
106
89
40
-8
-9
30
59
65
56
39
23
21
53
113
179
223
238
235
217
176
130
108
132
183
226
244
234
216
207
207
190
130
23
-104
-198
-213
-152
-59
-2
-5
-60
-113
-125
-90
-50
-69
-141
-202
-186
-118
-58
-39
-40
-40
-52
-89
-130
-136
-84
14
102
142
141
144
164
172
148
103
86
137
251
383
485
558
615
640
585
442
261
113
27
-14
-39
-86
-159
-232
-259
-242
-223
-234
-242
-208
-138
-76
-33
-5
10
1
-18
-24
-10
12
26
34
33
6
-49
-100
-112
-90
-61
-31
19
81
116
83
1
-81
-132
-173
-217
-246
-243
-219
-178
-111
-41
-22
-80
-168
-227
-257
-291
-334
-363
-376
-381
-358
-280
-181
-156
-246
-388
-479
-496
-483
-481
-474
-449
-424
-427
-454
-469
-442
-363
-243
-116
-25
17
29
39
53
72
94
107
103
79
41
11
13
72
185
318
419
455
450
443
455
489
545
613
670
712
742
721
601
402
225
144
158
217
283
330
359
396
457
535
596
644
687
724
731
707
638
519
358
207
102
48
30
27
25
12
-8
-51
-129
-220
-258
-219
-169
-182
-245
-292
-303
-305
-303
-272
-197
-103
-30
-17
-65
-127
-166
-172
-161
-128
-80
-24
8
4
-27
-41
-26
-9
-30
-100
-197
-293
-372
-420
-416
-343
-208
-48
81
138
123
57
-23
-101
-153
-171
-140
-92
-83
-136
-222
-285
-301
-292
-281
-290
-335
-394
-423
-391
-324
-261
-227
-220
-241
-279
-335
-410
-495
-558
-586
-609
-642
-657
-611
-519
-419
-351
-335
-371
-418
-415
-337
-211
-84
9
54
39
-18
-62
-40
57
168
223
220
205
214
256
325
403
438
398
317
280
337
444
526
546
543
559
612
661
653
571
455
369
351
377
402
408
413
426
406
318
174
40
-36
-52
-39
-30
-31
-35
-24
-1
19
15
-26
-87
-155
-195
-162
-32
152
309
394
414
391
355
319
285
240
204
223
291
343
316
238
170
134
129
154
204
236
214
145
76
38
27
16
-17
-78
-135
-160
-141
-98
-61
-48
-58
-58
-15
69
144
162
139
118
117
122
149
237
368
432
328
55
-260
-467
-497
-395
-268
-205
-250
-383
-541
-653
-682
-646
-575
-505
-455
-446
-486
-550
-587
-555
-458
-343
-278
-287
-350
-409
-413
-355
-269
-226
-266
-355
-411
-378
-267
-130
-21
20
1
-20
21
94
114
38
-81
-173
-208
-197
-148
-83
-27
3
9
9
-6
-49
-140
-222
-224
-121
7
70
58
6
-80
-185
-245
-202
-73
63
158
188
166
134
170
295
427
456
394
352
403
505
567
548
457
328
187
94
94
175
257
273
253
262
320
381
394
345
256
168
129
156
218
259
267
249
208
136
67
64
155
306
449
519
481
358
234
192
231
284
274
189
62
-59
-110
-54
85
229
314
321
263
152
-3
-178
-310
-315
-161
77
226
184
-5
-185
-237
-156
-26
68
112
112
77
20
6
76
183
229
177
73
-36
-139
-218
-259
-271
-289
-321
-342
-344
-348
-364
-390
-413
-419
-382
-289
-185
-144
-200
-299
-354
-320
-244
-208
-259
-343
-365
-289
-170
-98
-106
-168
-225
-252
-245
-241
-267
-323
-385
-421
-417
-361
-296
-281
-356
-471
-518
-437
-257
-62
70
88
-7
-181
-360
-466
-448
-322
-176
-99
-127
-246
-407
-503
-446
-225
40
203
221
191
257
449
643
660
461
179
10
19
127
219
252
203
86
-18
2
161
346
459
462
358
152
-72
-186
-119
80
279
366
298
109
-90
-179
-87
137
353
452
439
418
458
533
576
557
506
464
458
490
545
571
513
384
259
221
272
355
395
342
200
38
-25
70
243
334
254
71
-78
-101
-5
135
216
167
20
-93
-64
110
298
350
195
-81
-312
-341
-158
106
250
169
-78
-349
-521
-537
-385
-135
66
66
-111
-326
-442
-416
-273
-75
86
124
25
-131
-237
-218
-102
50
182
244
197
24
-183
-317
-332
-288
-239
-210
-217
-281
-389
-496
-567
-536
-348
-25
257
334
183
-52
-222
-248
-128
75
245
287
193
23
-127
-201
-172
-99
-20
32
52
-38
-281
-605
-806
-735
-414
-32
192
135
-175
-553
-761
-691
-465
-299
-304
-376
-388
-318
-249
-237
-278
-319
-318
-245
-96
85
236
296
270
222
221
227
139
-103
-358
-424
-222
103
306
282
90
-112
-230
-233
-123
83
321
486
486
308
48
-149
-119
162
560
788
660
254
-137
-242
-17
377
696
736
471
97
-111
-33
171
304
325
322
355
380
351
280
182
99
29
-25
-83
-149
-194
-173
-92
18
139
303
517
719
791
665
405
198
225
494
836
995
836
474
169
110
273
497
667
669
480
170
-58
-58
126
319
388
342
249
145
34
-27
-5
88
163
197
178
89
-116
-383
-575
-571
-386
-141
31
49
-75
-271
-471
-642
-773
-843
-820
-707
-559
-456
-470
-603
-764
-843
-775
-600
-420
-347
-420
-567
-645
-634
-618
-682
-740
-716
-637
-612
-630
-612
-531
-434
-329
-149
102
270
148
-192
-440
-327
47
356
426
306
114
-102
-290
-352
-229
-27
109
59
-144
-366
-474
-395
-181
101
350
459
359
105
-135
-170
28
289
376
181
-157
-394
-390
-158
154
402
471
334
95
-67
-15
244
565
748
692
451
257
274
470
651
647
452
136
-146
-214
37
452
699
572
196
-104
-119
140
455
629
563
300
-21
-262
-342
-261
-84
94
230
307
382
477
600
697
701
602
465
373
340
297
215
123
73
96
164
223
210
126
10
-114
-201
-171
21
259
335
188
-29
-72
134
439
601
463
128
-168
-196
11
244
325
226
6
-249
-422
-384
-157
71
106
-71
-300
-424
-402
-323
-301
-373
-453
-424
-284
-173
-224
-445
-698
-828
-713
-384
5
231
119
-294
-752
-898
-646
-256
-85
-225
-498
-690
-715
-591
-379
-187
-122
-251
-496
-682
-640
-365
-33
156
136
-11
-190
-331
-376
-273
-47
184
281
168
-82
-301
-355
-246
-101
13
102
195
257
251
196
116
81
154
369
599
681
549
280
11
-135
-117
3
115
144
96
-8
-104
-127
-80
-42
-21
75
291
502
557
453
329
309
405
558
651
594
380
155
113
296
530
560
296
-125
-455
-499
-226
222
607
714
512
177
-59
-57
165
475
675
637
406
149
5
-9
50
91
32
-115
-202
-97
143
313
282
107
-51
-66
62
248
386
400
291
124
25
25
51
-4
-79
-46
148
384
489
356
-28
-498
-819
-771
-420
-34
158
126
-43
-308
-608
-774
-653
-304
39
143
-24
-323
-552
-593
-471
-265
-88
-30
-166
-479
-819
-968
-817
-479
-176
-40
-56
-170
-361
-607
-823
-881
-697
-340
-50
-39
-282
-526
-575
-461
-360
-342
-349
-303
-209
-147
-131
-135
-95
16
188
375
482
440
279
140
116
191
263
266
186
49
-63
-60
98
312
410
282
-20
-289
-343
-130
228
556
712
666
515
367
340
459
719
951
958
643
207
-25
46
261
406
455
424
301
122
48
159
361
498
565
625
652
553
331
103
-20
-37
1
37
41
-10
-105
-200
-231
-210
-222
-324
-448
-480
-373
-182
37
238
357
314
105
-154
-297
-247
-65
83
54
-162
-419
-501
-322
-33
128
45
-197
-436
-535
-488
-391
-355
-377
-389
-393
-426
-452
-366
-175
1
46
-36
-162
-244
-203
-16
245
420
376
125
-194
-394
-334
-6
375
529
329
-59
-364
-406
-185
143
373
359
162
-3
50
282
476
475
319
143
26
-10
10
37
-6
-99
-154
-130
-68
-56
-98
-161
-182
-152
-133
-170
-232
-222
-125
42
241
401
401
198
-69
-211
-146
56
223
203
9
-168
-210
-161
-137
-100
4
152
261
298
277
197
113
108
237
430
555
509
334
147
101
192
347
457
489
420
260
93
33
82
121
85
-14
-106
-182
-183
-74
66
64
-151
-424
-522
-367
-101
76
64
-104
-368
-619
-721
-557
-220
54
103
4
-92
-148
-223
-334
-396
-335
-151
63
169
30
-354
-795
-1014
-873
-474
-68
125
60
-122
-220
-151
6
145
248
363
483
565
571
455
216
-57
-265
-416
-561
-601
-374
45
348
352
164
51
122
390
790
1205
1434
1321
891
369
15
-88
-57
-63
-153
-310
-521
-794
-1084
-1305
-1348
-1119
-641
-84
301
387
239
24
-53
126
543
962
1116
915
475
22
-255
-262
-72
133
226
190
35
-230
-529
-716
-690
-485
-228
-51
-25
-136
-312
-456
-458
-271
8
188
155
-22
-181
-192
-5
316
574
575
303
-62
-317
-354
-164
148
390
369
64
-363
-647
-590
-208
229
426
304
34
-147
-119
107
403
616
645
520
362
279
290
322
315
266
230
215
174
89
14
18
95
166
163
94
24
5
31
37
-39
-199
-346
-380
-300
-190
-91
3
69
54
-66
-217
-290
-224
-64
68
120
154
256
382
394
232
5
-122
-75
51
125
57
-151
-416
-611
-615
-428
-169
7
27
-66
-169
-170
-15
233
418
423
280
118
20
-25
-45
-63
-98
-185
-322
-447
-499
-484
-463
-489
-570
-662
-715
-681
-572
-454
-391
-405
-454
-466
-378
-187
55
259
332
231
23
-122
-56
205
498
671
702
658
575
450
305
230
267
344
379
392
465
582
654
654
657
756
963
1223
1462
1588
1538
1339
1137
1079
1152
1167
964
583
225
11
-81
-169
-333
-580
-871
-1151
-1416
-1710
-2072
-2442
-2687
-2737
-2645
-2541
-2496
-2493
-2471
-2335
-1982
-1377
-633
48
523
788
959
1178
1450
1649
1675
1591
1511
1418
1193
777
280
-110
-264
-185
10
182
303
431
619
819
997
1210
1538
1955
2324
2575
2764
2977
3214
3396
3398
3094
2437
1550
698
40
-491
-1078
-1802
-2601
-3377
-4040
-4502
-4683
-4572
-4269
-3935
-3670
-3405
-2945
-2167
-1148
-67
930
1744
2280
2503
2484
2373
2246
2076
1757
1160
238
-912
-2032
-2872
-3350
-3588
-3772
-4003
-4212
-4234
-3947
-3333
-2468
-1446
-362
741
1858
3003
4162
5287
6242
6819
6922
6785
6815
7160
7465
7263
6427
5170
3709
2137
622
-617
-1581
-2599
-3969
-5567
-6923
-7679
-7863
-7682
-7263
-6645
-5906
-5161
-4403
-3494
-2260
-671
1093
2698
3861
4564
4965
5171
5128
4785
4183
3354
2294
1051
-221
-1424
-2584
-3764
-4914
-5893
-6546
-6780
-6629
-6235
-5756
-5217
-4510
-3506
-2184
-637
954
2424
3718
4909
6068
7150
8047
8665
8894
8617
7911
7152
6711
6497
5997
4820
3048
1050
-830
-2353
-3381
-4003
-4582
-5504
-6795
-7990
-8462
-7952
-6792
-5566
-4607
-3857
-3108
-2210
-1062
353
1886
3251
4219
4755
5008
5144
5203
5039
4453
3395
2002
512
-852
-1966
-2874
-3706
-4545
-5349
-5977
-6266
-6101
-5551
-4877
-4294
-3718
-2830
-1464
180
1687
2810
3630
4417
5323
6284
7162
7844
8241
8267
7890
7175
6313
5579
5155
4881
4321
3098
1198
-964
-2734
-3642
-3842
-4065
-4914
-6292
-7599
-8271
-8076
-7152
-5987
-5128
-4715
-4358
-3579
-2241
-575
1008
2194
2973
3595
4253
4878
5254
5237
4794
3972
2889
1683
466
-665
-1681
-2681
-3787
-4922
-5804
-6226
-6209
-5925
-5531
-5095
-4569
-3814
-2739
-1423
-84
1089
2053
2930
3881
4950
5968
6729
7143
7281
7254
7069
6600
5771
4816
4139
3846
3512
2617
1044
-845
-2505
-3544
-3953
-4153
-4688
-5789
-7151
-8152
-8262
-7418
-6095
-4922
-4168
-3630
-2939
-1866
-428
1161
2601
3738
4636
5418
6050
6385
6321
5838
4987
3869
2639
1433
293
-832
-2027
-3254
-4302
-4957
-5228
-5330
-5405
-5358
-5009
-4300
-3306
-2135
-912
185
1046
1802
2772
4099
5502
6524
6991
7122
7204
7321
7354
7072
6291
5096
3943
3309
3164
2910
1891
21
-2066
-3516
-3961
-3817
-3918
-4804
-6323
-7757
-8331
-7767
-6481
-5241
-4537
-4254
-3889
-3013
-1567
145
1709
2882
3716
4429
5139
5756
6032
5752
4882
3661
2478
1587
868
-49
-1393
-3002
-4439
-5355
-5705
-5703
-5618
-5594
-5568
-5324
-4678
-3705
-2713
-1915
-1122
55
1678
3282
4340
4809
5108
5632
6360
6949
7109
6849
6420
6015
5578
4953
4148
3392
2866
2433
1734
556
-914
-2219
-3062
-3549
-4026
-4727
-5621
-6469
-6972
-6887
-6259
-5506
-5097
-5063
-4898
-4061
-2553
-936
252
1037
1852
2934
4048
4803
5003
4680
4024
3306
2736
2260
1612
606
-679
-1941
-2891
-3460
-3857
-4335
-4949
-5485
-5693
-5489
-4956
-4210
-3326
-2362
-1404
-543
223
987
1878
2937
4077
5101
5795
6087
6131
6178
6361
6585
6601
6209
5503
4855
4634
4727
4499
3357
1393
-601
-1843
-2241
-2371
-2932
-4189
-5815
-7118
-7528
-6992
-6017
-5258
-4958
-4786
-4199
-2972
-1403
5
1008
1777
2639
3729
4856
5655
5836
5406
4674
4032
3608
3150
2287
929
-643
-2051
-3103
-3871
-4519
-5137
-5658
-5968
-6039
-5912
-5557
-4870
-3870
-2762
-1764
-862
171
1461
2837
3964
4685
5168
5639
6158
6620
6912
6997
6861
6474
5807
4978
4278
3946
3849
3479
2408
704
-1084
-2379
-3052
-3483
-4142
-5134
-6143
-6784
-6856
-6386
-5645
-5032
-4753
-4519
-3822
-2530
-1045
113
838
1445
2293
3340
4197
4504
4285
3840
3400
2950
2315
1323
-43
-1576
-2939
-3895
-4511
-5077
-5779
-6501
-6937
-6907
-6478
-5834
-5091
-4260
-3316
-2245
-1094
52
1148
2228
3327
4366
5212
5806
6212
6503
6676
6665
6416
5989
5566
5273
4986
4455
3647
2923
2654
2677
2354
1297
-114
-1141
-1494
-1544
-1743
-2229
-2977
-3931
-4804
-5060
-4499
-3689
-3416
-3739
-3890
-3203
-1904
-806
-332
-154
309
1184
2132
2791
3020
2805
2238
1560
1052
707
190
-762
-1991
-3050
-3636
-3867
-4106
-4549
-5019
-5145
-4737
-3931
-3054
-2358
-1862
-1365
-625
400
1523
2496
3208
3737
4237
4775
5254
5534
5583
5485
5347
5235
5185
5143
4933
4349
3454
2699
2598
3132
3597
3228
1957
463
-510
-791
-792
-1084
-2018
-3505
-4969
-5668
-5352
-4622
-4405
-4932
-5525
-5393
-4489
-3423
-2722
-2377
-2025
-1354
-348
750
1563
1804
1543
1265
1432
1970
2238
1687
456
-791
-1541
-1824
-2000
-2290
-2610
-2802
-2869
-2942
-3014
-2888
-2450
-1825
-1184
-538
178
928
1612
2200
2713
3135
3423
3564
3622
3668
3726
3762
3755
3709
3660
3622
3583
3511
3458
3577
3931
4231
3961
2891
1419
287
-46
149
113
-733
-2262
-3803
-4754
-5066
-5128
-5358
-5887
-6496
-6802
-6523
-5729
-4827
-4166
-3699
-3034
-1891
-432
878
1689
2055
2304
2693
3177
3515
3502
3083
2393
1705
1257
980
511
-373
-1455
-2275
-2580
-2526
-2478
-2614
-2775
-2656
-2187
-1589
-1112
-799
-498
-25
697
1583
2429
3041
3398
3664
4068
4673
5337
5840
6090
6075
5768
5215
4720
4695
5149
5500
5046
3667
1944
596
-86
-391
-863
-1907
-3515
-5251
-6488
-6855
-6598
-6421
-6789
-7401
-7499
-6721
-5439
-4278
-3443
-2641
-1528
-92
1391
2636
3528
4082
4403
4666
4935
5023
4622
3722
2698
1889
1249
487
-524
-1574
-2343
-2715
-2876
-3086
-3393
-3624
-3653
-3550
-3432
-3241
-2797
-2005
-999
-57
610
1027
1397
1937
2705
3562
4236
4531
4510
4476
4698
5119
5398
5177
4469
3738
3520
3844
4072
3491
2042
429
-564
-791
-854
-1506
-2977
-4790
-6206
-6846
-6921
-6941
-7241
-7733
-7998
-7632
-6578
-5199
-3955
-2961
-1911
-484
1194
2624
3494
4014
4634
5510
6341
6688
6364
5551
4619
3825
3141
2342
1287
47
-1176
-2226
-3080
-3818
-4540
-5197
-5594
-5578
-5209
-4725
-4334
-4026
-3571
-2714
-1447
-53
1133
2012
2747
3546
4424
5181
5636
5841
6018
6299
6570
6578
6168
5463
4817
4536
4536
4322
3430
1890
265
-868
-1433
-1899
-2802
-4205
-5701
-6839
-7467
-7680
-7616
-7429
-7230
-6932
-6282
-5136
-3708
-2360
-1219
-77
1300
2849
4262
5284
5934
6371
6666
6729
6441
5802
4914
3873
2698
1396
65
-1131
-2143
-3106
-4128
-5083
-5709
-5934
-5924
-5848
-5709
-5438
-5010
-4418
-3623
-2661
-1667
-753
117
1061
2103
3134
4017
4696
5191
5552
5807
5981
6068
6022
5789
5390
4919
4488
4198
4077
3955
3462
2352
827
-539
-1299
-1564
-1899
-2811
-4286
-5812
-6816
-7096
-6887
-6595
-6466
-6344
-5875
-4879
-3596
-2385
-1324
-191
1192
2703
4030
4959
5489
5757
5907
6009
5970
5594
4759
3614
2493
1569
619
-708
-2402
-3998
-5025
-5455
-5646
-5951
-6430
-6882
-7033
-6731
-6016
-5110
-4206
-3305
-2248
-962
377
1499
2341
3100
3978
4953
5800
6321
6469
6360
6164
6034
5968
5816
5408
4769
4158
3819
3737
3603
3024
1857
416
-722
-1228
-1386
-1814
-2823
-4156
-5274
-5839
-5880
-5676
-5521
-5508
-5438
-5018
-4202
-3221
-2316
-1442
-401
852
2085
3004
3556
3924
4268
4514
4496
4172
3625
2918
2051
1050
-14
-1111
-2252
-3409
-4447
-5219
-5704
-6010
-6258
-6439
-6441
-6174
-5635
-4911
-4095
-3251
-2366
-1377
-247
962
2121
3162
4112
5031
5885
6564
6965
7101
7083
7044
7014
6946
6772
6466
5997
5387
4791
4397
4153
3672
2609
1079
-379
-1321
-1820
-2332
-3216
-4421
-5582
-6333
-6574
-6530
-6539
-6723
-6840
-6513
-5611
-4376
-3169
-2137
-1177
-140
987
2076
3009
3702
4094
4163
4016
3808
3550
3055
2193
1102
43
-874
-1743
-2681
-3664
-4541
-5178
-5575
-5837
-6004
-5980
-5637
-4999
-4223
-3448
-2654
-1732
-631
571
1740
2800
3743
4580
5300
5885
6303
6542
6636
6665
6639
6468
6063
5488
4901
4363
3797
3160
2569
2184
1955
1543
654
-572
-1623
-2156
-2397
-2865
-3775
-4867
-5751
-6246
-6359
-6180
-5858
-5573
-5341
-4920
-4062
-2863
-1734
-946
-312
550
1734
2943
3843
4369
4647
4745
4640
4349
3961
3486
2779
1738
519
-628
-1634
-2607
-3544
-4278
-4721
-5007
-5314
-5618
-5709
-5452
-4955
-4444
-3950
-3274
-2244
-983
212
1174
1985
2841
3817
4793
5551
5955
6049
6021
6023
6015
5798
5267
4577
3993
3629
3354
2957
2353
1672
1122
698
141
-734
-1708
-2340
-2496
-2529
-2888
-3655
-4522
-5131
-5323
-5162
-4809
-4466
-4252
-4072
-3672
-2878
-1827
-795
107
983
1899
2736
3354
3784
4148
4432
4483
4257
3878
3444
2818
1821
532
-738
-1764
-2606
-3430
-4245
-4946
-5469
-5843
-6088
-6145
-5970
-5593
-5062
-4401
-3601
-2679
-1648
-534
620
1762
2825
3736
4458
5033
5498
5816
5909
5761
5440
5031
4601
4198
3837
3508
3160
2731
2221
1742
1475
1461
1456
1099
299
-576
-1043
-1045
-1010
-1397
-2242
-3183
-3788
-3849
-3488
-3131
-3198
-3681
-4010
-3570
-2366
-1066
-293
8
425
1371
2650
3733
4244
4173
3787
3422
3264
3172
2766
1774
352
-1017
-1956
-2534
-3142
-4048
-5116
-5973
-6417
-6554
-6587
-6548
-6321
-5851
-5198
-4426
-3506
-2412
-1194
10
1107
2084
2973
3781
4480
5024
5360
5482
5459
5381
5271
5111
4890
4596
4233
3878
3636
3484
3292
3007
2828
2945
3186
3037
2256
1266
766
855
891
197
-1174
-2538
-3272
-3346
-3244
-3474
-4154
-4945
-5345
-5036
-4145
-3156
-2510
-2141
-1581
-518
783
1767
2159
2163
2151
2286
2443
2386
1934
1070
-44
-1138
-2004
-2670
-3356
-4262
-5325
-6247
-6762
-6886
-6839
-6760
-6540
-6021
-5242
-4391
-3532
-2525
-1272
110
1426
2628
3781
4867
5748
6328
6664
6877
7002
6974
6761
6433
6058
5629
5152
4774
4621
4549
4249
3688
3258
3282
3489
3209
2173
891
108
-62
-236
-1035
-2434
-3886
-4900
-5387
-5565
-5758
-6151
-6619
-6751
-6183
-5011
-3771
-2938
-2423
-1690
-410
1091
2174
2564
2596
2754
3142
3435
3276
2611
1640
621
-303
-1094
-1846
-2734
-3844
-4986
-5789
-6025
-5849
-5610
-5467
-5240
-4652
-3668
-2476
-1270
-89
1060
2153
3173
4142
5004
5635
5987
6173
6346
6528
6577
6371
5960
5540
5251
5075
4931
4772
4601
4385
4075
3666
3271
2984
2684
2053
949
-319
-1252
-1767
-2308
-3337
-4783
-6149
-7044
-7453
-7587
-7600
-7556
-7476
-7277
-6727
-5612
-4044
-2470
-1254
-300
784
2129
3417
4255
4581
4633
4620
4542
4263
3683
2749
1493
55
-1301
-2394
-3329
-4382
-5619
-6710
-7257
-7224
-6967
-6767
-6537
-5968
-4950
-3699
-2488
-1376
-250
946
2139
3260
4306
5268
6040
6523
6754
6878
6985
7024
6905
6610
6211
5746
5212
4645
4136
3703
3226
2587
1855
1249
848
432
-325
-1418
-2441
-3023
-3305
-3737
-4554
-5460
-5978
-5857
-5278
-4623
-4202
-4011
-3747
-3025
-1714
-142
1147
1863
2268
2859
3833
4848
5389
5216
4573
3888
3413
3020
2412
1373
-38
-1554
-2858
-3785
-4457
-5161
-6054
-6945
-7450
-7347
-6798
-6155
-5619
-5087
-4305
-3127
-1659
-195
986
1834
2564
3462
4581
5681
6434
6705
6645
6540
6593
6721
6595
5962
4946
3991
3435
3232
3039
2545
1735
903
408
347
425
195
-528
-1482
-2166
-2296
-2078
-2015
-2434
-3199
-3823
-3905
-3421
-2734
-2282
-2233
-2371
-2318
-1844
-1033
-185
432
786
1066
1469
2000
2471
2657
2446
1899
1221
603
76
-516
-1347
-2431
-3603
-4639
-5407
-5941
-6378
-6781
-7046
-7012
-6638
-6033
-5320
-4565
-3776
-2920
-1936
-770
538
1830
2902
3679
4280
4889
5542
6080
6294
6142
5784
5464
5277
5108
4766
4188
3544
3086
2937
2947
2833
2431
1863
1417
1293
1390
1355
892
50
-748
-1091
-986
-872
-1216
-2078
-3065
-3664
-3639
-3172
-2692
-2534
-2717
-2915
-2700
-1901
-791
113
468
387
291
528
1088
1629
1753
1321
576
-63
-343
-431
-736
-1522
-2651
-3709
-4348
-4537
-4543
-4680
-5022
-5335
-5282
-4704
-3763
-2807
-2093
-1573
-967
-19
1257
2597
3693
4407
4811
5099
5433
5811
6081
6099
5890
5633
5491
5449
5341
5022
4534
4067
3765
3578
3342
2946
2421
1900
1512
1252
953
415
-381
-1188
-1685
-1813
-1885
-2283
-3016
-3668
-3832
-3532
-3175
-3123
-3362
-3587
-3507
-3070
-2460
-1891
-1455
-1093
-736
-394
-130
20
63
20
-97
-293
-568
-919
-1336
-1802
-2341
-2998
-3745
-4410
-4801
-4916
-4959
-5125
-5381
-5496
-5234
-4568
-3696
-2867
-2179
-1513
-664
458
1708
2792
3513
3949
4374
4979
5668
6158
6260
6059
5807
5670
5627
5547
5351
5030
4604
4079
3485
2889
2351
1859
1353
789
183
-418
-967
-1414
-1711
-1866
-1957
-2080
-2240
-2360
-2362
-2278
-2198
-2152
-2079
-1934
-1754
-1599
-1426
-1096
-553
62
490
622
593
632
822
1005
948
547
-84
-728
-1237
-1646
-2136
-2874
-3826
-4707
-5191
-5243
-5149
-5202
-5383
-5391
-4981
-4164
-3167
-2195
-1287
-359
642
1667
2615
3434
4143
4785
5378
5893
6253
6371
6244
5990
5775
5660
5557
5287
4748
4011
3281
2729
2351
2011
1548
910
195
-386
-664
-648
-560
-661
-1001
-1335
-1350
-1004
-556
-311
-361
-596
-831
-897
-696
-307
-17
-116
-618
-1196
-1447
-1267
-928
-859
-1254
-1911
-2403
-2448
-2130
-1812
-1857
-2353
-3053
-3592
-3806
-3836
-3942
-4224
-4564
-4773
-4764
-4585
-4318
-3960
-3435
-2722
-1934
-1224
-634
-61
632
1448
2226
2783
3059
3191
3369
3686
4051
4285
4302
4163
4021
3932
3833
3650
3405
3175
2950
2644
2216
1738
1361
1168
1079
934
642
287
11
-108
-59
151
453
682
661
423
220
281
573
827
831
579
226
-112
-416
-686
-867
-931
-1022
-1352
-1994
-2729
-3238
-3377
-3293
-3255
-3418
-3737
-4064
-4239
-4162
-3867
-3507
-3263
-3153
-3063
-2822
-2401
-1880
-1395
-982
-610
-234
154
548
963
1379
1740
1983
2127
2255
2425
2563
2560
2379
2153
2059
2155
2321
2393
2315
2156
1977
1876
1925
2162
2466
2613
2433
1983
1541
1423
1693
2079
2192
1876
1378
1017
961
1090
1260
1331
1250
967
575
249
178
342
549
583
363
9
-367
-652
-884
-1048
-1223
-1468
-1867
-2351
-2808
-3156
-3404
-3555
-3598
-3600
-3626
-3741
-3827
-3794
-3577
-3241
-2886
-2592
-2369
-2089
-1643
-1045
-471
-34
310
704
1200
1705
2060
2184
2127
1962
1833
1766
1813
1876
1847
1624
1239
857
631
536
451
286
126
105
179
220
93
-10
128
529
909
995
830
634
622
793
1065
1338
1565
1710
1790
1880
2066
2259
2284
2087
1829
1654
1461
1102
574
61
-257
-451
-718
-1230
-1910
-2494
-2858
-3043
-3184
-3329
-3477
-3660
-3798
-3798
-3625
-3363
-3096
-2766
-2434
-2127
-1955
-1762
-1411
-903
-328
124
509
843
1127
1304
1360
1420
1566
1710
1786
1718
1641
1526
1387
1149
915
787
868
1086
1223
1085
727
419
387
580
759
805
655
464
318
377
613
918
1072
1033
877
884
1200
1747
2314
2642
2725
2549
2246
1938
1807
1871
1919
1651
968
85
-679
-1159
-1454
-1746
-2120
-2523
-2900
-3227
-3505
-3692
-3680
-3485
-3189
-2993
-2965
-3035
-3014
-2785
-2297
-1700
-1119
-767
-637
-643
-545
-183
384
977
1369
1563
1579
1547
1553
1670
1868
2017
1995
1830
1583
1380
1210
1099
1068
1157
1336
1481
1464
1234
868
569
481
669
935
1075
966
670
426
381
615
956
1219
1272
1137
923
817
862
1017
1115
1063
893
626
313
-67
-461
-747
-867
-875
-1008
-1398
-2014
-2604
-2922
-2900
-2699
-2645
-2832
-3205
-3415
-3357
-3012
-2647
-2364
-2265
-2239
-2180
-1949
-1586
-1213
-927
-658
-369
-123
74
247
546
787
922
892
949
1149
1447
1582
1543
1400
1443
1653
1916
1970
1800
1590
1494
1544
1616
1599
1481
1248
975
714
577
602
689
727
620
481
425
509
699
871
961
962
923
992
1058
1103
946
713
479
337
197
5
-371
-781
-1118
-1222
-1238
-1398
-1764
-2214
-2508
-2587
-2507
-2417
-2371
-2375
-2301
-2138
-1858
-1631
-1451
-1289
-1045
-703
-397
-165
-33
86
212
416
613
824
962
1079
1190
1319
1477
1608
1673
1646
1602
1556
1606
1671
1778
1855
1967
2081
2174
2127
1983
1780
1530
1225
866
557
316
102
-76
-226
-348
-496
-650
-691
-660
-593
-639
-692
-729
-643
-488
-312
-258
-317
-533
-729
-894
-924
-953
-1098
-1349
-1578
-1631
-1650
-1740
-1956
-2067
-2083
-2006
-2042
-2076
-2100
-1997
-1831
-1604
-1312
-1017
-708
-480
-279
-64
221
563
944
1285
1567
1622
1504
1325
1299
1494
1715
1810
1649
1461
1354
1465
1583
1608
1481
1301
1181
1087
1031
966
950
899
822
607
347
40
-129
-162
-94
-69
-170
-354
-587
-699
-718
-567
-468
-399
-461
-497
-541
-474
-417
-347
-383
-430
-451
-454
-457
-571
-682
-798
-790
-771
-775
-927
-1142
-1313
-1317
-1183
-982
-777
-567
-387
-272
-183
-30
304
727
1155
1403
1556
1574
1592
1565
1593
1666
1713
1626
1343
1007
736
657
635
622
511
390
243
85
-123
-268
-295
-174
-61
-92
-245
-438
-499
-471
-362
-239
-160
-201
-357
-558
-687
-758
-782
-816
-853
-868
-873
-886
-894
-891
-830
-788
-739
-659
-518
-365
-322
-360
-419
-370
-255
-123
-78
-133
-284
-437
-488
-388
-234
-132
-159
-245
-326
-289
-100
197
441
545
510
514
620
868
1146
1369
1503
1543
1556
1508
1468
1383
1300
1176
1055
913
726
501
280
115
28
-11
-80
-249
-481
-641
-666
-620
-592
-619
-659
-673
-639
-563
-459
-396
-397
-496
-605
-662
-602
-522
-503
-617
-744
-788
-690
-485
-306
-266
-429
-685
-871
-869
-690
-450
-311
-345
-466
-537
-475
-321
-112
82
204
198
165
219
415
650
803
839
812
828
921
1091
1242
1338
1356
1355
1389
1474
1591
1680
1724
1695
1577
1341
1077
837
692
607
504
358
112
-141
-353
-481
-534
-593
-651
-721
-776
-793
-769
-664
-535
-400
-332
-355
-461
-573
-604
-526
-490
-537
-727
-906
-1013
-1010
-935
-909
-966
-1121
-1251
-1315
-1337
-1355
-1330
-1221
-1098
-1069
-1111
-1118
-1014
-808
-568
-326
-154
-42
-13
-21
-24
40
215
394
520
511
464
420
437
512
623
733
795
790
741
696
694
755
839
949
1090
1260
1375
1359
1212
1020
823
679
549
454
346
187
-4
-199
-266
-182
9
192
235
167
52
14
69
134
173
155
92
-23
-171
-334
-496
-694
-856
-997
-1052
-1053
-1004
-934
-880
-816
-701
-491
-266
-69
15
60
81
164
291
440
550
563
465
270
97
11
83
177
220
134
32
0
64
160
233
303
395
541
681
834
931
997
1027
1092
1200
1309
1325
1206
976
732
542
433
351
219
40
-178
-336
-477
-581
-659
-647
-539
-402
-346
-343
-408
-430
-441
-394
-353
-405
-570
-787
-944
-1053
-1141
-1272
-1373
-1434
-1400
-1314
-1208
-1124
-1052
-1002
-946
-923
-881
-792
-590
-316
-90
-36
-140
-286
-325
-210
-30
115
145
127
144
180
210
197
219
293
355
371
357
383
480
605
720
828
942
1076
1185
1239
1226
1201
1166
1187
1194
1248
1242
1112
845
544
403
367
325
142
-127
-398
-534
-522
-384
-290
-296
-379
-464
-490
-497
-460
-428
-422
-472
-541
-560
-537
-560
-669
-795
-768
-568
-345
-230
-246
-251
-192
-79
53
142
182
115
27
-22
19
75
73
-4
-72
-77
-41
-67
-182
-303
-324
-218
-57
64
161
228
340
481
630
812
987
1204
1370
1460
1464
1438
1447
1496
1529
1532
1476
1377
1209
963
699
444
252
54
-158
-406
-615
-753
-801
-832
-820
-806
-800
-850
-920
-935
-906
-884
-884
-930
-976
-1015
-1029
-1006
-1006
-1033
-1107
-1136
-990
-671
-349
-178
-213
-300
-398
-429
-418
-384
-433
-585
-782
-841
-729
-519
-381
-397
-513
-624
-664
-624
-541
-432
-344
-289
-269
-196
-41
220
493
716
891
1068
1276
1459
1574
1658
1754
1850
1889
1831
1735
1640
1546
1395
1218
1041
899
674
383
54
-193
-359
-474
-589
-715
-825
-887
-866
-822
-768
-731
-683
-648
-641
-606
-548
-505
-552
-641
-694
-678
-612
-583
-594
-689
-745
-721
-620
-537
-575
-647
-680
-599
-468
-423
-454
-541
-551
-438
-289
-179
-249
-380
-493
-453
-319
-124
-29
51
37
151
340
690
1011
1214
1330
1438
1674
1894
2119
2206
2279
2222
2165
2004
1877
1727
1626
1492
1257
952
585
312
46
-158
-354
-484
-577
-613
-621
-568
-524
-457
-340
-165
15
93
76
41
3
-14
-17
-38
-140
-371
-567
-620
-591
-655
-840
-1061
-1161
-1157
-1055
-1020
-1080
-1236
-1343
-1315
-1181
-993
-879
-794
-754
-665
-569
-466
-410
-358
-292
-173
-1
85
104
-24
-48
26
222
385
484
559
636
722
768
770
754
827
915
1028
930
771
492
263
111
40
87
57
-44
-234
-417
-528
-533
-460
-337
-310
-333
-410
-402
-308
-113
89
245
300
302
255
151
22
-104
-95
-76
-87
-190
-304
-316
-274
-256
-313
-504
-628
-718
-697
-657
-677
-645
-634
-586
-566
-516
-391
-158
16
242
279
330
299
361
524
640
721
701
649
599
582
583
592
502
450
449
516
568
539
433
334
190
166
235
399
568
612
562
518
408
389
348
321
335
279
303
246
73
-97
-182
-88
54
8
-43
-189
-289
-398
-485
-441
-400
-363
-341
-281
-232
-215
-302
-331
-350
-313
-311
-339
-405
-451
-492
-464
-318
-129
78
166
218
294
334
368
478
654
848
792
585
361
268
256
281
312
315
244
53
-73
-130
-160
-213
-213
-153
-91
-123
-143
-111
-51
48
129
182
128
-17
-141
-168
-100
18
186
359
391
307
249
270
240
131
124
130
-101
-583
-961
-1046
-1046
-1054
-981
-771
-672
-707
-787
-781
-800
-791
-707
-641
-688
-780
-737
-633
-570
-519
-384
-234
-114
29
220
335
293
209
221
274
302
274
251
206
117
-17
-138
-240
-299
-336
-364
-378
-389
-377
-372
-326
-220
-37
137
241
228
173
124
158
279
455
614
687
729
723
720
689
718
764
783
736
670
613
548
475
405
333
223
96
-7
-83
-180
-288
-328
-264
-197
-159
-116
-6
138
286
437
590
731
867
962
977
943
916
909
885
815
715
603
509
448
392
367
341
286
173
67
25
10
-50
-160
-303
-427
-464
-377
-236
-208
-275
-360
-344
-300
-269
-260
-231
-132
15
186
301
353
340
290
230
157
92
27
-21
-92
-183
-290
-388
-491
-611
-721
-815
-886
-958
-998
-1014
-1012
-1032
-1083
-1124
-1123
-1053
-955
-866
-790
-703
-554
-339
-110
74
182
251
298
322
353
370
349
283
230
207
144
7
-142
-259
-341
-435
-532
-604
-628
-617
-582
-535
-472
-454
-467
-469
-380
-251
-141
-50
20
92
131
223
312
390
399
411
463
516
557
534
479
400
379
417
465
450
384
291
186
80
6
19
62
89
58
23
-8
-8
59
197
334
371
361
353
381
396
400
425
478
570
669
749
779
787
786
771
719
666
641
637
604
515
423
345
278
151
-22
-173
-237
-220
-247
-341
-438
-419
-290
-154
-86
-73
-62
-17
29
43
29
23
60
104
137
123
110
81
60
3
-56
-117
-204
-301
-381
-384
-384
-436
-557
-643
-643
-561
-468
-429
-424
-434
-371
-264
-125
-35
-21
-64
-112
-98
-39
10
14
20
64
158
237
262
196
55
-88
-155
-87
37
160
222
242
204
110
-3
-127
-248
-386
-483
-531
-545
-561
-561
-548
-512
-474
-420
-362
-327
-277
-234
-173
-146
-113
-54
19
103
175
265
319
304
216
126
67
22
-32
-70
-65
-26
0
-20
-85
-186
-283
-362
-407
-413
-366
-258
-128
-13
70
149
217
246
223
195
228
297
361
380
362
294
179
75
5
-63
-175
-308
-384
-405
-383
-346
-299
-258
-221
-177
-136
-122
-135
-150
-174
-186
-166
-90
-7
21
5
-19
44
215
457
673
788
815
808
819
872
929
959
942
899
864
860
917
1014
1098
1127
1128
1127
1143
1153
1167
1169
1155
1119
1031
891
692
491
333
238
174
76
-53
-200
-309
-382
-418
-435
-455
-513
-627
-766
-909
-1022
-1137
-1245
-1342
-1435
-1531
-1642
-1725
-1768
-1768
-1742
-1719
-1718
-1724
-1673
-1567
-1453
-1390
-1344
-1232
-1032
-778
-566
-444
-379
-300
-133
61
234
359
497
674
886
1080
1208
1224
1177
1163
1233
1367
1446
1450
1396
1367
1407
1488
1559
1585
1548
1472
1375
1280
1216
1162
1091
938
718
483
274
55
-205
-488
-763
-1026
-1273
-1440
-1494
-1448
-1382
-1354
-1377
-1432
-1476
-1481
-1452
-1443
-1514
-1657
-1795
-1865
-1871
-1851
-1800
-1714
-1584
-1437
-1261
-1066
-864
-693
-538
-374
-203
-28
131
300
451
591
718
866
1014
1154
1298
1513
1788
2065
2274
2434
2549
2642
2688
2727
2728
2692
2644
2613
2613
2563
2479
2348
2204
2015
1808
1575
1296
931
500
70
-312
-615
-895
-1154
-1396
-1566
-1660
-1703
-1717
-1723
-1717
-1722
-1748
-1812
-1904
-2004
-2119
-2228
-2305
-2278
-2162
-2021
-1922
-1901
-1901
-1892
-1837
-1766
-1691
-1604
-1499
-1341
-1151
-934
-751
-609
-481
-334
-160
-16
119
231
377
571
830
1115
1337
1489
1573
1643
1693
1751
1819
1887
1954
2045
2221
2412
2557
2602
2585
2522
2415
2309
2210
2099
1906
1652
1388
1134
861
552
232
-76
-348
-572
-735
-840
-931
-1031
-1150
-1270
-1364
-1430
-1488
-1573
-1697
-1819
-1925
-1978
-1992
-1973
-1959
-1945
-1909
-1829
-1727
-1635
-1551
-1467
-1360
-1268
-1190
-1118
-1000
-870
-755
-677
-598
-529
-463
-369
-237
-91
25
143
273
409
529
678
887
1124
1315
1408
1444
1478
1569
1706
1856
1986
2080
2165
2225
2252
2252
2257
2260
2202
2042
1807
1552
1291
1024
741
469
213
11
-124
-183
-227
-316
-454
-593
-683
-745
-820
-920
-1029
-1129
-1225
-1332
-1461
-1598
-1724
-1823
-1898
-1944
-1962
-1959
-1954
-1925
-1870
-1791
-1697
-1579
-1441
-1328
-1218
-1071
-843
-607
-429
-333
-282
-228
-130
48
314
603
834
999
1144
1312
1489
1652
1783
1877
1969
2083
2201
2282
2305
2305
2271
2206
2114
2026
1932
1798
1630
1427
1214
998
825
670
488
227
-83
-397
-674
-886
-995
-1009
-1005
-1043
-1124
-1195
-1261
-1329
-1405
-1466
-1510
-1528
-1550
-1616
-1739
-1854
-1913
-1950
-2013
-2087
-2090
-2000
-1846
-1678
-1535
-1419
-1308
-1184
-1022
-815
-559
-292
-59
131
283
431
603
819
1053
1270
1444
1566
1667
1767
1901
2050
2197
2321
2406
2429
2380
2307
2255
2231
2173
2029
1796
1516
1254
1018
782
514
239
16
-136
-239
-335
-423
-518
-634
-762
-868
-923
-964
-1016
-1081
-1149
-1228
-1318
-1393
-1424
-1444
-1501
-1595
-1665
-1673
-1640
-1619
-1613
-1609
-1571
-1499
-1403
-1296
-1196
-1106
-1027
-937
-817
-653
-477
-316
-199
-95
14
161
331
534
745
959
1176
1374
1545
1662
1739
1805
1880
1988
2123
2249
2332
2345
2326
2271
2179
2022
1795
1505
1193
931
756
620
426
161
-117
-350
-526
-671
-804
-947
-1091
-1226
-1330
-1382
-1377
-1359
-1394
-1507
-1648
-1743
-1772
-1781
-1814
-1829
-1802
-1730
-1643
-1551
-1460
-1397
-1337
-1239
-1083
-889
-700
-542
-419
-311
-195
-83
41
181
334
479
606
738
868
981
1050
1094
1136
1195
1268
1359
1480
1605
1709
1796
1889
1982
2063
2121
2165
2159
2089
1958
1797
1604
1361
1070
769
498
245
4
-238
-449
-625
-764
-894
-1039
-1193
-1304
-1342
-1336
-1355
-1412
-1499
-1566
-1600
-1571
-1503
-1461
-1470
-1509
-1481
-1379
-1263
-1188
-1137
-1060
-930
-760
-575
-392
-208
3
211
368
447
486
544
632
727
808
865
909
948
988
1019
1007
984
1006
1105
1226
1300
1319
1309
1302
1305
1317
1317
1291
1246
1223
1199
1141
999
784
516
236
-30
-258
-455
-636
-803
-946
-1068
-1190
-1307
-1385
-1434
-1514
-1669
-1839
-1928
-1934
-1891
-1841
-1789
-1732
-1668
-1585
-1481
-1381
-1265
-1127
-962
-814
-698
-601
-503
-380
-236
-89
47
184
331
493
665
829
937
954
935
954
1037
1132
1197
1221
1207
1190
1206
1280
1396
1489
1512
1455
1368
1283
1199
1102
1009
934
833
660
433
242
128
53
-47
-162
-251
-298
-343
-413
-524
-674
-851
-1027
-1143
-1207
-1226
-1251
-1294
-1359
-1421
-1446
-1433
-1372
-1264
-1137
-1053
-1037
-1036
-958
-797
-615
-471
-364
-262
-155
-32
125
319
522
689
820
925
1012
1090
1146
1181
1178
1166
1184
1256
1369
1481
1544
1543
1495
1439
1403
1402
1436
1472
1484
1460
1415
1344
1246
1113
956
779
599
420
239
43
-172
-386
-592
-769
-909
-1008
-1088
-1174
-1268
-1333
-1335
-1278
-1214
-1180
-1217
-1307
-1415
-1478
-1472
-1427
-1370
-1335
-1293
-1240
-1166
-1110
-1096
-1099
-1074
-983
-821
-594
-337
-93
85
183
217
246
309
400
495
580
655
734
826
961
1109
1219
1256
1241
1215
1200
1192
1180
1139
1042
910
767
652
552
462
361
251
115
-24
-160
-328
-629
-1092
-1542
-1709
-1476
-1079
-850
-932
-1158
-1343
-1409
-1348
-1166
-936
-810
-865
-1022
-1126
-1100
-986
-877
-825
-833
-893
-995
-1097
-1105
-935
-593
-165
222
493
629
695
786
939
1143
1340
1513
1669
1844
2054
2225
2268
2188
2102
2085
2083
2038
1954
1881
1810
1697
1573
1510
1505
1389
1020
521
161
41
0
-169
-440
-693
-884
-1065
-1212
-1198
-1024
-873
-898
-1018
-1101
-1109
-1146
-1195
-1187
-1121
-1119
-1269
-1485
-1649
-1704
-1696
-1639
-1491
-1295
-1164
-1156
-1124
-909
-602
-405
-365
-278
-78
109
128
126
355
843
1332
1605
1790
2017
2219
2212
2153
2365
2835
3124
2945
2556
2402
2486
2417
2021
1568
1320
1141
745
150
-403
-860
-1325
-1713
-1762
-1458
-1274
-1659
-2445
-3022
-2981
-2509
-1984
-1570
-1228
-978
-820
-655
-301
211
612
681
433
49
-363
-798
-1198
-1446
-1517
-1561
-1771
-2138
-2445
-2516
-2361
-2128
-1896
-1620
-1246
-770
-189
559
1456
2342
3066
3651
4183
4590
4672
4364
3826
3261
2620
1750
667
-320
-998
-1473
-1971
-2516
-2976
-3305
-3572
-3808
-3948
-3898
-3643
-3228
-2691
-2047
-1273
-392
547
1467
2257
2801
3030
2986
2759
2416
2011
1567
1105
616
102
-430
-957
-1445
-1890
-2302
-2707
-3069
-3261
-3158
-2725
-2059
-1238
-276
823
1989
3125
4144
4999
5696
6250
6600
6578
6107
5272
4232
3070
1801
466
-857
-2078
-3134
-3980
-4630
-5132
-5532
-5837
-5976
-5866
-5450
-4751
-3795
-2600
-1201
297
1761
3065
4115
4845
5248
5346
5138
4623
3870
3026
2234
1523
803
-35
-972
-1878
-2668
-3371
-4024
-4529
-4727
-4535
-3959
-3036
-1823
-426
1029
2477
3906
5295
6547
7508
8036
8056
7611
6841
5856
4641
3144
1424
-338
-1987
-3465
-4771
-5892
-6810
-7560
-8155
-8551
-8612
-8259
-7501
-6429
-5109
-3554
-1808
-9
1664
3082
4156
4819
5038
4870
4420
3790
3061
2287
1493
640
-313
-1359
-2432
-3487
-4512
-5435
-6092
-6331
-6113
-5499
-4526
-3216
-1621
138
1969
3805
5559
7081
8234
8976
9274
9126
8568
7686
6514
5051
3328
1468
-400
-2184
-3845
-5334
-6596
-7606
-8351
-8813
-8941
-8693
-8020
-6901
-5373
-3567
-1608
380
2269
3901
5137
5910
6212
6115
5712
5104
4348
3477
2476
1321
32
-1304
-2586
-3781
-4886
-5874
-6617
-6979
-6858
-6242
-5157
-3670
-1871
104
2165
4259
6297
8097
9442
10237
10491
10287
9673
8721
7483
6053
4473
2781
1010
-793
-2583
-4303
-5859
-7157
-8160
-8868
-9236
-9183
-8635
-7580
-6030
-4071
-1839
436
2527
4206
5379
6055
6307
6199
5806
5221
4514
3709
2772
1674
385
-1066
-2637
-4251
-5805
-7149
-8143
-8686
-8678
-8057
-6829
-5111
-3048
-783
1583
3923
6096
7919
9271
10082
10330
10063
9397
8453
7267
5859
4262
2534
701
-1175
-3006
-4683
-6159
-7416
-8469
-9275
-9717
-9678
-9107
-8010
-6383
-4333
-2087
65
1956
3509
4678
5393
5640
5490
5085
4551
3923
3211
2409
1462
269
-1174
-2781
-4432
-6043
-7484
-8579
-9147
-9067
-8305
-6952
-5157
-3028
-650
1878
4381
6666
8521
9805
10433
10449
9978
9186
8142
6863
5400
3832
2166
360
-1522
-3332
-4949
-6360
-7565
-8551
-9213
-9420
-9058
-8147
-6736
-4896
-2729
-460
1664
3453
4815
5759
6302
6458
6239
5793
5277
4734
4089
3276
2256
978
-583
-2345
-4169
-5892
-7369
-8445
-8979
-8851
-8013
-6553
-4621
-2388
21
2483
4877
7034
8751
9887
10441
10526
10213
9553
8549
7258
5726
4023
2194
305
-1568
-3341
-4991
-6485
-7765
-8728
-9254
-9252
-8689
-7627
-6120
-4272
-2229
-224
1590
3120
4363
5290
5883
6102
5979
5637
5206
4712
4066
3194
2084
771
-728
-2383
-4122
-5795
-7232
-8288
-8854
-8831
-8167
-6898
-5112
-2947
-551
1904
4259
6354
8021
9133
9640
9610
9145
8358
7289
5989
4501
2880
1121
-748
-2657
-4463
-6062
-7397
-8460
-9221
-9608
-9552
-9024
-8019
-6520
-4598
-2466
-417
1347
2739
3786
4502
4899
5014
4973
4875
4717
4426
3985
3397
2614
1528
105
-1582
-3364
-5041
-6443
-7443
-7955
-7894
-7231
-6011
-4344
-2368
-215
1998
4156
6128
7746
8870
9420
9463
9133
8536
7651
6483
5103
3576
1881
31
-1841
-3571
-5073
-6369
-7487
-8392
-8981
-9160
-8870
-8102
-6831
-5131
-3179
-1222
543
1988
3073
3786
4194
4405
4543
4666
4757
4772
4655
4345
3783
2971
1922
658
-804
-2359
-3848
-5110
-6003
-6390
-6178
-5375
-4089
-2472
-683
1168
3008
4753
6298
7508
8296
8636
8608
8290
7735
6895
5773
4397
2846
1158
-602
-2338
-3921
-5294
-6472
-7466
-8217
-8628
-8644
-8272
-7569
-6565
-5305
-3863
-2413
-1098
21
973
1751
2324
2678
2926
3182
3477
3696
3738
3576
3199
2545
1589
428
-789
-1975
-3091
-4041
-4670
-4855
-4562
-3853
-2820
-1557
-148
1315
2757
4116
5341
6378
7183
7710
7940
7898
7597
7013
6083
4833
3360
1774
146
-1450
-2918
-4186
-5267
-6210
-7021
-7604
-7856
-7773
-7441
-6927
-6223
-5311
-4254
-3166
-2142
-1180
-235
711
1599
2345
2900
3265
3470
3552
3512
3309
2872
2179
1280
296
-627
-1423
-2110
-2718
-3192
-3438
-3379
-3013
-2375
-1513
-482
654
1809
2916
3952
4910
5746
6372
6712
6733
6478
6018
5400
4602
3618
2509
1360
199
-957
-2043
-2968
-3707
-4307
-4787
-5143
-5378
-5533
-5619
-5590
-5378
-4962
-4351
-3558
-2598
-1556
-573
276
1018
1698
2286
2690
2855
2802
2590
2247
1786
1229
624
8
-577
-1083
-1454
-1660
-1733
-1716
-1634
-1477
-1236
-913
-479
60
659
1246
1796
2319
2805
3205
3487
3650
3706
3673
3550
3307
2886
2296
1602
874
150
-520
-1073
-1486
-1795
-2060
-2329
-2639
-3003
-3385
-3694
-3817
-3705
-3380
-2881
-2207
-1354
-396
539
1328
1922
2314
2499
2491
2304
1966
1517
1027
581
229
-11
-147
-194
-185
-148
-112
-110
-177
-305
-450
-594
-737
-872
-945
-905
-736
-456
-116
230
539
796
1012
1188
1301
1314
1241
1156
1119
1093
979
731
398
78
-196
-471
-804
-1203
-1622
-2009
-2301
-2431
-2338
-2016
-1520
-937
-338
247
782
1215
1485
1569
1484
1284
1022
741
488
342
351
485
652
756
774
715
618
462
190
-232
-723
-1153
-1455
-1669
-1835
-1912
-1822
-1527
-1062
-491
97
632
1054
1334
1472
1512
1507
1482
1411
1260
1025
731
402
51
-337
-768
-1209
-1605
-1915
-2137
-2239
-2160
-1856
-1357
-737
-86
508
996
1361
1585
1621
1466
1192
889
608
368
206
147
186
292
409
490
485
387
194
-73
-400
-766
-1144
-1507
-1805
-1992
-2032
-1912
-1625
-1175
-611
-22
496
904
1227
1513
1784
2008
2143
2167
2105
1984
1789
1491
1057
497
-142
-764
-1261
-1570
-1705
-1726
-1654
-1455
-1085
-567
5
530
946
1222
1336
1286
1123
903
655
385
138
-32
-90
-70
-48
-87
-200
-367
-584
-863
-1203
-1569
-1927
-2262
-2559
-2758
-2783
-2603
-2262
-1840
-1405
-967
-493
35
593
1129
1617
2066
2485
2853
3111
3215
3148
2922
2538
1990
1314
588
-90
-654
-1055
-1282
-1326
-1197
-903
-478
14
492
870
1113
1262
1381
1498
1552
1497
1376
1272
1216
1159
1070
948
786
546
201
-257
-812
-1422
-2031
-2589
-3060
-3393
-3553
-3531
-3352
-3064
-2720
-2359
-1989
-1582
-1118
-611
-91
424
927
1416
1882
2302
2634
2838
2868
2666
2190
1457
566
-343
-1121
-1671
-1982
-2097
-2044
-1809
-1390
-856
-284
268
802
1316
1774
2116
2328
2467
2619
2791
2915
2896
2693
2343
1904
1420
860
190
-608
-1470
-2306
-3031
-3597
-3972
-4146
-4129
-3975
-3750
-3479
-3136
-2681
-2122
-1502
-884
-286
296
874
1448
2013
2556
3032
3362
3469
3291
2799
2034
1100
129
-810
-1674
-2402
-2915
-3160
-3118
-2805
-2291
-1658
-982
-294
376
988
1494
1889
2229
2585
2977
3369
3694
3881
3892
3727
3382
2846
2107
1209
230
-756
-1689
-2527
-3219
-3711
-3951
-3937
-3730
-3416
-3046
-2643
-2223
-1806
-1372
-891
-344
248
874
1527
2175
2739
3120
3276
3203
2913
2404
1682
789
-185
-1112
-1877
-2422
-2734
-2818
-2688
-2354
-1859
-1261
-630
-19
554
1091
1597
2067
2484
2839
3141
3404
3622
3750
3739
3546
3141
2536
1751
821
-195
-1199
-2112
-2896
-3528
-3978
-4222
-4272
-4155
-3904
-3559
-3139
-2637
-2047
-1398
-732
-97
483
1022
1532
1988
2330
2516
2539
2379
2006
1413
656
-148
-885
-1496
-1987
-2362
-2583
-2605
-2396
-1973
-1383
-720
-72
523
1075
1591
2041
2415
2731
3011
3259
3470
3642
3739
3697
3463
3011
2359
1537
618
-300
-1135
-1865
-2510
-3069
-3507
-3777
-3859
-3779
-3581
-3288
-2911
-2483
-2056
-1634
-1165
-594
40
636
1097
1405
1577
1604
1458
1148
712
197
-362
-905
-1384
-1780
-2101
-2335
-2430
-2328
-1997
-1471
-827
-154
482
1042
1518
1933
2314
2682
3047
3388
3655
3818
3864
3787
3569
3214
2766
2263
1704
1061
345
-386
-1050
-1611
-2053
-2384
-2595
-2678
-2637
-2469
-2188
-1813
-1396
-970
-569
-225
24
192
332
471
578
594
494
282
-37
-461
-986
-1579
-2158
-2631
-2925
-3025
-2953
-2741
-2395
-1932
-1387
-817
-268
232
689
1134
1598
2083
2555
2976
3327
3612
3825
3937
3895
3673
3304
2865
2387
1828
1152
403
-313
-906
-1333
-1578
-1652
-1608
-1479
-1268
-983
-661
-328
-3
274
458
547
600
669
760
846
897
867
711
388
-92
-680
-1287
-1836
-2314
-2744
-3131
-3414
-3507
-3356
-2956
-2383
-1773
-1252
-851
-532
-257
-1
275
616
1029
1459
1850
2186
2454
2606
2574
2342
1960
1488
954
367
-242
-823
-1331
-1718
-1939
-1966
-1796
-1468
-1028
-542
-75
303
558
702
795
901
1037
1170
1260
1301
1311
1289
1205
1048
806
473
36
-480
-1005
-1463
-1790
-1969
-2010
-1944
-1796
-1575
-1301
-999
-694
-409
-176
-5
145
344
623
935
1194
1334
1373
1372
1361
1308
1159
882
464
-69
-657
-1209
-1685
-2089
-2405
-2566
-2512
-2254
-1850
-1344
-782
-234
252
648
971
1215
1386
1497
1578
1659
1740
1784
1749
1657
1569
1505
1405
1191
867
515
233
61
-21
-56
-73
-71
-22
88
256
459
658
815
910
960
1000
1055
1113
1169
1209
1227
1194
1082
889
626
289
-120
-562
-977
-1363
-1753
-2157
-2506
-2729
-2815
-2776
-2612
-2318
-1937
-1522
-1118
-769
-504
-330
-221
-149
-73
31
171
324
480
639
782
873
897
885
868
838
754
609
461
386
425
550
700
828
927
1010
1091
1168
1235
1281
1300
1292
1274
1254
1216
1133
998
830
645
436
203
-65
-391
-813
-1327
-1875
-2368
-2748
-2979
-3052
-2981
-2799
-2541
-2250
-1997
-1828
-1734
-1668
-1591
-1474
-1302
-1086
-848
-591
-303
-3
269
484
650
777
863
910
914
868
753
577
380
245
221
317
475
633
781
931
1083
1212
1278
1252
1136
998
917
916
945
956
943
927
914
875
768
580
327
20
-356
-802
-1245
-1587
-1781
-1864
-1875
-1831
-1722
-1546
-1320
-1095
-940
-888
-880
-808
-612
-303
50
399
723
1040
1362
1682
1951
2103
2089
1926
1682
1431
1219
1064
968
937
967
1018
1044
1027
980
917
836
723
574
423
323
308
370
467
549
576
549
487
409
286
83
-208
-563
-929
-1249
-1480
-1613
-1663
-1645
-1585
-1514
-1458
-1433
-1442
-1493
-1566
-1609
-1564
-1391
-1086
-681
-213
280
757
1166
1470
1647
1667
1534
1296
1038
810
625
483
377
309
272
261
261
248
203
113
3
-107
-213
-328
-451
-549
-589
-545
-418
-248
-105
-39
-46
-108
-238
-459
-765
-1102
-1400
-1611
-1723
-1751
-1725
-1672
-1619
-1590
-1600
-1630
-1644
-1634
-1599
-1536
-1400
-1152
-791
-355
98
538
970
1391
1752
1985
2072
2058
1989
1889
1771
1650
1547
1461
1399
1360
1336
1307
1266
1201
1086
896
632
346
107
-43
-92
-51
81
286
493
601
550
381
180
-2
-198
-434
-698
-948
-1146
-1268
-1318
-1319
-1300
-1271
-1221
-1165
-1130
-1144
-1189
-1210
-1141
-954
-653
-271
145
540
881
1186
1451
1648
1744
1751
1690
1565
1396
1221
1082
987
927
902
920
970
1001
938
763
517
267
61
-75
-157
-210
-246
-224
-108
91
307
459
497
439
330
179
-55
-386
-755
-1069
-1269
-1359
-1365
-1321
-1253
-1183
-1142
-1153
-1214
-1295
-1370
-1419
-1394
-1252
-995
-681
-369
-76
206
485
735
894
908
776
571
377
250
204
213
248
292
348
414
471
485
427
306
145
-22
-180
-303
-362
-340
-251
-126
29
213
404
550
600
534
362
121
-138
-350
-477
-531
-558
-591
-613
-621
-609
-604
-612
-648
-704
-758
-783
-762
-692
-581
-449
-294
-97
146
392
585
694
707
624
474
309
153
6
-117
-192
-209
-206
-216
-248
-277
-293
-295
-290
-284
-282
-298
-313
-300
-216
-35
205
419
547
593
583
520
396
240
100
10
-13
26
110
224
358
496
601
640
610
549
506
505
522
504
440
389
423
582
829
1086
1282
1404
1464
1459
1362
1169
912
620
323
45
-172
-312
-385
-441
-521
-642
-806
-989
-1143
-1225
-1243
-1230
-1190
-1091
-925
-723
-527
-352
-203
-94
-25
3
3
-32
-104
-202
-288
-319
-297
-251
-189
-81
89
301
488
589
579
500
421
380
381
426
514
635
775
924
1071
1210
1330
1391
1347
1173
898
573
254
-8
-195
-320
-430
-550
-674
-796
-929
-1079
-1242
-1405
-1552
-1661
-1720
-1719
-1642
-1483
-1241
-961
-704
-533
-457
-440
-448
-475
-525
-586
-635
-654
-642
-581
-459
-294
-121
41
185
304
385
424
441
465
505
556
628
770
992
1248
1460
1601
1684
1718
1689
1588
1420
1170
847
501
205
-6
-138
-223
-298
-394
-505
-599
-669
-741
-836
-962
-1101
-1206
-1230
-1154
-1000
-787
-544
-305
-122
-26
-34
-140
-302
-472
-629
-771
-869
-860
-727
-541
-390
-309
-259
-192
-90
47
205
345
428
466
511
608
754
930
1126
1319
1488
1614
1687
1699
1653
1572
1463
1312
1124
925
734
539
336
156
23
-70
-161
-270
-383
-473
-522
-547
-551
-542
-532
-518
-483
-414
-333
-282
-280
-341
-459
-619
-771
-869
-903
-890
-856
-795
-705
-589
-474
-373
-279
-184
-86
3
70
112
148
206
314
476
655
813
942
1057
1154
1191
1144
1032
886
722
560
438
386
388
407
410
389
348
302
252
172
37
-131
-281
-373
-396
-370
-335
-343
-400
-450
-441
-406
-427
-569
-806
-1055
-1236
-1328
-1355
-1347
-1325
-1287
-1228
-1131
-1006
-887
-791
-720
-658
-601
-555
-525
-496
-448
-374
-287
-181
-38
148
338
480
541
533
497
472
472
491
528
580
635
687
752
837
940
1028
1066
1021
915
799
706
620
520
418
336
281
237
193
132
41
-82
-239
-414
-574
-673
-706
-694
-654
-574
-443
-295
-168
-80
-23
22
68
134
206
243
212
116
-6
-105
-150
-136
-98
-83
-111
-166
-218
-261
-312
-371
-407
-369
-236
-39
167
339
451
507
508
470
411
357
340
362
402
443
478
503
507
489
443
365
247
105
-35
-162
-266
-339
-362
-325
-223
-84
50
147
215
277
342
398
416
394
345
299
261
216
145
67
7
-27
-53
-97
-180
-305
-430
-503
-523
-529
-532
-481
-351
-189
-52
55
150
234
291
306
271
204
123
48
-31
-115
-185
-191
-120
-8
63
37
-82
-236
-360
-438
-488
-543
-597
-619
-584
-496
-367
-201
-3
207
388
491
503
447
370
308
274
274
298
320
319
285
218
122
7
-111
-218
-306
-351
-359
-352
-365
-388
-371
-278
-112
82
244
343
371
351
301
218
95
-36
-120
-139
-123
-113
-131
-177
-238
-288
-309
-314
-329
-373
-427
-474
-513
-544
-559
-541
-469
-331
-164
-8
120
210
265
284
288
294
303
303
278
227
183
180
220
272
299
281
217
122
28
-49
-116
-182
-233
-242
-196
-106
20
148
245
312
352
355
299
202
103
16
-62
-126
-160
-167
-167
-177
-203
-254
-317
-372
-387
-345
-256
-153
-64
6
63
126
198
269
323
364
414
477
509
474
377
270
188
135
115
106
92
52
19
32
103
194
256
258
202
143
132
193
287
357
370
330
270
220
202
203
189
127
20
-110
-228
-309
-345
-347
-332
-308
-274
-228
-178
-136
-106
-87
-84
-111
-167
-235
-297
-337
-346
-330
-282
-203
-100
-5
46
46
1
-46
-53
7
101
170
180
142
94
74
112
188
263
313
364
435
506
541
516
447
367
305
264
219
136
17
-113
-219
-303
-367
-420
-485
-594
-757
-914
-991
-950
-833
-704
-612
-553
-507
-463
-422
-375
-303
-202
-96
-20
12
-3
-46
-91
-98
-59
8
86
166
230
264
269
268
252
214
179
187
256
365
493
610
687
697
646
566
488
427
375
312
236
150
61
-29
-117
-203
-297
-387
-459
-507
-545
-566
-549
-494
-411
-304
-174
-25
113
217
263
252
215
185
169
132
45
-72
-170
-202
-169
-106
-41
21
91
159
213
249
275
310
358
413
455
467
461
462
489
523
552
564
565
558
540
511
460
393
299
163
-3
-145
-214
-240
-298
-432
-591
-719
-794
-830
-833
-807
-767
-725
-669
-575
-444
-298
-173
-77
-9
47
94
100
31
-103
-234
-289
-250
-150
-34
67
151
232
332
438
518
536
501
457
433
424
414
401
395
402
411
401
360
301
231
153
58
-43
-141
-233
-318
-388
-433
-463
-502
-570
-670
-786
-892
-958
-967
-923
-843
-731
-596
-438
-279
-136
-40
-3
-15
-43
-61
-61
-43
-2
58
136
251
408
565
673
722
740
744
738
735
738
718
651
568
518
509
504
460
382
310
265
244
227
200
152
71
-38
-160
-283
-385
-455
-489
-503
-505
-496
-462
-435
-464
-577
-730
-835
-854
-800
-715
-622
-542
-498
-485
-472
-440
-399
-361
-327
-291
-260
-232
-187
-113
-21
66
145
229
336
456
577
685
784
871
936
966
960
925
884
859
849
820
748
654
561
476
384
286
204
152
125
91
17
-98
-229
-343
-419
-470
-516
-563
-578
-555
-537
-557
-588
-590
-565
-534
-487
-416
-331
-260
-209
-185
-202
-258
-316
-326
-282
-204
-118
-27
72
167
254
311
320
291
292
378
522
652
718
738
732
717
710
721
733
716
665
613
589
584
571
528
465
400
350
317
275
188
67
-37
-73
-69
-100
-199
-319
-392
-409
-406
-408
-396
-366
-337
-328
-341
-355
-368
-399
-475
-586
-692
-748
-743
-693
-618
-534
-454
-385
-322
-266
-221
-183
-154
-124
-78
-5
82
152
188
181
133
48
-49
-134
-199
-255
-318
-373
-391
-375
-357
-368
-387
-375
-329
-270
-217
-167
-124
-97
-87
-70
-29
22
43
36
20
22
42
77
140
209
247
228
174
112
58
14
-11
-1
40
77
81
56
37
63
143
266
383
452
453
414
382
369
355
312
254
214
190
138
33
-92
-191
-242
-243
-209
-174
-153
-144
-149
-158
-155
-123
-84
-70
-81
-87
-75
-50
-10
54
129
195
242
281
321
353
379
412
463
505
503
456
407
392
408
430
452
497
561
604
592
546
522
564
645
694
671
597
522
474
448
420
364
275
173
75
-39
-188
-347
-458
-487
-456
-400
-362
-354
-351
-328
-296
-296
-344
-427
-512
-590
-646
-682
-699
-685
-633
-556
-485
-413
-321
-201
-94
-37
-18
-12
-6
-26
-70
-119
-138
-116
-87
-106
-196
-308
-363
-332
-263
-218
-215
-212
-175
-98
-17
48
89
101
58
-41
-161
-262
-333
-385
-418
-437
-433
-421
-403
-375
-323
-249
-188
-187
-242
-308
-337
-333
-329
-342
-355
-340
-293
-232
-179
-143
-117
-95
-70
-24
57
157
221
207
130
40
-21
-48
-56
-49
-46
-62
-97
-127
-124
-81
-15
56
113
156
194
242
304
375
439
480
480
426
332
232
177
188
260
363
455
502
521
542
588
637
656
630
565
498
475
521
616
705
747
746
736
760
818
881
911
896
845
784
734
690
634
551
447
331
221
132
75
50
47
58
63
52
12
-37
-72
-72
-54
-41
-42
-33
-12
-20
-102
-255
-411
-499
-501
-460
-422
-413
-419
-412
-387
-359
-371
-432
-516
-579
-605
-623
-663
-731
-790
-795
-736
-644
-574
-549
-543
-513
-442
-358
-284
-235
-220
-258
-346
-432
-481
-488
-493
-512
-531
-535
-527
-521
-525
-542
-576
-615
-633
-613
-551
-450
-321
-203
-132
-115
-139
-182
-224
-234
-208
-170
-150
-142
-125
-79
2
105
199
256
253
202
128
74
66
97
145
203
268
320
351
367
400
461
546
640
720
775
813
845
856
835
788
748
733
723
696
643
590
564
559
548
507
456
434
452
473
451
365
237
121
55
51
78
92
57
-14
-64
-48
38
134
185
165
99
31
-7
-16
-29
-60
-100
-127
-133
-127
-119
-107
-92
-79
-95
-137
-191
-221
-205
-149
-86
-49
-34
-32
-37
-38
-21
20
63
103
145
173
169
141
125
128
126
94
33
-45
-121
-191
-258
-322
-371
-377
-349
-297
-262
-254
-255
-236
-194
-144
-98
-53
-10
17
22
13
0
-33
-114
-239
-377
-485
-551
-585
-603
-616
-632
-654
-681
-698
-679
-598
-454
-282
-140
-81
-89
-113
-123
-141
-184
-214
-184
-96
-8
28
11
-13
-6
32
75
96
74
0
-118
-239
-323
-341
-309
-266
-237
-221
-192
-127
-16
120
243
330
383
420
444
449
438
420
384
310
209
124
91
104
144
180
188
152
99
67
59
62
51
30
26
66
143
220
274
321
375
415
423
409
395
383
366
352
355
380
411
425
399
336
263
217
193
169
126
78
28
-22
-81
-130
-151
-136
-84
-16
51
86
87
60
30
31
84
172
251
281
247
165
80
24
14
43
97
171
243
283
261
187
115
97
131
164
155
94
21
-26
-23
13
48
52
32
12
5
3
-6
-44
-126
-246
-367
-434
-427
-383
-357
-388
-474
-589
-693
-753
-756
-707
-620
-512
-414
-347
-311
-282
-245
-206
-174
-180
-230
-296
-321
-274
-189
-121
-95
-95
-99
-107
-122
-124
-105
-72
-43
-31
-33
-38
-29
0
45
98
156
213
253
282
310
333
334
307
284
286
309
328
319
265
166
50
-50
-129
-185
-214
-214
-211
-231
-279
-329
-353
-336
-271
-165
-59
-1
-11
-48
-59
-27
28
75
96
91
67
40
21
19
28
31
26
43
123
269
430
542
584
573
538
499
471
466
480
486
468
424
364
295
218
158
135
145
