265
290
314
360
422
468
483
476
471
473
462
430
383
350
364
426
480
474
412
345
322
340
363
351
306
252
209
156
67
-61
-193
-263
-246
-183
-152
-182
-234
-258
-238
-198
-171
-173
-197
-213
-191
-128
-76
-93
-188
-278
-280
-209
-162
-215
-339
-431
-392
-245
-112
-105
-206
-315
-336
-258
-143
-60
-34
-51
-87
-118
-109
-47
20
41
22
13
50
122
190
225
218
183
138
75
-1
-75
-116
-116
-98
-108
-186
-311
-384
-324
-166
-51
-58
-117
-128
-79
-41
-49
-106
-194
-273
-288
-241
-186
-165
-150
-85
32
142
186
170
147
147
149
122
76
47
45
40
4
-55
-89
-86
-81
-108
-138
-118
-55
-6
-5
-17
11
95
202
280
280
199
100
60
83
93
35
-46
-81
-55
-6
45
82
59
-40
-156
-184
-96
30
103
108
88
77
64
36
15
35
118
240
342
370
305
189
77
-4
-54
-60
9
143
274
336
312
225
126
78
103
155
169
145
137
173
224
233
189
134
113
122
113
55
-34
-98
-99
-57
-12
38
146
314
461
499
435
334
230
146
94
58
2
-70
-88
-50
-25
-65
-136
-180
-199
-202
-178
-143
-161
-256
-351
-356
-279
-212
-239
-343
-431
-398
-237
-61
11
-25
-72
-71
-46
-62
-146
-276
-382
-391
-298
-186
-158
-227
-323
-360
-331
-280
-216
-123
-4
77
100
104
127
133
103
82
110
139
117
86
89
87
37
-7
31
125
199
222
227
228
217
207
217
235
207
114
-12
-103
-125
-112
-141
-260
-383
-394
-294
-192
-143
-93
-49
-69
-142
-168
-126
-94
-102
-99
-93
-167
-301
-374
-321
-202
-91
-11
29
24
7
25
56
44
-38
-127
-139
-30
118
204
212
215
242
233
208
227
278
247
117
25
59
168
254
283
250
171
104
110
165
202
214
252
316
345
310
237
169
106
39
-28
-86
-133
-180
-190
-142
-55
-7
-45
-142
-227
-249
-192
-95
-25
-34
-77
-54
67
210
266
225
145
62
-20
-76
-76
-48
-53
-61
0
112
131
-20
-249
-382
-360
-254
-160
-129
-137
-127
-43
88
182
194
190
261
395
472
401
213
13
-124
-189
-189
-161
-140
-150
-164
-175
-185
-140
19
251
414
453
426
368
260
134
79
98
103
54
6
-5
7
16
36
64
60
6
-78
-113
-58
60
167
199
141
18
-112
-157
-73
101
247
283
225
154
121
94
2
-157
-329
-458
-543
-593
-592
-540
-455
-372
-312
-296
-328
-359
-314
-171
-25
11
-62
-150
-170
-120
-38
16
-27
-169
-299
-288
-152
-21
16
-6
-3
71
205
339
406
366
249
138
100
146
231
271
195
26
-124
-145
-34
124
230
203
22
-219
-348
-258
-10
227
294
142
-132
-330
-324
-174
-37
1
-51
-143
-212
-215
-200
-264
-411
-509
-474
-377
-320
-283
-201
-86
-1
28
4
-69
-149
-162
-75
90
293
499
647
689
614
490
389
351
353
350
330
320
322
298
226
144
122
189
304
360
274
74
-94
-63
190
526
712
600
269
-17
-36
178
393
406
197
-94
-252
-151
132
357
372
227
74
13
54
153
248
240
75
-202
-451
-599
-659
-650
-545
-393
-331
-412
-510
-486
-363
-267
-260
-305
-355
-380
-388
-376
-327
-214
-25
210
408
441
290
122
146
327
422
291
70
-71
-112
-126
-144
-210
-372
-538
-490
-150
240
362
125
-261
-505
-433
-87
288
410
210
-97
-226
-111
89
186
136
-6
-155
-239
-208
-120
-103
-191
-276
-239
-115
29
153
206
82
-204
-442
-477
-379
-283
-186
-73
-8
-31
0
176
353
349
188
57
30
97
237
440
562
437
68
-354
-599
-542
-193
269
542
435
81
-204
-234
-70
138
281
286
180
77
15
-73
-206
-217
-26
208
262
141
27
42
185
372
478
378
146
24
130
260
185
-41
-175
-133
-85
-189
-416
-590
-537
-223
169
366
266
21
-170
-238
-164
73
361
477
351
113
-110
-306
-369
-179
174
409
399
264
110
-41
-102
49
316
420
208
-161
-402
-350
-78
166
160
-75
-299
-272
27
396
552
412
155
40
111
203
205
151
148
218
323
370
306
164
84
159
345
502
512
356
133
-22
-18
116
264
284
99
-217
-505
-612
-510
-293
-123
-111
-212
-285
-240
-103
50
132
78
-92
-262
-329
-286
-152
14
83
-44
-310
-589
-821
-901
-664
-140
313
381
110
-249
-537
-667
-543
-202
127
218
20
-346
-658
-666
-302
179
401
200
-259
-662
-726
-378
155
499
422
9
-462
-688
-532
-101
278
360
166
-79
-200
-169
-41
72
69
-37
-125
-169
-281
-497
-620
-475
-132
200
415
453
233
-195
-545
-550
-261
83
295
328
160
-152
-446
-569
-476
-224
76
243
188
37
62
345
690
843
722
439
227
264
529
795
876
787
663
602
586
548
406
198
63
135
394
686
807
626
234
-49
19
276
374
208
27
24
140
218
259
316
394
412
326
147
-36
-132
-100
-21
12
-19
-82
-152
-258
-367
-459
-464
-367
-201
-154
-335
-592
-589
-225
221
422
292
9
-197
-167
44
209
121
-142
-354
-374
-267
-114
-7
-27
-262
-549
-708
-746
-812
-765
-254
635
1285
1143
399
-365
-572
-47
939
1602
1330
352
-423
-440
24
357
285
41
-50
101
216
53
-338
-714
-923
-930
-742
-470
-328
-385
-499
-527
-440
-257
-7
176
200
134
115
116
35
-136
-314
-484
-675
-846
-921
-834
-612
-383
-368
-617
-883
-856
-517
-146
61
113
130
152
154
116
47
-10
-20
8
32
15
-10
15
113
203
154
-54
-286
-335
-135
185
424
459
326
125
-49
-151
-114
80
338
502
515
473
486
565
623
573
432
303
263
260
195
64
-46
-61
22
133
142
-17
-261
-403
-320
-26
373
693
746
497
149
1
175
519
713
544
97
-286
-350
-160
25
19
-127
-238
-119
207
515
579
429
251
152
153
287
558
789
767
518
276
209
258
287
259
240
282
320
225
-37
-304
-374
-179
137
400
539
606
618
549
398
238
149
154
241
337
305
43
-349
-639
-679
-527
-355
-305
-442
-719
-996
-1133
-1103
-1001
-939
-970
-1030
-999
-816
-575
-425
-416
-454
-453
-408
-332
-247
-202
-251
-394
-498
-486
-361
-243
-217
-263
-321
-291
-138
110
298
358
346
422
596
743
761
681
603
590
598
547
397
255
245
314
274
42
-242
-427
-484
-507
-585
-768
-966
-1002
-834
-678
-764
-1044
-1258
-1222
-1008
-833
-871
-1075
-1215
-1126
-877
-655
-548
-510
-483
-437
-311
-51
311
643
832
887
913
1041
1383
1948
2619
3167
3420
3387
3227
3101
3055
3035
2989
2941
2972
3043
2816
1835
50
-1853
-2948
-2966
-2576
-2673
-3522
-4572
-4993
-4368
-3063
-1972
-1693
-1910
-1778
-926
187
865
945
841
1064
1767
2634
3138
3023
2511
1954
1414
742
-56
-803
-1463
-2221
-3150
-4028
-4553
-4653
-4507
-4311
-4053
-3469
-2301
-601
1227
2761
3882
4777
5660
6542
7234
7554
7532
7403
7346
7141
6192
4060
1167
-1304
-2416
-2383
-2365
-3328
-5165
-6783
-7079
-5958
-4475
-3813
-4086
-4298
-3495
-1752
0
941
1087
1128
1706
2796
3801
4150
3729
2830
1829
980
282
-514
-1717
-3373
-5127
-6399
-6841
-6631
-6355
-6414
-6543
-6069
-4672
-2787
-1113
119
1290
2794
4504
5887
6624
6979
7482
8262
8809
8557
7633
6713
5984
4748
2420
-388
-2394
-3071
-3147
-3698
-5140
-6909
-7842
-7131
-5250
-3764
-3762
-4661
-4871
-3554
-1374
370
1082
1241
1730
2890
4264
5095
5017
4266
3353
2639
2127
1493
337
-1462
-3550
-5286
-6196
-6336
-6251
-6455
-6877
-6862
-5854
-4026
-2113
-658
420
1539
2920
4395
5669
6639
7467
8331
9141
9539
9278
8577
7801
6823
5088
2535
29
-1497
-2073
-2529
-3559
-5168
-6723
-7288
-6373
-4669
-3646
-3989
-4764
-4483
-2739
-554
800
1044
1008
1645
3021
4322
4780
4394
3725
3134
2522
1687
639
-577
-2064
-3867
-5702
-7058
-7638
-7590
-7375
-7304
-7170
-6416
-4758
-2590
-658
655
1594
2670
4126
5772
7197
8105
8531
8783
9116
9390
9227
8428
7075
5248
3059
947
-528
-1402
-2340
-3788
-5449
-6663
-6972
-6341
-5276
-4677
-4986
-5516
-5089
-3440
-1555
-583
-587
-603
272
1913
3344
3782
3394
2979
3007
3096
2503
1021
-848
-2508
-3821
-4955
-5982
-6846
-7504
-7916
-7980
-7533
-6512
-5033
-3364
-1752
-253
1196
2599
3903
5103
6200
7125
7813
8382
9025
9663
9851
9256
8058
6625
4941
2835
617
-1047
-2018
-2880
-4124
-5591
-6736
-7079
-6489
-5465
-4931
-5210
-5424
-4512
-2679
-1234
-935
-1092
-476
1227
3164
4350
4562
4230
3879
3764
3718
3169
1609
-740
-2987
-4419
-5126
-5730
-6720
-8015
-8941
-8687
-7104
-5074
-3694
-3088
-2264
-378
2208
4292
5185
5391
5915
7133
8529
9435
9705
9605
9328
8918
8329
7300
5363
2551
-107
-1479
-1738
-2242
-3910
-6198
-7714
-7456
-5654
-3800
-3526
-4846
-5913
-5038
-2716
-964
-910
-1604
-1295
608
3106
4764
4992
4248
3492
3366
3613
3251
1607
-880
-3073
-4299
-4832
-5460
-6692
-8261
-9216
-8700
-6837
-4725
-3304
-2398
-1082
1064
3370
4870
5416
5721
6470
7628
8729
9434
9677
9436
8782
7978
7136
5832
3588
848
-1157
-1869
-2178
-3322
-5374
-7203
-7675
-6617
-4967
-4156
-4867
-6141
-6212
-4487
-2280
-1230
-1421
-1440
-158
2092
4068
4980
4935
4439
3891
3520
3242
2491
667
-2004
-4403
-5634
-5947
-6362
-7439
-8709
-9118
-8005
-5724
-3429
-2034
-1330
-304
1600
3785
5224
5631
5679
6153
7174
8306
9086
9294
8924
8226
7566
6892
5530
3088
349
-1362
-1796
-2066
-3252
-5196
-6817
-7153
-6136
-4734
-4286
-5165
-6175
-5791
-3920
-1995
-1277
-1530
-1445
-148
2004
3904
4771
4616
4007
3529
3407
3286
2462
523
-2054
-4196
-5275
-5706
-6332
-7378
-8209
-8034
-6653
-4636
-2855
-1758
-1008
96
1791
3544
4652
5004
5151
5681
6687
7844
8761
9225
9164
8718
8115
7309
5857
3607
1319
13
-370
-1002
-2719
-4931
-6298
-6093
-4892
-4081
-4645
-6069
-6684
-5445
-3203
-1846
-2159
-2954
-2398
-44
2698
4095
3858
3139
3124
3812
4224
3423
1411
-911
-2538
-3280
-3835
-4961
-6605
-7952
-8280
-7596
-6448
-5332
-4384
-3414
-2137
-476
1202
2367
2913
3333
4199
5531
6908
8010
8845
9443
9644
9339
8633
7562
5944
3897
2103
1077
272
-1239
-3419
-5167
-5702
-5340
-4964
-5205
-6101
-6945
-6721
-5229
-3589
-3077
-3512
-3381
-1649
1003
2941
3401
3152
3359
4261
5071
4901
3529
1508
-312
-1459
-2266
-3426
-5205
-7038
-8067
-7998
-7287
-6548
-5957
-5255
-4184
-2750
-1218
44
883
1576
2606
4116
5702
6890
7683
8457
9371
10044
9994
9174
7875
6297
4579
3079
2069
1131
-448
-2623
-4459
-5213
-5106
-4939
-5347
-6408
-7468
-7543
-6314
-4706
-3980
-4205
-4088
-2515
59
2120
2817
2772
3062
4008
4983
5152
4128
2278
483
-595
-1190
-2148
-3948
-6074
-7479
-7641
-6983
-6322
-6059
-5908
-5310
-4021
-2371
-984
-152
498
1599
3348
5272
6724
7581
8296
9266
10235
10587
10046
8839
7300
5762
4600
3881
2944
1110
-1304
-3178
-3928
-4038
-4373
-5358
-6783
-7884
-7822
-6627
-5395
-5185
-5683
-5521
-3873
-1429
413
1097
1365
2202
3749
5188
5543
4500
2701
1247
657
293
-931
-3237
-5589
-6788
-6740
-6354
-6401
-6747
-6683
-5745
-4146
-2583
-1627
-1126
-351
1221
3268
4980
5948
6605
7672
9240
10522
10736
9966
8938
8118
7443
6706
5680
3992
1604
-762
-2303
-3163
-4141
-5561
-7051
-8234
-8930
-8953
-8334
-7608
-7281
-7051
-6096
-4183
-2095
-675
191
1318
3023
4735
5657
5490
4536
3422
2673
2224
1399
-338
-2616
-4436
-5220
-5371
-5710
-6535
-7315
-7254
-6153
-4684
-3717
-3384
-2952
-1668
400
2473
3915
4854
5968
7690
9612
10839
10926
10299
9635
9102
8432
7399
5933
4005
1826
-176
-1793
-3280
-4826
-6252
-7418
-8456
-9290
-9514
-9029
-8373
-8006
-7644
-6668
-4978
-3103
-1459
33
1573
3093
4424
5461
6021
5855
5087
4256
3680
2972
1511
-687
-2791
-4022
-4486
-4957
-5888
-6870
-7137
-6412
-5239
-4426
-4188
-3846
-2609
-469
1778
3458
4684
6083
7959
9834
10950
11079
10629
10067
9540
8991
8206
6783
4601
2201
304
-1053
-2428
-4120
-5941
-7629
-8931
-9512
-9368
-9100
-9219
-9252
-8305
-6339
-4338
-3024
-1986
-377
1870
3936
5082
5334
5233
5179
5188
4949
4095
2522
582
-1115
-2249
-3070
-4096
-5450
-6642
-7054
-6603
-5825
-5335
-5196
-4860
-3735
-1839
204
1824
3090
4572
6608
8777
10244
10651
10410
10096
9887
9630
9116
8016
6159
3928
2034
706
-516
-2091
-4034
-6070
-7790
-8742
-8922
-8979
-9473
-9970
-9526
-7980
-6202
-4975
-4079
-2716
-614
1645
3255
3965
4166
4356
4681
4887
4587
3616
2164
653
-591
-1579
-2588
-3804
-5041
-5849
-5947
-5553
-5169
-5069
-4991
-4409
-3105
-1419
132
1444
2900
4840
7005
8746
9639
9788
9550
9296
9268
9334
8899
7549
5669
4007
2778
1576
79
-1747
-3773
-5675
-6884
-7308
-7673
-8645
-9693
-9663
-8353
-6844
-6036
-5550
-4441
-2490
-366
1272
2256
2810
3226
3743
4261
4354
3708
2543
1321
215
-882
-1945
-2822
-3524
-4149
-4555
-4470
-3996
-3623
-3623
-3649
-3154
-1994
-553
815
2109
3568
5225
6856
8138
8801
8795
8555
8725
9312
9442
8393
6603
5063
4125
3294
2040
211
-1974
-3962
-5150
-5640
-6351
-7834
-9308
-9516
-8410
-7213
-6771
-6523
-5470
-3545
-1569
-175
641
1250
1914
2665
3207
3174
2555
1789
1215
666
-163
-1133
-1768
-2001
-2255
-2762
-3164
-3063
-2628
-2345
-2328
-2223
-1647
-604
660
1912
3103
4299
5612
6975
7964
8118
7654
7475
7986
8421
7829
6439
5213
4550
3976
2957
1310
-801
-2823
-4065
-4610
-5435
-7138
-8876
-9287
-8319
-7278
-7103
-7175
-6343
-4495
-2644
-1555
-1036
-443
509
1572
2255
2245
1748
1282
1079
846
239
-560
-1003
-970
-983
-1479
-2050
-1996
-1403
-1101
-1473
-1889
-1538
-401
853
1715
2273
2998
4195
5711
6878
7024
6316
5871
6456
7390
7326
6096
4832
4381
4347
3860
2550
637
-1309
-2676
-3388
-4238
-5915
-7881
-8794
-8317
-7571
-7590
-7878
-7235
-5512
-3798
-2919
-2503
-1750
-482
736
1307
1137
729
664
958
1004
366
-566
-981
-681
-339
-591
-1172
-1273
-733
-232
-329
-672
-565
192
1190
2011
2597
3210
4143
5419
6548
6812
6124
5436
5768
6782
7126
6227
5032
4561
4671
4469
3427
1625
-389
-1857
-2483
-2993
-4387
-6471
-7879
-7798
-7035
-6870
-7355
-7338
-6135
-4363
-3060
-2436
-1907
-999
140
959
1081
704
483
764
1103
804
-79
-709
-545
-41
-8
-496
-761
-350
270
403
91
-39
408
1253
2098
2750
3298
3982
4895
5817
6231
5864
5110
4854
5413
6032
5794
4877
4181
4008
3832
3229
2226
849
-769
-2078
-2727
-3374
-4848
-6744
-7746
-7504
-7043
-7210
-7496
-6955
-5599
-4260
-3454
-2929
-2268
-1398
-541
44
181
11
-90
58
127
-221
-741
-885
-595
-393
-599
-843
-600
12
381
207
-74
102
801
1583
2088
2380
2854
3712
4702
5283
5118
4443
3936
4152
4821
5085
4538
3789
3528
3615
3452
2844
1894
609
-817
-1871
-2511
-3479
-5153
-6698
-7126
-6734
-6615
-7054
-7208
-6448
-5203
-4253
-3703
-3090
-2157
-1111
-288
117
129
64
268
645
693
277
-61
166
646
722
348
142
481
970
1003
595
387
841
1716
2385
2608
2767
3368
4361
5175
5342
4953
4474
4353
4722
5246
5362
4920
4408
4215
4151
3855
3302
2460
1174
-300
-1363
-2034
-3087
-4805
-6369
-6962
-6836
-6794
-7026
-6996
-6352
-5360
-4487
-3810
-3121
-2280
-1359
-549
-76
-20
-114
-21
244
322
93
-142
-94
87
76
-139
-218
51
437
574
457
472
867
1472
1991
2442
3039
3798
4470
4855
4996
4940
4629
4261
4272
4700
4900
4444
3807
3587
3656
3492
2902
1858
405
-1015
-1843
-2362
-3485
-5329
-6783
-7000
-6553
-6586
-7256
-7630
-7028
-5794
-4751
-4203
-3837
-3198
-2216
-1239
-735
-746
-792
-453
79
258
-40
-398
-404
-161
-41
-216
-411
-276
169
501
471
395
776
1664
2581
3148
3472
3914
4541
5106
5308
5040
4378
3770
3815
4534
5102
4839
4153
3836
3964
3952
3475
2535
1240
-133
-1116
-1746
-2709
-4345
-5918
-6528
-6394
-6503
-7133
-7429
-6706
-5418
-4518
-4153
-3734
-2860
-1778
-924
-494
-378
-296
-15
372
451
16
-566
-697
-309
28
-124
-445
-303
342
882
950
914
1335
2206
3001
3362
3475
3742
4239
4716
4986
5057
4915
4570
4373
4716
5353
5497
4889
4134
3778
3674
3411
2839
1915
656
-648
-1666
-2565
-3799
-5288
-6371
-6736
-6864
-7255
-7613
-7312
-6425
-5630
-5179
-4647
-3743
-2771
-2105
-1728
-1416
-1013
-476
76
340
139
-223
-257
95
351
179
-121
-15
524
1012
1125
1112
1434
2148
2853
3193
3307
3537
3939
4217
4256
4303
4514
4605
4342
4111
4368
4833
4775
4128
3530
3409
3484
3251
2421
1051
-444
-1521
-2136
-2918
-4337
-5959
-6912
-7038
-6997
-7303
-7655
-7513
-6835
-5985
-5195
-4455
-3733
-3051
-2387
-1747
-1203
-809
-531
-335
-270
-315
-308
-118
143
270
269
385
752
1198
1461
1545
1736
2222
2828
3238
3408
3584
3915
4231
4336
4319
4414
4549
4411
4031
3945
4432
4933
4725
3960
3438
3513
3691
3330
2291
902
-395
-1336
-2082
-3117
-4649
-6162
-6883
-6736
-6478
-6772
-7337
-7343
-6455
-5239
-4466
-4242
-3975
-3175
-2053
-1239
-1007
-1003
-766
-264
162
308
314
418
679
971
1158
1255
1398
1686
2027
2258
2375
2558
2911
3278
3452
3445
3458
3605
3784
3891
3966
3987
3810
3500
3516
4032
4487
4247
3583
3272
3467
3512
2900
1808
623
-467
-1446
-2377
-3480
-4861
-6125
-6692
-6616
-6621
-7123
-7548
-7109
-5918
-4914
-4621
-4500
-3786
-2563
-1632
-1411
-1418
-1000
-164
477
513
156
-57
216
861
1466
1662
1506
1416
1706
2183
2438
2430
2508
2816
3025
2873
2609
2655
2986
3220
3157
3067
3229
3532
3595
3406
3368
3671
3961
3866
3526
3252
3049
2666
2011
1087
-89
-1437
-2664
-3601
-4416
-5378
-6381
-7038
-7168
-7031
-6944
-6886
-6591
-5933
-5087
-4291
-3645
-3072
-2478
-1827
-1225
-805
-583
-406
-131
270
719
1142
1495
1790
2057
2310
2564
2807
2991
3019
2917
2800
2752
2703
2561
2300
2038
1930
2044
2271
2496
2753
3040
3209
3152
3147
3516
4102
4286
3806
3106
2772
2737
2413
1430
36
-1236
-2117
-2780
-3629
-4842
-6131
-6911
-6935
-6629
-6675
-7119
-7274
-6578
-5358
-4417
-4064
-3855
-3231
-2216
-1265
-709
-408
-32
577
1273
1801
2037
2137
2352
2738
3086
3211
3172
3184
3301
3302
3010
2564
2265
2128
1955
1695
1573
1682
1862
1949
2047
2302
2646
2877
2987
3218
3650
4027
4006
3668
3303
3040
2625
1869
822
-309
-1422
-2435
-3315
-4121
-4965
-5802
-6405
-6641
-6651
-6720
-6837
-6691
-6048
-5187
-4552
-4218
-3809
-3052
-2085
-1267
-728
-276
352
1156
1879
2324
2581
2944
3522
4080
4250
3976
3539
3232
3012
2667
2094
1429
941
775
806
735
518
443
794
1403
1921
2257
2583
2955
3270
3541
3833
4072
4039
3736
3361
3041
2658
2060
1226
188
-986
-2120
-3027
-3805
-4749
-5895
-6832
-7208
-7145
-7112
-7321
-7489
-7160
-6267
-5289
-4688
-4366
-3770
-2625
-1273
-250
339
891
1750
2792
3605
3950
4018
4131
4398
4539
4233
3492
2691
2147
1782
1301
617
-37
-432
-582
-621
-570
-343
78
585
1069
1535
2050
2611
3099
3410
3588
3742
3912
4003
3934
3605
2994
2205
1446
771
-36
-1156
-2434
-3499
-4230
-4885
-5715
-6562
-7057
-7093
-6928
-6817
-6735
-6452
-5812
-4850
-3754
-2671
-1649
-612
485
1600
2618
3449
4066
4475
4744
4951
5037
4803
4184
3437
2862
2440
1934
1255
585
92
-261
-565
-760
-718
-508
-318
-167
130
630
1207
1755
2330
2926
3405
3697
3896
4094
4190
4072
3774
3429
2997
2303
1309
236
-678
-1466
-2359
-3442
-4492
-5247
-5714
-6143
-6675
-7167
-7332
-7041
-6393
-5613
-4809
-3905
-2781
-1482
-230
795
1600
2342
3062
3647
3978
4058
3929
3594
3130
2684
2296
1805
1095
321
-227
-498
-747
-1197
-1707
-1944
-1781
-1429
-1148
-972
-711
-210
474
1071
1438
1782
2428
3332
4020
4144
3878
3694
3759
3784
3393
2591
1719
1010
348
-480
-1465
-2428
-3274
-4041
-4751
-5362
-5783
-5958
-5876
-5577
-5110
-4494
-3729
-2829
-1855
-904
-44
735
1466
2127
2600
2795
2771
2677
2591
2491
2360
2168
1800
1166
422
-115
-336
-495
-879
-1456
-1927
-2077
-1956
-1738
-1528
-1270
-888
-337
340
1067
1711
2152
2407
2702
3252
3979
4523
4597
4260
3849
3587
3362
2838
1894
798
-43
-521
-972
-1768
-2833
-3623
-3753
-3462
-3274
-3381
-3516
-3379
-2936
-2296
-1579
-868
-315
0
176
438
852
1252
1465
1459
1318
1134
1027
1028
981
710
212
-337
-827
-1212
-1457
-1565
-1636
-1852
-2227
-2539
-2463
-1922
-1223
-762
-629
-526
-92
712
1570
2112
2280
2276
2367
2641
3054
3390
3350
2800
2062
1682
1791
1813
1120
-172
-1254
-1531
-1244
-1039
-1275
-1683
-1852
-1591
-1078
-626
-412
-347
-172
200
548
582
334
204
447
865
993
729
346
157
183
319
385
160
-499
-1349
-1887
-1852
-1563
-1592
-2110
-2728
-2908
-2567
-1994
-1527
-1204
-952
-728
-493
-176
267
742
1138
1438
1608
1666
1711
1867
1966
1756
1251
892
916
1084
933
401
-131
-295
-62
302
525
426
88
-221
-72
561
1290
1551
1308
990
1019
1294
1419
1188
784
566
602
640
300
-372
-941
-984
-624
-356
-545
-1133
-1778
-2210
-2269
-2013
-1675
-1607
-2006
-2610
-2890
-2489
-1642
-919
-708
-882
-1080
-978
-512
190
837
1155
1123
903
702
575
573
637
579
214
-380
-826
-870
-546
-121
112
87
-119
-215
-10
546
1242
1782
1903
1602
1178
1113
1680
2585
3113
2736
1745
943
876
1351
1813
1828
1263
287
-676
-1161
-1065
-719
-588
-998
-1836
-2620
-2809
-2340
-1676
-1303
-1390
-1661
-1776
-1425
-761
-139
43
-184
-500
-502
-84
448
626
227
-431
-832
-702
-272
-1
-160
-589
-923
-871
-459
69
468
558
469
400
596
1024
1571
2086
2447
2494
2203
1867
1788
2022
2205
2091
1745
1487
1387
1316
1069
796
656
692
629
272
-367
-1003
-1359
-1365
-1180
-1106
-1266
-1617
-1863
-1877
-1630
-1314
-1052
-908
-792
-619
-424
-376
-455
-523
-499
-508
-629
-701
-671
-683
-965
-1392
-1681
-1623
-1369
-1160
-1115
-1202
-1236
-1101
-698
-170
281
567
801
1129
1410
1557
1597
1728
1980
2095
2064
1889
1804
1828
1849
1732
1318
855
511
455
418
257
-160
-673
-1053
-1190
-1084
-1032
-1125
-1341
-1458
-1392
-1206
-1054
-948
-866
-760
-636
-555
-380
-196
53
56
-96
-426
-665
-808
-794
-724
-730
-913
-1123
-1115
-884
-624
-469
-238
119
526
748
861
918
1077
1191
1356
1479
1617
1574
1387
1186
1139
1180
1123
984
807
685
477
368
372
464
329
-43
-412
-535
-496
-439
-446
-481
-534
-664
-728
-654
-382
-90
74
50
-63
-176
-129
39
269
309
137
-154
-404
-563
-745
-878
-970
-895
-859
-886
-961
-863
-513
-30
420
665
754
806
1056
1450
1861
2046
2053
1921
1739
1560
1451
1437
1346
1096
731
459
356
212
42
-191
-227
-268
-360
-615
-874
-1043
-1086
-982
-924
-945
-1193
-1333
-1274
-988
-738
-675
-659
-592
-383
-156
-15
-46
-208
-329
-389
-423
-580
-794
-1013
-1167
-1288
-1386
-1445
-1338
-1182
-1081
-1173
-1145
-819
-327
28
192
447
825
1199
1407
1531
1673
1786
1843
1764
1581
1280
984
861
889
928
747
420
112
-110
-308
-568
-764
-866
-954
-1143
-1420
-1560
-1534
-1362
-1209
-1045
-871
-750
-699
-642
-349
102
574
787
778
649
570
563
507
307
31
-187
-238
-279
-423
-676
-853
-777
-529
-312
-267
-223
-25
367
750
1090
1385
1718
2029
2230
2268
2197
2125
2075
1985
1780
1540
1328
1167
953
644
267
-41
-216
-289
-403
-585
-737
-810
-819
-902
-1019
-1173
-1223
-1167
-1026
-959
-1005
-1046
-959
-744
-457
-175
53
110
65
42
82
78
-93
-255
-330
-305
-444
-710
-965
-945
-731
-456
-280
-145
-13
219
508
835
1062
1249
1477
1747
1915
1851
1709
1596
1569
1496
1346
1154
945
758
538
231
-135
-455
-657
-873
-1241
-1630
-1878
-1952
-2051
-2214
-2323
-2276
-2136
-2017
-1964
-1965
-1929
-1780
-1479
-1155
-895
-735
-669
-671
-676
-495
-206
21
-17
-175
-321
-382
-457
-457
-296
34
319
416
349
269
360
678
1130
1505
1740
1912
2133
2326
2472
2520
2583
2592
2585
2442
2217
1898
1591
1287
962
661
400
199
-96
-476
-903
-1133
-1152
-1058
-1148
-1460
-1822
-2007
-1985
-1881
-1772
-1696
-1614
-1531
-1423
-1333
-1229
-1123
-973
-836
-729
-668
-638
-618
-600
-569
-537
-513
-498
-453
-370
-207
23
284
503
690
922
1242
1567
1835
2081
2352
2636
2805
2824
2730
2694
2749
2821
2717
2454
2130
1874
1669
1399
1022
535
137
-153
-347
-605
-848
-1002
-1088
-1250
-1485
-1649
-1699
-1710
-1801
-1923
-2030
-2054
-1991
-1867
-1699
-1564
-1479
-1431
-1332
-1193
-1064
-1003
-960
-924
-895
-961
-1125
-1323
-1393
-1289
-1072
-830
-599
-345
-9
406
817
1093
1276
1480
1836
2225
2525
2598
2568
2558
2591
2588
2476
2402
2373
2336
2111
1765
1370
1021
690
365
52
-288
-602
-886
-1115
-1365
-1594
-1749
-1788
-1827
-1919
-2040
-2099
-2074
-1983
-1846
-1708
-1595
-1515
-1407
-1320
-1288
-1337
-1340
-1288
-1216
-1145
-1042
-922
-885
-903
-857
-686
-463
-303
-178
-19
253
643
1057
1400
1625
1791
1986
2209
2403
2518
2561
2582
2565
2494
2377
2246
2120
1920
1659
1340
1106
930
788
544
236
-84
-369
-673
-998
-1215
-1299
-1318
-1466
-1693
-1903
-1931
-1779
-1575
-1497
-1649
-1869
-1972
-1826
-1544
-1305
-1260
-1373
-1479
-1446
-1331
-1210
-1114
-967
-827
-700
-632
-554
-419
-175
175
534
824
1031
1268
1582
1869
2023
2071
2215
2458
2715
2841
2869
2874
2880
2903
2859
2739
2464
2098
1686
1366
1125
910
615
262
-74
-328
-551
-786
-1054
-1295
-1470
-1603
-1689
-1797
-1881
-1961
-1965
-1912
-1867
-1870
-1899
-1848
-1728
-1652
-1643
-1703
-1707
-1704
-1669
-1613
-1524
-1378
-1217
-1031
-867
-696
-512
-297
-65
176
397
609
850
1163
1447
1622
1710
1887
2212
2557
2750
2747
2674
2607
2552
2419
2234
2049
1908
1776
1572
1301
1003
719
435
160
-81
-257
-432
-661
-970
-1261
-1417
-1419
-1447
-1625
-1892
-2000
-1919
-1857
-1952
-2166
-2288
-2314
-2233
-2179
-2170
-2241
-2279
-2253
-2186
-2098
-1966
-1753
-1558
-1427
-1300
-1036
-616
-166
191
472
774
1116
1473
1791
2060
2246
2340
2438
2581
2803
2954
2990
2879
2704
2539
2402
2252
2025
1707
1397
1180
1052
900
650
368
127
-52
-246
-476
-757
-953
-1021
-977
-1055
-1274
-1484
-1504
-1469
-1503
-1611
-1622
-1584
-1613
-1728
-1892
-1956
-1935
-1824
-1775
-1848
-1948
-1926
-1752
-1499
-1213
-867
-485
-141
137
377
637
950
1339
1683
1911
2033
2263
2606
2896
2963
2882
2804
2757
2700
2625
2584
2497
2259
1870
1551
1411
1419
1324
1117
812
567
357
182
-15
-312
-616
-914
-1062
-1243
-1445
-1708
-1902
-2063
-2180
-2238
-2201
-2145
-2156
-2284
-2449
-2553
-2548
-2447
-2362
-2262
-2176
-2007
-1845
-1648
-1448
-1192
-893
-540
-214
40
178
346
563
860
1130
1379
1615
1869
2138
2338
2423
2365
2301
2247
2220
2131
2045
1922
1778
1613
1552
1580
1565
1370
1016
699
482
352
148
-112
-378
-571
-754
-979
-1193
-1325
-1365
-1430
-1548
-1718
-1852
-1967
-2016
-2067
-2071
-2102
-2091
-2079
-2054
-2043
-2056
-2018
-1929
-1741
-1543
-1316
-1123
-898
-668
-375
-16
339
670
874
1053
1199
1390
1608
1836
2000
2047
1984
1922
1936
2014
2079
2094
2094
2101
2060
1980
1868
1790
1726
1671
1589
1503
1357
1153
816
418
63
-166
-302
-422
-575
-755
-975
-1181
-1346
-1433
-1485
-1531
-1596
-1721
-1866
-2030
-2071
-2055
-1965
-1933
-1881
-1812
-1641
-1484
-1311
-1146
-902
-612
-357
-117
57
220
322
481
673
910
1034
1147
1178
1222
1174
1188
1257
1376
1444
1414
1360
1290
1333
1404
1526
1532
1525
1463
1421
1285
1092
830
614
444
346
227
64
-156
-413
-616
-793
-882
-1025
-1148
-1335
-1511
-1707
-1830
-1858
-1816
-1790
-1782
-1832
-1877
-1942
-1870
-1688
-1451
-1312
-1243
-1110
-868
-555
-316
-153
-37
145
383
670
912
1137
1235
1271
1170
1146
1158
1257
1269
1212
1127
1068
1063
1072
1135
1234
1325
1290
1173
1071
1123
1199
1205
1014
745
459
302
193
75
-158
-424
-602
-623
-574
-581
-721
-885
-1025
-1095
-1242
-1354
-1477
-1504
-1530
-1525
-1436
-1352
-1177
-1038
-845
-814
-837
-880
-743
-529
-289
-143
-43
69
248
449
603
669
697
719
768
854
936
974
971
1003
1058
1102
1100
1147
1174
1142
969
900
976
1195
1212
1021
755
594
515
328
74
-147
-214
-206
-238
-366
-571
-788
-971
-1094
-1190
-1302
-1421
-1506
-1557
-1573
-1605
-1550
-1438
-1237
-1069
-963
-915
-880
-769
-589
-382
-209
-62
105
294
477
656
789
823
734
574
468
385
334
316
403
512
510
413
358
508
725
928
1004
1071
1119
1176
1205
1174
1046
856
761
777
855
771
640
462
378
242
109
-11
-73
-177
-436
-775
-1050
-1109
-1060
-1050
-1185
-1323
-1351
-1204
-1026
-925
-902
-840
-696
-505
-346
-162
55
256
364
407
436
492
503
488
452
462
513
562
532
430
338
355
412
415
270
103
45
187
414
558
554
459
410
424
482
457
348
201
135
162
184
144
16
-141
-314
-454
-532
-598
-682
-753
-739
-689
-710
-796
-861
-894
-965
-1026
-1006
-953
-927
-876
-695
-524
-457
-437
-400
-376
-382
-303
-161
-53
24
154
296
331
302
263
255
281
386
504
509
430
376
374
392
409
442
452
478
557
635
596
455
344
339
365
392
423
468
408
275
216
306
373
247
37
-70
-98
-213
-386
-494
-544
-664
-754
-630
-332
-178
-264
-384
-348
-255
-248
-271
-261
-287
-443
-582
-477
-128
222
376
370
308
251
213
259
382
490
491
385
244
136
127
251
460
640
690
635
541
465
387
329
308
335
340
261
109
-55
-119
-87
13
49
29
1
26
66
40
-45
-143
-209
-265
-360
-493
-591
-615
-560
-501
-461
-468
-478
-455
-358
-237
-128
-16
119
233
256
200
126
83
68
73
58
45
48
98
129
150
168
220
283
363
414
408
346
258
162
56
10
47
154
223
241
188
126
69
28
-23
-96
-167
-205
-205
-198
-266
-436
-637
-746
-719
-657
-638
-664
-662
-626
-569
-542
-528
-550
-540
-503
-407
-313
-232
-186
-165
-126
-68
27
95
142
141
131
92
72
80
161
273
388
436
407
343
329
383
416
352
255
249
350
455
460
391
335
333
348
307
235
172
174
201
229
210
125
14
-69
-84
-110
-159
-243
-297
-318
-300
-254
-211
-184
-189
-192
-177
-132
-55
33
120
167
203
267
386
485
512
477
453
451
443
395
341
296
216
90
-47
-71
-1
81
66
15
-3
45
103
120
97
73
94
143
175
167
145
109
51
-14
-48
-66
-128
-240
-352
-420
-448
-493
-552
-618
-640
-612
-523
-420
-351
-354
-382
-374
-317
-232
-146
-47
40
108
127
97
19
-52
-82
-58
13
106
167
144
55
-29
-62
-76
-102
-151
-170
-139
-56
15
63
121
224
359
452
472
423
357
297
242
159
76
22
15
17
-27
-112
-203
-253
-274
-277
-258
-227
-186
-138
-85
-63
-110
-198
-273
-283
-220
-112
-9
46
60
79
106
146
162
176
169
175
205
272
347
363
287
157
63
59
110
134
111
74
83
102
75
-25
-150
-219
-216
-134
-14
81
115
96
88
108
142
159
153
140
132
102
45
-35
-70
-89
-113
-184
-270
-360
-429
-448
-441
-451
-508
-561
-565
-517
-458
-382
-286
-151
-52
-27
-72
-94
-38
47
96
116
167
302
442
529
537
529
522
482
401
297
224
175
153
102
47
-7
-3
30
81
120
159
195
220
209
175
144
138
130
87
19
-51
-67
-57
-46
-80
-121
-128
-103
-95
-138
-200
-231
-211
-173
-157
-169
-182
-171
-131
-101
-96
-134
-169
-184
-144
-49
96
226
309
348
407
473
534
573
613
643
650
648
650
659
647
655
670
695
648
534
392
315
316
346
325
244
157
119
127
140
132
106
59
-33
-145
-243
-300
-360
-451
-561
-673
-784
-930
-1089
-1197
-1230
-1238
-1293
-1368
-1432
-1478
-1551
-1625
-1663
-1637
-1574
-1482
-1371
-1233
-1081
-970
-917
-896
-801
-614
-368
-139
60
221
350
439
494
521
544
581
647
721
799
876
963
1041
1105
1148
1189
1245
1327
1401
1430
1402
1365
1347
1342
1325
1311
1294
1256
1186
1127
1111
1123
1128
1106
1034
922
785
618
402
155
-44
-155
-218
-310
-482
-713
-950
-1133
-1259
-1357
-1440
-1520
-1599
-1691
-1781
-1838
-1823
-1725
-1579
-1432
-1302
-1180
-1075
-1013
-997
-996
-985
-933
-820
-670
-561
-518
-476
-385
-285
-224
-154
-11
199
411
607
835
1092
1330
1489
1589
1664
1730
1774
1828
1900
1979
2031
2033
1991
1905
1835
1811
1814
1779
1690
1588
1504
1417
1299
1147
1003
892
803
698
578
462
345
201
24
-177
-395
-624
-858
-1106
-1371
-1647
-1928
-2204
-2443
-2591
-2635
-2622
-2620
-2637
-2655
-2623
-2530
-2396
-2274
-2188
-2110
-2008
-1876
-1743
-1625
-1532
-1430
-1301
-1132
-980
-869
-798
-713
-593
-446
-271
-94
83
238
398
576
759
927
1065
1171
1232
1272
1312
1349
1367
1375
1395
1437
1511
1605
1690
1747
1791
1867
1983
2110
2204
2249
2244
2185
2057
1888
1714
1564
1428
1320
1258
1230
1174
1058
884
672
457
275
146
45
-68
-203
-339
-447
-544
-673
-856
-1077
-1304
-1517
-1709
-1879
-2023
-2143
-2242
-2329
-2356
-2296
-2147
-1976
-1818
-1678
-1535
-1403
-1288
-1179
-1068
-976
-916
-857
-750
-608
-488
-409
-353
-292
-226
-152
-46
106
269
392
462
516
589
677
754
812
862
915
968
1014
1058
1097
1143
1209
1297
1353
1343
1290
1260
1292
1363
1429
1455
1458
1462
1454
1409
1318
1227
1158
1132
1121
1066
931
765
656
602
521
368
187
33
-105
-228
-327
-390
-453
-543
-649
-751
-825
-875
-919
-986
-1063
-1108
-1099
-1067
-1045
-1049
-1081
-1152
-1262
-1379
-1493
-1596
-1684
-1728
-1721
-1706
-1708
-1718
-1674
-1551
-1382
-1210
-1043
-866
-692
-547
-453
-420
-438
-464
-442
-349
-213
-90
-22
-4
13
47
87
123
183
251
284
274
288
359
465
575
677
762
820
864
915
965
1000
1030
1071
1133
1201
1249
1251
1228
1226
1259
1277
1264
1252
1273
1292
1264
1181
1057
889
706
546
449
422
429
419
366
280
192
133
92
52
-40
-168
-306
-403
-461
-509
-562
-645
-752
-878
-998
-1087
-1131
-1141
-1144
-1160
-1190
-1213
-1230
-1226
-1184
-1089
-960
-845
-756
-695
-646
-615
-562
-470
-335
-208
-125
-93
-78
-27
78
214
329
393
418
451
505
559
565
537
520
548
601
647
689
740
792
816
821
838
894
953
974
946
920
931
969
1000
977
916
837
760
674
549
396
252
162
126
114
92
26
-83
-203
-296
-355
-412
-478
-533
-563
-576
-594
-600
-584
-557
-544
-519
-459
-390
-370
-418
-481
-504
-464
-404
-344
-308
-268
-235
-211
-230
-279
-326
-319
-267
-196
-161
-150
-143
-124
-116
-131
-159
-218
-311
-406
-440
-406
-371
-376
-414
-459
-503
-565
-636
-708
-736
-724
-691
-661
-625
-575
-534
-518
-509
-474
-403
-307
-210
-135
-119
-141
-169
-162
-140
-120
-106
-77
-27
36
83
127
198
318
445
540
593
654
730
802
857
900
947
992
1058
1122
1169
1178
1164
1130
1092
1066
1082
1109
1119
1094
1053
1013
981
970
971
975
975
956
902
810
695
588
483
375
221
27
-183
-361
-524
-691
-839
-942
-1006
-1092
-1203
-1310
-1386
-1432
-1437
-1386
-1284
-1174
-1086
-1026
-977
-935
-903
-879
-866
-860
-839
-797
-748
-735
-751
-794
-846
-891
-867
-749
-581
-434
-337
-251
-147
-6
141
276
365
423
468
526
597
658
707
764
851
948
1010
1016
985
957
961
1013
1092
1159
1182
1173
1161
1169
1187
1191
1155
1062
955
901
912
922
865
766
685
658
661
641
559
432
328
283
249
148
-37
-255
-443
-573
-646
-695
-738
-792
-861
-952
-1053
-1128
-1143
-1112
-1094
-1134
-1224
-1340
-1478
-1616
-1705
-1726
-1730
-1746
-1750
-1691
-1578
-1451
-1345
-1273
-1231
-1211
-1212
-1221
-1215
-1172
-1100
-1022
-953
-888
-793
-640
-436
-243
-101
19
175
362
533
660
767
878
991
1087
1169
1260
1374
1496
1625
1764
1906
2016
2069
2083
2072
2038
1995
1980
2009
2052
2052
1988
1890
1782
1667
1551
1454
1390
1327
1228
1089
944
827
740
663
580
473
322
117
-114
-321
-469
-567
-649
-760
-906
-1060
-1202
-1352
-1526
-1694
-1806
-1834
-1806
-1764
-1755
-1768
-1761
-1737
-1761
-1875
-1998
-2022
-1936
-1822
-1746
-1685
-1599
-1478
-1339
-1204
-1081
-969
-859
-740
-615
-468
-300
-110
67
210
282
299
318
395
534
676
805
949
1115
1258
1315
1300
1264
1266
1307
1358
1393
1416
1441
1479
1525
1547
1529
1477
1434
1411
1396
1359
1310
1264
1225
1189
1136
1066
961
827
697
594
500
388
259
136
10
-134
-286
-390
-445
-492
-591
-733
-872
-972
-1043
-1119
-1211
-1290
-1328
-1324
-1306
-1303
-1308
-1308
-1275
-1222
-1161
-1135
-1142
-1170
-1194
-1227
-1277
-1330
-1358
-1350
-1331
-1305
-1260
-1162
-1023
-886
-793
-745
-717
-680
-622
-545
-462
-354
-208
-44
104
230
357
472
559
615
662
711
768
843
941
1060
1192
1316
1391
1361
1212
994
818
769
853
984
1056
1028
937
870
887
991
1126
1225
1258
1265
1291
1347
1397
1405
1349
1266
1221
1250
1300
1273
1126
895
641
417
260
171
101
-35
-281
-606
-902
-1076
-1104
-1052
-994
-964
-947
-931
-913
-918
-961
-1042
-1144
-1253
-1360
-1425
-1404
-1298
-1168
-1075
-1035
-1038
-1078
-1133
-1165
-1136
-1049
-937
-837
-760
-710
-707
-765
-889
-997
-1008
-854
-556
-191
101
186
69
-86
-46
259
733
1141
1327
1305
1236
1308
1612
2070
2459
2560
2339
1967
1635
1422
1286
1153
991
824
693
612
549
482
393
283
190
150
146
124
93
113
208
332
401
384
293
166
7
-196
-441
-699
-946
-1194
-1455
-1722
-1963
-2148
-2248
-2259
-2222
-2176
-2108
-2003
-1888
-1828
-1845
-1874
-1823
-1634
-1355
-1077
-833
-576
-259
82
388
622
783
853
818
695
538
422
388
411
433
441
478
581
724
840
902
925
954
996
1024
1016
1000
1043
1169
1348
1500
1574
1561
1523
1510
1534
1546
1488
1333
1131
995
984
1032
1003
836
544
182
-193
-550
-878
-1191
-1479
-1716
-1865
-1935
-1967
-2013
-2063
-2060
-1978
-1829
-1654
-1465
-1262
-1026
-742
-392
9
432
840
1208
1522
1753
1889
1888
1743
1454
1097
743
418
84
-311
-758
-1215
-1624
-1966
-2206
-2282
-2155
-1875
-1531
-1178
-807
-382
128
710
1296
1804
2200
2513
2796
3063
3299
3471
3576
3620
3617
3537
3356
3050
2662
2242
1807
1331
760
81
-655
-1320
-1793
-2057
-2206
-2349
-2537
-2757
-2964
-3138
-3310
-3501
-3684
-3787
-3788
-3706
-3533
-3231
-2807
-2337
-1889
-1473
-1075
-710
-399
-145
96
389
765
1178
1556
1856
2075
2220
2299
2281
2091
1682
1084
382
-368
-1126
-1842
-2446
-2869
-3058
-3001
-2744
-2327
-1802
-1218
-634
-105
337
670
930
1159
1376
1618
1964
2471
3081
3677
4173
4545
4795
4931
4951
4826
4536
4081
3516
2912
2299
1659
983
349
-150
-478
-697
-867
-1017
-1148
-1264
-1371
-1497
-1675
-1931
-2265
-2644
-2997
-3239
-3332
-3285
-3149
-2984
-2831
-2693
-2565
-2452
-2379
-2343
-2308
-2249
-2158
-2038
-1903
-1777
-1646
-1463
-1208
-895
-528
-86
439
997
1510
1891
2105
2151
2036
1758
1338
840
346
-90
-446
-714
-873
-905
-827
-684
-530
-396
-263
-80
190
507
788
970
1073
1171
1347
1616
1968
2371
2811
3264
3698
4077
4365
4509
4453
4214
3869
3479
3031
2494
1884
1265
688
162
-335
-800
-1220
-1567
-1839
-2044
-2206
-2355
-2488
-2588
-2628
-2603
-2512
-2354
-2156
-1971
-1834
-1713
-1531
-1251
-917
-603
-355
-184
-81
-59
-128
-300
-562
-886
-1213
-1490
-1685
-1788
-1816
-1786
-1717
-1606
-1425
-1147
-795
-435
-130
103
266
375
445
456
369
160
-134
-443
-683
-797
-775
-665
-518
-355
-165
60
322
612
898
1149
1348
1497
1615
1748
1926
2142
2352
2519
2625
2672
2685
2680
2659
2616
2572
2536
2465
2299
2026
1687
1319
934
547
179
-165
-509
-856
-1159
-1376
-1516
-1611
-1659
-1638
-1553
-1440
-1330
-1255
-1220
-1220
-1211
-1181
-1154
-1152
-1143
-1078
-968
-883
-872
-909
-959
-1009
-1082
-1194
-1357
-1558
-1746
-1866
-1903
-1868
-1782
-1659
-1533
-1405
-1233
-966
-606
-218
127
379
544
642
698
708
680
621
552
495
454
424
390
357
351
401
506
650
806
956
1102
1249
1392
1512
1606
1691
1756
1788
1791
1791
1789
1776
1754
1751
1755
1730
1639
1464
1196
842
439
27
-371
-753
-1092
-1365
-1557
-1674
-1726
-1739
-1730
-1718
-1717
-1720
-1684
-1574
-1413
-1254
-1122
-1010
-882
-694
-400
-5
422
815
1151
1450
1697
1855
1893
1823
1681
1514
1349
1184
992
781
602
497
455
421
348
227
87
-43
-157
-289
-461
-648
-787
-840
-809
-726
-626
-535
-462
-398
-331
-257
-179
-103
-58
-69
-132
-190
-208
-192
-206
-282
-387
-474
-535
-590
-654
-746
-879
-1034
-1143
-1165
-1139
-1135
-1173
-1208
-1192
-1115
-991
-848
-725
-649
-610
-583
-549
-493
-398
-268
-136
-22
74
164
244
331
440
578
716
833
936
1035
1119
1172
1189
1188
1194
1201
1203
1190
1160
1109
1053
1008
981
951
913
869
811
730
619
492
355
217
74
-72
-203
-306
-372
-401
-392
-361
-345
-376
-440
-501
-555
-625
-724
-813
-848
-821
-761
-698
-633
-544
-421
-280
-144
-33
31
18
-63
-168
-235
-254
-265
-321
-442
-593
-721
-790
-816
-820
-787
-706
-598
-521
-498
-516
-551
-580
-586
-553
-475
-339
-118
155
434
670
857
1015
1158
1274
1338
1342
1298
1236
1168
1106
1048
996
954
925
916
926
949
980
1025
1087
1153
1194
1199
1179
1157
1136
1118
1099
1074
1038
1000
981
989
1013
1009
955
849
712
564
392
175
-86
-353
-611
-866
-1117
-1354
-1575
-1790
-1990
-2154
-2265
-2331
-2361
-2357
-2305
-2217
-2130
-2070
-2046
-2030
-2008
-1968
-1903
-1800
-1665
-1533
-1436
-1373
-1305
-1202
-1058
-894
-741
-626
-558
-527
-497
-437
-333
-188
5
260
550
819
1018
1142
1206
1253
1330
1439
1529
1557
1538
1526
1532
1545
1568
1619
1701
1793
1875
1927
1926
1868
1763
1641
1493
1296
1045
778
560
416
343
318
332
363
364
314
216
91
-60
-230
-411
-590
-762
-898
-976
-1015
-1061
-1138
-1209
-1241
-1234
-1223
-1228
-1245
-1274
-1336
-1462
-1614
-1703
-1670
-1536
-1353
-1144
-915
-651
-355
-68
141
239
264
271
289
326
362
358
295
202
143
139
177
236
303
376
443
501
569
646
708
721
688
630
582
557
574
634
740
896
1084
1253
1357
1392
1392
1393
1404
1415
1388
1296
1135
954
777
619
467
314
159
15
-100
-169
-186
-165
-138
-127
-131
-113
-68
-42
-76
-176
-297
-420
-525
-604
-642
-633
-611
-617
-671
-772
-903
-1048
-1181
-1287
-1359
-1409
-1453
-1478
-1445
-1331
-1165
-1007
-887
-797
-722
-631
-513
-399
-343
-373
-456
-536
-564
-527
-442
-345
-253
-164
-82
-44
-73
-157
-251
-317
-345
-324
-242
-100
69
209
291
336
379
426
455
457
430
392
366
372
415
487
598
744
871
931
919
901
903
920
942
962
959
893
765
625
520
468
454
464
492
541
601
640
619
529
397
255
112
-42
-207
-353
-439
-460
-444
-437
-454
-494
-529
-533
-515
-504
-513
-516
-491
-459
-468
-522
-572
-579
-559
-552
-555
-546
-498
-410
-291
-152
-27
51
69
53
37
45
69
99
138
203
286
354
379
375
377
420
497
596
682
750
782
781
721
625
490
375
265
203
160
72
-36
-119
38
197
294
186
317
651
1016
896
320
-337
-536
-236
197
296
17
-398
-594
-384
210
820
1028
637
51
-318
-349
-343
-418
-471
-486
-597
-824
-869
-581
-167
35
16
-14
72
103
-45
-351
-540
-446
-233
-319
-756
-1072
-823
-235
145
122
-45
-136
-173
-264
-338
-275
-98
-44
-251
-589
-813
-882
-914
-983
-1046
-1063
-1013
-896
-691
-414
-132
55
113
64
-12
-84
-98
-29
95
193
225
237
297
401
478
465
398
375
441
503
460
291
62
-170
-364
-495
-537
-500
-410
-271
-69
173
395
520
515
409
276
180
131
96
40
-18
-33
24
124
212
258
272
300
351
408
444
479
502
477
356
164
-25
-132
-130
-54
52
141
202
248
312
419
561
710
826
882
868
828
823
869
914
904
842
749
667
615
600
606
622
647
691
732
748
703
587
424
265
139
38
-50
-124
-183
-219
-261
-330
-435
-535
-606
-678
-764
-830
-831
-788
-752
-759
-807
-879
-927
-926
-867
-802
-744
-689
-601
-498
-413
-384
-407
-466
-518
-541
-526
-511
-538
-603
-675
-699
-633
-469
-257
-86
-6
11
22
92
221
366
454
447
393
349
354
367
362
325
283
263
296
397
539
657
691
622
482
333
251
258
302
280
157
-5
-86
-36
69
116
76
22
-16
-53
-115
-183
-254
-351
-481
-626
-757
-851
-887
-866
-821
-795
-784
-758
-678
-563
-464
-449
-533
-659
-732
-703
-606
-509
-450
-427
-421
-428
-462
-518
-566
-555
-467
-333
-193
-69
49
172
294
391
434
414
355
297
272
306
414
578
729
811
831
827
819
816
826
838
825
781
744
749
801
875
944
996
1024
1041
1083
1185
1313
1386
1336
1188
1013
861
718
581
468
406
367
319
276
283
325
345
306
220
108
-7
-86
-119
-144
-199
-283
-380
-474
-536
-539
-515
-531
-617
-753
-892
-994
-1038
-1048
-1047
-1037
-990
-914
-829
-740
-643
-539
-471
-453
-463
-449
-407
-360
-310
-250
-202
-199
-241
-308
-380
-432
-448
-435
-417
-390
-348
-314
-303
-291
-243
-173
-102
-27
66
170
281
402
533
643
707
705
670
667
730
829
884
872
835
805
799
787
774
747
685
543
312
80
-48
-46
-11
-52
-188
-340
-410
-371
-269
-199
-205
-284
-396
-512
-590
-615
-607
-617
-668
-736
-774
-768
-730
-682
-655
-673
-746
-836
-913
-954
-965
-943
-886
-777
-621
-454
-342
-308
-314
-302
-266
-232
-222
-217
-195
-135
-42
86
252
436
607
744
858
971
1076
1131
1096
984
869
807
777
719
636
574
577
612
613
539
436
389
421
483
527
556
588
604
571
483
379
299
249
237
259
311
345
330
284
236
183
126
80
71
81
91
80
37
-30
-105
-178
-270
-378
-450
-427
-319
-199
-125
-100
-117
-176
-275
-396
-503
-575
-617
-621
-581
-501
-405
-328
-275
-231
-182
-154
-174
-220
-234
-194
-130
-52
31
101
114
80
63
92
130
99
-13
-139
-201
-199
-186
-216
-257
-247
-168
-63
23
92
142
171
161
146
171
253
363
448
478
434
340
234
179
183
215
199
124
24
-56
-120
-208
-308
-396
-455
-491
-491
-451
-402
-387
-400
-419
-414
-379
-334
-308
-302
-272
-195
-118
-104
-154
-217
-256
-269
-259
-212
-125
-28
33
76
132
218
275
262
192
114
57
27
10
-3
-6
37
141
255
325
360
424
531
637
693
685
631
559
487
419
347
280
234
221
233
267
324
376
391
354
296
231
143
19
-124
-246
-300
-279
-226
-215
-253
-306
-349
-387
-405
-381
-322
-271
-245
-236
-242
-283
-376
-494
-589
-630
-635
-617
-563
-469
-377
-332
-340
-376
-391
-370
-306
-204
-69
92
236
331
351
310
255
251
303
368
416
470
550
623
656
657
663
688
711
700
641
555
481
448
442
408
301
144
17
-20
23
82
120
137
152
151
125
80
47
30
28
31
32
23
14
14
13
8
-16
-66
-151
-240
-293
-301
-298
-309
-351
-418
-507
-604
-688
-728
-695
-604
-502
-429
-390
-384
-401
-425
-434
-419
-385
-338
-287
-234
-189
-165
-171
-199
-221
-203
-105
65
235
304
258
160
94
89
130
179
204
189
156
141
164
217
287
365
422
417
362
305
284
265
225
192
194
202
167
85
-10
-79
-100
-78
-49
-53
-84
-102
-83
-68
-109
-205
-288
-292
-226
-134
-68
-52
-71
-87
-57
29
127
181
167
100
19
-48
-80
-81
-53
14
113
207
237
198
136
105
103
84
29
-35
-75
-97
-133
-200
-305
-419
-502
-507
-429
-304
-165
