234
133
53
-25
-95
-134
-137
-125
-121
-117
-110
-129
-193
-268
-306
-295
-267
-250
-258
-266
-239
-166
-92
-81
-151
-255
-336
-381
-398
-392
-365
-335
-325
-337
-368
-411
-461
-499
-529
-569
-631
-685
-701
-660
-593
-529
-482
-437
-364
-246
-88
81
211
277
316
371
434
430
326
169
50
17
40
67
67
66
94
143
175
174
159
149
141
110
60
24
61
154
252
311
316
273
212
198
243
303
310
279
252
233
199
143
99
78
64
33
6
16
54
67
17
-77
-187
-294
-373
-393
-350
-286
-253
-236
-197
-131
-84
-78
-84
-69
-42
-26
-29
-46
-79
-114
-112
-40
83
182
206
162
83
5
-41
-9
106
272
446
605
696
678
563
445
389
380
370
343
331
333
322
296
318
412
513
519
410
274
209
221
271
321
377
412
370
236
49
-133
-295
-430
-509
-496
-408
-304
-223
-163
-122
-110
-161
-291
-467
-589
-598
-549
-542
-595
-613
-546
-456
-459
-573
-726
-831
-854
-802
-696
-581
-500
-464
-435
-370
-275
-219
-246
-320
-355
-321
-254
-209
-226
-311
-420
-481
-470
-438
-437
-442
-389
-264
-121
0
109
209
284
315
339
386
429
412
318
228
228
319
407
422
401
436
557
687
720
633
491
400
395
430
424
351
270
254
307
364
402
453
553
660
736
781
817
816
734
594
494
492
527
514
425
321
264
243
195
79
-63
-145
-124
-37
31
17
-41
-69
-44
-29
-44
-51
-9
25
-24
-156
-282
-310
-246
-176
-179
-237
-262
-197
-86
-8
3
-16
-32
-33
-42
-71
-119
-173
-227
-295
-350
-354
-301
-269
-338
-486
-624
-666
-613
-511
-425
-390
-411
-457
-504
-529
-516
-430
-267
-120
-86
-167
-237
-222
-171
-175
-260
-361
-430
-437
-380
-264
-103
80
223
262
203
128
96
88
53
-38
-181
-349
-478
-504
-390
-181
32
139
94
-31
-112
-76
55
218
363
450
445
353
213
87
11
-13
-20
-36
-39
-2
44
35
-28
-78
-83
-62
-7
127
347
559
670
647
532
371
196
50
-14
15
81
117
121
135
154
142
91
84
151
240
260
221
191
191
186
130
59
29
56
95
117
133
182
256
313
306
234
192
275
479
630
584
370
147
25
-7
16
89
195
259
221
79
-80
-178
-165
-53
119
277
359
348
274
184
105
70
69
73
23
-99
-264
-411
-469
-418
-305
-205
-135
-58
38
116
150
155
137
66
-62
-158
-150
-113
-188
-371
-481
-407
-261
-230
-328
-421
-416
-338
-236
-117
-11
24
-28
-84
-50
55
118
34
-199
-493
-720
-784
-687
-544
-467
-485
-519
-498
-403
-281
-172
-76
40
163
222
150
-29
-189
-232
-199
-231
-395
-592
-689
-656
-547
-376
-125
131
222
56
-203
-332
-224
-3
162
190
112
-22
-172
-275
-250
-97
55
57
-92
-221
-132
192
540
672
536
300
132
45
-19
-84
-101
-67
-9
65
186
317
345
232
82
90
304
576
707
684
683
835
1031
1053
837
555
401
410
463
457
373
284
260
315
398
433
394
309
226
127
34
38
220
476
592
496
319
222
215
208
165
116
100
126
155
141
64
14
68
194
270
235
160
137
157
118
-16
-143
-148
-76
-70
-217
-429
-594
-637
-540
-321
-79
9
-110
-321
-436
-437
-410
-434
-487
-521
-514
-470
-409
-359
-376
-468
-553
-499
-303
-99
-52
-167
-323
-387
-312
-167
-55
-45
-109
-183
-235
-296
-383
-436
-396
-310
-286
-348
-412
-438
-466
-517
-537
-450
-301
-175
-163
-226
-243
-95
153
293
180
-100
-320
-339
-183
5
114
78
-49
-124
2
299
536
494
214
-63
-162
-137
-134
-172
-132
75
343
470
359
120
-64
-95
2
131
253
372
501
582
525
346
149
36
2
7
47
133
224
236
136
-10
-71
12
180
312
379
448
552
617
540
334
141
94
212
362
391
222
-71
-304
-347
-209
-6
199
382
460
322
-28
-357
-382
-67
350
572
537
354
154
-15
-98
-49
118
291
326
176
-41
-124
-19
148
207
153
121
227
414
494
294
-119
-512
-655
-564
-397
-237
-102
2
-6
-123
-237
-248
-191
-192
-270
-288
-127
139
261
88
-273
-522
-461
-164
141
274
213
22
-190
-336
-337
-186
40
201
190
36
-134
-212
-171
-37
132
285
324
170
-137
-375
-326
-26
256
328
253
200
190
136
30
-7
101
270
341
297
235
187
52
-197
-401
-431
-343
-302
-359
-460
-526
-522
-437
-291
-113
32
79
11
-90
-118
-61
-11
-17
-30
16
68
-21
-253
-438
-388
-172
-24
-47
-144
-211
-281
-433
-585
-603
-466
-336
-330
-409
-499
-611
-750
-763
-520
-88
244
272
2
-325
-460
-296
29
264
286
170
71
12
-37
-74
-26
111
234
238
126
10
2
113
255
325
299
276
345
510
664
730
683
582
507
517
617
734
794
771
716
657
611
559
545
594
679
695
579
444
447
594
683
544
244
3
-36
83
197
205
128
82
145
257
296
191
-21
-196
-193
41
353
486
297
-103
-436
-511
-330
-74
56
-49
-318
-592
-731
-715
-570
-358
-168
-116
-232
-392
-481
-499
-512
-507
-435
-344
-315
-322
-268
-121
-6
-18
-156
-287
-341
-333
-317
-288
-227
-174
-184
-274
-413
-533
-546
-436
-279
-195
-219
-304
-368
-339
-203
-4
141
141
-5
-169
-211
-129
-51
-114
-271
-361
-263
-61
37
-102
-383
-587
-563
-297
76
396
480
323
71
-49
33
196
233
51
-192
-292
-127
152
353
371
246
48
-152
-211
-25
288
389
104
-324
-465
-158
355
688
669
433
246
212
232
198
146
186
318
462
555
604
593
477
287
105
37
137
402
710
835
657
284
3
-10
156
285
276
228
235
253
197
95
51
93
143
136
107
117
165
158
78
-23
-82
-99
-99
-69
-16
19
-16
-144
-354
-519
-464
-136
225
249
-135
-603
-759
-545
-233
-98
-157
-268
-309
-283
-233
-173
-181
-315
-576
-779
-751
-496
-211
-81
-79
-82
-5
100
204
324
480
632
680
590
368
93
-156
-289
-250
-101
-19
-121
-329
-432
-335
-143
-19
-23
-63
-68
-27
-25
-75
-147
-207
-229
-187
-94
-66
-184
-324
-301
-117
63
79
-56
-268
-409
-339
-35
301
423
247
-28
-181
-160
-77
-22
33
91
114
38
-98
-227
-243
-57
335
741
896
728
409
192
172
257
287
222
143
171
257
269
101
-212
-474
-488
-189
186
337
190
-22
-74
6
91
137
241
394
496
458
345
273
213
64
-172
-289
-134
178
318
82
-362
-598
-363
133
402
190
-265
-521
-422
-175
-24
24
90
179
218
186
179
223
224
121
24
133
439
703
691
387
-52
-425
-553
-327
171
619
650
182
-444
-770
-624
-248
19
26
-109
-226
-259
-237
-189
-114
-14
73
111
45
-166
-491
-770
-809
-600
-349
-264
-362
-482
-487
-367
-218
-110
-20
54
49
-99
-324
-500
-590
-591
-517
-365
-248
-297
-526
-762
-780
-539
-168
123
292
388
443
387
183
-63
-154
50
429
659
500
42
-311
-279
150
673
996
980
713
404
229
282
489
683
713
581
408
265
123
-22
-94
-34
46
0
-166
-284
-255
-103
118
357
537
532
382
244
297
544
815
908
724
376
22
-226
-347
-292
-98
75
54
-137
-302
-336
-271
-128
159
525
739
626
320
79
-12
-59
-144
-191
-131
-40
-51
-158
-213
-121
50
177
233
281
323
281
101
-139
-302
-328
-239
-110
-19
-63
-259
-477
-536
-392
-185
-92
-151
-254
-262
-149
-5
68
47
-6
-44
-104
-265
-519
-723
-727
-551
-372
-360
-530
-750
-829
-669
-339
-36
57
-111
-445
-747
-842
-699
-500
-459
-623
-801
-780
-527
-193
53
161
207
272
346
352
281
245
322
442
478
370
175
-23
-156
-189
-161
-125
-123
-145
-198
-258
-263
-166
16
217
410
586
726
813
848
852
820
777
770
812
832
737
524
306
205
249
340
350
210
-45
-319
-511
-605
-636
-633
-601
-551
-542
-596
-675
-671
-528
-261
23
203
200
53
-68
3
298
686
980
1075
992
846
731
663
642
698
843
951
852
553
316
418
872
1416
1787
1900
1866
1795
1718
1617
1484
1356
1271
1225
1179
1129
1096
1049
890
578
172
-273
-783
-1387
-1956
-2296
-2356
-2343
-2526
-2915
-3260
-3344
-3221
-3119
-3154
-3212
-3113
-2843
-2553
-2307
-1949
-1297
-427
345
759
825
712
553
405
315
298
272
86
-337
-868
-1275
-1431
-1426
-1443
-1546
-1617
-1482
-1062
-423
301
987
1570
2055
2502
2977
3514
4078
4555
4783
4696
4472
4421
4696
5079
5181
4745
3778
2450
1024
-197
-1037
-1606
-2270
-3297
-4556
-5563
-5956
-5841
-5636
-5637
-5748
-5649
-5142
-4344
-3512
-2739
-1891
-798
536
1917
3083
3844
4140
4044
3703
3251
2737
2165
1562
913
93
-1034
-2412
-3754
-4747
-5311
-5607
-5766
-5722
-5329
-4613
-3767
-2913
-1996
-887
451
1896
3277
4528
5689
6793
7766
8471
8806
8776
8528
8284
8159
7979
7373
6139
4544
3174
2391
1941
1140
-505
-2745
-4734
-5749
-5837
-5719
-6039
-6763
-7298
-7156
-6398
-5441
-4589
-3882
-3247
-2596
-1819
-824
335
1427
2224
2720
3130
3635
4137
4285
3820
2837
1693
700
-62
-709
-1434
-2386
-3581
-4872
-5960
-6560
-6595
-6313
-6073
-5988
-5836
-5269
-4165
-2728
-1340
-234
668
1641
2846
4193
5443
6438
7173
7739
8170
8390
8283
7821
7171
6517
5906
5192
4290
3320
2427
1471
95
-1754
-3543
-4572
-4766
-4820
-5459
-6661
-7698
-7910
-7290
-6373
-5679
-5319
-5068
-4646
-3901
-2820
-1528
-228
941
2015
3128
4279
5241
5694
5496
4811
3980
3243
2588
1849
913
-205
-1449
-2748
-3975
-4976
-5687
-6150
-6394
-6370
-6043
-5480
-4788
-3937
-2818
-1448
-78
1056
2006
3047
4358
5777
6918
7552
7805
7998
8265
8386
8068
7338
6580
6083
5677
4969
3919
2866
1970
848
-885
-2886
-4242
-4518
-4385
-4907
-6283
-7595
-7854
-7024
-5897
-5124
-4684
-4200
-3519
-2767
-2002
-1058
206
1623
2832
3675
4337
5012
5557
5587
4959
4013
3277
2859
2310
1184
-404
-1937
-3121
-4109
-5109
-6026
-6589
-6730
-6660
-6562
-6365
-5839
-4900
-3692
-2443
-1268
-122
1079
2346
3600
4720
5585
6169
6585
7024
7555
7977
7900
7139
6000
5111
4800
4760
4386
3457
2313
1301
266
-1172
-2866
-4105
-4447
-4372
-4772
-5891
-7042
-7386
-6804
-5875
-5204
-4899
-4651
-4148
-3359
-2432
-1471
-468
578
1597
2562
3548
4575
5397
5592
4998
3996
3192
2787
2372
1451
15
-1489
-2659
-3479
-4211
-5014
-5792
-6338
-6554
-6440
-6007
-5321
-4522
-3718
-2845
-1773
-504
822
2054
3119
3994
4702
5351
6062
6865
7608
7993
7767
7013
6246
5979
6138
6042
5159
3738
2509
1742
883
-612
-2385
-3514
-3741
-3872
-4761
-6210
-7225
-7229
-6626
-6132
-5884
-5503
-4787
-4008
-3436
-2879
-1899
-414
1161
2397
3321
4242
5208
5832
5737
5066
4397
4098
3884
3140
1637
-190
-1733
-2795
-3648
-4529
-5352
-5894
-6141
-6256
-6269
-5968
-5197
-4167
-3278
-2600
-1728
-269
1572
3090
3826
4053
4433
5266
6237
6880
7099
7139
7079
6661
5749
4781
4384
4543
4526
3782
2636
1729
1047
-95
-1917
-3582
-4074
-3539
-3243
-4099
-5635
-6628
-6490
-5686
-4962
-4580
-4371
-4172
-3943
-3571
-2859
-1779
-615
320
1086
2035
3306
4488
4966
4582
3867
3511
3628
3641
2959
1601
152
-882
-1506
-2091
-2922
-3910
-4772
-5300
-5499
-5442
-5156
-4615
-3861
-3047
-2294
-1525
-522
729
1912
2670
3043
3440
4153
5044
5737
6088
6275
6458
6458
5984
5126
4427
4297
4512
4469
3893
3081
2326
1388
-83
-1765
-2773
-2792
-2655
-3455
-5206
-6787
-7215
-6663
-6088
-6091
-6458
-6649
-6401
-5803
-4995
-4041
-2966
-1815
-553
943
2662
4254
5206
5342
5052
4940
5178
5323
4817
3625
2288
1344
767
49
-1196
-2788
-4149
-4857
-4985
-4899
-4839
-4751
-4493
-4043
-3496
-2875
-2061
-961
268
1281
1908
2385
3111
4176
5268
6040
6513
6964
7475
7691
7214
6173
5259
5051
5371
5485
4904
3813
2599
1278
-281
-1755
-2514
-2565
-2862
-4266
-6379
-7860
-7956
-7328
-7161
-7733
-8266
-8044
-7221
-6401
-5744
-4882
-3537
-1897
-265
1364
3145
4881
6006
6231
5975
5950
6352
6643
6203
5037
3712
2647
1689
460
-1039
-2407
-3358
-4015
-4624
-5203
-5580
-5726
-5761
-5679
-5279
-4448
-3385
-2381
-1503
-554
582
1787
2861
3800
4766
5825
6812
7496
7839
7929
7777
7339
6778
6440
6409
6278
5572
4370
3164
2144
927
-748
-2424
-3417
-3807
-4445
-5843
-7469
-8406
-8495
-8401
-8610
-8850
-8613
-7924
-7173
-6405
-5216
-3425
-1448
225
1662
3301
5157
6620
7161
7017
6948
7360
7824
7598
6474
4962
3616
2464
1144
-483
-2183
-3671
-4914
-5999
-6873
-7387
-7541
-7506
-7382
-7073
-6416
-5415
-4234
-3051
-1926
-799
435
1815
3277
4654
5772
6569
7173
7793
8481
8957
8819
8025
7105
6674
6702
6493
5511
3991
2511
1171
-400
-2211
-3597
-4123
-4383
-5408
-7260
-8802
-9093
-8574
-8434
-9034
-9491
-8881
-7359
-5784
-4581
-3394
-1814
27
1744
3301
4951
6645
7851
8144
7826
7684
8050
8303
7569
5812
3905
2623
1781
639
-1136
-3114
-4688
-5745
-6590
-7415
-8051
-8253
-8019
-7539
-6958
-6288
-5448
-4405
-3168
-1754
-186
1431
2886
4024
4911
5780
6787
7850
8753
9298
9365
8882
7991
7149
6808
6852
6590
5494
3846
2389
1383
336
-1206
-2903
-4078
-4696
-5454
-6788
-8270
-9192
-9431
-9414
-9345
-8957
-8035
-6832
-5730
-4688
-3356
-1620
192
1787
3292
4997
6777
8082
8545
8425
8296
8337
8116
7139
5542
3977
2811
1730
196
-1846
-3898
-5492
-6620
-7572
-8442
-8993
-9053
-8809
-8582
-8377
-7825
-6634
-4935
-3177
-1713
-549
567
1872
3391
4938
6271
7288
8051
8686
9216
9534
9470
8896
7899
6837
6132
5848
5536
4664
3195
1584
184
-1086
-2347
-3432
-4224
-5075
-6402
-7944
-8916
-8970
-8590
-8357
-8171
-7550
-6437
-5336
-4564
-3821
-2612
-890
959
2681
4354
6058
7506
8292
8379
8198
8127
8026
7438
6195
4629
3134
1729
183
-1578
-3338
-4859
-6116
-7206
-8143
-8826
-9206
-9337
-9225
-8766
-7877
-6688
-5459
-4310
-3092
-1603
149
1925
3472
4729
5809
6830
7776
8573
9192
9618
9718
9321
8457
7476
6816
6579
6335
5515
4035
2444
1290
430
-794
-2646
-4537
-5703
-6139
-6523
-7287
-8096
-8430
-8290
-8062
-7853
-7338
-6344
-5182
-4200
-3259
-1912
-84
1768
3224
4361
5532
6758
7675
7968
7761
7360
6846
6067
4959
3683
2361
926
-694
-2352
-3784
-4915
-5938
-7071
-8219
-9032
-9229
-8872
-8265
-7615
-6895
-5967
-4771
-3352
-1831
-323
1130
2543
3901
5099
6071
6883
7660
8407
8985
9307
9405
9303
8879
8053
7078
6386
6032
5490
4262
2635
1334
514
-515
-2255
-4135
-5183
-5327
-5531
-6497
-7767
-8397
-8177
-7716
-7441
-7066
-6225
-5123
-4217
-3430
-2225
-434
1337
2452
3083
3981
5420
6790
7351
7068
6505
6034
5479
4511
3201
1942
882
-299
-1932
-3811
-5374
-6384
-7173
-8082
-8942
-9259
-8879
-8190
-7619
-7157
-6444
-5269
-3776
-2236
-766
679
2134
3528
4738
5727
6591
7440
8270
8980
9484
9740
9641
9002
7786
6375
5408
5109
4918
4037
2372
648
-513
-1382
-2651
-4356
-5686
-6061
-5960
-6261
-7046
-7593
-7512
-7227
-7169
-6965
-5987
-4372
-2982
-2301
-1814
-739
937
2511
3547
4386
5485
6665
7291
7111
6524
6036
5664
5067
4055
2801
1523
184
-1338
-2928
-4279
-5291
-6139
-6957
-7563
-7726
-7498
-7170
-6883
-6479
-5769
-4790
-3711
-2556
-1223
294
1783
3019
3993
4884
5844
6818
7653
8209
8456
8437
8229
7790
6972
5772
4573
3891
3747
3528
2631
1195
-100
-918
-1683
-2840
-4071
-4685
-4673
-4793
-5470
-6199
-6309
-5896
-5575
-5489
-5140
-4205
-3117
-2465
-2150
-1485
-138
1405
2483
3122
3909
5085
6157
6504
6136
5595
5269
4975
4299
3133
1772
502
-702
-1991
-3335
-4556
-5542
-6335
-6997
-7494
-7762
-7813
-7719
-7501
-7061
-6311
-5286
-4086
-2778
-1412
-74
1176
2337
3419
4386
5221
5952
6583
7043
7260
7266
7194
7071
6762
6124
5289
4633
4304
3969
3163
1934
866
309
-112
-1004
-2266
-3099
-3054
-2696
-2927
-3850
-4752
-5066
-4946
-4806
-4701
-4460
-4065
-3659
-3236
-2643
-1871
-1146
-553
211
1495
3106
4334
4681
4388
4096
4119
4178
3838
3025
2013
1036
58
-1014
-2124
-3122
-4000
-4879
-5810
-6624
-7110
-7305
-7436
-7539
-7298
-6418
-5050
-3680
-2647
-1840
-873
466
1982
3281
4197
4899
5614
6403
7173
7804
8203
8298
8082
7614
7014
6422
5963
5627
5218
4497
3489
2537
1926
1477
772
-211
-1020
-1372
-1634
-2373
-3584
-4665
-5154
-5189
-5180
-5249
-5251
-5130
-5037
-5004
-4744
-3975
-2791
-1551
-427
742
2103
3461
4410
4771
4787
4802
4851
4658
4037
3058
1895
676
-498
-1562
-2570
-3654
-4872
-6077
-7046
-7685
-8084
-8322
-8306
-7913
-7205
-6374
-5490
-4447
-3186
-1828
-521
762
2158
3645
4972
5932
6610
7235
7844
8239
8284
8085
7791
7349
6644
5799
5153
4822
4461
3713
2719
1913
1328
524
-683
-1831
-2447
-2791
-3548
-4863
-6088
-6607
-6593
-6644
-6940
-7120
-6953
-6629
-6333
-5813
-4723
-3160
-1607
-309
985
2571
4236
5403
5801
5745
5712
5774
5611
4977
3971
2822
1629
388
-837
-1961
-3045
-4238
-5532
-6677
-7391
-7646
-7624
-7483
-7196
-6660
-5832
-4767
-3514
-2066
-427
1256
2721
3851
4817
5900
7097
8087
8619
8816
8977
9175
9190
8804
8065
7245
6549
5986
5415
4729
3938
3077
2096
903
-441
-1692
-2654
-3477
-4485
-5732
-6837
-7420
-7551
-7687
-8075
-8462
-8382
-7714
-6733
-5746
-4791
-3760
-2561
-1165
462
2270
4020
5349
6059
6330
6508
6692
6612
5964
4793
3448
2214
1066
-192
-1620
-3083
-4406
-5567
-6633
-7632
-8467
-8983
-9062
-8698
-7987
-7073
-6050
-4913
-3576
-1988
-248
1391
2717
3769
4797
5987
7205
8116
8529
8608
8664
8798
8818
8500
7808
6855
5790
4800
4063
3563
3001
2045
658
-869
-2177
-3113
-3761
-4377
-5220
-6291
-7248
-7705
-7639
-7413
-7330
-7282
-6902
-6001
-4777
-3570
-2508
-1418
-45
1700
3643
5459
6809
7505
7605
7402
7211
7087
6751
5923
4615
3159
1821
562
-833
-2413
-3943
-5181
-6141
-7028
-7896
-8554
-8801
-8675
-8337
-7839
-7052
-5896
-4458
-2903
-1311
266
1740
2984
3999
4925
5907
6916
7767
8305
8515
8453
8153
7643
7040
6468
5918
5233
4334
3372
2568
1927
1197
126
-1276
-2630
-3446
-3613
-3674
-4331
-5611
-6702
-6846
-6223
-5714
-5793
-6038
-5777
-4926
-3916
-2994
-1994
-752
554
1679
2716
3932
5218
6021
5980
5461
5166
5266
5175
4315
2847
1454
470
-446
-1749
-3362
-4752
-5578
-6077
-6723
-7605
-8325
-8522
-8236
-7710
-7002
-6026
-4835
-3624
-2460
-1165
384
1975
3248
4142
4966
5984
7062
7822
8070
7965
7824
7781
7711
7410
6824
6066
5283
4578
3960
3352
2655
1800
762
-433
-1591
-2407
-2819
-3228
-4075
-5237
-6056
-6124
-5761
-5594
-5756
-5824
-5419
-4674
-3909
-3190
-2318
-1190
84
1368
2663
3956
5061
5728
5947
5952
5920
5733
5162
4193
3033
1872
701
-566
-1945
-3305
-4496
-5431
-6156
-6777
-7343
-7778
-8003
-7970
-7646
-7002
-6111
-5114
-4064
-2856
-1397
197
1649
2762
3631
4507
5490
6395
7009
7344
7580
7834
8029
8033
7783
7331
6727
6016
5302
4678
4081
3278
2094
623
-772
-1719
-2164
-2479
-3177
-4379
-5638
-6344
-6347
-6079
-6044
-6329
-6584
-6440
-5781
-4728
-3484
-2269
-1217
-253
879
2337
3897
5067
5530
5446
5253
5189
5075
4603
3700
2572
1412
258
-944
-2199
-3427
-4490
-5347
-6093
-6832
-7500
-7921
-8009
-7808
-7388
-6771
-5959
-4987
-3895
-2695
-1376
-23
1193
2184
3078
4075
5204
6285
7115
7630
7925
8135
8305
8343
8122
7613
6912
6178
5503
4856
4082
2986
1508
-85
-1297
-1844
-2053
-2661
-4047
-5740
-6881
-7111
-6893
-6813
-6940
-6905
-6479
-5765
-4913
-3888
-2651
-1368
-221
919
2371
4115
5621
6315
6230
5949
5949
6089
5865
5048
3908
2804
1759
521
-1008
-2581
-3833
-4679
-5316
-5936
-6521
-6947
-7197
-7321
-7285
-6945
-6225
-5238
-4205
-3208
-2108
-748
760
2121
3189
4147
5222
6390
7387
8018
8339
8549
8735
8798
8590
8085
7391
6640
5881
5055
4105
3031
1834
502
-827
-1830
-2340
-2686
-3463
-4841
-6285
-7057
-6989
-6583
-6421
-6563
-6602
-6187
-5344
-4341
-3329
-2268
-1112
94
1330
2640
3965
5014
5465
5305
4896
4605
4412
3971
3049
1785
496
-668
-1802
-3037
-4290
-5348
-6128
-6763
-7366
-7858
-8102
-8127
-8077
-7986
-7672
-6921
-5754
-4434
-3205
-2057
-839
495
1820
3032
4175
5341
6468
7338
7816
8005
8130
8264
8226
7817
7101
6371
5805
5243
4385
3153
1796
602
-328
-1076
-1735
-2385
-3121
-4005
-4885
-5460
-5561
-5339
-5091
-4958
-4818
-4464
-3808
-2935
-1953
-912
169
1264
2375
3494
4530
5313
5723
5767
5570
5288
4973
4582
4003
3195
2159
968
-307
-1562
-2684
-3572
-4266
-4896
-5554
-6167
-6618
-6850
-6882
-6751
-6477
-6044
-5391
-4488
-3350
-2066
-747
519
1703
2843
3974
5086
6074
6821
7318
7678
8007
8265
8261
7844
7100
6339
5806
5378
4693
3528
2039
593
-544
-1324
-1853
-2297
-2833
-3595
-4514
-5290
-5629
-5539
-5286
-5080
-4893
-4575
-4082
-3486
-2848
-2105
-1183
-144
818
1609
2288
2995
3684
4114
4052
3590
3080
2760
2517
2076
1296
270
-860
-2026
-3178
-4165
-4838
-5253
-5677
-6295
-6995
-7452
-7446
-7080
-6623
-6259
-5886
-5278
-4311
-3093
-1863
-796
119
1027
2049
3181
4324
5352
6186
6797
7181
7357
7325
7071
6633
6148
5746
5370
4813
3960
2901
1808
764
-172
-878
-1229
-1351
-1638
-2366
-3304
-3901
-3886
-3558
-3376
-3422
-3399
-3088
-2583
-2072
-1531
-818
31
803
1388
1939
2630
3381
3883
3915
3582
3192
2904
2629
2242
1777
1274
621
-331
-1493
-2538
-3213
-3594
-3970
-4509
-5112
-5562
-5736
-5658
-5460
-5272
-5123
-4889
-4372
-3465
-2289
-1104
-126
657
1410
2293
3344
4482
5523
6260
6607
6671
6645
6626
6521
6216
5755
5292
4833
4231
3414
2545
1842
1350
943
487
-35
-552
-1020
-1455
-1865
-2184
-2326
-2295
-2166
-2013
-1855
-1679
-1470
-1218
-922
-583
-225
148
553
1001
1430
1736
1844
1758
1539
1262
1010
830
669
367
-213
-1032
-1866
-2509
-2963
-3394
-3931
-4519
-5021
-5392
-5700
-5987
-6199
-6253
-6160
-5990
-5755
-5366
-4737
-3930
-3104
-2339
-1563
-668
362
1451
2492
3380
4067
4575
4965
5255
5406
5345
5083
4707
4326
3971
3608
3196
2687
2082
1448
931
640
562
535
374
21
-374
-593
-521
-199
195
437
399
182
74
253
644
1004
1195
1260
1300
1357
1414
1486
1570
1570
1326
822
274
-34
-72
-100
-415
-1040
-1727
-2217
-2487
-2725
-3058
-3459
-3835
-4178
-4488
-4697
-4759
-4756
-4833
-4968
-4949
-4562
-3867
-3165
-2666
-2293
-1792
-1039
-128
788
1620
2363
2995
3507
3914
4289
4642
4916
5042
5028
4934
4795
4616
4405
4151
3817
3433
3106
2897
2700
2350
1828
1285
844
501
195
-67
-207
-217
-141
-65
4
83
248
523
845
1081
1129
1063
969
953
972
965
807
452
-72
-618
-1039
-1346
-1683
-2191
-2800
-3334
-3711
-4006
-4323
-4648
-4915
-5077
-5146
-5107
-5015
-4964
-5014
-5081
-4972
-4580
-3980
-3387
-2920
-2557
-2139
-1563
-796
69
849
1409
1730
1985
2325
2781
3232
3550
3731
3830
3859
3747
3539
3357
3350
3438
3441
3196
2724
2191
1821
1674
1637
1536
1351
1182
1098
1028
900
777
808
1041
1309
1467
1434
1336
1228
1193
1184
1216
1205
1088
789
382
79
-8
40
-102
-542
-1223
-1848
-2274
-2462
-2527
-2612
-2810
-3135
-3506
-3836
-4011
-4009
-3914
-3899
-4033
-4166
-4070
-3716
-3255
-2857
-2501
-2123
-1663
-1169
-658
-136
459
1142
1830
2398
2786
3064
3290
3448
3489
3505
3569
3670
3632
3400
3062
2788
2622
2487
2286
2037
1828
1671
1472
1124
747
558
670
845
793
458
79
-94
-63
106
284
448
517
531
482
436
388
349
307
233
159
90
-17
-269
-703
-1231
-1671
-1953
-2113
-2343
-2690
-3172
-3554
-3808
-3815
-3769
-3725
-3870
-4133
-4325
-4301
-3940
-3518
-3054
-2781
-2390
-1965
-1330
-706
13
698
1306
1786
2173
2610
2970
3296
3411
3559
3653
3843
3861
3708
3303
2900
2649
2574
2394
1935
1303
818
687
736
695
437
138
-11
-16
1
-5
-59
-109
-244
-302
-237
105
479
765
761
659
558
598
620
543
423
370
382
229
-183
-789
-1259
-1453
-1429
-1517
-1823
-2286
-2656
-2862
-2900
-2838
-2736
-2684
-2831
-3162
-3480
-3520
-3208
-2706
-2227
-1823
-1475
-1080
-720
-353
15
594
1306
2029
2496
2730
2899
3046
3228
3272
3357
3414
3482
3303
2877
2322
1941
1834
1819
1690
1340
1030
786
628
330
54
-152
-178
-193
-219
-209
-132
25
88
133
111
228
342
530
567
605
556
539
455
344
308
314
331
98
-216
-617
-876
-1175
-1498
-1875
-2253
-2550
-2783
-2940
-3097
-3280
-3419
-3482
-3463
-3365
-3192
-2983
-2788
-2608
-2300
-1866
-1377
-985
-707
-482
-160
252
740
1169
1541
1853
2123
2337
2453
2484
2510
2598
2675
2580
2260
1929
1723
1654
1550
1373
1180
1010
814
538
225
63
38
94
45
42
119
331
448
482
481
726
1086
1403
1355
1120
946
1057
1276
1350
1186
923
723
534
329
-1
-288
-563
-797
-1161
-1575
-1985
-2171
-2238
-2201
-2270
-2418
-2531
-2515
-2265
-2038
-1880
-1942
-1914
-1754
-1354
-912
-531
-218
-80
54
119
349
641
1019
1243
1312
1240
1188
1237
1389
1619
1737
1696
1437
1225
1092
1125
1046
854
572
476
566
705
644
368
22
-210
-254
-164
-23
62
95
74
115
228
434
601
702
638
540
404
366
340
337
218
90
-60
-158
-310
-542
-781
-1026
-1209
-1366
-1466
-1535
-1625
-1753
-1904
-1925
-1791
-1533
-1390
-1474
-1718
-1972
-1999
-1786
-1344
-956
-762
-782
-796
-697
-470
-203
76
346
556
725
836
952
1089
1238
1405
1478
1529
1515
1468
1350
1161
1023
954
1003
1036
1051
943
773
554
429
498
628
699
617
524
510
557
597
600
553
557
602
741
803
780
617
476
376
312
256
165
113
-15
-107
-270
-334
-440
-491
-595
-645
-754
-910
-1143
-1301
-1258
-1065
-784
-710
-794
-1099
-1223
-1196
-916
-713
-646
-738
-830
-719
-459
-166
-27
46
136
318
426
502
508
653
856
1164
1363
1407
1244
1017
901
887
994
1012
925
666
410
293
344
422
334
79
-242
-424
-495
-429
-442
-449
-494
-446
-438
-470
-590
-644
-602
-464
-311
-283
-298
-405
-456
-530
-564
-570
-494
-380
-310
-341
-406
-404
-349
-300
-360
-408
-452
-375
-366
-395
-573
-783
-958
-1020
-947
-855
-732
-725
-670
-657
-517
-437
-277
-43
299
580
689
724
802
1053
1309
1591
1724
1813
1716
1563
1455
1490
1601
1540
1303
987
804
746
675
488
197
-51
-266
-445
-593
-611
-494
-370
-342
-458
-574
-585
-411
-261
-199
-269
-302
-295
-319
-344
-408
-425
-465
-453
-353
-144
36
68
-43
-183
-255
-282
-285
-277
-349
-509
-803
-1005
-1062
-963
-914
-973
-1056
-1054
-911
-796
-706
-648
-408
-92
236
386
471
519
610
752
963
1246
1530
1779
1889
1899
1804
1817
1875
1952
1874
1664
1398
1137
879
636
468
391
315
129
-126
-339
-458
-523
-610
-749
-868
-888
-781
-591
-469
-414
-439
-461
-477
-486
-483
-443
-431
-462
-526
-561
-523
-487
-434
-375
-293
-274
-361
-556
-752
-842
-811
-753
-814
-1004
-1164
-1219
-1108
-1015
-945
-998
-1012
-994
-870
-744
-616
-426
-201
56
305
572
858
1045
1164
1239
1407
1640
1814
1829
1693
1586
1541
1557
1533
1448
1297
1048
759
449
234
137
42
-77
-300
-491
-656
-751
-761
-697
-573
-497
-478
-514
-447
-342
-173
-87
-3
46
63
9
-56
-102
-125
-118
-103
-5
27
46
-51
-188
-427
-669
-922
-1052
-1164
-1189
-1233
-1237
-1204
-1178
-1127
-1138
-1074
-992
-788
-620
-424
-317
-130
120
495
816
1008
1053
1118
1198
1307
1354
1414
1485
1581
1616
1544
1369
1164
1057
1006
975
865
735
592
412
187
-64
-243
-379
-481
-594
-652
-649
-596
-562
-541
-535
-449
-303
-127
8
59
52
-47
-126
-180
-87
-7
74
-20
-186
-405
-530
-609
-693
-787
-852
-836
-911
-1062
-1261
-1271
-1161
-1047
-1047
-1101
-1075
-1014
-901
-850
-720
-520
-217
84
268
418
524
760
963
1191
1356
1542
1629
1575
1389
1274
1304
1439
1491
1404
1259
1147
1104
1033
944
851
819
767
690
569
525
502
473
331
194
80
62
-3
-84
-183
-203
-145
-114
-130
-205
-199
-129
-23
-6
-67
-202
-318
-431
-520
-661
-857
-1046
-1176
-1238
-1336
-1457
-1546
-1556
-1567
-1626
-1692
-1636
-1454
-1283
-1179
-1114
-929
-670
-440
-349
-303
-167
120
379
474
428
461
587
757
777
762
754
790
779
656
542
491
548
633
691
688
679
656
628
495
365
305
358
418
398
363
352
395
343
213
88
146
338
489
484
343
222
128
106
82
83
37
-82
-287
-529
-731
-865
-924
-966
-961
-969
-955
-1021
-1121
-1220
-1208
-1058
-916
-887
-993
-1018
-922
-670
-471
-339
-315
-281
-166
19
225
345
426
474
562
603
644
643
665
649
627
589
579
533
471
402
451
627
840
973
963
932
957
1108
1285
1460
1491
1412
1190
1060
1064
1216
1293
1216
1021
839
725
654
540
408
278
256
261
249
78
-132
-291
-337
-364
-494
-625
-782
-866
-1019
-1137
-1251
-1252
-1195
-1121
-1081
-1087
-1075
-1127
-1205
-1334
-1318
-1157
-875
-670
-622
-664
-678
-579
-404
-199
-85
-101
-250
-345
-340
-216
-161
-196
-321
-367
-294
-160
-70
-69
-38
57
155
169
81
60
155
427
746
1029
1143
1075
942
878
980
1162
1334
1335
1118
747
416
282
337
384
276
-13
-327
-524
-629
-671
-796
-874
-954
-919
-925
-895
-863
-853
-852
-953
-918
-850
-686
-591
-556
-548
-538
-491
-408
-351
-348
-437
-547
-596
-500
-258
-31
34
-146
-366
-429
-261
-18
41
-56
-221
-229
-135
-12
144
249
364
299
250
263
461
757
994
1197
1270
1361
1386
1496
1587
1697
1765
1771
1808
1781
1769
1616
1398
1166
1039
1065
1133
1142
975
708
355
119
-12
37
169
228
199
5
-137
-263
-279
-207
-108
-34
-194
-407
-648
-657
-647
-604
-638
-666
-654
-732
-829
-1056
-1141
-1134
-901
-708
-556
-615
-701
-774
-707
-593
-581
-654
-841
-879
-914
-777
-752
-693
-759
-805
-768
-700
-547
-514
-397
-330
-154
-1
235
462
606
644
621
693
788
843
735
588
462
485
537
580
541
441
331
211
106
-5
-93
-169
-197
-248
-269
-339
-408
-480
-518
-497
-486
-456
-379
-203
-88
-128
-339
-480
-512
-517
-573
-652
-679
-617
-598
-577
-604
-640
-692
-801
-827
-771
-607
-476
-422
-513
-583
-565
-406
-146
138
398
550
462
286
175
268
537
742
818
788
793
897
1003
1000
1022
1099
1253
1340
1322
1283
1278
1298
1294
1269
1272
1335
1404
1414
1323
1141
1023
1004
1035
963
725
483
286
227
264
368
453
373
182
-45
-160
-205
-192
-186
-198
-296
-457
-633
-787
-870
-882
-805
-775
-826
-920
-937
-882
-815
-799
-797
-768
-749
-769
-821
-789
-707
-642
-663
-716
-764
-745
-665
-601
-626
-725
-759
-697
-618
-615
-632
-534
-338
-204
-157
-81
91
225
223
202
314
600
854
888
735
612
631
699
696
665
646
652
624
534
357
150
11
39
138
161
35
-150
-304
-476
-629
-728
-702
-666
-667
-707
-745
-767
-794
-793
-790
-744
-661
-530
-415
-367
-343
-293
-191
-106
-44
10
92
151
154
116
83
101
133
119
31
-67
-44
101
303
411
408
305
173
91
103
194
290
360
415
485
555
656
755
827
837
842
925
1057
1116
1043
926
905
951
970
898
822
755
681
593
568
607
612
513
387
316
229
51
-195
-359
-426
-437
-470
-496
-539
-546
-535
-498
-501
-567
-615
-639
-637
-671
-682
-656
-620
-592
-545
-441
-355
-318
-350
-398
-453
-512
-585
-675
-707
-604
-398
-198
-120
-178
-284
-393
-417
-396
-328
-281
-295
-328
-314
-147
120
371
481
427
311
269
348
526
660
708
711
754
854
890
828
670
502
360
262
194
136
93
53
7
-75
-118
-109
-106
-193
-377
-515
-606
-642
-669
-647
-588
-551
-535
-567
-580
-572
-471
-331
-237
-186
-138
7
146
200
112
-2
-1
89
197
204
183
165
197
217
217
201
198
223
211
153
11
-97
-173
-167
-131
-51
54
138
217
291
407
513
620
703
765
773
775
822
880
894
847
822
816
784
663
484
278
100
-25
-149
-317
-561
-757
-852
-822
-762
-753
-813
-907
-942
-917
-825
-701
-591
-536
-575
-603
-555
-408
-243
-97
-2
37
23
29
92
173
231
252
256
240
233
257
286
261
157
33
-54
-84
-71
-67
-63
-85
-97
-109
-141
-161
-158
-74
37
151
222
243
219
195
240
369
527
641
680
670
669
675
664
599
528
458
374
252
97
-52
-187
-294
-354
-378
-405
-474
-566
-668
-746
-784
-786
-776
-777
-765
-755
-753
-728
-612
-428
-246
-125
-56
-39
-99
-169
-177
-81
33
113
178
255
325
357
359
350
353
385
477
584
636
575
436
302
244
287
382
455
483
477
478
474
486
521
603
722
838
914
905
843
766
755
788
849
876
863
814
698
540
311
98
-120
-273
-379
-424
-478
-584
-712
-841
-922
-1018
-1070
-1107
-1124
-1178
-1259
-1330
-1405
-1463
-1491
-1427
-1313
-1184
-1071
-958
-866
-832
-867
-905
-891
-796
-654
-514
-397
-348
-321
-299
-196
-23
168
311
379
401
385
351
318
338
405
503
581
608
566
477
383
322
316
381
512
662
800
909
1002
1076
1117
1120
1081
1033
1007
992
955
876
765
651
514
352
186
8
-163
-339
-481
-573
-640
-686
-734
-771
-825
-872
-886
-861
-809
-732
-598
-442
-292
-197
-136
-107
-95
-94
-102
-116
-136
-124
-60
53
171
243
259
223
166
123
106
108
104
117
178
281
389
491
603
723
799
787
711
630
593
583
564
513
448
426
471
554
599
580
530
489
493
519
547
516
433
314
204
125
76
32
-19
-97
-192
-304
-407
-510
-622
-719
-759
-716
-663
-640
-665
-689
-696
-694
-646
-565
-452
-372
-357
-430
-540
-608
-598
-536
-520
-554
-640
-675
-634
-524
-421
-401
-441
-490
-496
-453
-393
-336
-305
-289
-250
-156
-22
94
166
226
325
447
546
569
528
461
412
400
424
477
536
558
513
409
299
232
220
251
302
359
409
424
392
319
274
277
293
241
99
-67
-189
-229
-220
-199
-221
-255
-279
-280
-273
-262
-218
-164
-138
-153
-189
-221
-241
-262
-282
-322
-365
-380
-364
-351
-369
-407
-393
-332
-221
-113
-54
-44
-62
-33
18
67
79
57
27
21
99
242
388
431
382
306
283
320
361
376
354
341
354
405
454
496
517
519
474
368
228
100
50
54
67
44
11
-1
-7
-24
-29
2
49
81
85
83
61
30
14
40
87
123
128
85
15
-73
-145
-198
-215
-174
-95
-8
32
21
-52
-164
-269
-317
-304
-278
-249
-210
-149
-81
-20
52
123
179
190
171
163
191
251
269
226
149
130
200
327
440
482
453
362
256
147
86
80
121
129
52
-73
-180
-209
-207
-202
-218
-228
-236
-258
-291
-310
-301
-295
-310
-321
-306
-301
-351
-444
-500
-480
-413
-341
-285
-226
-173
-139
-133
-157
-169
-178
-156
-139
-137
-172
-225
-235
-203
-128
-48
50
163
259
319
333
322
290
255
203
156
105
74
72
78
79
62
56
63
82
103
141
177
177
134
63
29
14
-15
-109
-259
-400
-489
-533
-591
-692
-809
-910
-974
-1026
-1058
-1079
-1071
-1045
-1025
-1010
-980
-904
-819
-755
-721
-666
-570
-424
-256
-86
74
229
374
493
584
686
846
1061
1282
1467
1613
1740
1837
1896
1898
1856
1779
1703
1674
1704
1776
1825
1807
1698
1557
1432
1364
1329
1300
1233
1096
929
782
709
648
564
438
288
102
-131
-372
-587
-762
-925
-1079
-1225
-1375
-1500
-1579
-1604
-1623
-1657
-1702
-1732
-1760
-1802
-1851
-1896
-1903
-1887
-1853
-1836
-1819
-1788
-1714
-1589
-1417
-1221
-1055
-904
-759
-590
-423
-256
-79
110
300
491
704
932
1129
1253
1357
1486
1675
1844
1946
1970
1956
1928
1896
1878
1898
1952
1986
1982
1930
1857
1736
1605
1504
1454
1380
1202
951
705
523
347
119
-155
-441
-718
-978
-1221
-1438
-1639
-1793
-1897
-1981
-2075
-2172
-2213
-2183
-2105
-2045
-2043
-2097
-2176
-2237
-2265
-2241
-2177
-2080
-1966
-1833
-1706
-1621
-1563
-1482
-1341
-1166
-1007
-856
-683
-479
-278
-93
97
304
509
670
787
872
960
1067
1193
1337
1482
1599
1661
1703
1772
1889
2014
2113
2156
2149
2115
2078
2053
2015
1959
1900
1894
1957
2055
2131
2141
2079
1936
1735
1495
1240
997
784
587
376
142
-94
-296
-486
-705
-957
-1190
-1340
-1409
-1436
-1468
-1507
-1535
-1530
-1510
-1500
-1505
-1509
-1529
-1587
-1671
-1726
-1710
-1642
-1555
-1486
-1432
-1405
-1388
-1367
-1323
-1227
-1059
-840
-648
-528
-444
-337
-183
4
213
395
508
576
650
767
889
1018
1157
1328
1509
1666
1771
1805
1825
1869
1969
2097
2222
2322
2344
2297
2215
2141
2067
1959
1806
1624
1429
1240
1046
835
608
364
133
-133
-445
-813
-1175
-1484
-1721
-1893
-2028
-2152
-2266
-2345
-2383
-2392
-2403
-2436
-2505
-2598
-2678
-2713
-2711
-2679
-2632
-2566
-2484
-2386
-2255
-2101
-1927
-1765
-1605
-1420
-1187
-951
-758
-623
-485
-320
-149
1
124
256
418
617
828
1025
1212
1414
1638
1839
1995
2111
2228
2365
2508
2641
2724
2769
2773
2761
2724
2679
2634
2572
2470
2340
2247
2176
2073
1860
1588
1316
1083
885
710
563
377
121
-210
-533
-805
-1018
-1200
-1349
-1454
-1510
-1529
-1568
-1660
-1832
-2037
-2198
-2244
-2196
-2133
-2129
-2174
-2227
-2256
-2245
-2179
-2047
-1873
-1696
-1543
-1394
-1219
-1015
-809
-629
-477
-303
-59
237
484
613
681
779
942
1122
1283
1430
1597
1771
1936
2060
2161
2248
2306
2333
2330
2331
2335
2353
2377
2387
2367
2330
2313
2286
2203
2039
1837
1606
1359
1109
895
714
523
288
14
-277
-598
-936
-1264
-1528
-1708
-1829
-1943
-2072
-2210
-2325
-2404
-2446
-2483
-2538
-2616
-2677
-2681
-2611
-2492
-2358
-2226
-2120
-2058
-2043
-2026
-1969
-1856
-1710
-1555
-1406
-1260
-1097
-925
-760
-627
-508
-390
-252
-82
122
344
544
728
906
1097
1266
1409
1554
1731
1926
2072
2145
2157
2149
2141
2164
2228
2320
2404
2443
2444
2398
2310
2179
2013
1834
1641
1441
1222
997
762
524
261
-20
-305
-568
-803
-1017
-1185
-1297
-1357
-1408
-1463
-1516
-1553
-1581
-1616
-1669
-1753
-1862
-1968
-2036
-2069
-2090
-2115
-2132
-2122
-2079
-1987
-1848
-1687
-1513
-1329
-1122
-926
-763
-628
-488
-333
-180
-54
55
183
363
582
814
1028
1208
1360
1514
1702
1902
2052
2116
2131
2155
2218
2289
2340
2355
2354
2351
2361
2384
2397
2380
2317
2228
2123
1996
1833
1635
1432
1231
1013
749
426
84
-229
-481
-682
-849
-1004
-1169
-1332
-1475
-1578
-1640
-1671
-1666
-1651
-1643
-1665
-1712
-1782
-1849
-1887
-1899
-1913
-1946
-1972
-1973
-1940
-1876
-1787
-1691
-1616
-1584
-1553
-1464
-1301
-1121
-979
-880
-789
-686
-581
-475
-350
-176
31
233
380
495
626
798
1001
1182
1334
1466
1624
1814
2011
2153
2224
2262
2291
2299
2267
2199
2110
2002
1873
1734
1596
1464
1313
1096
815
513
243
9
-218
-442
-656
-863
-1068
-1264
-1427
-1549
-1651
-1762
-1878
-1978
-2030
-2020
-1978
-1930
-1908
-1889
-1863
-1828
-1777
-1694
-1578
-1462
-1370
-1298
-1205
-1074
-902
-709
-530
-381
-271
-189
-110
-17
101
250
424
611
782
920
1056
1233
1466
1706
1887
2002
2092
2180
2268
2345
2420
2496
2578
2671
2754
2790
2752
2665
2566
2483
2397
2282
2128
1932
1702
1423
1104
750
383
35
-245
-443
-591
-751
-945
-1167
-1392
-1600
-1798
-1975
-2135
-2254
-2345
-2415
-2477
-2518
-2526
-2525
-2510
-2472
-2384
-2255
-2122
-2025
-1962
-1902
-1817
-1700
-1574
-1459
-1352
-1247
-1151
-1060
-966
-840
-664
-444
-226
-59
52
151
301
494
684
847
1009
1204
1422
1637
1833
1990
2082
2084
2035
2005
2044
2134
2218
2248
2217
2138
2043
1944
1818
1652
1458
1262
1066
857
638
428
226
6
-256
-530
-779
-996
-1204
-1401
-1538
-1581
-1559
-1542
-1568
-1611
-1610
-1542
-1450
-1396
-1401
-1432
-1434
-1384
-1288
-1167
-1028
-879
-736
-619
-544
-502
-470
-442
-415
-379
-292
-143
15
137
237
381
572
760
880
953
1048
1222
1466
1696
1821
1797
1686
1609
1638
1726
1784
1767
1716
1668
1607
1483
1285
1075
893
710
475
207
-49
-293
-560
-832
-1048
-1183
-1287
-1406
-1534
-1640
-1733
-1851
-1999
-2114
-2134
-2068
-1991
-1927
-1837
-1672
-1442
-1186
-937
-737
-629
-606
-613
-597
-550
-500
-445
-364
-231
-85
33
125
253
449
635
682
503
181
-76
-25
401
1007
1452
1553
1442
1466
1830
2417
2882
2986
2825
2652
2608
2569
2390
2045
1593
1079
511
-64
-595
-1060
-1472
-1858
-2173
-2336
-2278
-2083
-1939
-1994
-2198
-2385
-2412
-2242
-1913
-1497
-1073
-652
-198
302
764
1095
1270
1324
1289
1182
1022
815
564
275
-23
-312
-572
-770
-873
-926
-997
-1125
-1246
-1283
-1200
-995
-676
-211
432
1298
2379
3538
4527
5126
5360
5455
5615
5780
5740
5390
4809
4103
3274
2286
1121
-183
-1547
-2883
-4158
-5378
-6453
-7222
-7594
-7633
-7409
-6942
-6260
-5470
-4694
-3968
-3271
-2537
-1707
-746
325
1440
2518
3498
4341
5002
5396
5407
4973
4157
3091
1888
634
-590
-1708
-2662
-3403
-3935
-4276
-4415
-4349
-4111
-3740
-3202
-2466
-1552
-517
634
1880
3190
4529
5842
7030
7970
8640
9044
9201
9078
8647
7844
6641
5122
3418
1596
-358
-2382
-4329
-6026
-7410
-8470
-9216
-9619
-9672
-9406
-8897
-8205
-7340
-6313
-5181
-4016
-2853
-1655
-382
980
2362
3647
4694
5419
5797
5828
5492
4771
3693
2327
790
-786
-2248
-3489
-4423
-5040
-5399
-5555
-5492
-5149
-4509
-3611
-2495
-1224
116
1462
2852
4351
5974
7630
9134
10283
10975
11288
11363
11228
10730
9681
8082
6112
3961
1679
-744
-3231
-5575
-7559
-9080
-10152
-10799
-10990
-10726
-10086
-9222
-8200
-7007
-5598
-4029
-2412
-811
832
2572
4340
5933
7140
7848
8076
7884
7263
6136
4507
2558
532
-1439
-3334
-5114
-6644
-7813
-8595
-9030
-9107
-8779
-8024
-6895
-5493
-3888
-2098
-121
1980
4096
6136
8071
9835
11273
12244
12752
12889
12668
11938
10576
8637
6323
3806
1132
-1660
-4443
-6987
-9132
-10805
-12013
-12714
-12878
-12493
-11649
-10453
-9004
-7324
-5418
-3341
-1227
802
2750
4665
6499
8057
9147
9699
9742
9274
8241
6645
4642
2459
250
-1956
-4113
-6087
-7735
-8995
-9855
-10263
-10179
-9606
-8626
-7330
-5783
-3985
-1933
318
2654
4968
7213
9306
11099
12452
13345
13781
13682
12889
11383
9319
6923
4307
1507
-1402
-4223
-6733
-8822
-10497
-11778
-12582
-12834
-12543
-11833
-10798
-9453
-7731
-5622
-3235
-739
1771
4268
6652
8735
10312
11310
11714
11535
10745
9375
7552
5486
3327
1097
-1197
-3418
-5340
-6868
-8074
-9051
-9731
-9954
-9625
-8837
-7719
-6322
-4563
-2393
91
2695
5255
7685
9891
11721
13041
13790
13940
13415
12153
10209
7767
5032
2137
-854
-3844
-6642
-9044
-10962
-12430
-13445
-13935
-13868
-13315
-12391
-11147
-9559
-7594
-5291
-2780
-192
2407
4963
7332
9323
10789
11660
11896
11471
10390
8742
6703
4451
2103
-292
-2622
-4706
-6403
-7713
-8688
-9324
-9557
-9347
-8725
-7739
-6406
-4710
-2681
-407
2002
4489
6992
9375
11432
13006
14047
14526
14359
13432
11777
9549
6967
4140
1122
-2022
-5092
-7844
-10138
-11967
-13323
-14118
-14323
-14018
-13354
-12355
-10979
-9199
-7124
-4892
-2558
-77
2534
5082
7302
9056
10367
11236
11525
11077
9911
8233
6276
4112
1734
-765
-3100
-5034
-6557
-7797
-8737
-9219
-9139
-8570
-7669
-6499
-5011
-3156
-1014
1271
3610
5997
8366
10512
12224
13437
14186
14414
13947
12687
10753
8385
5741
2866
-172
-3186
-5949
-8324
-10296
-11851
-12905
-13388
-13369
-12967
-12241
-11112
-9527
-7556
-5366
-3069
-695
1726
4055
6082
7692
8896
9717
10059
9785
8863
7404
5545
3390
1030
-1369
-3583
-5432
-6885
-7976
-8682
-8918
-8697
-8136
-7357
-6351
-5069
-3514
-1754
150
2199
4399
6691
8903
10831
12356
13444
14012
13862
12880
11164
8943
6357
3487
462
-2477
-5096
-7288
-9091
-10537
-11547
-12023
-12015
-11691
-11130
-10284
-9078
-7557
-5821
-3930
-1884
308
2542
4605
6322
7635
8552
8996
8852
8109
6871
5274
3390
1281
-907
-2942
-4649
-6009
-7075
-7802
-8091
-7922
-7417
-6707
-5825
-4721
-3375
-1830
-135
1701
3671
5704
7662
9405
10871
12022
12736
12787
12052
10632
8725
6445
3821
964
-1882
-4437
-6574
-8318
-9701
-10617
-10976
-10842
-10419
-9811
-8966
-7796
-6342
-4740
-3064
-1273
645
2566
4290
5679
6706
7365
7612
7369
6653
5570
4243
2744
1115
-574
-2194
-3614
-4760
-5641
-6255
-6549
-6489
-6106
-5482
-4661
-3636
-2406
-1007
510
2128
3862
5674
7443
8997
10265
11236
11850
11920
11292
9990
8191
6044
3635
1045
-1574
-4023
-6152
-7903
-9268
-10186
-10591
-10531
-10140
-9519
-8668
-7587
-6357
-5065
-3728
-2299
-800
663
1976
3084
3998
4718
5189
5307
5014
4367
3479
2424
1237
-42
-1315
-2457
-3363
-4029
-4467
-4668
-4619
-4370
-3984
-3478
-2822
-1975
-933
263
1537
2870
4304
5837
7363
8725
9837
10659
11112
11020
10289
8990
7292
5312
3121
806
-1501
-3630
-5437
-6851
-7848
-8398
-8538
-8402
-8125
-7718
-7132
-6367
-5501
-4615
-3733
-2830
-1883
-925
-51
696
1336
1877
2236
2360
2283
2089
1800
1382
789
61
-694
-1355
-1889
-2309
-2591
-2708
-2656
-2492
-2264
-1991
-1634
-1129
-470
291
1128
2077
3180
4428
5734
6982
8082
8987
9607
9800
9478
8660
7394
5741
3814
1787
-172
-1904
-3323
-4420
-5211
-5665
-5778
-5630
-5329
-4964
-4602
-4280
-4020
-3830
-3651
-3378
-2975
-2549
-2169
-1809
-1398
-958
-568
-305
-183
-143
-139
-191
-326
-501
-664
-818
-993
-1186
-1350
-1431
-1410
-1338
-1282
-1245
-1161
-969
-651
-236
280
939
1774
2721
3664
4538
5340
6031
6523
6733
6632
6238
5586
4741
3762
2720
1694
767
-23
-633
-1025
-1204
-1237
-1171
-1051
-939
-923
-1036
-1284
-1661
-2118
-2592
-3039
-3442
-3748
-3915
-3945
-3871
-3706
-3433
-3050
-2585
-2094
-1611
-1137
-684
-283
26
225
317
319
240
71
-194
-505
-763
-875
-834
-704
-539
-352
-137
93
319
543
759
961
1111
1186
1200
1218
1282
1407
1578
1782
2001
2232
2472
2700
2923
3157
3367
3473
3473
3400
3256
2986
2547
1932
1177
352
-495
-1358
-2214
-2982
-3586
-4005
-4259
-4367
-4326
-4104
-3678
-3082
-2394
-1652
-873
-104
580
1132
1557
1864
2031
2019
1831
1517
1154
769
363
-31
-335
-503
-580
-647
-731
-811
-871
-954
-1100
-1296
-1473
-1561
-1562
-1488
-1321
-991
-483
144
778
1373
1954
2519
2980
3246
3309
3221
3026
2714
2268
1696
1064
418
-227
-869
-1463
-1961
-2333
-2576
-2708
-2749
-2696
-2522
-2251
-1906
-1475
-932
-304
343
953
1509
2009
2422
2671
2694
2515
2211
1816
1301
672
11
-564
-1007
-1352
-1645
-1864
-1964
-1953
-1891
-1814
-1718
-1593
-1448
-1287
-1102
-891
-634
-292
133
595
1050
1505
1948
2313
2529
2568
2448
2169
1715
1091
377
-369
-1129
-1893
-2567
-3056
-3343
-3463
-3452
-3321
-3064
-2676
-2196
-1690
-1217
-764
-295
227
786
1326
1813
2248
2612
2851
2939
2902
2761
2497
2110
1636
1120
589
79
-348
-643
-791
-823
-784
-704
-575
-386
-157
68
280
513
788
1060
1269
1434
1611
1829
2049
2234
2375
2462
2468
2370
2157
1825
1362
770
96
-593
-1230
-1791
-2269
-2646
-2893
-2985
-2930
-2767
-2553
-2307
-1986
-1546
-1012
-476
-29
298
534
733
896
994
1006
950
852
729
597
473
356
219
51
-139
-342
-558
-766
-934
-1055
-1146
-1189
-1132
-947
-647
-254
214
718
1200
1622
1962
2179
2228
2114
1909
1714
1580
1476
1339
1136
879
600
315
13
-336
-747
-1204
-1676
-2126
-2501
-2761
-2909
-2984
-2982
-2861
-2591
-2206
-1754
-1273
-812
-426
-163
-39
-39
-135
-278
-413
-521
-629
-777
-953
-1104
-1187
-1203
-1180
-1143
-1091
-1020
-949
-923
-955
-1019
-1054
-1011
-869
-638
-326
60
495
952
1396
1795
2115
2349
2507
2610
2677
2717
2726
2670
2544
2365
2163
1976
1820
1694
1564
1400
1213
1031
886
779
687
583
464
341
230
157
141
181
262
378
513
623
659
617
532
429
314
189
64
-57
-181
-320
-470
-625
-777
-931
-1089
-1241
-1390
-1548
-1726
-1891
-2006
-2048
-2026
-1973
-1895
-1775
-1582
-1306
-960
-572
-195
118
373
614
862
1076
1221
1311
1363
1383
1387
1402
1419
1407
1336
1214
1077
944
801
623
412
201
29
-95
-176
-239
-306
-398
-518
-624
-655
-575
-412
-230
-68
81
224
334
373
338
241
89
-109
-327
-534
-739
-954
-1188
-1433
-1679
-1916
-2126
-2291
-2404
-2488
-2569
-2635
-2642
-2571
-2448
-2300
-2115
-1867
-1529
-1103
-604
-72
460
962
1396
1725
1930
2016
1997
1896
1717
1480
1224
1009
855
747
675
646
668
727
810
902
991
1061
1118
1183
1266
1355
1423
1483
1580
1727
1885
2002
2065
2065
1981
1776
1436
991
504
33
-388
-764
-1109
-1426
-1699
-1909
-2034
-2073
-2036
-1967
-1898
-1838
-1754
-1610
-1400
-1138
-857
-577
-300
3
358
740
1090
1355
1516
1564
1499
1333
1084
770
421
75
-223
-456
-624
-731
-764
-711
-581
-402
-182
69
329
561
750
897
1013
1121
1242
1368
1466
1525
1551
1524
1402
1171
870
548
227
-104
-445
-772
-1051
-1284
-1501
-1710
-1893
-2027
-2121
-2187
-2209
-2154
-1997
-1763
-1475
-1145
-779
-389
14
426
835
1211
1519
1717
1759
1643
1405
1115
811
495
160
-172
-450
-645
-780
-886
-949
-935
-842
-718
-606
-518
-418
-271
-84
103
243
331
394
467
553
625
643
569
384
92
-254
-603
-917
-1179
-1378
-1533
-1665
-1752
-1758
-1696
-1631
-1586
-1537
-1457
-1335
-1151
-900
-616
-336
-62
247
630
1087
1555
1957
2268
2502
2659
2708
2633
2452
2200
1894
1541
1161
789
475
248
128
117
193
326
491
663
818
965
1124
1286
1404
1426
1360
1231
1073
907
741
554
318
34
-271
-582
-902
-1242
-1585
-1900
-2182
-2443
-2687
-2884
-3013
-3094
-3143
-3137
-3039
-2841
-2554
-2198
-1801
-1389
-984
-591
-203
192
581
933
1231
1468
1649
1780
1859
1873
1818
1714
1585
1445
1290
1126
982
905
897
900
871
846
910
1083
1330
1584
1799
1944
2017
2035
2015
1982
1916
1779
1518
1138
672
184
-269
-651
-987
-1309
-1631
-1931
-2198
-2435
-2643
-2820
-2946
-3017
-3048
-3054
-3018
-2902
-2704
-2451
-2174
-1871
-1524
-1132
-725
-360
-57
205
451
671
837
938
965
928
849
765
693
630
573
532
536
589
679
783
908
1065
1250
1446
1653
1865
2076
2284
2468
2601
2655
2633
2544
2378
2119
1763
1323
835
345
-121
-564
-994
-1379
-1684
-1908
-2080
-2230
-2347
-2406
-2421
-2418
-2424
-2437
-2448
-2421
-2320
-2145
-1928
-1697
-1423
-1103
-755
-424
-129
126
346
511
578
528
401
264
169
132
153
216
301
400
509
626
745
867
1000
1158
1352
1582
1835
2085
2333
2572
2796
2968
3044
2997
2818
2519
2122
1663
1173
683
223
-178
-506
-759
-929
-1019
-1043
-1029
-1023
-1082
-1240
-1458
-1676
-1872
-2049
-2195
-2266
-2242
-2112
-1875
-1558
-1208
-883
-613
-405
-252
-149
-101
-107
-159
-243
-358
-502
-658
-794
-867
-836
-699
-516
-353
-225
-102
38
183
312
439
614
855
1146
1453
1746
1982
2102
2078
1945
1789
1651
1471
1181
798
436
169
-35
-217
-376
-476
-523
-563
-624
-698
-785
-913
-1107
-1339
-1553
-1690
-1722
-1670
-1564
-1424
-1230
-976
-689
-405
-157
47
197
292
339
347
318
257
176
85
-2
-68
-103
-115
-120
-110
-52
72
223
361
480
601
719
819
916
1038
1201
1380
1533
1640
1693
1700
1661
1574
1424
1209
961
723
525
340
127
-124
-383
-608
-790
-942
-1095
-1268
-1452
-1606
-1683
-1678
-1607
-1507
-1401
-1287
-1140
-951
-746
-545
-327
-58
253
556
807
976
1046
1024
951
882
819
727
583
385
161
-58
-220
-305
-310
-241
-98
94
275
403
495
593
702
797
866
929
995
1047
1052
1009
941
859
753
610
429
214
-28
-281
-527
-767
-1017
-1302
-1602
-1870
-2063
-2179
-2242
-2275
-2282
-2247
-2164
-2032
-1843
-1599
-1332
-1079
-853
-632
-391
-123
164
428
626
742
813
867
889
844
727
579
434
318
250
228
223
204
200
267
424
643
891
1133
1330
1451
1514
1563
1614
1650
1663
1663
1667
1667
1649
1593
1480
1294
1038
724
379
35
-303
-656
-1046
-1451
-1819
-2100
-2279
-2357
-2333
-2209
-1999
-1743
-1471
-1181
-883
-615
-416
-271
-130
51
258
437
569
666
750
789
768
692
582
454
330
234
161
104
83
123
220
327
424
543
732
989
1260
1496
1684
1821
1907
1957
1997
2041
2058
2008
1859
1625
1357
1102
855
570
227
-155
-529
-877
-1211
-1560
-1915
-2233
-2475
-2646
-2769
-2844
-2865
-2825
-2719
-2534
-2274
-1977
-1692
-1441
-1217
-997
-810
-697
-678
-728
-790
-823
-818
-797
-792
-795
-782
-723
-610
-455
-276
-95
87
285
515
784
1084
1382
1637
1826
1964
2100
2242
2361
2423
2462
2518
2567
2543
2410
2188
1895
1540
1143
749
387
58
-268
-604
-925
-1188
-1375
-1512
-1628
-1711
-1749
-1754
-1742
-1699
-1608
-1476
-1326
-1173
-1014
-840
-662
-519
-439
-417
-439
-489
-564
-651
-751
-858
-952
-1003
-1003
-958
-865
-711
-494
-224
76
379
682
995
1320
1636
1925
2187
2433
2657
2852
3006
3122
3192
3192
3108
2941
2704
2392
2001
1546
1073
633
258
-48
-327
-621
-923
-1186
-1374
-1497
-1579
-1642
-1699
-1733
-1698
-1557
-1351
-1151
-995
-857
-696
-513
-367
-331
-430
-622
-831
-1019
-1185
-1326
-1424
-1465
-1469
-1460
-1426
-1343
-1197
-994
-737
-442
-135
159
442
731
1032
1347
1653
1942
2189
2383
2512
2545
2451
2232
1960
1698
1437
1135
790
446
129
-186
-526
-886
-1231
-1515
-1719
-1858
-1950
-2006
-2029
-2026
-2000
-1954
-1883
-1772
-1600
-1371
-1121
-892
-705
-561
-471
-445
-489
-608
-803
-1033
-1235
-1363
-1431
-1464
-1468
-1425
-1326
-1189
-1022
-816
-574
-295
19
380
781
1186
1575
1954
2334
2698
3017
3274
3467
3584
3614
3545
3375
3108
2761
2375
1981
1616
1290
982
655
304
-45
-355
-617
-826
-983
-1100
-1182
-1215
-1170
-1058
-903
-733
-558
-386
-229
-100
4
94
147
126
15
-160
-366
-601
-868
-1135
-1351
-1472
-1509
-1504
-1500
-1494
-1447
-1324
-1111
-839
-535
-218
100
415
725
1036
1358
1681
1979
2218
2384
2486
2526
2497
2398
2249
2068
1845
1568
1259
952
652
332
-4
-326
-608
-847
-1064
-1257
-1413
-1509
-1551
-1562
-1551
-1504
-1387
-1186
-928
-677
-491
-383
-344
-371
-465
-609
-780
-969
-1171
-1378
-1566
-1728
-1847
-1901
-1879
-1801
-1691
-1559
-1420
-1289
-1174
-1048
-891
-696
-474
-223
58
379
734
1101
1443
1719
1910
2012
2034
2000
1940
1854
1724
1540
1323
1100
880
672
480
307
140
-26
-191
-347
-489
-603
-665
-668
-622
-540
-407
-212
23
253
429
548
620
645
587
428
192
-74
-329
-551
-723
-861
-976
-1063
-1121
-1167
-1229
-1293
-1319
-1280
-1185
-1053
-885
-671
-404
-113
176
459
743
1035
1320
1564
1739
1832
1867
1860
1810
1697
1527
1319
1111
923
757
598
433
270
121
-2
-99
-193
-306
-414
-484
-503
-483
-421
-304
-131
71
268
427
532
586
594
555
468
344
182
-19
-244
-450
-603
-694
-747
-780
-802
-821
-851
-902
-944
-949
-887
-778
-644
-516
-410
-320
-221
-85
92
290
487
666
797
851
824
744
625
466
283
121
3
-90
-190
-307
-431
-542
-611
-634
-632
-630
-625
-599
-552
-493
-412
-310
-191
-75
29
122
202
266
314
325
267
129
-61
-257
-425
-538
-594
-600
-593
-600
-627
-658
-660
-613
-519
-409
-305
-207
-88
78
287
497
674
816
943
1072
1190
1274
1316
1329
1330
1308
1235
1103
931
744
551
367
215
109
41
-24
-102
-182
-224
-223
-198
-186
-199
-216
-210
-171
-117
-68
-34
-4
26
25
-30
-121
-195
-233
-266
-326
-412
-503
-598
-696
-784
-849
-895
-933
-947
-920
-854
-771
-663
-511
-335
-183
-69
47
196
364
521
652
757
823
851
845
822
791
760
728
677
598
497
393
289
177
59
-64
-202
-349
-467
-528
-538
-535
-542
-531
-473
-361
-241
-159
-137
-164
-212
-263
-306
-334
-338
-336
-359
-415
-483
-528
-547
-557
-557
-528
-462
-381
-300
-225
-132
-19
91
168
218
276
353
438
533
639
738
816
882
943
990
1005
986
944
885
808
690
540
405
329
320
338
341
308
240
187
186
218
227
191
136
96
84
102
148
207
249
242
196
135
58
-59
-214
-388
-559
-713
-834
-902
-920
-889
-806
-699
-608
-561
-544
-534
-527
-511
-459
-350
-201
-65
42
135
227
317
403
498
602
696
752
752
686
569
426
275
125
-17
-131
-214
-287
-368
-444
-482
-470
-431
-390
-354
-309
-248
-171
-76
25
110
165
215
267
285
228
123
26
-64
-196
-386
-604
-811
-981
-1089
-1122
-1109
-1089
-1062
-999
-893
-773
-665
-568
-467
-363
-242
-102
52
194
307
403
499
615
738
835
879
868
826
777
721
650
548
412
263
112
-31
-162
-253
-281
-252
-198
-141
-74
20
142
263
348
375
357
343
359
396
428
439
429
392
322
208
57
-100
-240
-352
-451
-546
-642
-731
-776
-739
-619
-461
-306
-149
24
206
375
517
639
753
874
1007
1134
1217
1242
1219
1175
1119
1048
965
877
769
616
424
230
75
-46
-166
-300
-432
-538
-596
-589
-541
-491
-442
-356
-209
-40
103
197
242
235
184
112
47
-12
-85
-186
-317
-460
-610
-760
-899
-991
-1019
-1007
-984
-966
-942
-897
-816
-691
-528
-344
-157
14
147
218
238
240
270
342
444
551
637
692
700
657
579
481
361
215
45
-126
-285
-405
-484
-531
-556
-566
-551
-508
-440
-369
-309
-248
-173
-92
-20
40
87
110
105
72
7
-90
-200
-310
-416
-520
-627
-739
-849
-941
-991
-998
-960
-857
-682
-461
-244
-58
99
230
324
379
428
507
615
712
777
826
879
924
956
983
1016
1029
1000
933
846
733
580
396
227
104
27
-13
-7
54
164
282
370
417
452
516
620
731
803
817
788
745
697
612
460
256
54
-98
-194
-259
-337
-461
-627
-793
-907
-971
-1012
-1027
-974
-842
-674
-516
-369
-209
-32
148
305
428
505
534
512
468
433
414
382
311
224
141
73
-1
-84
-163
-221
-263
-298
-323
-319
-293
-267
-250
-227
-176
-98
4
110
198
252
276
299
329
356
342
280
202
138
84
12
-88
-198
-314
-440
-592
-772
-946
-1073
-1134
-1159
-1166
-1135
-1044
-891
-716
-559
-455
-398
-341
-249
-128
-14
64
115
149
165
149
93
19
-35
-55
-46
-34
-27
-44
-102
-201
-323
-441
-539
-599
-619
-615
-583
-494
-328
-119
87
263
412
540
661
776
869
906
895
861
822
765
663
501
297
105
-30
-96
-122
-111
-71
-18
27
75
157
270
387
490
592
694
778
828
844
838
821
802
783
745
677
573
459
358
266
160
21
-124
-240
-310
-363
-417
-465
-492
-489
-460
-407
-350
-302
-262
-221
-181
-144
-94
-13
85
173
230
265
284
275
230
149
46
-66
-174
-269
-361
-434
-465
-436
-375
-318
-256
-168
-58
53
167
299
432
520
543
532
528
543
559
569
590
633
674
682
650
571
440
258
53
-144
-329
-499
-635
-720
-756
-764
-767
-789
-823
-849
-839
-778
-674
-562
-477
-432
-405
-370
-324
-296
-304
-349
-406
-459
-491
-498
-498
-507
-531
-555
-575
-597
-626
-653
-651
-592
-456
-274
-114
-21
31
106
238
393
518
586
609
618
638
680
729
769
771
720
617
479
327
188
76
-4
-59
-94
-131
-192
-267
-318
-317
-259
-174
-91
-31
6
38
82
148
216
261
275
276
284
302
309
282
215
125
34
-37
-85
-133
-204
-299
-387
-438
-450
-425
-361
-250
-112
43
204
378
559
712
813
849
847
849
882
937
975
976
950
931
923
909
872
809
716
594
453
298
129
-48
-200
-293
-324
-325
-325
-329
-320
-295
-266
-248
-245
-232
-190
-139
-106
-98
-89
-91
-117
-161
-211
-255
-309
-384
-489
-625
-777
-916
-1018
-1071
-1075
-1026
-935
-834
-764
-708
-615
-461
-285
-155
-93
-68
-34
12
34
1
-60
-90
-68
-40
-58
-125
-195
-227
-207
-164
-134
-129
-134
-128
-121
-150
-233
-340
-406
-402
-350
-296
-248
-189
-100
14
128
222
275
300
311
326
340
346
339
319
286
264
281
341
391
393
356
336
342
342
324
316
341
372
387
387
384
385
399
424
451
474
499
511
491
443
411
431
503
590
645
638
578
490
400
337
317
313
270
170
49
-47
-94
-117
-138
-158
-157
-131
-97
-84
-106
-151
-197
-215
-209
-194
-194
-218
-264
-304
-306
-279
-266
-292
-339
-371
-374
-350
-322
-322
-373
-447
-495
-499
-470
-423
-355
-289
-258
-258
-250
-202
-123
-38
43
115
155
145
97
39
-7
-35
-43
-37
-51
-129
-264
-386
-442
-446
-449
-463
-469
-458
-453
-461
-478
-491
-477
-437
-369
-310
-283
-286
-277
-233
-158
-81
-22
21
54
76
81
79
71
52
16
-13
-4
55
128
167
166
164
208
294
382
422
420
424
460
508
525
510
487
472
478
507
550
576
572
557
568
600
611
574
510
449
397
345
295
262
238
203
173
174
211
236
196
90
-35
-131
-190
-208
-194
-178
-187
-202
-172
-93
-13
39
64
96
150
217
274
