-99
-101
-53
40
112
99
5
-67
-73
-65
-110
-185
-228
-215
-149
-52
32
30
-68
-179
-215
-171
-110
-56
-10
26
56
138
262
322
243
124
106
170
195
116
-36
-248
-477
-607
-545
-356
-204
-176
-254
-366
-420
-357
-196
-13
129
213
229
190
140
114
126
149
151
90
-32
-112
-76
28
105
142
192
218
169
102
105
134
63
-96
-207
-207
-140
-77
-25
44
147
260
290
217
135
147
195
185
105
6
-96
-148
-74
103
219
193
150
221
361
474
546
586
532
377
234
189
166
60
-94
-161
-110
-7
77
115
92
25
-4
67
216
326
326
241
150
79
7
-48
-47
-12
-14
-66
-90
-57
-47
-138
-273
-303
-197
-70
-28
-35
-28
-27
-87
-184
-254
-241
-118
123
351
360
97
-258
-441
-372
-141
104
246
210
-1
-279
-445
-419
-247
-92
-67
-171
-312
-409
-435
-382
-292
-216
-169
-87
66
226
301
278
198
87
-20
-73
-38
26
68
72
53
11
-52
-118
-148
-108
-14
40
-30
-183
-285
-273
-214
-192
-236
-317
-397
-405
-300
-151
-51
-24
4
73
150
139
-11
-255
-435
-438
-282
-105
-53
-157
-337
-469
-513
-483
-403
-267
-119
-43
-65
-118
-102
-5
130
242
279
206
32
-136
-173
-27
226
437
473
352
214
185
256
330
358
368
388
418
441
444
416
370
368
476
678
832
774
510
222
122
250
468
596
579
489
443
506
670
846
919
798
505
166
-37
7
230
421
414
262
125
95
134
191
209
139
-7
-131
-152
-128
-140
-218
-341
-473
-571
-582
-548
-547
-640
-789
-893
-847
-615
-297
-56
22
-28
-136
-246
-326
-363
-393
-453
-541
-618
-638
-572
-436
-331
-353
-437
-411
-249
-132
-182
-290
-321
-304
-288
-215
-55
61
-8
-207
-383
-402
-209
152
501
600
431
141
-117
-273
-246
-25
217
229
-12
-310
-459
-394
-189
8
64
32
55
164
258
287
318
378
406
367
301
245
174
78
-5
-11
61
162
212
174
74
5
55
222
385
410
296
129
-11
-117
-177
-152
-36
97
166
173
187
240
279
239
123
-16
-121
-153
-131
-143
-227
-282
-177
59
293
465
582
599
468
286
229
312
384
312
113
-118
-300
-367
-293
-105
82
144
22
-207
-385
-385
-237
-97
-84
-159
-209
-186
-99
-4
61
74
103
195
321
409
435
403
271
70
-87
-124
-117
-174
-295
-412
-489
-503
-416
-233
-9
173
260
210
38
-143
-212
-128
23
137
147
53
-88
-213
-280
-263
-134
90
284
310
119
-165
-338
-266
-15
190
195
34
-137
-218
-189
-85
23
44
-66
-227
-272
-103
189
385
388
292
213
176
160
212
309
339
230
62
-14
44
150
194
131
-19
-175
-242
-167
-26
56
29
-72
-205
-355
-429
-357
-221
-179
-248
-322
-399
-534
-692
-681
-421
-25
268
294
99
-100
-109
58
240
304
250
162
146
220
275
190
18
-51
64
226
257
114
-120
-335
-436
-379
-233
-135
-186
-368
-570
-626
-417
-29
275
301
138
44
158
383
544
585
520
375
169
-26
-131
-134
-82
-30
14
90
218
324
320
212
148
194
259
221
66
-104
-180
-115
50
227
365
446
432
288
56
-103
-94
45
161
166
65
-78
-196
-216
-123
3
67
81
122
196
226
162
25
-126
-210
-178
-88
-97
-267
-489
-606
-581
-436
-203
20
95
-3
-109
-83
58
189
231
178
88
43
57
52
-48
-184
-239
-205
-180
-235
-301
-268
-115
65
178
182
95
-50
-180
-226
-169
-44
84
174
202
202
208
237
250
228
172
135
162
250
304
233
54
-82
-41
156
363
408
223
-115
-378
-382
-134
133
188
-6
-275
-391
-281
-36
148
167
84
70
221
428
514
412
224
72
14
15
2
-57
-112
-97
-56
-73
-171
-268
-314
-307
-256
-144
-8
87
113
91
15
-109
-208
-207
-132
-92
-141
-273
-426
-532
-508
-344
-139
-28
-66
-186
-266
-224
-79
48
39
-77
-152
-69
87
150
67
-15
68
273
378
212
-137
-410
-426
-248
-79
-65
-192
-322
-316
-146
71
194
173
74
-17
-63
-44
23
76
41
-89
-242
-342
-341
-228
-57
80
105
39
-55
-112
-67
126
411
619
610
409
174
49
70
178
284
314
251
135
25
-36
-51
-56
-113
-214
-248
-89
225
477
492
307
107
30
104
265
426
522
536
480
371
246
200
291
465
585
556
388
162
-5
-39
40
107
92
29
-7
-4
-2
-18
-69
-147
-222
-245
-208
-157
-92
-9
88
151
171
168
152
127
123
174
217
162
11
-135
-224
-283
-342
-393
-435
-477
-501
-468
-380
-298
-255
-215
-139
-55
-25
-57
-96
-141
-209
-281
-251
-99
78
160
125
12
-166
-332
-387
-289
-168
-147
-233
-335
-385
-353
-263
-186
-174
-211
-236
-225
-186
-127
-65
-37
-40
-22
42
100
83
2
-104
-184
-215
-202
-215
-319
-450
-449
-245
28
200
194
41
-186
-379
-416
-291
-137
-86
-121
-169
-186
-192
-191
-175
-119
31
288
548
641
533
372
332
434
565
636
642
615
559
430
222
11
-36
139
415
584
546
370
177
70
95
226
392
532
622
610
468
259
122
141
292
489
617
570
315
-19
-246
-276
-178
-78
-58
-133
-254
-330
-297
-198
-154
-236
-386
-505
-561
-579
-580
-562
-518
-462
-407
-402
-458
-535
-530
-401
-213
-77
-66
-129
-180
-158
-109
-89
-73
45
317
656
899
975
967
1020
1206
1447
1639
1746
1827
1889
1822
1520
1064
704
662
929
1299
1546
1583
1412
1015
356
-491
-1342
-1978
-2282
-2270
-2117
-2064
-2270
-2662
-2974
-2992
-2695
-2216
-1729
-1419
-1409
-1625
-1813
-1759
-1433
-887
-153
669
1334
1601
1437
1018
584
301
211
178
-14
-522
-1302
-2151
-2820
-3132
-3051
-2685
-2233
-1838
-1526
-1230
-873
-406
163
804
1496
2242
3027
3784
4419
4860
5079
5138
5152
5191
5188
5014
4607
4046
3515
3214
3184
3173
2713
1471
-415
-2378
-3811
-4490
-4637
-4647
-4788
-5069
-5316
-5310
-4992
-4498
-3971
-3406
-2746
-2084
-1567
-1190
-777
-138
793
1964
3174
4104
4452
4110
3251
2224
1361
809
441
-38
-872
-2049
-3303
-4328
-5028
-5570
-6114
-6478
-6216
-5109
-3549
-2203
-1420
-990
-427
619
2130
3680
4758
5266
5595
6113
6757
7226
7388
7266
6897
6380
5906
5520
5011
4212
3250
2438
1986
1799
1392
134
-2121
-4609
-6215
-6431
-5720
-4960
-4735
-4988
-5176
-4842
-4079
-3338
-2825
-2338
-1751
-1224
-893
-633
-224
443
1400
2593
3787
4641
4861
4319
3161
1851
922
494
172
-514
-1659
-2992
-4188
-5129
-5930
-6724
-7346
-7335
-6399
-4890
-3524
-2681
-2109
-1350
-193
1258
2727
3930
4808
5563
6321
6896
7087
7054
7069
7116
6953
6495
5841
5072
4220
3342
2516
1825
1329
842
-175
-2122
-4601
-6561
-7218
-6691
-5746
-5122
-5068
-5265
-5160
-4481
-3452
-2437
-1563
-831
-360
-248
-269
19
837
2031
3253
4229
4812
4907
4433
3386
2012
782
61
-286
-817
-2000
-3706
-5266
-6064
-6050
-5718
-5582
-5750
-5936
-5710
-4784
-3195
-1339
280
1402
2114
2695
3390
4298
5244
5864
5966
5792
5746
5879
5852
5400
4669
4102
4025
4305
4384
3809
2735
1759
1310
1291
1206
430
-1354
-3698
-5525
-6016
-5306
-4220
-3554
-3689
-4427
-5024
-4732
-3571
-2316
-1622
-1490
-1544
-1478
-1104
-371
621
1778
3151
4657
5840
6158
5504
4287
3075
2232
1701
1018
-301
-2259
-4319
-5840
-6526
-6543
-6309
-6201
-6342
-6558
-6459
-5609
-3860
-1607
397
1643
2268
2804
3662
4817
5857
6327
6178
5857
5806
5964
5963
5647
5167
4709
4353
4069
3669
2939
1940
1065
680
793
1015
675
-793
-3202
-5373
-6018
-4980
-3408
-2641
-3110
-4192
-4886
-4601
-3575
-2606
-2251
-2388
-2571
-2584
-2382
-1787
-590
1097
2854
4268
5160
5502
5314
4627
3611
2605
1898
1342
401
-1283
-3439
-5303
-6210
-6070
-5442
-5083
-5334
-5942
-6403
-6316
-5342
-3331
-750
1327
2106
1843
1557
2069
3391
4796
5427
5112
4532
4433
4752
4908
4666
4339
4231
4266
4184
3792
3085
2264
1623
1358
1527
1972
2090
1013
-1463
-4139
-5251
-4226
-2319
-1385
-2211
-4052
-5444
-5454
-4405
-3484
-3523
-4205
-4587
-4193
-3247
-2061
-645
1006
2665
4081
5159
5828
5864
5170
4045
3068
2555
2249
1528
24
-1939
-3554
-4272
-4295
-4285
-4628
-5121
-5364
-5286
-5121
-4851
-3976
-2132
90
1433
1286
434
261
1332
2992
4135
4212
3640
3343
3795
4582
4966
4746
4268
3860
3627
3611
3823
4106
4250
4164
3960
3807
3730
3301
1873
-522
-2724
-3397
-2543
-1623
-2086
-4017
-6247
-7454
-7165
-6031
-5266
-5541
-6332
-6542
-5669
-4071
-2236
-320
1566
3189
4463
5523
6335
6653
6415
5960
5649
5507
5162
4139
2259
-4
-1825
-2792
-3295
-3976
-4942
-5720
-5882
-5598
-5457
-5767
-5998
-5272
-3465
-1639
-966
-1385
-1657
-742
1178
3045
4010
4089
3991
4344
5090
5614
5519
5064
4797
4951
5390
5836
5994
5595
4642
3538
2834
2773
2945
2446
591
-2250
-4676
-5502
-4968
-4506
-5251
-7017
-8692
-9324
-8767
-7626
-6718
-6368
-6133
-5324
-3799
-2011
-402
988
2316
3698
5199
6767
8085
8698
8424
7593
6790
6292
5806
4761
2939
719
-1264
-2671
-3635
-4486
-5448
-6473
-7305
-7729
-7802
-7740
-7500
-6696
-5183
-3516
-2424
-1882
-1133
356
2329
4122
5232
5592
5592
5839
6521
7194
7412
7315
7301
7401
7359
7026
6402
5499
4432
3453
2766
2353
1909
848
-1316
-4214
-6523
-7133
-6405
-5873
-6618
-8218
-9284
-8850
-7170
-5403
-4528
-4441
-4212
-3204
-1749
-486
607
2085
4067
5984
7292
8019
8430
8557
8269
7625
6890
6196
5266
3646
1290
-1190
-3006
-3973
-4668
-5731
-7167
-8385
-8884
-8735
-8455
-8428
-8455
-7889
-6328
-4190
-2374
-1326
-603
516
2193
3988
5411
6323
6897
7410
7997
8505
8655
8369
7833
7260
6775
6437
6176
5718
4788
3445
2083
1089
505
-83
-1354
-3632
-6297
-7991
-7912
-6714
-5893
-6254
-7249
-7734
-7059
-5530
-4048
-3297
-3094
-2638
-1492
-80
1033
1908
2941
4123
5140
5959
6806
7568
7732
7004
5755
4667
3977
3175
1582
-789
-3125
-4678
-5522
-6305
-7435
-8667
-9441
-9486
-9104
-8837
-8804
-8478
-7292
-5371
-3455
-2067
-1058
52
1542
3383
5384
7169
8254
8430
8066
7794
7928
8249
8327
7931
7208
6517
6075
5666
4859
3520
2047
978
437
13
-843
-2394
-4414
-6256
-7152
-6783
-5667
-4858
-5018
-5798
-6189
-5473
-3844
-2192
-1323
-1272
-1359
-934
3
1007
1842
2667
3668
4804
5913
6827
7327
7225
6550
5617
4759
4028
3154
1837
75
-1804
-3440
-4763
-5967
-7197
-8288
-8909
-8927
-8575
-8239
-8111
-8018
-7504
-6167
-4084
-1873
-193
878
1810
3057
4671
6321
7484
7783
7424
7140
7414
7892
7885
7219
6358
5771
5534
5367
4866
3781
2303
964
176
-113
-350
-1091
-2687
-4892
-6750
-7227
-6252
-4938
-4452
-4860
-5287
-5018
-4083
-2942
-2035
-1605
-1570
-1514
-1049
-145
965
2029
2827
3317
3857
4921
6372
7338
7148
6112
5128
4606
4063
2795
746
-1400
-2984
-3993
-4930
-6169
-7597
-8789
-9410
-9429
-9020
-8387
-7721
-7169
-6625
-5669
-3972
-1812
81
1260
2021
3070
4727
6494
7425
7138
6373
6293
7198
8165
8138
7058
5836
5306
5432
5480
4768
3255
1465
-41
-1061
-1671
-2031
-2413
-3232
-4614
-5941
-6203
-5147
-3748
-3267
-3883
-4611
-4439
-3315
-2020
-1386
-1632
-2190
-2162
-1163
270
1270
1592
1773
2473
3843
5448
6625
6888
6235
5146
4217
3651
3116
2122
548
-1282
-2985
-4423
-5627
-6632
-7468
-8145
-8593
-8716
-8543
-8211
-7835
-7386
-6633
-5258
-3230
-1054
581
1497
2220
3406
5191
6996
8005
7889
7170
6786
7138
7731
7810
7207
6381
5720
5160
4426
3455
2410
1474
769
358
206
99
-286
-1215
-2591
-3807
-4069
-3265
-2284
-2182
-2996
-3781
-3719
-2837
-1733
-993
-963
-1535
-2146
-2152
-1503
-652
-8
471
1035
1841
2818
3680
4097
4003
3672
3412
3259
2950
2185
828
-913
-2600
-3877
-4774
-5571
-6509
-7560
-8452
-8809
-8464
-7587
-6547
-5625
-4896
-4234
-3359
-2027
-320
1293
2322
2756
3114
3928
5137
6096
6259
5820
5511
5780
6284
6338
5760
5004
4614
4659
4850
4832
4389
3490
2390
1528
1166
1120
934
257
-917
-2190
-2949
-2830
-2211
-1928
-2410
-3219
-3634
-3397
-2858
-2588
-2955
-3736
-4196
-3817
-2918
-2226
-1899
-1397
-255
1338
2832
3814
4211
4172
3946
3710
3447
2930
1926
431
-1247
-2689
-3702
-4445
-5228
-6190
-7160
-7787
-7814
-7303
-6592
-6045
-5787
-5611
-5165
-4235
-2966
-1751
-892
-331
327
1445
2923
4199
4799
4858
4989
5610
6557
7333
7644
7599
7466
7368
7293
7226
7157
6900
6170
4965
3731
2961
2657
2349
1565
278
-1075
-1933
-2082
-1899
-2046
-2820
-3839
-4416
-4202
-3466
-2815
-2631
-2809
-2897
-2521
-1693
-787
-193
59
317
953
1935
2858
3310
3195
2721
2219
1939
1824
1453
409
-1179
-2648
-3482
-3849
-4350
-5343
-6579
-7463
-7601
-7157
-6671
-6505
-6546
-6442
-5998
-5278
-4453
-3631
-2778
-1760
-473
980
2329
3378
4193
4981
5821
6578
7084
7326
7426
7465
7424
7267
7057
6869
6646
6194
5396
4392
3429
2584
1731
833
65
-457
-986
-1884
-3047
-3825
-3790
-3287
-3041
-3259
-3499
-3286
-2645
-2033
-1878
-2229
-2650
-2636
-2159
-1720
-1709
-1918
-1805
-1145
-233
436
634
527
500
779
1215
1438
1184
511
-303
-978
-1443
-1850
-2458
-3390
-4522
-5476
-5886
-5703
-5285
-5116
-5326
-5552
-5247
-4253
-2949
-1851
-1041
-149
1128
2618
3850
4556
4918
5324
5940
6590
6998
7128
7154
7246
7388
7424
7154
6519
5721
5025
4435
3693
2668
1625
944
715
651
393
-211
-1057
-1855
-2279
-2204
-1880
-1778
-2167
-2853
-3382
-3415
-3060
-2826
-3224
-4174
-4935
-4850
-4136
-3683
-3975
-4466
-4236
-3073
-1624
-629
-210
3
400
1062
1789
2206
2054
1417
708
270
6
-531
-1616
-2952
-3906
-4159
-4030
-4094
-4546
-5016
-4975
-4268
-3258
-2441
-1972
-1506
-563
933
2454
3403
3733
3942
4379
4912
5261
5412
5499
5606
5799
6130
6489
6614
6396
6018
5766
5700
5575
5079
4191
3205
2450
1981
1648
1240
607
-292
-1283
-2030
-2282
-2112
-1885
-2034
-2682
-3530
-4134
-4384
-4596
-5108
-5846
-6350
-6261
-5707
-5216
-5116
-5164
-4772
-3648
-2090
-719
114
563
1019
1663
2339
2753
2710
2243
1589
991
446
-253
-1220
-2271
-3125
-3646
-3948
-4243
-4626
-4910
-4767
-4084
-3134
-2364
-1995
-1852
-1539
-881
-84
573
1125
1780
2531
3184
3708
4273
4966
5689
6342
6957
7591
8176
8497
8272
7454
6387
5614
5290
4983
4124
2694
1355
806
1038
1257
699
-629
-1932
-2489
-2351
-2282
-2927
-4106
-5009
-5112
-4715
-4571
-5122
-6158
-7019
-7079
-6267
-5150
-4433
-4295
-4312
-3912
-2856
-1379
-66
624
765
894
1420
2172
2560
2166
1166
178
-321
-455
-764
-1607
-2765
-3656
-3871
-3509
-3031
-2835
-2953
-3111
-3043
-2716
-2286
-1855
-1380
-780
-65
714
1570
2522
3467
4254
4863
5448
6197
7089
7842
8122
7928
7650
7612
7628
7247
6379
5421
4746
4293
3748
2991
2209
1668
1412
1181
620
-352
-1415
-2142
-2420
-2563
-2958
-3680
-4456
-5014
-5325
-5529
-5730
-5967
-6242
-6412
-6263
-5784
-5321
-5144
-5077
-4678
-3794
-2694
-1769
-1167
-743
-240
442
1091
1384
1242
929
783
863
932
704
122
-577
-1068
-1214
-1186
-1275
-1567
-1846
-1870
-1655
-1425
-1330
-1352
-1349
-1159
-668
18
681
1252
1863
2585
3298
3869
4274
4558
4814
5165
5613
5990
6134
6086
5980
5872
5704
5434
5039
4506
3855
3153
2529
2110
1906
1752
1386
635
-426
-1452
-2080
-2305
-2533
-3121
-3951
-4613
-4928
-5118
-5514
-6185
-6872
-7189
-6990
-6559
-6369
-6582
-6808
-6491
-5418
-3946
-2652
-1863
-1368
-726
302
1518
2540
3157
3450
3598
3611
3384
2887
2247
1570
878
209
-330
-720
-1101
-1594
-2112
-2456
-2544
-2476
-2397
-2349
-2263
-1992
-1449
-722
-14
612
1309
2213
3207
4034
4593
5028
5541
6165
6737
7040
7057
6991
7026
7054
6767
6071
5259
4700
4394
4002
3292
2440
1802
1461
1074
244
-992
-2146
-2784
-3016
-3346
-4088
-5061
-5845
-6222
-6303
-6407
-6768
-7313
-7662
-7517
-6971
-6380
-5932
-5451
-4625
-3349
-1883
-624
298
1133
2160
3290
4143
4425
4180
3755
3459
3270
2880
2088
1052
138
-438
-772
-1133
-1679
-2288
-2720
-2894
-2956
-3062
-3196
-3217
-2971
-2446
-1809
-1270
-852
-387
301
1233
2277
3243
4041
4708
5323
5887
6347
6704
6948
7079
7110
7044
6775
6162
5267
4356
3679
3235
2808
2169
1286
353
-419
-1019
-1643
-2424
-3263
-3932
-4369
-4770
-5336
-6019
-6525
-6633
-6401
-6159
-6202
-6511
-6695
-6332
-5420
-4410
-3740
-3377
-2939
-2162
-1161
-223
501
1110
1787
2532
3072
3138
2782
2377
2232
2307
2257
1786
936
107
-297
-272
-217
-507
-1126
-1726
-2021
-2064
-2143
-2417
-2718
-2735
-2336
-1666
-1000
-489
-11
696
1748
2929
3909
4556
5002
5423
5863
6225
6396
6349
6153
5903
5653
5388
5003
4402
3623
2885
2335
1885
1347
723
233
-30
-284
-854
-1744
-2575
-2982
-3023
-3136
-3652
-4441
-5015
-5046
-4710
-4529
-4823
-5342
-5572
-5278
-4766
-4459
-4404
-4209
-3531
-2478
-1477
-785
-293
271
1046
1981
2888
3521
3713
3554
3342
3306
3349
3112
2409
1501
868
642
467
-55
-883
-1657
-2126
-2374
-2624
-2940
-3138
-3002
-2529
-1927
-1379
-835
-110
831
1757
2398
2739
3009
3404
3900
4317
4524
4530
4460
4402
4322
4139
3891
3681
3540
3372
3083
2682
2241
1811
1400
1036
767
538
153
-543
-1427
-2150
-2497
-2652
-3051
-3922
-4959
-5593
-5592
-5367
-5523
-6188
-6843
-6856
-6164
-5349
-4984
-4977
-4732
-3881
-2680
-1588
-754
15
874
1748
2479
3005
3369
3590
3679
3700
3712
3617
3223
2489
1638
933
437
-7
-576
-1298
-2030
-2597
-2921
-3029
-2943
-2678
-2272
-1787
-1301
-876
-510
-79
504
1169
1762
2229
2654
3118
3594
3963
4152
4264
4506
4941
5347
5486
5361
5214
5201
5207
4948
4312
3510
2876
2523
2262
1812
1028
-20
-1086
-1900
-2368
-2687
-3230
-4135
-5115
-5665
-5632
-5382
-5444
-5900
-6358
-6365
-5906
-5372
-5138
-5129
-4882
-4057
-2811
-1631
-794
-154
612
1596
2591
3333
3734
3868
3858
3787
3678
3445
2967
2245
1455
797
310
-174
-839
-1654
-2352
-2665
-2631
-2535
-2614
-2790
-2779
-2404
-1799
-1272
-940
-594
25
872
1634
2109
2446
2975
3785
4605
5107
5276
5371
5580
5823
5919
5797
5515
5170
4797
4369
3817
3128
2394
1749
1288
953
539
-196
-1297
-2459
-3216
-3398
-3382
-3733
-4606
-5550
-5984
-5782
-5380
-5337
-5771
-6272
-6329
-5889
-5319
-4959
-4743
-4365
-3624
-2581
-1483
-554
154
794
1543
2402
3166
3614
3701
3577
3404
3212
2910
2413
1729
970
297
-220
-652
-1120
-1647
-2154
-2576
-2884
-3057
-3089
-3005
-2819
-2517
-2078
-1524
-898
-275
321
982
1838
2885
3874
4525
4767
4835
5028
5417
5799
5957
5833
5508
5102
4736
4488
4265
3903
3316
2644
2096
1749
1436
871
-60
-1124
-1908
-2257
-2441
-2897
-3724
-4609
-5143
-5233
-5166
-5311
-5768
-6259
-6422
-6125
-5576
-5068
-4724
-4403
-3889
-3099
-2149
-1219
-396
349
1080
1846
2626
3291
3660
3650
3407
3155
3015
2892
2578
1950
1120
365
-155
-569
-1128
-1869
-2544
-2897
-2960
-2982
-3079
-3065
-2709
-2030
-1286
-643
-27
720
1594
2432
3125
3726
4335
4946
5480
5913
6260
6512
6606
6532
6337
6073
5752
5370
4931
4420
3837
3163
2422
1659
976
406
-154
-904
-1882
-2840
-3450
-3671
-3860
-4388
-5228
-5945
-6153
-5883
-5566
-5637
-6105
-6519
-6408
-5796
-5188
-4971
-4978
-4688
-3821
-2672
-1796
-1418
-1215
-719
148
1023
1537
1658
1618
1608
1625
1575
1410
1126
700
141
-402
-712
-748
-738
-961
-1411
-1772
-1752
-1406
-1052
-894
-818
-572
-62
576
1193
1793
2471
3253
4023
4647
5120
5524
5904
6195
6313
6264
6158
6107
6071
5866
5362
4668
4049
3608
3176
2524
1686
919
412
81
-326
-976
-1802
-2552
-3033
-3291
-3571
-4048
-4665
-5200
-5465
-5446
-5287
-5204
-5317
-5531
-5569
-5279
-4828
-4573
-4609
-4621
-4199
-3323
-2392
-1807
-1554
-1255
-633
180
835
1187
1368
1576
1834
2053
2143
2095
1909
1595
1222
926
798
768
646
310
-134
-436
-433
-209
18
123
166
308
661
1231
1887
2443
2797
3045
3387
3915
4497
4891
4981
4864
4739
4721
4764
4706
4429
3955
3437
2992
2608
2180
1645
1072
596
287
40
-318
-861
-1493
-2082
-2577
-2981
-3306
-3588
-3880
-4215
-4553
-4821
-4973
-5015
-5015
-5014
-4992
-4894
-4727
-4559
-4408
-4185
-3792
-3249
-2708
-2255
-1802
-1138
-215
727
1359
1594
1710
1992
2410
2661
2526
2122
1747
1589
1561
1434
1081
586
145
-117
-204
-219
-265
-379
-498
-516
-395
-179
61
334
692
1147
1626
2057
2445
2841
3244
3574
3757
3793
3739
3638
3505
3336
3154
2969
2754
2453
2054
1620
1231
914
638
351
21
-339
-710
-1067
-1395
-1672
-1972
-2419
-3052
-3672
-4023
-4051
-3948
-3944
-4071
-4193
-4148
-3931
-3663
-3445
-3259
-3027
-2732
-2413
-2116
-1842
-1551
-1192
-744
-236
234
561
738
907
1221
1645
1944
1932
1687
1468
1467
1600
1617
1336
839
387
170
170
230
232
167
92
58
95
211
401
644
916
1158
1312
1391
1536
1890
2426
2890
3022
2804
2490
2363
2485
2699
2793
2692
2440
2134
1827
1553
1340
1195
1025
698
156
-476
-979
-1245
-1331
-1406
-1578
-1872
-2235
-2561
-2727
-2671
-2514
-2457
-2592
-2800
-2887
-2740
-2408
-2108
-2055
-2259
-2449
-2360
-1988
-1580
-1345
-1256
-1132
-831
-402
28
358
612
845
1065
1240
1322
1331
1342
1403
1469
1465
1396
1351
1361
1349
1185
894
634
566
646
708
634
467
327
287
358
430
385
198
34
82
356
668
808
728
586
552
658
749
722
605
518
509
525
499
343
94
-139
-199
-97
-1
-64
-336
-674
-949
-1087
-1172
-1308
-1501
-1688
-1805
-1886
-1974
-2071
-2162
-2228
-2258
-2226
-2148
-2033
-1856
-1570
-1201
-877
-670
-547
-369
-29
474
1020
1441
1645
1742
1905
2245
2603
2785
2654
2330
2030
1924
1972
1974
1769
1384
982
700
547
450
341
175
14
-111
-145
-135
-60
44
74
-48
-269
-359
-237
-22
56
-83
-305
-429
-395
-265
-162
-124
-177
-252
-323
-348
-358
-367
-358
-335
-311
-366
-528
-776
-1027
-1180
-1195
-1138
-1131
-1274
-1469
-1632
-1621
-1478
-1295
-1198
-1255
-1356
-1437
-1403
-1239
-924
-519
-193
-31
29
145
426
811
1227
1549
1763
1910
2065
2248
2364
2378
2299
2242
2232
2234
2110
1832
1487
1235
1112
1056
992
906
774
585
391
292
320
402
438
393
287
225
259
327
310
181
79
77
118
75
-36
-147
-201
-256
-382
-589
-771
-844
-775
-739
-769
-907
-1033
-1137
-1215
-1271
-1324
-1367
-1472
-1614
-1758
-1824
-1873
-1914
-1969
-1950
-1945
-1935
-1903
-1776
-1635
-1556
-1485
-1365
-1184
-1022
-836
-627
-415
-317
-230
-95
153
379
523
586
615
649
742
953
1251
1533
1749
1847
1810
1615
1426
1433
1567
1655
1485
1250
1079
1096
1177
1200
1107
1007
1038
1184
1259
1184
1017
875
823
777
766
653
534
324
140
-66
-221
-331
-427
-533
-647
-728
-775
-819
-884
-1027
-1205
-1282
-1184
-1003
-963
-1070
-1213
-1263
-1218
-1133
-1095
-1197
-1411
-1594
-1608
-1500
-1401
-1378
-1411
-1351
-1159
-794
-503
-464
-711
-974
-906
-511
13
307
377
339
444
780
1258
1671
1829
1800
1811
1939
2132
2179
2089
1857
1602
1408
1318
1350
1315
1261
1083
958
859
892
1010
1084
1098
1028
1020
984
927
832
759
654
552
516
627
701
663
494
300
141
-14
-45
-82
-110
-322
-518
-668
-630
-588
-654
-874
-1154
-1296
-1314
-1203
-1181
-1299
-1626
-1995
-2262
-2334
-2270
-2146
-2033
-1874
-1705
-1600
-1612
-1686
-1603
-1411
-1122
-866
-688
-651
-731
-710
-523
-158
203
533
711
728
646
565
631
767
949
981
887
746
622
498
302
150
99
168
282
347
364
326
327
381
514
746
972
1155
1167
1113
1024
1031
1175
1372
1439
1264
1006
850
859
905
874
781
647
550
391
209
-26
-186
-288
-367
-483
-674
-856
-986
-988
-947
-910
-970
-992
-1034
-952
-943
-901
-959
-952
-863
-681
-511
-475
-468
-453
-328
-216
-134
-184
-266
-383
-382
-364
-302
-338
-386
-399
-325
-198
-113
-27
28
121
222
318
334
229
164
235
471
676
794
827
871
947
1039
1189
1364
1584
1688
1701
1587
1560
1598
1690
1665
1537
1399
1301
1283
1254
1225
1084
852
524
227
0
-99
-160
-231
-438
-746
-1046
-1194
-1147
-1100
-1135
-1268
-1282
-1183
-1063
-1110
-1314
-1500
-1518
-1326
-1131
-1044
-1125
-1210
-1235
-1179
-1131
-1174
-1236
-1276
-1236
-1228
-1251
-1239
-1167
-1033
-984
-978
-1041
-1068
-1031
-933
-811
-700
-573
-421
-248
-67
141
342
567
742
949
1124
1343
1485
1531
1468
1420
1528
1701
1829
1723
1489
1243
1178
1235
1331
1312
1240
1084
940
808
731
658
535
487
490
565
496
389
254
173
112
70
106
138
135
25
-137
-316
-463
-539
-554
-549
-581
-674
-791
-886
-902
-866
-863
-942
-1114
-1235
-1260
-1145
-991
-881
-859
-910
-938
-919
-840
-758
-669
-619
-576
-558
-457
-347
-204
-127
-4
151
365
534
593
581
571
695
894
1077
1105
996
835
722
690
700
766
864
936
910
761
619
538
585
681
770
789
720
625
538
491
496
532
597
595
504
307
121
38
62
119
63
-138
-450
-724
-865
-870
-834
-842
-928
-1050
-1156
-1185
-1164
-1144
-1200
-1297
-1311
-1186
-953
-813
-782
-834
-797
-638
-435
-291
-285
-319
-329
-264
-193
-143
-104
-43
20
60
60
83
143
236
318
344
362
368
443
533
669
789
891
935
964
996
1070
1120
1156
1177
1242
1327
1393
1428
1431
1417
1355
1298
1291
1352
1377
1305
1124
981
893
857
726
494
201
-56
-224
-368
-528
-718
-891
-1037
-1204
-1372
-1495
-1538
-1558
-1631
-1722
-1797
-1799
-1787
-1731
-1616
-1444
-1282
-1219
-1195
-1222
-1229
-1236
-1169
-1051
-916
-855
-855
-888
-832
-645
-387
-240
-289
-372
-339
-169
-48
-102
-281
-437
-419
-259
-29
152
273
339
430
594
842
1107
1275
1341
1408
1607
1907
2110
2147
2059
1993
1959
1905
1796
1643
1504
1371
1233
1088
971
857
698
483
292
179
157
138
83
-89
-309
-540
-702
-799
-826
-813
-826
-903
-967
-932
-832
-804
-912
-1045
-1106
-1068
-1034
-1032
-1038
-963
-803
-651
-589
-634
-724
-827
-904
-892
-768
-592
-498
-538
-621
-641
-545
-454
-438
-495
-496
-379
-201
-59
5
44
91
161
275
463
709
952
1132
1276
1380
1492
1569
1675
1780
1913
1974
1921
1748
1585
1495
1465
1380
1210
992
804
731
744
810
813
752
606
420
186
12
-114
-145
-213
-308
-408
-492
-569
-689
-838
-961
-1096
-1169
-1223
-1189
-1131
-1090
-1091
-1179
-1252
-1293
-1250
-1222
-1229
-1283
-1338
-1412
-1459
-1453
-1348
-1223
-1140
-1151
-1221
-1284
-1291
-1196
-1063
-949
-912
-872
-761
-545
-281
-67
-1
-73
-118
-18
204
390
498
595
730
925
1081
1197
1212
1202
1163
1146
1181
1318
1508
1654
1655
1504
1284
1119
1158
1338
1503
1460
1250
1019
909
939
1031
1045
896
606
295
81
-9
-8
20
79
147
165
82
-128
-389
-631
-753
-712
-579
-522
-655
-905
-1085
-1093
-1004
-922
-898
-897
-908
-910
-930
-971
-1028
-1069
-1069
-1037
-985
-951
-965
-1033
-1077
-994
-740
-457
-279
-285
-335
-306
-131
122
344
517
643
744
802
828
892
996
1143
1289
1433
1563
1617
1597
1505
1404
1314
1245
1235
1253
1273
1191
1086
1033
1077
1121
1043
881
647
443
307
286
355
356
280
99
-85
-233
-317
-302
-273
-322
-503
-747
-900
-935
-913
-928
-1043
-1159
-1276
-1300
-1314
-1338
-1396
-1495
-1484
-1411
-1250
-1156
-1162
-1234
-1354
-1391
-1381
-1316
-1262
-1222
-1156
-1105
-1033
-977
-944
-871
-754
-481
-221
28
139
157
190
235
440
633
887
1029
1094
1061
981
935
916
973
1095
1190
1219
1174
1160
1170
1140
1131
1115
1122
1022
882
726
582
479
469
593
683
635
458
356
409
523
570
452
306
211
254
336
332
204
-20
-200
-312
-385
-468
-590
-708
-821
-918
-965
-1016
-1042
-1148
-1222
-1299
-1291
-1259
-1195
-1086
-990
-883
-837
-818
-809
-755
-550
-320
-140
-138
-233
-237
-102
256
569
719
635
447
388
422
598
737
813
793
689
650
617
666
716
813
917
932
858
671
525
473
579
748
863
799
571
278
82
76
223
435
574
635
616
548
435
345
307
327
321
298
216
116
-2
-114
-204
-296
-339
-373
-469
-694
-993
-1178
-1210
-1173
-1197
-1275
-1318
-1283
-1215
-1157
-1167
-1188
-1234
-1233
-1171
-1032
-837
-679
-577
-565
-507
-377
-162
-46
-28
-77
-48
44
143
216
173
117
64
184
337
458
465
461
562
728
888
877
768
617
569
600
683
736
737
705
713
751
757
680
560
506
517
607
663
706
715
741
775
776
741
680
630
605
593
547
410
167
-122
-359
-468
-454
-412
-439
-554
-727
-905
-1081
-1220
-1256
-1221
-1158
-1167
-1220
-1299
-1324
-1265
-1150
-1036
-949
-809
-601
-371
-244
-282
-444
-618
-640
-491
-265
-155
-222
-350
-440
-444
-418
-353
-232
-88
71
177
229
195
146
218
433
741
927
991
962
971
1017
1062
1153
1234
1330
1356
1364
1363
1301
1219
1114
1101
1123
1150
1133
1031
884
704
565
498
516
600
652
631
480
259
117
135
275
287
115
-184
-464
-671
-801
-834
-799
-758
-727
-715
-724
-831
-1059
-1282
-1392
-1281
-1085
-948
-984
-1158
-1303
-1326
-1179
-929
-748
-691
-780
-869
-884
-831
-677
-505
-319
-174
-75
23
46
33
75
242
546
743
744
577
398
407
512
679
758
761
798
858
958
940
842
681
572
551
600
639
580
505
453
473
451
400
350
298
242
202
221
330
403
492
558
635
648
506
317
106
-21
-122
-198
-293
-385
-523
-665
-845
-992
-1134
-1281
-1368
-1361
-1227
-1138
-1191
-1356
-1511
-1522
-1422
-1255
-1121
-1086
-1101
-1067
-840
-474
-174
-124
-296
-437
-395
-234
-138
-183
-274
-337
-261
-73
164
294
281
291
375
537
638
736
797
769
717
766
986
1180
1229
1178
1129
1128
1146
1158
1133
1091
1047
982
862
739
694
733
790
825
830
820
845
916
994
973
882
780
709
653
569
470
323
200
111
17
-156
-435
-694
-856
-923
-972
-1089
-1223
-1391
-1559
-1696
-1633
-1318
-982
-884
-1029
-1162
-1171
-1084
-942
-762
-646
-647
-651
-545
-472
-525
-634
-592
-456
-326
-206
-88
-17
-62
-65
80
382
713
991
1130
1054
794
551
536
790
1124
1342
1345
1194
1067
1066
1184
1304
1355
1314
1143
924
770
735
700
592
502
520
626
693
648
458
176
-94
-260
-343
-400
-452
-497
-577
-705
-840
-929
-954
-940
-924
-975
-1071
-1189
-1273
-1356
-1409
-1477
-1596
-1743
-1816
-1764
-1692
-1665
-1654
-1630
-1630
-1670
-1674
-1597
-1470
-1318
-1190
-1128
-1179
-1235
-1171
-984
-783
-619
-429
-198
38
236
390
516
635
815
1049
1278
1412
1454
1430
1395
1394
1477
1651
1875
2080
2175
2143
2041
1977
1971
1987
1946
1866
1788
1724
1658
1573
1527
1506
1496
1466
1421
1329
1199
1077
989
904
791
693
600
487
318
141
1
-83
-114
-166
-277
-448
-605
-733
-845
-942
-1003
-1037
-1077
-1153
-1269
-1416
-1554
-1652
-1681
-1659
-1634
-1619
-1612
-1568
-1514
-1466
-1437
-1389
-1329
-1265
-1201
-1111
-1026
-953
-890
-813
-740
-684
-615
-511
-383
-265
-151
-19
103
188
243
313
433
576
732
869
976
1038
1066
1055
1018
959
915
892
851
766
662
613
629
677
713
722
729
727
716
707
718
737
703
615
503
403
330
289
292
293
257
162
40
-82
-174
-239
-286
-323
-374
-442
-571
-742
-952
-1145
-1280
-1324
-1275
-1197
-1146
-1138
-1129
-1107
-1094
-1114
-1148
-1163
-1141
-1056
-934
-813
-741
-677
-589
-473
-359
-241
-98
44
160
235
269
285
323
429
565
668
723
758
808
844
898
993
1120
1244
1317
1361
1358
1302
1203
1087
1003
947
914
892
834
730
622
581
643
736
793
776
716
666
616
532
386
228
138
136
180
195
157
77
-31
-169
-348
-506
-625
-696
-794
-920
-1053
-1154
-1211
-1252
-1286
-1345
-1414
-1465
-1450
-1357
-1235
-1125
-1029
-925
-812
-724
-647
-562
-482
-439
-445
-466
-494
-502
-450
-314
-136
0
75
124
204
310
398
465
554
677
805
885
944
1019
1123
1225
1285
1297
1255
1176
1091
1043
1049
1067
1047
965
842
719
611
525
460
451
507
575
576
490
374
264
149
36
-22
25
111
148
82
-32
-153
-272
-413
-599
-804
-966
-1026
-1037
-1077
-1165
-1241
-1258
-1214
-1144
-1090
-1101
-1154
-1213
-1240
-1242
-1222
-1169
-1098
-1021
-960
-900
-814
-695
-558
-456
-377
-327
-269
-193
-100
-6
63
118
174
251
360
481
588
650
668
668
662
690
754
842
917
965
991
979
926
849
774
714
681
659
607
532
512
612
777
904
945
919
862
760
617
455
342
307
316
306
251
171
85
-6
-117
-241
-350
-401
-394
-370
-378
-436
-528
-625
-708
-758
-783
-783
-750
-697
-655
-663
-685
-668
-603
-560
-610
-741
-887
-971
-983
-934
-842
-705
-544
-401
-314
-295
-309
-307
-271
-203
-112
22
196
378
518
587
618
642
682
708
708
710
752
872
1040
1198
1244
1153
982
855
828
866
865
771
642
563
570
610
627
595
552
539
556
560
516
431
318
177
24
-86
-130
-118
-118
-143
-195
-252
-321
-405
-488
-551
-575
-572
-553
-551
-588
-664
-767
-870
-955
-980
-915
-789
-670
-649
-722
-829
-879
-864
-827
-818
-833
-857
-838
-776
-678
-607
-561
-521
-453
-322
-139
66
224
306
321
297
278
295
387
539
693
768
753
716
727
792
865
919
949
964
960
940
880
804
729
680
651
607
531
411
279
176
135
144
141
79
-26
-138
-225
-307
-391
-481
-551
-602
-630
-655
-685
-720
-741
-741
-747
-785
-845
-872
-827
-746
-690
-689
-704
-716
-736
-773
-794
-752
-677
-625
-635
-657
-639
-549
-406
-240
-101
-2
91
208
332
390
367
300
271
313
411
507
593
698
834
969
1053
1120
1178
1220
1181
1070
930
819
764
761
797
821
804
740
680
673
716
747
709
622
545
484
404
292
169
82
26
-8
-59
-136
-209
-246
-245
-251
-278
-306
-298
-254
-203
-176
-172
-186
-222
-258
-269
-247
-250
-326
-440
-509
-487
-417
-371
-363
-370
-350
-290
-198
-109
-70
-86
-111
-98
-64
-18
28
81
114
132
155
177
178
131
52
-55
-169
-251
-283
-293
-339
-442
-567
-669
-735
-776
-810
-837
-835
-792
-725
-684
-673
-654
-594
-507
-418
-326
-228
-144
-113
-158
-254
-343
-375
-337
-236
-86
95
265
388
465
525
608
717
846
975
1104
1234
1355
1453
1522
1564
1574
1554
1516
1482
1432
1321
1159
980
807
618
425
264
144
34
-85
-191
-276
-364
-513
-756
-1073
-1386
-1655
-1904
-2179
-2430
-2573
-2544
-2372
-2142
-1949
-1829
-1746
-1656
-1552
-1473
-1407
-1323
-1209
-1081
-947
-808
-668
-525
-349
-144
46
164
197
199
223
307
458
659
867
1035
1153
1249
1339
1441
1558
1701
1845
1966
2081
2221
2405
2572
2676
2721
2743
2775
2800
2803
2750
2636
2486
2328
2195
2087
2004
1920
1815
1669
1481
1259
1034
820
604
309
-123
-673
-1252
-1770
-2205
-2579
-2941
-3275
-3540
-3684
-3725
-3710
-3643
-3503
-3294
-3069
-2865
-2692
-2522
-2348
-2156
-1955
-1752
-1564
-1400
-1265
-1139
-993
-826
-673
-554
-455
-355
-246
-119
49
244
412
502
526
540
576
651
746
852
966
1084
1197
1277
1341
1429
1566
1722
1870
1982
2068
2126
2179
2225
2233
2176
2069
1983
1971
2022
2076
2055
1925
1731
1525
1334
1116
863
612
410
257
92
-128
-405
-732
-1109
-1524
-1935
-2306
-2654
-2993
-3279
-3444
-3465
-3388
-3252
-3056
-2793
-2477
-2145
-1838
-1591
-1423
-1324
-1267
-1237
-1203
-1133
-1000
-838
-714
-673
-685
-679
-609
-503
-425
-388
-353
-273
-155
-28
92
198
300
409
545
700
853
976
1066
1151
1261
1407
1599
1838
2095
2325
2505
2654
2801
2944
3058
3127
3171
3212
3247
3261
3239
3181
3083
2945
2775
2580
2379
2168
1922
1594
1169
696
220
-231
-666
-1097
-1549
-2030
-2506
-2903
-3196
-3399
-3508
-3502
-3377
-3193
-3019
-2892
-2821
-2774
-2716
-2625
-2513
-2394
-2267
-2141
-2040
-1967
-1888
-1768
-1601
-1400
-1181
-979
-821
-711
-627
-541
-430
-301
-195
-122
-58
64
245
449
645
831
1021
1205
1396
1615
1854
2100
2337
2576
2803
2986
3108
3174
3232
3299
3381
3441
3457
3433
3387
3316
3204
3041
2841
2637
2457
2288
2055
1699
1201
609
-4
-571
-1070
-1538
-2003
-2459
-2874
-3233
-3513
-3700
-3780
-3769
-3665
-3481
-3272
-3108
-3038
-3033
-3039
-3021
-2978
-2909
-2818
-2724
-2641
-2553
-2420
-2251
-2079
-1939
-1820
-1714
-1621
-1530
-1399
-1211
-983
-760
-557
-381
-228
-97
48
237
448
649
840
1094
1433
1813
2166
2479
2786
3087
3354
3556
3692
3782
3855
3933
4010
4053
4062
4056
4047
4015
3923
3754
3532
3319
3145
2966
2691
2281
1778
1245
713
186
-352
-894
-1424
-1894
-2286
-2623
-2916
-3135
-3226
-3171
-3015
-2798
-2573
-2406
-2339
-2360
-2412
-2461
-2502
-2533
-2544
-2528
-2504
-2505
-2534
-2566
-2559
-2495
-2383
-2248
-2117
-1961
-1762
-1525
-1323
-1196
-1121
-1031
-870
-621
-302
23
312
566
814
1066
1310
1554
1826
2141
2472
2780
3038
3241
3402
3526
3626
3721
3816
3902
3937
3911
3808
3648
3455
3253
3033
2776
2492
2188
1870
1513
1123
707
276
-183
-662
-1134
-1566
-1935
-2245
-2482
-2640
-2723
-2740
-2713
-2663
-2628
-2613
-2598
-2548
-2470
-2392
-2340
-2317
-2328
-2367
-2416
-2453
-2482
-2512
-2551
-2584
-2599
-2567
-2457
-2284
-2111
-1994
-1912
-1804
-1636
-1422
-1183
-930
-683
-439
-195
55
304
558
839
1152
1483
1800
2099
2381
2647
2887
3103
3297
3461
3595
3711
3811
3879
3907
3925
3933
3897
3794
3650
3505
3346
3145
2883
2548
2142
1671
1164
650
147
-330
-780
-1182
-1522
-1795
-2011
-2168
-2249
-2239
-2145
-2012
-1903
-1848
-1826
-1807
-1812
-1865
-1977
-2110
-2227
-2317
-2396
-2497
-2612
-2718
-2789
-2816
-2803
-2758
-2690
-2587
-2442
-2277
-2117
-1973
-1828
-1671
-1484
-1264
-1019
-771
-518
-232
112
495
866
1185
1452
1720
2036
2404
2773
3078
3302
3460
3597
3731
3853
3956
4045
4113
4128
4060
3927
3772
3609
3438
3252
3035
2745
2359
1901
1416
936
471
18
-442
-907
-1366
-1778
-2098
-2285
-2330
-2292
-2217
-2141
-2066
-2017
-2011
-2048
-2113
-2201
-2314
-2436
-2547
-2619
-2654
-2683
-2737
-2804
-2843
-2827
-2756
-2653
-2543
-2437
-2313
-2148
-1947
-1750
-1569
-1404
-1239
-1087
-957
-807
-589
-268
119
503
822
1068
1304
1600
1954
2287
2520
2652
2739
2842
2985
3143
3292
3411
3513
3602
3662
3667
3618
3555
3500
3437
3307
3054
2669
2216
1773
1367
962
499
-46
-603
-1060
-1362
-1548
-1691
-1827
-1946
-2018
-2037
-2012
-1971
-1920
-1858
-1789
-1745
-1760
-1834
-1947
-2059
-2161
-2237
-2304
-2357
-2406
-2446
-2492
-2536
-2552
-2512
-2399
-2252
-2105
-1984
-1889
-1814
-1746
-1645
-1491
-1293
-1090
-901
-715
-508
-251
59
409
773
1148
1538
1913
2228
2457
2634
2811
3017
3235
3421
3536
3575
3576
3578
3592
3601
3570
3467
3298
3082
2844
2582
2290
1978
1636
1261
854
440
45
-326
-683
-1019
-1301
-1483
-1561
-1548
-1463
-1345
-1264
-1274
-1356
-1445
-1502
-1541
-1604
-1709
-1847
-1992
-2134
-2277
-2397
-2469
-2485
-2464
-2423
-2353
-2233
-2072
-1914
-1812
-1741
-1625
-1411
-1140
-917
-805
-776
-715
-522
-201
142
398
546
662
842
1128
1458
1739
1952
2131
2310
2490
2681
2878
3017
3061
3048
3049
3079
3097
3063
2944
2719
2398
2049
1740
1515
1355
1201
959
589
119
-390
-884
-1336
-1724
-2027
-2215
-2262
-2174
-1991
-1753
-1498
-1257
-1072
-953
-885
-854
-851
-887
-972
-1115
-1296
-1465
-1580
-1643
-1689
-1738
-1786
-1819
-1818
-1770
-1716
-1722
-1815
-1934
-1997
-1957
-1801
-1541
-1213
-860
-525
-218
39
249
456
729
1103
1532
1925
2226
2448
2638
2835
3042
3217
3270
3115
2763
2335
1961
1673
1403
1081
717
386
120
-134
-446
-807
-1131
-1350
-1474
-1585
-1759
-1983
-2146
-2118
-1851
-1401
-854
-264
330
891
1364
1698
1873
1913
1841
1643
1301
841
338
-114
-442
-630
-727
-809
-925
-1072
-1231
-1408
-1631
-1917
-2224
-2468
-2582
-2525
-2293
-1880
-1305
-598
228
1131
2051
2910
3644
4208
4591
4820
4957
5042
5078
4964
4567
3835
2848
1747
624
-457
-1480
-2463
-3418
-4233
-4804
-5125
-5316
-5438
-5466
-5378
-5177
-4848
-4344
-3649
-2766
-1688
-404
1051
2561
3940
5018
5707
6006
5908
5400
4546
3465
2269
1020
-187
-1249
-2116
-2820
-3405
-3883
-4236
-4443
-4506
-4439
-4244
-3894
-3368
-2658
-1762
-695
460
1614
2727
3827
4949
6051
7008
7635
7864
7759
7467
7054
6444
5491
4132
2509
837
-755
-2282
-3754
-5113
-6288
-7248
-7981
-8468
-8741
-8810
-8633
-8152
-7423
-6530
-5487
-4254
-2862
-1363
252
1977
3721
5314
6620
7531
8009
8057
7682
6887
5733
4320
2712
983
-725
-2275
-3626
-4754
-5586
-6097
-6345
-6350
-6077
-5534
-4804
-3944
-2946
-1806
-536
822
2213
3589
4947
6304
7606
8721
9511
9903
9904
9583
8977
8059
6763
5079
3092
944
-1190
-3184
-4958
-6511
-7815
-8851
-9571
-9976
-10099
-10004
-9723
-9233
-8505
-7526
-6300
-4821
-3142
-1325
600
2610
4596
6400
7853
8802
9150
8922
8217
7108
5655
3951
2150
395
-1179
-2519
-3637
-4576
-5352
-5956
-6375
-6555
-6448
-6040
-5380
-4488
-3353
-1940
-283
1525
3363
5125
6748
8198
9432
10365
10889
10986
10738
10267
9608
8685
7395
5711
3732
1596
-597
-2786
-4868
-6753
-8373
-9690
-10642
-11205
-11375
-11192
-10698
-9957
-9026
-7922
-6654
-5227
-3676
-2005
-214
1687
3598
5394
6929
8089
8763
8884
8441
7468
6036
4247
2243
185
-1770
-3534
-5026
-6189
-7001
-7517
-7762
-7710
-7343
-6707
-5879
-4891
-3731
-2361
-781
944
2707
4430
6066
7590
8965
10125
10967
11417
11499
11264
10733
9881
8696
7184
5380
3346
1160
-1091
-3303
-5347
-7119
-8550
-9605
-10280
-10614
-10669
-10504
-10133
-9539
-8689
-7572
-6231
-4737
-3142
-1416
486
2531
4558
6362
7771
8683
9038
8817
8026
6738
5075
3179
1201
-716
-2459
-3967
-5203
-6143
-6796
-7200
-7392
-7384
-7181
-6776
-6139
-5239
-4077
-2684
-1097
629
2421
4201
5925
7537
8957
10094
10885
11300
11333
11026
10410
9496
8253
6713
4932
2990
963
-1048
-2960
-4723
-6299
-7646
-8714
-9480
-9931
-10109
-10022
-9665
-9038
-8186
-7127
-5852
-4376
-2744
-972
914
2828
4647
6261
7550
8379
8650
8357
7572
6368
4828
3060
1224
-546
-2156
-3565
-4729
-5632
-6307
-6792
-7068
-7083
-6826
-6361
-5750
-4999
-4060
-2905
-1561
-86
1467
3062
4675
6255
7699
8883
9718
10186
10303
10097
9583
8775
7673
6281
4624
2797
916
-903
-2599
-4141
-5518
-6704
-7649
-8334
-8781
-9053
-9141
-8990
-8549
-7843
-6919
-5810
-4535
-3101
-1516
200
1973
3700
5231
6433
7202
7496
7307
6658
5622
4292
2801
1289
-125
-1388
-2492
-3418
-4154
-4725
-5191
-5560
-5800
-5892
-5852
-5674
-5296
-4671
-3783
-2657
-1323
157
1700
3232
4663
5914
6940
7731
8297
8626
8713
8544
8137
7508
6640
5516
4172
2721
1256
-187
-1610
-2972
-4199
-5229
-6066
-6735
-7245
-7581
-7754
-7762
-7587
-7199
-6583
-5743
-4660
-3313
-1707
64
1847
3485
4853
5868
6515
6788
6678
6190
5388
4390
3321
2264
1258
323
-514
-1240
-1897
-2552
-3238
-3915
-4512
-4966
-5268
-5435
-5432
-5167
-4579
-3694
-2581
-1305
58
1441
2756
3936
4951
5801
6469
6899
7072
7055
6929
6747
6480
6066
5432
4544
3420
2129
760
-627
-2010
-3395
-4710
-5848
-6720
-7319
-7671
-7794
-7682
-7323
-6723
-5941
-5038
-4028
-2860
-1522
-75
1379
2745
3944
4920
5648
6117
6328
6294
6014
5461
4668
3748
2831
1949
1067
157
-771
-1675
-2512
-3271
-3957
-4565
-5067
-5438
-5634
-5586
-5239
-4607
-3741
-2691
-1514
-265
1008
2278
3491
4587
5489
6138
6510
6642
6592
6386
6037
5546
4916
4156
3278
2294
1211
31
-1232
-2561
-3909
-5207
-6373
-7332
-8015
-8362
-8356
-8027
-7452
-6674
-5734
-4638
-3409
-2078
-700
670
1974
3167
4209
5088
5790
6301
6605
6689
6536
6138
5510
4670
3652
2521
1359
221
-890
-1960
-2932
-3739
-4363
-4827
-5138
-5279
-5240
-5039
-4695
-4213
-3581
-2796
-1882
-879
174
1259
2370
3495
4581
5533
6255
6711
6938
6998
6921
6675
6185
5411
4372
3129
1729
235
-1259
-2681
-3982
-5132
-6063
-6699
-7001
-7009
-6824
-6522
-6122
-5618
-5022
-4327
-3518
-2600
-1599
-529
620
1840
3073
4229
5216
5952
6373
6448
6200
5674
4901
3935
2869
1811
819
-85
-899
-1603
-2166
-2593
-2926
-3223
-3510
-3769
-3958
-4031
-3962
-3754
-3390
-2855
-2133
-1231
-177
930
1972
2888
3685
4354
4859
5175
5303
5267
5088
4765
4268
3599
2811
1990
1162
310
-587
-1489
-2329
-3067
-3707
-4250
-4669
-4915
-4959
-4795
-4430
-3885
-3225
-2505
-1784
-1115
-537
-57
355
713
1017
1278
1545
1851
2162
2405
2518
2510
2405
2207
1897
1479
978
414
-185
-789
-1364
-1886
-2307
-2570
-2644
-2552
-2324
-1986
-1572
-1123
-704
-346
-53
209
475
746
1004
1232
1445
1683
1967
2250
2448
2519
2466
2279
1932
1433
845
249
-299
-783
-1223
-1622
-1941
-2128
-2157
-2043
-1817
-1518
-1183
-820
-419
-2
379
668
865
1005
1118
1204
1271
1336
1403
1439
1388
1205
887
472
8
-467
-946
-1428
-1883
-2256
-2500
-2600
-2562
-2403
-2160
-1888
-1604
-1289
-932
-568
-233
83
406
752
1125
1484
1777
1990
2169
2334
2447
2477
2418
2270
2045
1754
1397
959
458
-48
-518
-964
-1403
-1826
-2209
-2515
-2717
-2797
-2755
-2591
-2310
-1920
-1438
-894
-329
204
683
1125
1548
1949
2325
2678
2996
3252
3414
3472
3418
3268
3022
2677
2238
1737
1200
623
-8
-679
-1351
-1965
-2489
-2908
-3213
-3381
-3410
-3337
-3194
-2972
-2636
-2178
-1622
-995
-329
342
969
1545
2082
2576
2990
3288
3463
3522
3477
3338
3126
2825
2403
1834
1144
373
-441
-1247
-2002
-2660
-3221
-3696
-4093
-4369
-4469
-4385
-4169
-3857
-3448
-2949
-2412
-1879
-1342
-773
-163
476
1094
1639
2098
2508
2883
3161
3276
3215
3019
2724
2334
1850
1302
742
210
-281
-740
-1158
-1499
-1769
-2015
-2289
-2577
-2795
-2857
-2722
-2428
-2033
-1563
-1015
-386
288
971
1642
2295
2905
3428
3825
4091
4237
4262
4140
3847
3381
2774
2080
1352
629
-62
-696
-1272
-1799
-2289
-2731
-3102
-3387
-3600
-3750
-3839
-3847
-3772
-3602
-3313
-2866
-2251
-1527
-775
-64
575
1139
1621
2007
2273
2401
2389
2281
2132
1988
1835
1619
1302
890
408
-105
-625
-1130
-1601
-2008
-2329
-2561
-2704
-2753
-2683
-2502
-2220
-1834
-1323
-695
-14
663
1316
1946
2545
3104
3607
4031
4343
4514
4536
4403
4116
3699
3191
2637
2057
1443
790
116
-534
-1122
-1632
-2061
-2398
-2655
-2868
-3059
-3212
-3288
-3251
-3079
-2759
-2305
-1760
-1165
-548
60
609
1058
1368
1528
1580
1593
1595
1557
1457
1308
1121
895
626
312
-40
-423
-825
-1238
-1653
-2068
-2450
-2741
-2878
-2845
-2655
-2332
-1903
-1411
-902
-389
123
647
1169
1667
2096
2416
2614
2727
2805
2860
2866
2799
2678
2508
2272
1934
1513
1045
569
93
-380
-843
-1277
-1675
-2019
-2276
-2429
-2476
-2421
-2259
-2005
-1682
-1312
-899
-470
-54
332
687
1014
1273
1411
1395
1250
1041
837
680
572
459
297
66
-210
-513
-832
-1154
-1454
-1705
-1885
-1984
-2020
-2001
-1930
-1790
-1577
-1289
-944
-570
-189
184
555
910
1243
1519
1713
1805
1784
1673
1528
1424
1355
1265
1095
853
598
374
179
-37
-308
-603
-853
-1012
-1094
-1133
-1136
-1092
-973
-782
-542
-290
-28
252
546
822
1059
1246
1369
1443
1484
1511
1495
1424
1302
1157
1004
828
595
297
-21
-318
-601
-905
-1212
-1467
-1643
-1746
-1784
-1757
-1645
-1428
-1106
-727
-345
-5
302
600
893
1128
1258
1301
1315
1319
1280
1169
1006
810
581
328
75
-160
-385
-607
-826
-1030
-1206
-1357
-1484
-1581
-1634
-1637
-1592
-1484
-1295
-1022
-676
-277
146
572
988
1374
1686
1891
1981
1992
1960
1909
1826
1679
1468
1234
1038
887
755
592
360
61
-274
-615
-951
-1265
-1523
-1698
-1796
-1829
-1787
-1628
-1348
-1004
-676
-402
-164
66
264
389
424
397
337
247
128
0
-114
-211
-316
-451
-629
-841
-1067
-1288
-1485
-1638
-1732
-1775
-1775
-1733
-1643
-1504
-1302
-1033
-708
-364
-31
283
587
903
1234
1561
1850
2086
2264
2395
2490
2556
2582
2544
2442
2298
2138
1954
1716
1416
1072
709
351
26
-246
-463
-654
-823
-938
-954
-864
-718
-572
-458
-370
-276
-157
-21
85
133
138
137
121
44
-127
-362
-598
-802
-973
-1147
-1357
-1604
-1845
-2039
-2177
-2290
-2407
-2511
-2554
-2498
-2346
-2120
-1832
-1476
-1076
-666
-262
142
543
928
1303
1685
2069
2407
2645
2776
2831
2850
2848
2801
2691
2518
2317
2116
1926
1740
1530
1289
1028
784
568
386
237
129
48
-9
-38
-54
-78
-118
-156
-168
-147
-86
-7
63
100
110
113
97
35
-100
-317
-592
-874
-1133
-1382
-1657
-1956
-2245
-2496
-2707
-2858
-2928
-2918
-2856
-2758
-2611
-2411
-2174
-1917
-1631
-1313
-972
-622
-270
73
396
703
1010
1301
1553
1745
1891
1991
2052
2079
2076
2047
1986
1882
1717
1488
1218
949
704
488
297
139
35
-1
22
80
144
193
206
180
113
18
-80
-137
-131
-69
20
120
230
345
450
489
426
259
38
-201
-459
-750
-1070
-1392
-1680
-1899
-2022
-2032
-1949
-1820
-1686
-1541
-1374
-1173
-976
-821
-714
-602
-430
-173
157
522
883
1204
1475
1695
1875
2006
2080
2088
2037
1944
1811
1629
1382
1102
846
670
572
495
396
262
135
47
10
-5
-32
-95
-178
-250
-297
-321
-321
-278
-185
-71
30
116
196
262
295
278
207
87
-65
-224
-392
-582
-799
-1031
-1238
-1381
-1442
-1430
-1358
-1234
-1069
-891
-716
-542
-358
-176
-20
101
192
268
342
433
544
669
786
888
959
997
1000
978
924
824
670
481
280
84
-82
-200
-267
-308
-341
-360
-367
-368
-380
-398
-409
-407
-407
-428
-453
-458
-431
-403
-396
-407
-411
-394
-358
-306
-255
-224
-244
-327
-449
-563
-623
-619
-589
-559
-519
-439
-324
-200
-91
21
151
301
439
537
599
654
713
750
748
730
714
692
641
567
498
469
484
515
526
505
459
385
273
122
-44
-198
-308
-362
-360
-318
-254
-180
-105
-24
49
85
58
-40
-178
-322
-452
-572
-685
-769
-803
-774
-698
-606
-552
-543
-540
-511
-483
-493
-528
-543
-517
-467
-392
-256
-28
278
618
943
1232
1482
1686
1814
1851
1815
1735
1626
1473
1274
1040
813
620
458
303
142
2
-105
-190
-278
-391
-509
-613
-692
-766
-830
-857
-843
-822
-815
-778
-645
-422
-178
5
114
170
181
136
37
-90
-233
-408
-612
-816
-1000
-1174
-1340
-1473
-1523
-1487
-1392
-1288
-1187
-1070
-919
-730
-531
-331
-123
127
431
765
1085
1358
1586
1793
1992
2172
2311
2381
2376
2316
2217
2063
1820
1514
1221
986
784
579
374
201
67
-62
-208
-365
-505
-617
-697
-762
-833
-912
-955
-909
-773
-600
-427
-257
-83
70
166
179
109
-32
-229
-462
-714
-954
-1175
-1370
-1549
-1701
-1807
-1863
-1881
-1873
-1848
-1811
-1758
-1678
-1547
-1341
-1068
-759
-446
-125
218
575
926
1253
1551
1799
1961
2020
1997
1930
1842
1745
1636
1510
1348
1143
917
715
536
337
90
-159
-342
-441
-491
-527
-553
-581
-623
-667
-661
-568
-389
-178
1
113
184
254
325
365
347
277
178
75
-28
-142
-276
-421
-566
-703
-841
-972
-1084
-1176
-1275
-1396
-1507
-1553
-1495
-1350
-1153
-934
-707
-481
-256
-12
263
541
781
990
1198
1398
1549
1626
1644
1626
1591
1564
1552
1537
1486
1392
1269
1129
969
788
600
417
253
125
44
6
-23
-75
-146
-199
-201
-160
-109
-62
-10
56
133
213
275
277
196
48
-116
-240
-295
-281
-243
-240
-295
-394
-502
-600
-695
-795
-885
-951
-993
-1048
-1116
-1172
-1175
-1100
-932
-686
-426
-232
-130
-82
-33
29
95
160
217
273
352
468
585
652
654
616
557
482
397
318
255
200
143
95
64
60
65
55
13
-43
-86
-101
-96
-83
-55
1
82
140
145
93
21
-59
-130
-181
-213
-243
-281
-309
-314
-294
-275
-269
-283
-288
-272
-236
-201
-198
-248
-331
-394
-401
-366
-335
-317
-295
-264
-244
-247
-255
-264
-278
-302
-323
-314
-275
-220
-157
-93
-34
25
99
182
254
297
329
374
435
498
560
616
663
699
714
701
643
544
432
335
262
211
182
167
142
90
23
-36
-76
-116
-185
-289
-381
-401
-343
-251
-163
-78
1
70
130
194
248
273
286
343
440
500
452
327
219
199
250
302
302
240
159
88
24
-60
-175
-308
-440
-554
-639
-703
-745
-742
-654
-492
-323
-203
-127
-50
58
202
368
534
664
744
773
775
776
781
776
740
668
581
501
431
343
217
69
-84
-244
-425
-605
-744
-814
-826
-802
-750
-679
-585
-470
-343
-228
-128
-14
137
298
426
499
539
574
605
611
586
550
525
494
412
256
56
-138
-303
-447
-570
-660
-711
-750
-813
-896
-967
-1000
-982
-915
-811
-682
-544
-395
-234
-53
134
304
433
514
575
632
688
700
647
529
396
301
245
193
104
-8
-124
-231
-324
-402
-464
-519
-568
-604
-623
-636
-629
-584
-495
-397
-325
-284
-241
-158
-21
161
349
488
549
555
546
528
497
458
415
340
228
99
-24
-149
-271
-357
-400
-437
-503
-561
-553
-476
-381
-302
-225
-121
23
184
319
386
380
353
368
434
497
507
461
405
379
391
424
433
407
348
267
148
2
-146
-263
-312
-274
-163
-42
37
67
78
105
158
224
281
317
342
367
386
389
387
391
397
379
321
248
208
214
232
223
179
116
48
-6
-36
-45
-75
-148
-255
-351
-392
-362
-273
-161
-70
-20
15
75
176
294
410
516
604
647
645
610
563
492
387
244
81
-73
-202
-327
-457
-570
-642
-682
-716
-740
-731
-705
-686
-676
-646
-593
-548
-524
-507
-470
-413
-332
-230
-122
-35
13
19
-15
-93
-198
-297
-367
-406
-417
-402
-367
-333
-318
-325
-348
-364
-342
-270
-157
-34
84
181
256
311
359
408
462
517
574
619
631
602
547
509
505
507
471
386
275
165
61
-35
-127
-224
-345
-481
-604
-675
-661
-595
-542
-543
-579
-614
-635
-638
-618
-575
-536
-502
-471
-432
-385
-315
-206
-101
-50
-67
-86
-52
25
103
155
179
195
223
283
355
403
412
419
457
517
551
548
549
595
683
775
854
932
1029
1136
1224
1266
1268
1232
1166
1093
1046
1040
1039
1018
964
876
750
588
395
178
-52
-271
-445
-544
-573
-564
-560
-580
-617
-677
-766
-866
-933
-951
-934
-905
-870
-827
-767
-689
-603
-532
-499
-496
-500
-472
-407
-335
-293
-300
-340
-392
-431
-456
-467
-452
-399
-305
-201
-113
-51
-2
55
140
261
397
519
598
630
643
674
740
831
921
984
1012
1010
986
929
833
713
596
486
370
239
109
3
-72
-139
-243
-397
-556
-659
-693
-687
-683
-702
-747
-778
-761
-720
-713
-759
-798
-773
-686
-601
-552
-524
-504
-507
-544
-574
-566
-524
-490
-488
-520
-583
-654
-717
-751
-745
-701
-637
-567
-496
-414
-297
-146
15
143
219
270
346
480
655
827
963
1068
1149
1210
1257
1306
1351
1371
1345
1275
1175
1059
944
851
786
726
641
520
376
227
104
31
9
-4
-47
-112
-168
-190
-188
-175
-152
-117
-81
-63
-82
-137
-206
-237
-205
-134
-84
-93
-151
-239
-335
-425
-506
-581
-647
-688
-684
-634
-559
-484
-422
-367
-305
-218
-111
4
95
138
131
119
153
244
359
452
507
545
606
689
760
791
796
799
794
758
693
615
529
443
359
270
153
5
-135
-230
-287
-337
-402
-469
-518
-532
-507
-460
-403
-342
-284
-257
-281
-325
-355
-360
-359
-354
-338
-325
-325
-337
-332
-315
-320
-381
-475
-548
-580
-607
-668
-744
-789
-782
-757
-737
-716
-667
-589
-493
-385
-266
-143
-13
120
249
366
471
553
575
537
484
471
492
505
494
474
452
406
331
259
215
197
173
131
84
47
21
2
-5
10
36
56
70
71
52
17
-1
18
61
105
146
196
261
325
370
375
334
266
208
168
125
61
-10
-70
