102
-13
-68
-91
-114
-105
-44
28
41
25
95
266
406
411
315
233
200
177
128
104
162
250
240
58
-171
-286
-225
-119
-116
-243
-372
-363
-222
-70
-27
-43
12
213
429
463
260
5
-67
60
213
242
182
128
104
66
15
29
155
328
443
473
475
471
401
209
-41
-181
-130
-11
-8
-177
-386
-493
-457
-318
-138
23
80
1
-173
-338
-429
-446
-433
-401
-309
-163
-39
-13
-57
-97
-115
-127
-123
-65
47
113
32
-184
-338
-297
-128
-43
-116
-233
-285
-265
-247
-231
-190
-131
-133
-229
-332
-305
-145
-11
-29
-124
-122
27
184
184
45
-73
-59
17
13
-100
-232
-307
-328
-306
-215
-75
32
42
-37
-151
-242
-275
-272
-252
-219
-143
-57
-43
-116
-196
-203
-148
-105
-110
-130
-115
-82
-76
-122
-171
-170
-110
-44
-29
-45
-39
18
84
136
196
282
357
343
232
116
92
149
185
127
17
-48
13
183
352
409
328
191
88
81
176
339
477
502
412
327
372
540
668
625
467
364
399
501
598
693
817
894
792
504
199
76
179
376
522
540
453
326
205
107
-3
-149
-320
-437
-394
-187
34
75
-99
-322
-438
-437
-406
-375
-318
-235
-185
-207
-257
-239
-135
-37
-68
-240
-438
-525
-459
-339
-283
-316
-356
-333
-277
-240
-231
-225
-236
-269
-311
-297
-172
88
385
527
393
58
-253
-400
-362
-240
-121
-62
-31
-2
-1
-22
-15
55
92
13
-130
-194
-145
-66
-21
28
150
298
333
174
-89
-276
-298
-205
-109
-80
-138
-238
-315
-313
-248
-173
-146
-186
-283
-391
-437
-346
-127
141
320
312
134
-78
-157
-90
47
173
276
313
258
151
54
-5
-41
-27
65
216
331
306
117
-140
-308
-319
-225
-126
-55
12
86
147
147
91
18
-7
23
89
147
175
151
80
23
32
102
158
149
88
36
13
-27
-99
-139
-39
183
370
366
205
49
17
53
53
-18
-119
-199
-251
-266
-239
-159
-69
-46
-112
-172
-95
107
306
383
338
223
101
16
-10
25
97
164
159
72
6
70
225
298
197
15
-55
61
280
443
463
369
244
175
175
214
203
109
-31
-125
-115
-52
-32
-104
-189
-187
-81
58
138
120
51
20
58
91
20
-117
-145
72
398
537
336
-22
-220
-121
150
381
458
368
145
-156
-383
-405
-251
-128
-161
-255
-206
1
177
142
-78
-295
-373
-283
-89
94
132
-13
-221
-297
-190
-37
2
-98
-221
-290
-313
-340
-379
-396
-339
-181
31
131
-7
-342
-627
-652
-401
-56
175
194
25
-185
-318
-330
-290
-257
-231
-182
-117
-59
-8
51
75
17
-111
-178
-118
-8
21
-41
-104
-154
-230
-323
-334
-258
-164
-130
-116
-65
5
-4
-138
-287
-291
-105
127
249
187
12
-177
-293
-320
-256
-89
159
421
601
672
611
455
253
123
161
369
589
625
433
191
99
156
229
246
261
284
242
111
29
136
380
591
672
646
553
393
207
108
179
353
444
317
60
-119
-95
67
216
272
250
217
230
270
279
206
72
-13
41
208
302
200
-29
-198
-235
-211
-194
-181
-146
-105
-70
-44
-30
-68
-185
-345
-442
-389
-257
-201
-280
-397
-420
-378
-407
-589
-790
-794
-545
-254
-154
-240
-326
-298
-252
-295
-401
-441
-358
-197
-11
164
261
173
-93
-345
-353
-100
191
294
200
46
-65
-131
-163
-142
-72
-2
6
-49
-112
-79
125
409
536
388
143
66
170
270
271
255
273
245
111
-49
-69
86
275
320
204
54
-36
-111
-212
-294
-277
-166
-18
122
219
237
150
4
-111
-106
23
212
350
370
239
15
-164
-135
128
438
550
360
23
-213
-201
-2
204
258
131
-65
-132
-8
155
126
-114
-361
-436
-321
-122
84
197
128
-106
-341
-402
-291
-153
-102
-113
-78
-6
-19
-216
-464
-508
-243
136
319
221
16
-122
-268
-535
-773
-677
-204
288
446
295
102
-3
-118
-260
-242
105
605
848
586
-24
-538
-664
-452
-141
133
398
577
504
172
-139
-163
36
216
285
334
411
423
293
131
74
181
382
578
673
587
343
55
-108
-68
81
193
194
126
55
2
-39
-90
-138
-157
-150
-169
-258
-352
-343
-206
-46
34
34
9
-20
-36
-28
-3
-21
-64
-37
97
243
264
157
12
-64
-57
-27
-51
-140
-249
-336
-403
-455
-487
-469
-377
-254
-174
-171
-185
-158
-113
-100
-96
-19
169
357
370
165
-101
-247
-255
-234
-228
-173
-28
116
120
-62
-320
-474
-423
-214
8
122
89
-58
-255
-415
-445
-291
6
314
505
518
388
191
26
9
180
482
725
733
469
80
-200
-230
-15
322
617
707
525
145
-248
-504
-590
-555
-445
-273
-94
7
-35
-191
-357
-429
-366
-230
-125
-101
-122
-142
-179
-261
-349
-348
-219
-20
135
177
124
61
31
0
-64
-117
-73
58
182
249
269
273
270
257
251
291
437
652
771
644
329
57
1
131
287
354
351
349
354
282
115
-13
22
192
325
319
220
137
127
140
122
99
157
285
342
201
-81
-314
-357
-266
-181
-175
-205
-232
-279
-373
-482
-537
-500
-382
-226
-81
9
34
-6
-118
-301
-461
-457
-278
-115
-177
-453
-711
-762
-618
-439
-334
-263
-135
19
43
-128
-323
-308
-40
312
568
687
712
699
682
682
718
824
1010
1217
1337
1324
1230
1127
1034
947
882
887
938
925
767
519
341
277
146
-279
-940
-1477
-1618
-1524
-1625
-2105
-2674
-2913
-2740
-2486
-2478
-2672
-2716
-2406
-1901
-1508
-1308
-1133
-850
-490
-115
311
802
1182
1214
891
512
385
482
505
253
-127
-371
-421
-449
-573
-647
-434
131
842
1437
1834
2147
2489
2829
3074
3256
3516
3927
4330
4486
4341
4140
4141
4312
4333
3897
2934
1589
158
-1014
-1759
-2262
-2879
-3779
-4779
-5559
-5896
-5781
-5341
-4766
-4200
-3674
-3140
-2550
-1902
-1198
-391
607
1768
2840
3425
3323
2691
1918
1284
835
419
-158
-1027
-2159
-3386
-4501
-5311
-5698
-5655
-5298
-4782
-4212
-3611
-2957
-2197
-1270
-124
1215
2628
3927
4969
5743
6372
6999
7662
8195
8332
7956
7253
6548
5989
5435
4684
3757
2830
2017
1201
153
-1248
-2770
-3924
-4421
-4515
-4782
-5465
-6225
-6528
-6248
-5710
-5237
-4793
-4161
-3315
-2517
-2009
-1723
-1346
-625
425
1595
2623
3253
3293
2744
1905
1181
755
427
-128
-1028
-2100
-3090
-3879
-4487
-4971
-5290
-5320
-4983
-4366
-3683
-3083
-2534
-1880
-985
144
1364
2449
3245
3809
4349
5023
5795
6486
6943
7132
7127
6999
6724
6224
5524
4830
4391
4233
4082
3587
2590
1174
-447
-1970
-3058
-3590
-3871
-4399
-5322
-6280
-6835
-6935
-6810
-6541
-5952
-4966
-3844
-2974
-2459
-2039
-1403
-468
690
1971
3239
4205
4581
4345
3756
3079
2356
1522
601
-313
-1180
-2041
-2939
-3852
-4639
-5111
-5171
-4939
-4596
-4147
-3447
-2489
-1508
-721
-9
937
2161
3291
3961
4304
4764
5498
6127
6233
5917
5671
5740
5793
5325
4312
3295
2820
2868
2984
2836
2399
1601
191
-1736
-3338
-3725
-3114
-2809
-3751
-5401
-6421
-6261
-5619
-5333
-5300
-4807
-3657
-2489
-1923
-1778
-1363
-337
1016
2281
3357
4285
4864
4819
4249
3669
3424
3228
2502
1123
-401
-1533
-2287
-3068
-4095
-5124
-5735
-5799
-5591
-5426
-5260
-4755
-3723
-2383
-1135
-196
517
1278
2284
3465
4502
5145
5416
5515
5588
5679
5809
5990
6146
6041
5401
4274
3205
2822
3170
3646
3656
3036
1875
266
-1434
-2557
-2724
-2448
-2718
-3954
-5562
-6600
-6681
-6184
-5658
-5259
-4816
-4238
-3669
-3217
-2742
-1984
-817
677
2257
3625
4510
4814
4659
4313
3964
3574
2918
1835
448
-920
-2049
-2993
-3920
-4830
-5529
-5882
-5950
-5890
-5765
-5517
-5045
-4275
-3221
-2050
-1024
-245
519
1586
2903
3967
4395
4379
4476
4955
5602
6084
6336
6408
6170
5430
4388
3656
3629
4011
4167
3829
3153
2180
717
-1036
-2223
-2215
-1608
-1777
-3346
-5392
-6481
-6200
-5422
-5118
-5333
-5414
-4937
-4116
-3348
-2688
-1880
-735
679
2203
3722
5003
5662
5479
4782
4216
4042
3795
2844
1193
-453
-1496
-2055
-2689
-3662
-4686
-5347
-5538
-5482
-5377
-5184
-4734
-3958
-2912
-1683
-412
626
1221
1571
2211
3403
4689
5276
4914
4213
4003
4493
5236
5695
5622
4991
3975
3095
2967
3651
4415
4450
3736
2893
2234
1387
84
-1136
-1517
-1260
-1465
-2769
-4488
-5484
-5522
-5382
-5712
-6252
-6366
-5941
-5437
-5081
-4522
-3388
-1919
-605
504
1820
3434
4790
5281
5014
4660
4589
4438
3679
2383
1151
337
-357
-1435
-2932
-4367
-5291
-5669
-5716
-5562
-5228
-4806
-4432
-4062
-3500
-2691
-1803
-957
-46
1008
1999
2615
2881
3176
3788
4614
5357
5890
6245
6374
6098
5419
4745
4572
4934
5282
5108
4487
3795
3007
1713
-48
-1464
-1918
-1969
-2756
-4530
-6278
-7037
-7009
-7097
-7610
-7983
-7747
-7178
-6730
-6235
-5147
-3437
-1704
-320
1077
2954
4989
6278
6385
5891
5693
5947
6002
5288
3992
2707
1653
553
-854
-2389
-3624
-4361
-4732
-4969
-5160
-5310
-5430
-5452
-5139
-4277
-2999
-1732
-800
-120
635
1624
2694
3612
4351
5078
5833
6441
6730
6803
6901
7037
6906
6310
5546
5135
5183
5203
4728
3880
3113
2444
1371
-371
-2192
-3226
-3422
-3700
-4855
-6605
-7996
-8540
-8609
-8671
-8681
-8317
-7566
-6675
-5696
-4417
-2754
-966
659
2201
3908
5686
6995
7451
7300
7124
7137
6942
6074
4590
2980
1591
316
-1095
-2585
-3843
-4733
-5462
-6262
-7020
-7401
-7227
-6611
-5747
-4774
-3856
-3175
-2681
-1919
-434
1612
3439
4422
4731
5013
5609
6301
6798
7139
7451
7521
6962
5873
4971
4806
5024
4779
3826
2823
2309
1780
315
-1952
-3714
-4095
-3847
-4351
-5894
-7487
-8331
-8656
-8984
-9155
-8617
-7388
-6122
-5232
-4355
-2958
-1151
481
1755
3145
5019
6936
8081
8207
7876
7709
7664
7186
5950
4239
2566
1098
-333
-1851
-3322
-4629
-5826
-6949
-7799
-8098
-7850
-7389
-7033
-6716
-6109
-5058
-3792
-2557
-1269
305
2029
3442
4325
5024
5938
6955
7639
7858
7946
8143
8191
7666
6648
5724
5317
5164
4751
3950
3095
2355
1465
98
-1559
-2910
-3597
-3920
-4498
-5601
-6949
-8036
-8606
-8615
-8120
-7193
-6132
-5271
-4698
-4027
-2843
-1137
627
2083
3340
4727
6234
7430
7975
7939
7655
7237
6553
5470
4132
2739
1348
-190
-1920
-3686
-5206
-6321
-7061
-7544
-7863
-8040
-8101
-8082
-7931
-7368
-6107
-4283
-2547
-1421
-707
261
1799
3519
4848
5708
6454
7274
7952
8287
8418
8489
8268
7448
6281
5497
5383
5350
4623
3259
2026
1327
641
-732
-2622
-4150
-4801
-5049
-5678
-6873
-8024
-8475
-8114
-7354
-6574
-5894
-5269
-4667
-3962
-2855
-1228
605
2127
3300
4531
6052
7395
7925
7564
6924
6547
6319
5675
4337
2590
867
-713
-2261
-3741
-4991
-5955
-6806
-7656
-8394
-8752
-8609
-8101
-7478
-6827
-6002
-4847
-3481
-2208
-1116
63
1583
3267
4663
5545
6150
6796
7523
8107
8423
8508
8366
7851
6967
6089
5677
5665
5442
4554
3314
2413
1942
1152
-595
-2788
-4215
-4407
-4274
-4945
-6442
-7725
-8038
-7629
-7194
-6943
-6602
-6005
-5237
-4262
-2828
-961
836
2096
3056
4335
6034
7405
7754
7295
6835
6687
6329
5228
3568
1957
617
-725
-2253
-3765
-5067
-6275
-7547
-8640
-9114
-8893
-8426
-8137
-7903
-7246
-5972
-4421
-3057
-1948
-737
849
2675
4313
5523
6417
7220
7950
8477
8790
9016
9176
9080
8562
7703
6792
6026
5389
4689
3812
2854
1974
1045
-354
-2264
-3975
-4658
-4512
-4672
-5878
-7483
-8257
-7831
-6984
-6510
-6348
-5981
-5220
-4250
-3085
-1586
110
1493
2376
3209
4554
6197
7293
7311
6681
6216
6091
5706
4550
2864
1268
-14
-1296
-2855
-4541
-5982
-7013
-7730
-8234
-8473
-8385
-8052
-7618
-7111
-6419
-5489
-4397
-3257
-2076
-805
605
2147
3723
5086
6013
6554
7034
7703
8429
8896
8954
8715
8224
7329
6049
4850
4241
4094
3721
2805
1798
1115
268
-1488
-3826
-5367
-5385
-4817
-5129
-6474
-7636
-7691
-7032
-6527
-6272
-5764
-4889
-4053
-3373
-2406
-893
658
1621
2220
3324
5168
6830
7297
6699
6047
5887
5714
4819
3264
1701
489
-628
-1955
-3378
-4618
-5718
-6892
-7998
-8548
-8342
-7839
-7622
-7675
-7402
-6409
-4966
-3651
-2620
-1497
136
2202
4177
5563
6290
6736
7316
8133
8936
9408
9397
8948
8172
7140
5958
4921
4321
4085
3676
2692
1330
77
-1038
-2394
-3962
-4997
-5009
-4661
-5041
-6240
-7135
-6901
-5983
-5418
-5373
-5175
-4372
-3366
-2626
-1974
-915
538
1848
2783
3741
5094
6466
7162
7020
6577
6267
5974
5316
4232
2980
1750
438
-1100
-2764
-4281
-5504
-6490
-7283
-7811
-8059
-8196
-8322
-8260
-7724
-6761
-5689
-4664
-3440
-1777
154
1925
3309
4407
5368
6220
6939
7547
7978
8083
7815
7396
7076
6795
6192
5156
4113
3588
3464
3046
2002
771
-168
-1129
-2570
-4029
-4450
-3815
-3428
-4261
-5568
-5954
-5279
-4750
-5105
-5656
-5418
-4448
-3545
-2917
-2074
-806
324
957
1633
3120
5117
6477
6593
6128
6008
6198
5915
4768
3277
2077
1174
23
-1637
-3519
-5127
-6316
-7234
-8009
-8566
-8881
-9080
-9222
-9127
-8542
-7455
-6087
-4679
-3290
-1850
-263
1416
2995
4238
5134
5903
6799
7778
8567
8932
8889
8598
8131
7456
6549
5601
4916
4587
4281
3592
2514
1365
259
-933
-2032
-2494
-2172
-1889
-2550
-3998
-5099
-5220
-4932
-5120
-5706
-5874
-5258
-4355
-3679
-3085
-2239
-1210
-295
661
2116
4073
5779
6540
6488
6356
6497
6523
5925
4740
3438
2268
1034
-514
-2258
-3869
-5162
-6227
-7166
-7969
-8590
-9046
-9350
-9404
-9085
-8342
-7209
-5774
-4215
-2703
-1206
462
2293
3948
5133
6006
6987
8143
9042
9324
9129
8841
8559
8078
7263
6297
5475
4867
4273
3524
2740
2056
1248
-70
-1693
-2758
-2709
-2266
-2690
-4276
-5900
-6461
-6192
-6154
-6730
-7188
-6852
-5963
-5239
-4798
-4223
-3268
-2138
-919
679
2796
4877
6111
6359
6289
6501
6772
6478
5435
4100
2880
1685
190
-1601
-3340
-4725
-5768
-6669
-7545
-8373
-9061
-9524
-9614
-9208
-8348
-7276
-6121
-4793
-3187
-1423
313
1961
3552
5053
6367
7451
8299
8888
9179
9221
9132
8974
8645
8036
7179
6293
5590
5136
4791
4301
3479
2277
802
-705
-1843
-2313
-2355
-2761
-4061
-5867
-7148
-7418
-7125
-7054
-7365
-7629
-7443
-6847
-6036
-5028
-3786
-2427
-1084
451
2449
4722
6528
7366
7497
7644
8024
8136
7385
5877
4249
2917
1672
86
-1876
-3823
-5357
-6447
-7289
-8036
-8697
-9265
-9668
-9704
-9157
-8060
-6708
-5358
-4020
-2534
-815
1064
2924
4602
5979
7035
7858
8580
9189
9528
9466
9096
8641
8226
7769
7093
6154
5141
4325
3757
3182
2268
897
-765
-2319
-3300
-3565
-3656
-4413
-6025
-7645
-8271
-7891
-7403
-7485
-7903
-7986
-7407
-6314
-4940
-3488
-2206
-1185
-52
1779
4281
6615
7898
8134
8070
8252
8410
7891
6542
4896
3509
2356
1008
-758
-2731
-4524
-5931
-6995
-7863
-8641
-9347
-9898
-10065
-9590
-8500
-7191
-6059
-5023
-3659
-1757
381
2299
3811
5037
6085
6959
7675
8326
8914
9238
9128
8671
8110
7551
6853
5871
4682
3621
2949
2606
2230
1442
63
-1692
-3176
-3738
-3461
-3333
-4228
-5927
-7284
-7537
-6981
-6461
-6354
-6412
-6197
-5483
-4245
-2656
-1124
-21
788
1974
3942
6223
7814
8259
8044
7954
8135
8063
7298
6014
4651
3313
1784
-17
-1868
-3559
-5064
-6438
-7630
-8565
-9255
-9807
-10205
-10208
-9546
-8329
-7032
-5983
-4979
-3536
-1546
570
2253
3392
4340
5463
6708
7753
8387
8615
8507
8141
7648
7164
6709
6128
5278
4244
3406
3013
2852
2353
1188
-433
-1910
-2738
-2887
-2879
-3405
-4700
-6242
-7152
-7066
-6429
-5993
-6025
-6225
-6087
-5340
-4023
-2519
-1286
-501
236
1593
3782
6176
7782
8187
7833
7442
7271
7052
6435
5347
3887
2182
364
-1380
-2962
-4452
-5921
-7281
-8331
-9025
-9504
-9884
-10010
-9570
-8502
-7180
-6058
-5152
-3981
-2112
264
2442
3850
4612
5299
6281
7399
8287
8763
8855
8615
8139
7661
7422
7361
7077
6271
5150
4306
4058
4038
3461
1889
-254
-1935
-2490
-2297
-2440
-3558
-5259
-6651
-7224
-7135
-6811
-6591
-6637
-6882
-6912
-6165
-4542
-2697
-1405
-659
381
2366
4917
6948
7825
7840
7654
7549
7377
6906
6032
4737
3073
1237
-501
-2028
-3499
-5040
-6487
-7565
-8300
-8982
-9716
-10186
-9950
-8964
-7674
-6596
-5770
-4772
-3247
-1291
679
2291
3442
4310
5182
6207
7251
8010
8274
8117
7837
7684
7645
7508
7096
6379
5478
4596
3940
3493
2871
1536
-481
-2308
-2993
-2705
-2689
-3883
-5864
-7384
-7793
-7467
-7127
-7017
-7033
-7033
-6848
-6077
-4474
-2466
-929
-154
647
2426
5005
7108
7835
7587
7443
7784
8033
7500
6188
4587
3041
1528
-39
-1638
-3232
-4863
-6438
-7669
-8316
-8519
-8713
-9092
-9304
-8822
-7604
-6193
-5085
-4147
-2901
-1196
576
2024
3180
4322
5476
6426
7073
7588
8098
8466
8488
8194
7844
7594
7334
6847
6080
5212
4502
3970
3292
2023
222
-1461
-2334
-2557
-2963
-4145
-5705
-6821
-7166
-7088
-6987
-6885
-6675
-6368
-5979
-5206
-3760
-1840
-174
862
1734
3268
5468
7398
8194
8062
7884
8079
8137
7382
5825
4066
2548
1173
-346
-2056
-3757
-5305
-6682
-7835
-8587
-8877
-8922
-9034
-9187
-8973
-8048
-6650
-5387
-4543
-3714
-2330
-390
1495
2782
3553
4268
5192
6156
6870
7231
7337
7288
7132
6889
6628
6346
5936
5274
4492
3865
3384
2510
810
-1284
-2719
-2994
-2861
-3462
-5002
-6544
-7247
-7228
-7161
-7276
-7307
-7047
-6601
-5943
-4811
-3157
-1478
-291
602
1941
4062
6305
7709
8012
7898
8038
8309
8039
6938
5373
3831
2405
937
-599
-2117
-3623
-5221
-6779
-7880
-8246
-8160
-8194
-8554
-8828
-8493
-7483
-6193
-5036
-4044
-2957
-1534
171
1849
3212
4211
5006
5778
6568
7261
7685
7765
7621
7442
7311
7150
6875
6457
5909
5277
4566
3667
2376
763
-731
-1615
-1970
-2443
-3556
-5037
-6075
-6264
-5988
-5872
-6051
-6204
-6009
-5405
-4413
-3089
-1607
-339
571
1492
2977
5003
6812
7676
7656
7472
7604
7811
7461
6291
4600
2883
1402
135
-1034
-2255
-3704
-5410
-7014
-7956
-8059
-7820
-7914
-8425
-8750
-8289
-7090
-5733
-4676
-3869
-2953
-1689
-149
1392
2683
3644
4362
4972
5545
6049
6401
6524
6435
6230
6019
5844
5671
5398
4967
4324
3390
2052
490
-849
-1603
-1979
-2570
-3726
-5166
-6262
-6691
-6572
-6277
-6039
-6003
-6095
-6027
-5351
-3936
-2176
-727
145
861
2028
3778
5553
6724
7140
7183
7192
7177
6941
6382
5446
4074
2347
594
-803
-1790
-2704
-3957
-5523
-6884
-7500
-7413
-7173
-7230
-7480
-7462
-6882
-5838
-4620
-3443
-2378
-1409
-480
496
1559
2627
3549
4250
4797
5251
5561
5642
5577
5546
5626
5670
5517
5177
4844
4596
4198
3269
1755
170
-870
-1236
-1458
-2115
-3320
-4617
-5512
-5782
-5501
-4898
-4373
-4304
-4645
-4824
-4175
-2628
-779
642
1469
2126
3092
4409
5759
6773
7276
7285
6947
6515
6215
5993
5447
4184
2309
431
-912
-1738
-2519
-3594
-4858
-5942
-6632
-6962
-7083
-7067
-6921
-6669
-6320
-5797
-4981
-3897
-2726
-1641
-667
266
1187
2057
2853
3624
4362
4884
4973
4686
4371
4306
4455
4589
4560
4357
4032
3606
3017
2151
1041
-38
-773
-1155
-1521
-2206
-3189
-4129
-4737
-4977
-4912
-4591
-4131
-3811
-3779
-3808
-3414
-2340
-837
568
1579
2325
3053
3835
4612
5373
6056
6435
6271
5638
4920
4400
3949
3156
1842
284
-1080
-2094
-2953
-3842
-4681
-5317
-5820
-6375
-6923
-7112
-6733
-6039
-5461
-5112
-4681
-3855
-2675
-1464
-469
322
1039
1724
2361
2997
3676
4264
4508
4341
4013
3820
3810
3838
3826
3785
3661
3274
2503
1425
331
-466
-841
-999
-1308
-1937
-2699
-3235
-3417
-3384
-3286
-3107
-2833
-2579
-2471
-2419
-2149
-1459
-443
588
1423
2083
2668
3194
3689
4255
4902
5397
5429
4980
4353
3863
3467
2868
1886
686
-422
-1312
-2097
-2870
-3550
-4052
-4487
-5055
-5672
-5996
-5815
-5355
-4978
-4742
-4350
-3581
-2583
-1658
-887
-129
688
1423
1939
2308
2717
3217
3655
3859
3804
3628
3480
3440
3534
3722
3828
3610
2985
2111
1236
551
134
-71
-301
-740
-1318
-1728
-1814
-1784
-1935
-2259
-2425
-2247
-1917
-1761
-1770
-1661
-1269
-745
-234
340
1094
1899
2486
2804
3085
3506
3881
3892
3514
3049
2661
2202
1497
636
-141
-808
-1560
-2488
-3323
-3753
-3874
-4120
-4697
-5297
-5519
-5354
-5105
-4894
-4513
-3771
-2878
-2190
-1732
-1196
-412
417
1030
1420
1784
2245
2745
3139
3324
3289
3132
3046
3185
3519
3743
3534
2877
2128
1654
1496
1431
1260
936
503
21
-379
-557
-508
-494
-772
-1246
-1551
-1477
-1238
-1137
-1248
-1385
-1392
-1203
-807
-223
420
912
1149
1255
1459
1811
2114
2150
1954
1706
1481
1178
740
267
-137
-509
-964
-1503
-1991
-2366
-2727
-3208
-3750
-4188
-4413
-4464
-4331
-3945
-3372
-2892
-2730
-2691
-2353
-1565
-672
-121
14
50
313
814
1341
1723
1956
2114
2282
2541
2908
3271
3439
3317
3011
2754
2748
2958
3183
3172
2877
2427
2008
1759
1642
1536
1294
918
508
208
35
-75
-231
-494
-845
-1169
-1317
-1209
-946
-694
-558
-456
-256
92
495
841
1082
1213
1182
960
635
357
182
3
-244
-534
-800
-1110
-1571
-2214
-2910
-3460
-3766
-3866
-3846
-3776
-3704
-3723
-3796
-3773
-3466
-2905
-2263
-1765
-1489
-1350
-1148
-664
42
804
1305
1536
1644
1927
2428
2988
3373
3508
3448
3263
3123
3175
3482
3813
3832
3385
2700
2141
1936
1885
1765
1455
1085
716
369
35
-199
-365
-591
-942
-1260
-1285
-974
-624
-499
-568
-533
-217
209
491
520
395
238
72
-59
-134
-179
-371
-767
-1187
-1388
-1320
-1287
-1558
-2191
-2892
-3350
-3404
-3198
-2938
-2847
-2986
-3268
-3509
-3423
-2936
-2177
-1608
-1450
-1602
-1626
-1270
-635
11
443
660
803
996
1351
1754
2169
2489
2695
2794
2770
2841
2950
3077
2996
2832
2676
2586
2405
2078
1662
1337
1166
1082
936
645
253
-145
-403
-553
-534
-396
-134
57
58
-30
-9
273
673
981
1051
868
611
368
300
352
443
383
148
-173
-434
-586
-762
-1039
-1573
-2183
-2711
-2865
-2709
-2477
-2486
-2742
-3050
-3153
-2973
-2589
-2205
-2015
-2034
-2074
-1847
-1266
-443
269
630
652
714
1051
1650
2155
2442
2576
2708
2812
2836
2847
2969
3168
3188
2973
2553
2225
1985
1780
1487
1141
893
702
453
43
-414
-722
-809
-758
-684
-607
-452
-272
-68
107
417
780
1155
1269
1154
919
786
766
695
500
183
-156
-529
-921
-1335
-1545
-1699
-1800
-2207
-2679
-3099
-3194
-3029
-2853
-2787
-2891
-3025
-3192
-3189
-2975
-2464
-2019
-1842
-1906
-1890
-1492
-869
-253
93
309
469
755
1080
1456
1812
2115
2412
2608
2790
2839
2813
2632
2413
2277
2293
2345
2197
1737
1162
688
491
405
303
40
-333
-665
-796
-677
-465
-251
-136
-9
121
342
634
936
1181
1236
1194
1045
980
926
899
752
491
191
-77
-271
-514
-821
-1143
-1465
-1761
-2130
-2329
-2369
-2156
-2094
-2245
-2608
-2902
-2897
-2722
-2362
-2131
-1901
-1907
-1943
-1990
-1689
-1078
-372
76
200
274
507
929
1380
1784
2172
2574
2881
3068
3055
3051
3025
3094
3077
2962
2675
2283
1886
1513
1271
1099
1025
810
440
-75
-461
-580
-432
-213
-115
-191
-304
-260
15
415
715
784
705
613
693
875
1013
931
590
236
-56
-190
-359
-622
-990
-1325
-1535
-1688
-1814
-1984
-2087
-2247
-2368
-2468
-2481
-2468
-2566
-2695
-2808
-2734
-2507
-2224
-2033
-1980
-1944
-1819
-1563
-1252
-899
-506
-97
321
643
988
1326
1804
2230
2536
2589
2499
2408
2380
2422
2410
2366
2235
2091
1869
1608
1337
1089
893
693
518
383
320
291
240
134
17
-16
108
355
599
670
566
402
394
565
752
775
543
234
-60
-213
-285
-336
-437
-649
-867
-1075
-1226
-1388
-1530
-1644
-1674
-1691
-1744
-1892
-2050
-2158
-2189
-2224
-2279
-2353
-2394
-2390
-2295
-2093
-1825
-1593
-1387
-1122
-740
-288
67
345
543
874
1293
1750
2057
2152
2148
2135
2204
2267
2324
2346
2274
2109
1832
1665
1566
1535
1405
1192
919
688
574
557
513
279
-26
-225
-63
285
623
687
575
466
479
614
710
808
822
792
588
354
172
160
192
125
-22
-173
-236
-322
-478
-683
-810
-850
-874
-1022
-1267
-1569
-1832
-2108
-2346
-2538
-2598
-2532
-2393
-2227
-2160
-2124
-2095
-1859
-1408
-822
-276
47
169
212
391
781
1184
1423
1407
1319
1276
1339
1445
1522
1511
1362
1188
1091
1188
1293
1220
893
547
401
504
600
513
173
-183
-330
-149
183
387
307
59
-88
-32
227
440
589
541
424
214
70
59
217
400
416
241
-5
-119
-127
-118
-197
-307
-399
-531
-765
-1084
-1363
-1528
-1615
-1678
-1781
-1913
-2048
-2105
-2091
-2002
-1901
-1705
-1482
-1171
-857
-487
-105
275
635
939
1181
1312
1388
1438
1538
1652
1713
1657
1490
1309
1178
1133
1153
1167
1105
898
631
400
304
247
177
-18
-241
-415
-430
-310
-187
-120
-120
-88
-19
50
83
58
35
12
42
86
172
258
352
384
350
246
138
91
60
6
-134
-263
-389
-481
-629
-815
-1113
-1443
-1754
-1867
-1838
-1712
-1644
-1576
-1506
-1419
-1351
-1266
-1052
-671
-142
371
779
988
1120
1202
1366
1551
1779
1929
1946
1769
1464
1165
970
932
961
1030
1057
1000
829
552
295
144
172
252
250
136
-5
-53
-40
61
161
244
219
159
127
161
196
190
141
70
-40
-149
-207
-161
-58
6
-7
-93
-158
-217
-269
-427
-601
-759
-763
-734
-764
-957
-1249
-1497
-1601
-1558
-1511
-1519
-1605
-1672
-1680
-1569
-1338
-983
-585
-220
27
243
516
913
1295
1493
1486
1404
1408
1448
1431
1320
1196
1124
1059
951
778
619
514
458
369
256
191
215
290
266
173
57
61
141
238
274
304
341
397
398
313
185
60
-4
-105
-248
-430
-508
-492
-395
-346
-365
-509
-698
-847
-864
-783
-730
-752
-873
-938
-1021
-1043
-1184
-1308
-1457
-1502
-1483
-1438
-1371
-1369
-1339
-1336
-1224
-1047
-726
-353
-1
231
422
670
975
1184
1207
1145
1173
1325
1425
1383
1192
1020
850
693
506
416
439
506
448
247
50
16
166
338
422
443
502
581
581
514
507
657
844
940
889
781
614
434
259
167
132
44
-105
-292
-366
-354
-244
-155
-93
-127
-183
-204
-155
-120
-193
-365
-540
-636
-686
-754
-887
-1035
-1139
-1153
-1072
-930
-763
-654
-613
-593
-473
-206
105
350
483
652
913
1199
1328
1280
1141
1037
936
849
740
653
554
443
381
368
417
381
254
110
95
232
337
326
210
165
215
281
279
196
166
199
298
342
320
205
34
-133
-248
-294
-350
-429
-537
-598
-600
-550
-526
-546
-587
-600
-581
-572
-563
-598
-665
-793
-916
-979
-973
-954
-978
-1037
-1054
-1007
-918
-840
-820
-837
-851
-775
-607
-358
-140
9
56
116
287
516
640
561
396
325
374
462
501
524
535
491
374
289
326
415
404
270
154
156
269
390
501
550
554
472
362
248
219
268
345
352
266
137
5
-141
-305
-416
-411
-323
-278
-269
-259
-167
-67
-1
-4
-59
-133
-196
-179
-139
-115
-214
-333
-407
-361
-280
-261
-347
-503
-600
-598
-461
-321
-214
-173
-101
23
181
310
393
454
559
721
911
996
931
777
706
776
921
1036
1062
1051
1006
1000
985
978
933
909
940
1018
1052
973
827
717
706
711
679
554
447
343
316
297
279
164
-59
-315
-509
-532
-470
-370
-381
-445
-571
-653
-703
-677
-634
-625
-692
-832
-952
-1035
-1051
-1099
-1189
-1317
-1375
-1369
-1334
-1355
-1459
-1566
-1592
-1459
-1251
-1089
-1036
-1042
-1011
-899
-682
-426
-192
-60
34
127
239
285
266
212
182
199
256
385
518
621
629
616
656
773
908
982
952
886
833
860
911
945
902
806
687
566
452
333
250
172
95
-18
-98
-157
-166
-182
-171
-176
-217
-264
-269
-189
-133
-142
-238
-350
-452
-511
-522
-495
-506
-581
-705
-763
-743
-688
-724
-826
-904
-865
-708
-534
-430
-458
-545
-588
-508
-312
-59
186
366
444
474
491
556
600
612
597
649
809
999
1141
1136
1059
935
890
939
1090
1246
1305
1259
1149
1069
1049
1080
1100
1087
1053
1045
1008
957
850
761
658
528
367
190
88
74
139
139
9
-215
-374
-406
-389
-408
-519
-662
-831
-955
-997
-949
-905
-975
-1099
-1201
-1202
-1227
-1298
-1411
-1435
-1342
-1175
-998
-929
-984
-1175
-1327
-1299
-1012
-626
-353
-308
-396
-454
-365
-166
56
180
182
151
188
342
514
628
629
540
412
364
463
676
843
848
743
647
698
860
1025
1092
1037
965
927
972
986
921
754
606
525
467
411
328
250
95
-129
-373
-496
-495
-398
-375
-416
-544
-653
-688
-714
-740
-888
-1000
-1102
-1104
-1069
-989
-891
-888
-955
-1111
-1161
-1125
-992
-915
-867
-835
-700
-546
-366
-214
-2
220
399
500
487
471
389
373
297
264
249
319
431
480
477
404
377
375
504
648
820
887
955
1016
1078
1099
1096
1156
1264
1391
1398
1333
1188
1118
1039
975
811
673
548
490
335
102
-141
-305
-325
-391
-419
-502
-512
-609
-732
-882
-932
-911
-831
-717
-620
-564
-643
-782
-947
-938
-850
-718
-781
-923
-1055
-1014
-834
-655
-596
-659
-719
-665
-477
-254
-55
14
59
40
116
212
377
460
422
278
139
128
237
340
338
251
240
365
515
601
567
575
576
641
718
857
1016
1092
1105
1033
972
954
1030
1093
979
653
301
123
142
191
180
60
-99
-281
-431
-466
-420
-332
-345
-450
-592
-707
-741
-726
-701
-722
-793
-893
-984
-1009
-967
-948
-1003
-1072
-1048
-920
-794
-701
-636
-556
-463
-354
-240
-175
-172
-169
-64
123
297
322
227
115
66
106
211
341
440
428
276
60
-76
4
224
467
635
753
814
813
797
848
933
962
924
917
996
1048
995
837
687
548
377
187
11
-114
-237
-330
-373
-358
-364
-424
-498
-524
-490
-473
-511
-577
-607
-599
-597
-621
-639
-678
-728
-764
-720
-632
-630
-724
-830
-797
-669
-566
-547
-523
-416
-267
-189
-166
-113
12
138
215
275
346
390
379
345
348
399
431
394
287
229
318
548
768
839
799
775
862
978
1046
1033
1016
1009
1019
1069
1168
1261
1237
1076
856
684
589
513
356
125
-100
-209
-199
-136
-80
-105
-229
-383
-457
-417
-373
-412
-527
-653
-730
-772
-743
-646
-507
-434
-502
-627
-695
-628
-521
-451
-456
-521
-601
-646
-597
-474
-350
-303
-330
-367
-348
-272
-203
-156
-111
-43
-9
-35
-89
-131
-150
-169
-142
-82
-20
-7
-38
-49
-44
5
74
166
224
221
224
267
370
464
555
637
706
710
662
589
530
450
317
124
-77
-234
-318
-360
-424
-506
-577
-599
-604
-620
-645
-660
-644
-599
-550
-514
-490
-467
-419
-370
-348
-401
-479
-503
-450
-355
-276
-192
-81
79
259
420
498
495
443
394
373
391
444
507
539
516
459
384
312
225
150
110
108
140
140
139
163
268
397
462
470
452
440
399
364
389
470
540
553
524
482
422
352
252
152
47
-12
-18
3
-6
-73
-143
-187
-204
-258
-341
-416
-436
-407
-360
-315
-306
-318
-323
-255
-123
21
95
74
43
76
187
265
267
228
213
226
220
213
259
372
490
532
505
477
482
485
409
288
186
144
95
-23
-185
-323
-357
-325
-259
-257
-303
-364
-373
-334
-280
-245
-239
-261
-285
-274
-230
-186
-196
-207
-184
-113
-85
-133
-222
-295
-327
-334
-319
-329
-381
-454
-474
-437
-393
-404
-451
-486
-483
-454
-444
-460
-512
-585
-671
-735
-721
-642
-554
-509
-484
-398
-246
-82
-8
2
23
110
180
177
137
160
280
437
589
723
858
944
946
867
790
754
749
712
632
544
499
503
493
422
294
191
162
201
235
237
211
205
255
355
487
574
595
517
397
263
155
62
-11
-63
-103
-144
-217
-299
-351
-325
-238
-133
-105
-182
-330
-414
-371
-263
-230
-341
-500
-602
-593
-523
-452
-428
-430
-406
-292
-128
-12
5
-34
-49
-53
-66
-84
-32
103
265
389
456
515
577
621
616
567
515
467
433
400
398
401
392
361
359
402
425
348
156
-58
-216
-290
-317
-361
-415
-428
-355
-253
-213
-235
-239
-158
-44
15
-24
-125
-232
-308
-343
-361
-383
-431
-491
-517
-490
-423
-350
-267
-189
-146
-167
-234
-320
-394
-436
-432
-395
-361
-353
-365
-349
-258
-112
39
128
173
232
347
509
649
729
725
673
613
559
499
407
309
223
174
156
143
113
57
9
-34
-85
-178
-303
-438
-566
-681
-771
-814
-797
-737
-657
-578
-504
-427
-341
-207
-45
93
152
152
162
206
265
302
300
277
276
310
375
423
454
490
564
648
684
660
638
696
828
951
967
895
798
755
741
731
680
613
537
479
420
327
185
7
-167
-307
-374
-379
-377
-422
-499
-580
-656
-734
-796
-833
-842
-859
-866
-884
-909
-956
-1009
-1060
-1105
-1132
-1122
-1054
-952
-856
-825
-846
-878
-877
-859
-830
-782
-682
-519
-324
-135
23
150
248
333
419
544
686
828
943
1066
1199
1323
1405
1425
1437
1474
1573
1668
1706
1659
1580
1532
1519
1506
1489
1481
1473
1414
1291
1131
977
849
717
550
332
107
-99
-309
-573
-877
-1159
-1380
-1551
-1705
-1841
-1938
-1967
-1916
-1795
-1645
-1479
-1302
-1128
-991
-943
-941
-943
-921
-910
-933
-953
-959
-957
-981
-1029
-1043
-988
-852
-690
-537
-393
-240
-82
59
188
315
446
586
739
897
1013
1043
991
946
982
1099
1225
1321
1379
1419
1435
1440
1433
1416
1397
1396
1408
1404
1385
1390
1437
1493
1496
1420
1288
1138
993
826
597
288
-48
-349
-586
-795
-1011
-1256
-1524
-1787
-1982
-2071
-2061
-2017
-1979
-1955
-1913
-1829
-1709
-1587
-1483
-1384
-1262
-1144
-1083
-1086
-1097
-1048
-973
-911
-881
-837
-772
-718
-700
-711
-701
-618
-436
-204
3
150
257
347
430
506
580
625
636
652
710
814
923
1037
1174
1327
1463
1554
1623
1706
1810
1917
1993
2041
2076
2141
2229
2292
2287
2217
2110
1971
1798
1605
1401
1173
919
658
404
138
-169
-530
-915
-1285
-1590
-1818
-1981
-2106
-2185
-2185
-2099
-1976
-1865
-1795
-1744
-1724
-1735
-1769
-1800
-1797
-1761
-1701
-1646
-1585
-1493
-1349
-1173
-1016
-904
-843
-808
-781
-715
-588
-393
-163
68
268
428
582
765
980
1157
1247
1260
1290
1392
1572
1768
1943
2079
2193
2286
2353
2399
2435
2479
2529
2580
2619
2614
2527
2362
2167
2008
1906
1816
1675
1435
1112
730
312
-104
-496
-871
-1261
-1645
-1954
-2133
-2202
-2238
-2317
-2432
-2539
-2598
-2636
-2679
-2710
-2707
-2680
-2683
-2741
-2815
-2823
-2727
-2552
-2372
-2224
-2122
-2057
-2013
-1947
-1807
-1592
-1352
-1149
-980
-803
-600
-383
-167
46
247
446
655
877
1098
1294
1453
1566
1668
1792
1968
2172
2365
2509
2605
2681
2780
2910
3041
3113
3096
3024
2942
2856
2730
2573
2406
2259
2097
1877
1565
1210
862
550
235
-126
-513
-883
-1198
-1462
-1670
-1805
-1847
-1821
-1774
-1766
-1805
-1879
-1946
-1970
-1954
-1936
-1961
-2018
-2069
-2078
-2059
-2041
-2042
-2029
-1953
-1792
-1593
-1416
-1269
-1121
-949
-780
-638
-520
-389
-232
-76
28
87
178
354
595
817
1004
1178
1382
1634
1922
2211
2455
2635
2751
2839
2930
3043
3151
3218
3201
3094
2923
2771
2680
2651
2600
2484
2296
2044
1728
1361
982
591
182
-243
-659
-1043
-1378
-1633
-1791
-1893
-1991
-2136
-2298
-2441
-2519
-2545
-2550
-2567
-2605
-2653
-2684
-2682
-2659
-2632
-2608
-2574
-2527
-2474
-2401
-2284
-2126
-1986
-1910
-1872
-1793
-1631
-1408
-1187
-991
-817
-651
-478
-283
-51
187
385
529
652
804
994
1199
1393
1583
1797
2034
2267
2462
2608
2705
2771
2839
2920
2980
2983
2925
2836
2719
2575
2417
2274
2120
1904
1610
1292
1000
740
464
146
-194
-514
-781
-998
-1173
-1314
-1413
-1482
-1530
-1569
-1583
-1579
-1573
-1608
-1698
-1817
-1945
-2049
-2107
-2086
-2020
-1973
-1972
-1973
-1916
-1789
-1637
-1501
-1391
-1281
-1148
-1004
-870
-764
-676
-599
-526
-439
-317
-170
-30
77
172
297
465
688
954
1238
1492
1716
1954
2225
2483
2669
2763
2799
2831
2885
2939
2951
2896
2798
2682
2553
2398
2204
1993
1774
1561
1351
1135
878
567
238
-62
-311
-530
-714
-826
-859
-853
-867
-924
-1020
-1146
-1291
-1433
-1538
-1600
-1646
-1712
-1778
-1805
-1774
-1731
-1729
-1770
-1805
-1800
-1756
-1714
-1699
-1699
-1684
-1616
-1491
-1319
-1142
-1006
-932
-902
-873
-826
-768
-708
-622
-493
-327
-157
28
253
540
827
1064
1254
1447
1653
1850
2014
2132
2191
2184
2137
2066
1974
1833
1674
1534
1438
1348
1224
1060
852
612
360
129
-98
-344
-601
-812
-933
-967
-947
-908
-875
-883
-968
-1125
-1290
-1399
-1444
-1459
-1465
-1492
-1547
-1599
-1562
-1418
-1247
-1149
-1143
-1176
-1194
-1170
-1096
-963
-808
-672
-590
-548
-507
-432
-312
-169
-29
94
218
360
516
664
793
892
968
1059
1219
1429
1619
1756
1874
2028
2197
2318
2337
2268
2150
2033
1939
1850
1740
1604
1475
1380
1300
1205
1054
856
637
423
217
19
-166
-323
-443
-521
-582
-657
-738
-796
-830
-889
-1006
-1146
-1241
-1270
-1264
-1255
-1247
-1242
-1256
-1318
-1398
-1435
-1379
-1251
-1095
-944
-833
-773
-762
-739
-661
-523
-385
-310
-300
-304
-254
-133
31
199
331
409
432
436
485
600
751
890
1028
1183
1343
1473
1561
1624
1651
1623
1524
1371
1198
1032
892
764
627
467
301
160
51
-36
-115
-192
-269
-338
-397
-475
-600
-755
-886
-962
-1012
-1079
-1186
-1297
-1363
-1380
-1384
-1417
-1469
-1524
-1563
-1573
-1532
-1451
-1353
-1241
-1110
-964
-823
-674
-519
-383
-308
-287
-282
-260
-212
-135
-48
28
77
112
167
264
401
552
696
832
974
1113
1256
1396
1535
1642
1679
1661
1642
1659
1683
1656
1566
1442
1316
1169
972
729
480
281
148
73
9
-72
-180
-290
-366
-415
-514
-780
-1206
-1544
-1489
-1015
-452
-183
-278
-515
-640
-624
-567
-541
-520
-485
-453
-426
-369
-281
-218
-214
-242
-244
-225
-248
-357
-526
-662
-669
-492
-166
190
447
558
581
569
543
490
456
498
623
799
990
1177
1313
1355
1295
1203
1178
1239
1282
1197
1030
931
951
951
774
447
135
-46
-149
-273
-451
-640
-848
-1106
-1388
-1572
-1579
-1458
-1318
-1225
-1172
-1133
-1084
-993
-839
-666
-551
-530
-546
-519
-439
-360
-344
-388
-442
-530
-794
-1302
-1818
-1953
-1545
-854
-314
-167
-334
-547
-564
-291
236
885
1487
1953
2384
2962
3675
4238
4391
4168
3883
3759
3706
3463
2902
2148
1379
691
57
-568
-1267
-2098
-3009
-3841
-4424
-4729
-4809
-4732
-4461
-3976
-3354
-2752
-2294
-1983
-1759
-1555
-1313
-962
-415
371
1316
2250
2964
3326
3273
2825
2076
1186
321
-432
-1053
-1543
-1873
-2028
-2032
-1944
-1822
-1697
-1612
-1594
-1618
-1562
-1319
-877
-293
417
1278
2293
3372
4407
5317
6045
6525
6718
6660
6414
5987
5304
4349
3218
2039
865
-316
-1503
-2629
-3622
-4457
-5161
-5728
-6093
-6252
-6271
-6227
-6076
-5718
-5109
-4286
-3339
-2324
-1259
-117
1067
2181
3045
3536
3622
3377
2915
2332
1707
1087
505
-41
-553
-1030
-1441
-1741
-1921
-2048
-2215
-2396
-2452
-2239
-1765
-1114
-351
549
1616
2815
4054
5254
6359
7313
8007
8364
8379
8098
7527
6615
5393
3968
2450
841
-856
-2569
-4116
-5379
-6357
-7138
-7746
-8119
-8223
-8093
-7796
-7307
-6565
-5519
-4229
-2798
-1317
217
1793
3309
4534
5258
5443
5205
4689
3914
2870
1616
355
-755
-1698
-2572
-3403
-4120
-4651
-5015
-5270
-5417
-5381
-5055
-4399
-3440
-2255
-883
641
2265
3907
5501
7005
8339
9383
10019
10197
9918
9205
8094
6641
4933
3063
1136
-784
-2621
-4285
-5689
-6828
-7736
-8412
-8816
-8942
-8839
-8514
-7910
-6939
-5611
-3994
-2154
-135
1935
3826
5303
6255
6690
6638
6122
5174
3929
2570
1256
42
-1077
-2115
-3055
-3865
-4557
-5152
-5649
-5987
-6101
-5928
-5445
-4630
-3488
-2025
-280
1641
3579
5408
7098
8585
9749
10464
10715
10495
9773
8553
6969
5185
3286
1312
-696
-2617
-4329
-5753
-6936
-7928
-8714
-9219
-9447
-9440
-9165
-8493
-7318
-5668
-3676
-1490
806
3097
5178
6798
7818
8248
8147
7543
6484
5113
3611
2129
731
-545
-1659
-2580
-3371
-4168
-5045
-5902
-6531
-6802
-6692
-6215
-5356
-4105
-2485
-576
1484
3560
5565
7423
9019
10194
10847
10937
10452
9390
7825
5928
3891
1823
-258
-2309
-4219
-5884
-7292
-8478
-9424
-10081
-10426
-10467
-10191
-9547
-8456
-6891
-4905
-2625
-195
2243
4555
6558
8043
8860
8999
8570
7677
6401
4835
3145
1485
-63
-1476
-2745
-3836
-4730
-5438
-6004
-6443
-6700
-6663
-6242
-5409
-4197
-2651
-813
1250
3438
5616
7630
9324
10576
11328
11543
11191
10291
8917
7162
5092
2801
426
-1856
-3905
-5679
-7227
-8570
-9659
-10436
-10915
-11135
-11055
-10599
-9658
-8209
-6299
-4047
-1580
907
3192
5114
6624
7694
8240
8191
7559
6462
5049
3500
1937
434
-972
-2223
-3266
-4108
-4804
-5396
-5850
-6090
-6023
-5599
-4800
-3650
-2177
-426
1533
3598
5648
7573
9256
10572
11421
11724
11455
10646
9374
7716
5735
3538
1262
-955
-3030
-4933
-6629
-8045
-9099
-9798
-10225
-10439
-10370
-9910
-8999
-7672
-5972
-3924
-1576
902
3282
5347
6939
7931
8235
7861
6908
5551
3943
2198
397
-1321
-2810
-3999
-4929
-5659
-6220
-6599
-6776
-6726
-6432
-5862
-4976
-3779
-2312
-595
1375
3546
5743
7755
9428
10680
11425
11554
11050
10013
8598
6895
4982
2933
850
-1188
-3106
-4873
-6461
-7803
-8807
-9449
-9741
-9690
-9283
-8491
-7285
-5676
-3770
-1664
546
2741
4746
6414
7628
8262
8225
7535
6330
4769
3001
1139
-710
-2439
-3935
-5143
-6049
-6653
-6958
-7010
-6869
-6520
-5926
-5051
-3904
-2492
-851
967
2904
4883
6781
8452
9783
10683
11037
10761
9905
8603
6998
5181
3230
1194
-870
-2898
-4809
-6527
-7965
-9041
-9750
-10139
-10236
-9983
-9296
-8119
-6505
-4576
-2464
-234
2030
4180
6058
7535
8525
8938
8723
7883
6537
4837
2922
892
-1107
-2904
-4398
-5567
-6430
-6986
-7244
-7218
-6941
-6427
-5670
-4635
-3319
-1762
-30
1834
3789
5751
7573
9101
10248
10975
11201
10865
9990
8679
7012
5065
2935
764
-1339
-3307
-5136
-6809
-8240
-9309
-9981
-10288
-10274
-9930
-9209
-8067
-6513
-4634
-2523
-291
1930
3969
5716
7088
7992
8316
8015
7147
5832
4169
2232
158
-1877
-3704
-5246
-6448
-7255
-7641
-7638
-7312
-6726
-5941
-4982
-3848
-2536
-1064
535
2253
4074
5925
7674
9165
10301
11023
11281
11036
10274
9031
7367
5408
3259
1037
-1127
-3100
-4834
-6317
-7523
-8413
-8991
-9281
-9283
-8976
-8309
-7270
-5894
-4232
-2301
-180
1972
3974
5693
7019
7854
8156
7923
7176
5938
4278
2307
189
-1904
-3824
-5469
-6751
-7614
-8046
-8092
-7846
-7356
-6611
-5593
-4370
-3041
-1633
-95
1602
3401
5170
6783
8156
9272
10080
10511
10507
10051
9145
7820
6158
4271
2269
233
-1773
-3689
-5400
-6757
-7712
-8318
-8629
-8626
-8271
-7580
-6620
-5474
-4165
-2666
-986
771
2488
4076
5452
6509
7152
7323
7003
6201
4928
3247
1300
-696
-2565
-4212
-5593
-6666
-7368
-7668
-7589
-7206
-6581
-5789
-4900
-3935
-2868
-1663
-344
1065
2540
4046
5521
6869
7985
8781
9197
9191
8730
7810
6476
4825
2977
1066
-812
-2591
-4230
-5661
-6804
-7592
-7997
-8042
-7790
-7272
-6499
-5489
-4299
-2969
-1520
2
1523
2967
4290
5428
6280
6726
6706
6259
5441
4299
2893
1334
-251
-1743
-3053
-4114
-4867
-5235
-5208
-4843
-4249
-3535
-2797
-2117
-1507
-922
-277
474
1334
2310
3424
4647
5848
6883
7655
8102
8147
7759
6969
5839
4418
2773
984
-830
-2537
-4029
-5261
-6191
-6756
-6941
-6808
-6458
-5937
-5246
-4393
-3433
-2449
-1464
-455
585
1599
2530
3339
3965
4336
4407
4171
3650
2887
1934
831
-368
-1553
-2581
-3359
-3838
-3976
-3777
-3345
-2826
-2297
-1764
-1223
-697
-211
220
602
1002
1492
2109
2833
3611
4367
5010
5470
5705
5681
5362
4717
3748
2525
1171
-197
-1503
-2675
-3642
-4313
-4640
-4623
-4329
-3842
-3235
-2567
-1893
-1275
-764
-380
-94
120
276
374
419
414
354
220
-6
-342
-792
-1335
-1933
-2511
-2965
-3228
-3303
-3244
-3075
-2785
-2346
-1752
-1069
-417
101
471
727
887
979
1078
1259
1550
1917
2324
2738
3112
3377
3473
3379
3098
2647
2023
1235
334
-589
-1393
-1945
-2161
-2054
-1709
-1225
-680
-96
536
1202
1842
2365
2703
2845
2832
2710
2493
2166
1716
1188
644
118
-419
-998
-1608
-2191
-2666
-2979
-3121
-3127
-2989
-2675
-2219
-1721
-1253
-824
-441
-141
28
84
105
173
293
444
619
841
1107
1385
1624
1782
1822
1711
1437
1008
483
-78
-627
-1151
-1607
-1939
-2093
-2054
-1825
-1387
-745
47
889
1693
2407
2968
3311
3403
3301
3094
2815
2452
2005
1510
1001
485
-38
-563
-1069
-1527
-1921
-2234
-2449
-2548
-2531
-2391
-2116
-1714
-1228
-719
-253
120
390
577
692
711
619
443
257
120
45
8
-21
-53
-86
-140
-261
-488
-828
-1235
-1673
-2098
-2473
-2752
-2890
-2837
-2558
-2049
-1332
-452
506
1403
2125
2643
3009
3246
3332
3238
2974
2570
2052
1462
855
277
-255
-756
-1235
-1685
-2069
-2355
-2522
-2559
-2438
-2160
-1761
-1293
-782
-246
281
767
1174
1477
1658
1734
1744
1721
1663
1554
1382
1155
891
607
297
-49
-425
-822
-1216
-1578
-1880
-2109
-2268
-2336
-2284
-2092
-1769
-1334
-795
-191
429
1009
1515
1923
2234
2449
2556
2521
2341
2041
1651
1186
637
6
-673
-1322
-1855
-2220
-2408
-2459
-2395
-2217
-1891
-1413
-816
-162
476
1035
1479
1824
2096
2323
2504
2612
2626
2563
2465
2351
2217
2059
1865
1601
1230
750
209
-332
-833
-1286
-1674
-1954
-2077
-2031
-1845
-1573
-1239
-836
-355
175
664
1029
1233
1315
1347
1368
1370
1308
1145
858
462
-17
-555
-1166
-1853
-2551
-3167
-3636
-3959
-4138
-4157
-3985
-3617
-3106
-2522
-1896
-1212
-479
247
886
1407
1816
2122
2332
2455
2531
2575
2576
2513
2375
2163
1884
1539
1152
754
382
42
-290
-606
-845
-931
-861
-693
-468
-188
158
550
932
1246
1450
1522
1495
1438
1419
1416
1350
1154
812
352
-189
-779
-1414
-2086
-2747
-3318
-3740
-4003
-4124
-4120
-3984
-3690
-3223
-2616
-1948
-1299
-722
-226
208
607
971
1279
1513
1689
1841
1973
2050
2045
1949
1775
1534
1246
932
607
302
42
-143
-215
-133
112
470
861
1246
1631
2006
2325
2551
2675
2702
2619
2441
2201
1937
1673
1412
1123
749
257
-311
-887
-1439
-1985
-2536
-3063
-3498
-3778
-3876
-3808
-3600
-3282
-2877
-2418
-1943
-1491
-1075
-687
-335
-47
162
320
464
592
665
680
678
697
718
662
488
216
-79
-332
-513
-608
-600
-452
-145
287
775
1242
1659
2025
2340
2599
2781
2896
2942
2918
2815
2636
2399
2123
1826
1515
1178
788
320
-224
-796
-1344
-1819
-2194
-2454
-2592
-2602
-2468
-2215
-1899
-1562
-1220
-878
-562
-312
-157
-88
-51
-4
53
86
105
124
132
90
-31
-217
-435
-668
-918
-1172
-1369
-1444
-1370
-1159
-842
-456
-32
410
848
1227
1495
1653
1755
1841
1917
1970
1972
1901
1751
1522
1228
896
556
200
-208
-679
-1175
-1625
-1981
-2229
-2362
-2380
-2289
-2102
-1812
-1422
-958
-499
-122
130
301
455
616
741
795
803
812
834
827
754
612
425
213
-40
-340
-651
-896
-1019
-1047
-1054
-1073
-1040
-878
-576
-207
155
492
816
1130
1394
1576
1681
1721
1682
1555
1356
1115
845
557
241
-104
-482
-897
-1349
-1802
-2177
-2412
-2500
-2474
-2361
-2187
-1958
-1669
-1319
-915
-460
20
470
826
1079
1259
1404
1519
1592
1604
1534
1381
1166
927
684
457
271
150
71
9
-33
-43
-18
30
114
250
470
776
1125
1439
1669
1840
1967
2047
2079
2082
2073
2044
1963
1803
1555
1213
774
249
-320
-901
-1459
-1940
-2273
-2443
-2511
-2534
-2506
-2380
-2130
-1780
-1408
-1091
-858
-665
-445
-196
44
236
382
490
528
467
323
137
-69
-299
-551
-804
-1023
-1178
-1262
-1275
-1209
-1068
-866
-622
-359
-111
86
223
333
470
668
924
1188
1433
1645
1827
1972
2069
2098
2012
1792
1458
1061
626
162
-313
-764
-1140
-1403
-1536
-1544
-1451
-1300
-1128
-954
-773
-584
-397
-230
-100
-11
46
95
149
188
186
129
27
-129
-347
-607
-874
-1138
-1402
-1627
-1780
-1835
-1769
-1564
-1238
-878
-569
-355
-198
-52
98
219
283
300
312
362
487
691
935
1156
1307
1386
1410
1388
1300
1130
875
569
268
27
-139
-238
-280
-260
-173
-20
190
437
678
883
1044
1168
1259
1302
1282
1207
1118
1055
1003
926
786
592
388
223
91
-72
-308
-591
-839
-990
-1021
-958
-845
-695
-508
-293
-98
49
135
163
145
97
44
6
-7
3
42
115
199
251
242
173
63
-72
-223
-397
-589
-775
-910
-959
-914
-779
-576
-334
-102
92
252
401
535
625
651
607
526
453
416
400
366
323
290
257
184
74
-39
-148
-292
-484
-681
-816
-850
-785
-646
-462
-262
-72
81
162
149
85
33
20
20
-13
-78
-149
-196
-229
-285
-403
-578
-755
-899
-1022
-1149
-1288
-1404
-1461
-1442
-1349
-1190
-978
-731
-466
-181
114
375
541
605
611
613
632
644
630
583
517
450
409
393
385
360
302
214
118
32
-13
-4
63
181
338
538
777
1036
1262
1420
1501
1511
1453
1330
1175
1020
886
770
675
603
574
579
564
455
226
-76
-394
-703
-1000
-1269
-1468
-1568
-1566
-1490
-1368
-1194
-950
-630
-258
105
375
496
479
390
288
183
61
-84
-233
-347
-391
-377
-337
-309
-304
-329
-367
-402
-424
-426
-394
-318
-209
-63
134
381
643
867
1030
1132
1180
1171
1094
955
770
570
391
247
137
55
8
-11
-53
-158
-308
-458
-591
-727
-878
-1020
-1121
-1158
-1111
-970
-727
-411
-69
240
492
692
855
965
974
849
587
229
-151
-476
-699
-822
-869
-860
-811
-738
-664
-624
-629
-647
-630
-556
-438
-292
-140
-7
97
214
371
550
697
783
813
788
720
633
542
457
383
329
286
261
274
307
312
239
103
-51
-189
-300
-386
-430
-401
-271
-35
281
621
929
1183
1371
1476
1465
1339
1124
841
504
142
-197
-470
-652
-734
-749
-765
-828
-919
-979
-983
-958
-943
-962
-996
-997
-922
-767
-573
-378
-209
-55
82
183
233
231
189
120
30
-61
-155
-263
-389
-490
-512
-443
-329
-232
-180
-168
-160
-134
-92
-41
23
127
293
526
804
1090
1354
1573
1730
1799
1759
1604
1339
987
600
240
-58
-289
-461
-578
-642
-655
-633
-608
-607
-639
-706
-791
-878
-943
-974
-960
-885
-754
-586
-407
-235
-101
-30
-47
-132
-236
-317
-373
-453
-571
-674
-677
-560
-368
-181
-45
31
57
45
8
-24
-15
60
198
393
659
1017
1420
1769
1978
2047
2026
1953
1827
1625
1343
1004
658
352
127
-13
-100
-169
-226
-259
-281
-332
-439
-595
-760
-887
-933
-915
-868
-814
-745
-663
-588
-506
-417
-331
-279
-260
-244
-236
-244
-270
-293
-286
-258
-222
-191
-170
-157
-160
-163
-154
-131
-100
-62
-9
70
190
357
564
778
969
1124
1235
1312
1357
1339
1219
994
725
468
250
68
-88
-228
-358
-461
-526
-565
-618
-718
-854
-1002
-1132
-1226
-1272
-1281
-1286
-1289
-1264
-1176
-1029
-857
-705
-590
-500
-407
-314
-251
-233
-230
-208
-163
-119
-98
-76
-49
-18
-3
15
64
153
262
368
477
600
756
945
1152
1343
1501
1625
1699
1700
1609
1463
1293
1120
924
695
454
228
39
-127
-260
-339
-373
-411
-494
-610
-736
-881
-1043
-1191
-1287
-1338
-1383
-1429
-1444
-1386
-1260
-1087
-890
-672
-444
-234
-79
7
33
18
-23
-55
-54
-20
41
147
308
470
584
648
713
806
898
975
1045
1130
1228
1319
1397
1470
1547
1613
1644
1624
1538
1384
1181
971
783
626
488
356
228
122
44
-20
-102
-218
-361
-514
-677
-849
-1020
-1162
-1262
-1312
-1319
-1278
-1187
-1059
-920
-807
-726
-665
-609
-553
-512
-491
-491
-510
-541
-582
-617
-622
-559
-411
-211
-31
95
185
264
329
363
390
445
541
657
773
890
1006
1096
1103
1006
839
651
472
297
122
-41
-162
-225
-234
-240
-275
-342
-411
-476
-564
-695
-854
-1013
-1156
-1269
-1329
-1323
-1269
-1172
-1024
-830
-638
-502
-418
-364
-334
-335
-350
-365
-383
-413
-433
-417
-360
-275
-164
-26
125
274
407
518
591
617
611
611
643
710
815
950
1091
1195
1236
1219
1169
1117
1063
990
890
773
661
562
502
501
543
570
545
476
371
223
34
-152
-291
-382
-446
-489
-508
-490
-422
-295
-151
-66
-80
-145
-186
-190
-199
-255
-345
-416
-432
-395
-340
-286
-238
-204
-191
-200
-208
-196
-155
-100
-52
-27
-9
60
202
377
531
639
715
763
773
727
629
495
345
205
120
114
160
194
184
141
95
39
-61
-222
-420
-603
-746
-848
-914
-924
-857
-712
-524
-337
-177
-53
27
51
17
-48
-114
-164
-215
-267
-311
-337
-356
-369
-370
-338
-281
-233
-229
-271
-334
-396
-431
-417
-347
-234
-95
67
258
461
653
797
859
821
710
578
466
387
334
298
287
314
370
437
487
494
438
313
138
-45
-206
-340
-467
-583
-668
-692
-669
-629
-586
-515
-394
-223
-45
71
96
47
-28
-112
-203
-293
-358
-368
-308
-201
-122
-132
-222
-333
-430
-508
-569
-594
-583
-534
-452
-333
-181
-14
148
274
360
417
456
474
472
467
474
484
493
510
550
623
719
817
903
960
969
900
751
563
403
300
236
191
173
203
264
321
348
343
315
280
237
162
44
-95
-225
-336
-439
-530
-595
-617
-584
-512
-445
-436
-494
-590
-673
-719
-720
-681
-610
-543
-523
-549
-571
-539
-443
-297
-123
53
202
311
409
510
600
638
626
603
607
645
686
714
721
698
638
551
471
439
463
498
482
399
272
147
44
-31
-85
-115
-107
-65
-6
31
31
-6
-58
-114
-167
-219
-275
-324
-356
-373
-388
-415
-451
-495
-555
-633
-713
-764
-777
-752
-707
-654
-595
-515
-397
-245
-65
113
274
393
507
594
624
522
303
85
-5
77
242
374
397
366
337
350
329
238
90
-31
-92
-96
-111
-171
-265
-318
-262
-116
31
82
22
-110
-243
-312
-298
-248
-211
-201
-178
-137
-95
-104
-179
-312
-486
-669
-833
-936
-962
-905
-796
-674
-566
-483
-425
-381
-328
-238
-114
9
107
184
264
344
417
469
508
551
608
663
673
635
585
582
617
629
570
457
353
291
266
238
156
6
-158
-261
-265
-196
-87
36
159
271
351
388
379
355
354
386
421
427
403
366
321
260
189
119
50
-29
-136
-260
