338
271
247
318
448
547
546
472
408
415
478
550
614
693
799
889
901
814
696
629
634
651
646
630
630
632
596
522
447
426
475
551
570
498
380
301
283
286
255
191
127
79
48
10
-43
-105
-157
-183
-171
-120
-53
-13
-25
-59
-91
-126
-173
-210
-214
-194
-173
-184
-250
-347
-422
-446
-453
-472
-506
-540
-569
-583
-576
-547
-504
-461
-421
-403
-416
-443
-454
-427
-374
-328
-313
-329
-352
-375
-402
-425
-442
-458
-457
-414
-318
-216
-163
-180
-246
-322
-368
-344
-252
-140
-82
-96
-126
-95
11
123
174
166
152
171
215
254
290
332
380
408
412
414
463
562
644
626
507
393
369
408
410
343
269
253
282
283
234
163
125
144
190
196
122
31
8
48
58
-21
-149
-246
-302
-358
-421
-454
-409
-307
-210
-184
-222
-275
-271
-202
-112
-56
-44
-59
-105
-192
-278
-297
-239
-171
-157
-181
-197
-175
-133
-97
-86
-90
-81
-43
-1
16
-5
-34
-15
76
191
254
253
253
288
305
232
88
-31
-78
-85
-116
-168
-195
-174
-148
-170
-237
-282
-253
-135
28
169
240
258
272
297
293
246
223
291
440
566
589
497
360
253
214
208
206
204
221
243
223
155
70
12
-15
-27
-44
-63
-74
-53
0
71
143
201
227
218
206
218
251
255
211
146
108
114
138
145
102
17
-54
-55
2
61
74
49
18
-6
-30
-70
-133
-208
-270
-299
-320
-374
-466
-544
-524
-408
-277
-243
-318
-412
-404
-255
-63
42
16
-42
-25
93
244
340
327
218
76
-45
-124
-156
-141
-106
-102
-143
-191
-204
-169
-114
-64
-13
44
76
52
0
-13
35
120
191
207
123
-43
-207
-277
-259
-226
-244
-296
-328
-324
-334
-401
-465
-431
-301
-181
-177
-259
-341
-360
-331
-297
-276
-250
-213
-197
-240
-335
-390
-331
-183
-72
-78
-156
-184
-103
38
161
205
155
22
-106
-146
-70
77
227
348
361
225
15
-93
3
206
338
308
213
186
263
347
360
325
329
384
423
404
364
366
411
460
499
529
527
467
357
288
314
427
526
537
469
369
240
51
-124
-154
8
228
347
334
263
183
121
109
187
325
435
421
261
38
-109
-113
-28
52
69
32
-50
-159
-286
-395
-421
-305
-97
67
116
114
151
164
54
-134
-199
-38
228
393
359
205
29
-94
-132
-83
15
90
106
73
19
-59
-171
-277
-282
-145
56
163
108
-68
-263
-377
-376
-272
-126
-5
39
-12
-116
-201
-246
-281
-344
-420
-437
-352
-167
29
132
107
13
-59
-96
-125
-152
-152
-130
-151
-254
-417
-561
-637
-625
-537
-430
-387
-472
-657
-843
-900
-782
-552
-360
-271
-232
-183
-139
-133
-151
-172
-197
-236
-252
-212
-120
-64
-136
-315
-425
-304
-2
263
325
242
170
178
207
183
153
173
236
233
125
-20
-75
7
139
225
246
276
353
448
505
492
413
325
263
228
182
145
184
267
276
132
-42
-74
64
189
156
-19
-199
-289
-276
-144
76
286
367
313
229
184
175
184
212
254
273
245
169
68
-2
16
107
167
115
12
-22
57
187
318
466
608
639
509
344
347
551
743
711
449
156
12
53
191
306
327
264
188
155
179
241
315
339
251
56
-143
-212
-120
52
180
191
103
-7
-56
-55
-40
-29
6
69
144
203
202
102
-68
-211
-264
-285
-347
-418
-389
-236
-89
-84
-222
-378
-454
-445
-403
-360
-335
-341
-395
-467
-514
-484
-369
-216
-116
-147
-302
-485
-575
-545
-437
-321
-223
-155
-153
-234
-358
-449
-475
-468
-465
-435
-341
-223
-174
-195
-216
-185
-135
-75
10
99
76
-115
-384
-540
-479
-280
-94
-24
-51
-123
-208
-281
-293
-185
23
201
223
115
13
18
85
126
121
94
89
118
156
172
180
230
315
314
158
-65
-190
-153
-79
-87
-170
-221
-169
-55
72
190
276
288
211
143
180
316
452
524
549
565
541
457
359
317
329
346
394
481
563
572
513
412
290
204
259
465
685
734
590
395
260
189
153
208
377
521
465
232
20
-29
1
15
35
140
320
443
432
336
280
333
450
550
557
436
234
91
110
225
288
241
168
119
48
-69
-181
-230
-232
-209
-158
-141
-249
-432
-530
-480
-422
-506
-698
-883
-1001
-1062
-1064
-974
-801
-615
-505
-528
-669
-842
-960
-986
-933
-812
-650
-513
-441
-411
-382
-385
-467
-611
-746
-790
-694
-465
-196
-9
26
-64
-180
-194
-98
-16
-37
-100
-110
-90
-68
12
197
405
538
571
531
428
313
247
249
295
369
423
350
127
-47
23
246
325
152
-63
-121
-25
97
207
321
376
317
164
87
178
332
331
150
28
146
385
524
532
501
421
251
124
208
423
496
341
128
6
-57
-91
-34
122
258
291
263
239
241
297
431
572
573
403
201
126
187
262
304
335
353
260
48
-116
-97
52
164
162
118
127
212
321
339
251
117
5
-93
-176
-131
91
323
331
64
-306
-567
-602
-404
-61
174
81
-337
-813
-1007
-796
-327
85
200
-18
-413
-760
-844
-612
-218
79
132
-7
-208
-376
-468
-483
-418
-297
-143
-41
-70
-227
-388
-393
-228
-15
74
11
-148
-310
-463
-598
-697
-692
-520
-226
21
43
-144
-367
-439
-295
36
374
477
197
-346
-823
-921
-597
-82
300
372
157
-188
-437
-401
-110
179
296
352
528
716
653
280
-142
-300
-112
292
688
917
894
646
293
47
91
388
710
834
717
477
262
152
117
94
77
92
141
202
285
399
424
222
-172
-530
-674
-575
-292
103
457
584
423
65
-248
-294
-18
377
595
508
221
-79
-253
-236
-39
243
455
443
187
-188
-427
-362
-44
318
495
434
229
54
12
63
90
46
11
83
251
401
431
297
20
-272
-380
-210
97
263
168
-70
-255
-285
-189
-51
39
31
-16
19
139
193
27
-313
-599
-626
-376
-38
126
14
-311
-670
-905
-918
-720
-437
-201
-84
-82
-173
-305
-410
-409
-308
-200
-208
-352
-501
-564
-555
-537
-496
-392
-291
-293
-421
-551
-530
-324
-53
112
110
47
40
100
170
225
292
337
289
139
-18
-99
-128
-163
-200
-195
-145
-117
-188
-322
-391
-268
10
309
521
623
636
564
473
467
626
882
1078
1110
974
719
388
96
-44
-33
-74
-336
-733
-926
-639
19
591
679
311
-124
-260
-19
488
1050
1460
1513
1195
694
277
140
308
649
917
892
498
-146
-750
-973
-658
0
564
679
309
-278
-674
-621
-169
397
812
987
914
629
233
-77
-126
90
390
526
350
-73
-510
-760
-768
-604
-378
-240
-318
-626
-1000
-1220
-1154
-817
-366
-47
-50
-357
-759
-1003
-916
-500
32
321
146
-379
-903
-1153
-1079
-773
-374
-70
-53
-351
-755
-975
-891
-630
-413
-339
-355
-355
-301
-209
-114
-41
15
72
116
120
118
199
376
525
532
421
327
323
373
376
289
155
53
-10
-92
-213
-326
-371
-327
-216
-70
46
111
166
266
407
507
526
498
522
632
778
839
713
429
171
119
263
424
454
373
292
284
328
352
301
188
87
60
98
140
147
148
216
381
581
692
627
440
287
292
450
625
674
529
249
-29
-195
-237
-205
-116
35
181
199
36
-207
-369
-367
-219
14
248
396
381
211
-10
-146
-134
-26
94
154
125
18
-99
-143
-99
-14
41
45
13
-30
-72
-127
-178
-175
-104
-42
-86
-222
-326
-310
-227
-206
-318
-504
-650
-705
-728
-799
-889
-917
-889
-945
-1160
-1423
-1551
-1483
-1313
-1164
-1100
-1115
-1171
-1214
-1186
-1053
-823
-559
-367
-321
-418
-547
-562
-375
-30
318
526
568
516
437
352
314
424
710
1024
1169
1097
968
985
1206
1533
1809
1923
1861
1707
1568
1521
1598
1772
1950
1996
1846
1615
1503
1583
1661
1446
859
173
-207
-117
201
305
-40
-701
-1348
-1769
-1978
-2110
-2261
-2422
-2552
-2651
-2774
-2929
-3046
-3005
-2744
-2298
-1755
-1228
-834
-673
-694
-669
-406
64
503
727
699
529
365
322
367
351
200
22
-39
30
138
267
486
836
1246
1597
1817
1938
2064
2306
2709
3230
3756
4113
4140
3866
3569
3564
3878
4216
4225
3786
3045
2227
1454
742
104
-452
-990
-1641
-2432
-3259
-3983
-4503
-4744
-4702
-4515
-4388
-4374
-4311
-3969
-3299
-2463
-1693
-1096
-595
-61
465
819
935
935
905
779
457
-32
-635
-1345
-2136
-2822
-3213
-3349
-3489
-3812
-4166
-4203
-3753
-3020
-2339
-1803
-1228
-433
532
1506
2402
3228
4013
4740
5410
6001
6419
6527
6264
5750
5220
4832
4522
4066
3350
2478
1673
1035
441
-349
-1448
-2652
-3567
-4005
-4168
-4376
-4668
-4840
-4810
-4704
-4598
-4327
-3742
-2976
-2315
-1873
-1527
-1122
-639
-118
435
1018
1568
1944
2050
1894
1576
1186
735
242
-199
-524
-875
-1501
-2401
-3153
-3308
-2944
-2657
-2870
-3289
-3228
-2440
-1369
-573
-88
480
1417
2557
3540
4212
4725
5274
5855
6330
6592
6615
6385
5987
5614
5404
5221
4748
3856
2807
2037
1719
1559
1017
-181
-1730
-2958
-3437
-3398
-3451
-3952
-4671
-5148
-5153
-4824
-4374
-3910
-3463
-3076
-2737
-2337
-1720
-905
-55
671
1283
1847
2286
2423
2227
1907
1688
1570
1336
792
-58
-963
-1636
-2044
-2468
-3107
-3735
-3944
-3712
-3495
-3677
-4063
-4077
-3361
-2145
-997
-286
111
614
1505
2680
3777
4512
4873
5038
5167
5264
5222
4959
4567
4219
3955
3605
2988
2136
1250
522
-77
-785
-1789
-2901
-3663
-3884
-3928
-4272
-4912
-5390
-5365
-4910
-4329
-3814
-3401
-3069
-2760
-2338
-1672
-800
50
700
1228
1842
2554
3052
3036
2578
2091
1829
1643
1201
416
-495
-1240
-1704
-2004
-2421
-3111
-3872
-4237
-3974
-3377
-2987
-2987
-3019
-2559
-1482
-173
846
1418
1817
2404
3246
4118
4798
5234
5516
5730
5895
5938
5780
5445
5072
4768
4521
4236
3850
3315
2605
1711
694
-300
-1103
-1662
-2141
-2788
-3633
-4397
-4805
-4851
-4713
-4450
-4010
-3456
-2998
-2723
-2448
-1893
-996
26
916
1617
2250
2865
3304
3367
3094
2734
2452
2144
1643
918
72
-795
-1569
-2122
-2450
-2810
-3472
-4312
-4798
-4543
-3801
-3221
-3169
-3361
-3205
-2388
-1149
33
892
1528
2166
2899
3678
4423
5086
5609
5914
5930
5657
5208
4777
4456
4157
3704
3047
2325
1689
1074
221
-997
-2273
-3127
-3489
-3848
-4591
-5444
-5802
-5560
-5182
-5045
-5003
-4765
-4306
-3784
-3233
-2577
-1817
-1038
-244
653
1657
2549
3032
3049
2847
2713
2631
2345
1705
860
88
-514
-1044
-1593
-2117
-2563
-2967
-3402
-3798
-3943
-3711
-3250
-2823
-2482
-2007
-1248
-347
426
1039
1679
2455
3203
3701
3951
4191
4608
5110
5432
5416
5125
4759
4487
4374
4312
4101
3624
3003
2394
1732
766
-472
-1536
-2051
-2226
-2649
-3550
-4501
-4916
-4705
-4254
-3929
-3777
-3725
-3725
-3677
-3363
-2651
-1681
-739
44
768
1549
2293
2765
2882
2848
2899
2993
2859
2360
1667
1008
430
-169
-794
-1344
-1755
-2135
-2597
-3074
-3350
-3304
-3016
-2641
-2237
-1773
-1244
-706
-195
347
984
1654
2222
2643
3030
3499
4019
4457
4732
4883
4947
4881
4616
4236
3944
3822
3692
3299
2557
1541
338
-883
-1800
-2149
-2171
-2549
-3703
-5242
-6290
-6380
-5876
-5491
-5569
-5851
-5872
-5422
-4667
-3862
-3103
-2325
-1427
-347
869
2017
2812
3133
3177
3280
3544
3700
3406
2637
1726
993
488
11
-625
-1430
-2249
-2882
-3245
-3403
-3449
-3360
-3068
-2598
-2088
-1639
-1251
-822
-240
571
1532
2436
3064
3427
3749
4234
4844
5409
5829
6079
6061
5679
5086
4678
4677
4792
4479
3558
2399
1431
666
-149
-1059
-1889
-2649
-3610
-4824
-5858
-6237
-6063
-5887
-6044
-6307
-6269
-5821
-5138
-4335
-3377
-2280
-1183
-141
959
2193
3353
4099
4356
4425
4612
4852
4836
4416
3735
2983
2198
1363
536
-208
-914
-1698
-2533
-3216
-3586
-3738
-3849
-3868
-3599
-3050
-2515
-2166
-1805
-1133
-187
680
1224
1591
2118
2916
3745
4315
4616
4852
5101
5198
4993
4603
4287
4119
3906
3423
2736
2027
1311
338
-893
-2007
-2659
-3122
-3965
-5283
-6440
-6857
-6670
-6486
-6595
-6730
-6592
-6194
-5683
-5000
-4005
-2754
-1516
-366
814
2124
3314
4121
4547
4864
5203
5428
5329
4900
4266
3523
2669
1718
784
-55
-844
-1708
-2611
-3365
-3834
-4129
-4399
-4596
-4466
-3939
-3217
-2592
-2079
-1489
-682
271
1225
2120
2959
3709
4335
4920
5596
6340
6861
6877
6418
5852
5515
5407
5206
4658
3797
2851
1911
882
-268
-1340
-2157
-2869
-3792
-4918
-5838
-6254
-6377
-6592
-6879
-6859
-6371
-5683
-5101
-4577
-3806
-2651
-1293
-10
1148
2285
3407
4350
5019
5474
5783
5858
5621
5100
4420
3613
2653
1581
517
-502
-1575
-2704
-3665
-4234
-4518
-4845
-5331
-5688
-5584
-5055
-4474
-4068
-3666
-2941
-1849
-696
237
985
1787
2733
3655
4384
4964
5540
6094
6428
6379
6006
5523
5136
4882
4610
4110
3272
2201
1081
28
-962
-1886
-2709
-3429
-4168
-5016
-5883
-6583
-7041
-7250
-7135
-6624
-5864
-5153
-4570
-3882
-2836
-1502
-178
990
2138
3391
4577
5359
5653
5736
5868
5943
5651
4918
3987
3125
2305
1337
148
-1074
-2116
-2982
-3856
-4781
-5533
-5857
-5771
-5549
-5417
-5316
-5015
-4358
-3411
-2364
-1330
-347
604
1527
2467
3430
4362
5166
5807
6303
6692
6957
7000
6717
6153
5553
5146
4925
4606
3899
2801
1609
587
-294
-1180
-2055
-2827
-3604
-4609
-5752
-6564
-6707
-6362
-5986
-5745
-5446
-4917
-4245
-3568
-2841
-1938
-888
167
1211
2358
3601
4662
5265
5419
5385
5332
5150
4619
3736
2724
1775
861
-138
-1231
-2313
-3302
-4204
-4994
-5576
-5874
-5985
-6090
-6172
-5965
-5252
-4210
-3241
-2511
-1757
-658
726
2033
3011
3760
4504
5328
6102
6689
7056
7283
7367
7170
6575
5759
5139
4908
4730
4064
2835
1523
557
-216
-1195
-2409
-3484
-4228
-4861
-5611
-6335
-6716
-6687
-6460
-6194
-5855
-5384
-4849
-4262
-3468
-2327
-985
229
1200
2130
3187
4205
4857
5049
5009
4913
4672
4072
3144
2133
1233
370
-617
-1753
-2848
-3720
-4351
-4919
-5558
-6181
-6518
-6421
-6021
-5572
-5141
-4554
-3672
-2600
-1557
-596
409
1543
2692
3686
4471
5153
5806
6398
6804
6964
6939
6827
6615
6197
5597
5027
4635
4244
3572
2601
1595
708
-170
-1154
-2090
-2781
-3291
-3892
-4658
-5359
-5782
-5928
-5865
-5550
-5023
-4496
-4115
-3670
-2842
-1628
-354
738
1688
2639
3576
4332
4808
5054
5167
5106
4787
4225
3545
2748
1746
533
-688
-1721
-2567
-3357
-4156
-4861
-5357
-5641
-5789
-5794
-5548
-5019
-4351
-3694
-3035
-2219
-1206
-133
858
1791
2767
3769
4643
5300
5787
6189
6509
6718
6820
6791
6504
5815
4856
4012
3558
3245
2574
1412
168
-786
-1550
-2453
-3478
-4345
-4945
-5510
-6177
-6710
-6796
-6490
-6162
-5979
-5730
-5129
-4211
-3223
-2326
-1433
-448
624
1660
2586
3375
4011
4436
4631
4616
4419
4020
3383
2540
1588
633
-283
-1161
-2011
-2800
-3515
-4146
-4703
-5125
-5358
-5369
-5174
-4795
-4269
-3636
-2934
-2195
-1427
-599
328
1321
2296
3172
3920
4560
5174
5809
6384
6717
6749
6607
6403
6028
5321
4432
3791
3580
3398
2718
1549
378
-523
-1314
-2132
-2790
-3206
-3686
-4507
-5343
-5576
-5105
-4507
-4255
-4160
-3759
-3006
-2229
-1606
-965
-148
729
1495
2206
3015
3820
4324
4437
4406
4396
4202
3550
2580
1714
1145
578
-325
-1539
-2688
-3513
-4088
-4638
-5193
-5610
-5816
-5881
-5820
-5519
-4951
-4310
-3807
-3354
-2637
-1492
-163
975
1809
2552
3371
4163
4761
5183
5565
5895
6015
5862
5565
5227
4833
4390
4070
3981
3898
3452
2566
1521
538
-419
-1382
-2167
-2648
-3012
-3531
-4178
-4678
-4840
-4698
-4350
-3894
-3428
-3038
-2660
-2140
-1365
-436
450
1174
1786
2350
2815
3085
3163
3146
3084
2940
2631
2139
1494
765
-17
-821
-1587
-2256
-2865
-3520
-4244
-4905
-5330
-5510
-5585
-5655
-5605
-5268
-4681
-4094
-3648
-3189
-2413
-1227
146
1353
2217
2836
3425
4106
4838
5500
5961
6164
6173
6090
5913
5575
5147
4842
4708
4477
3893
3023
2092
1112
9
-1026
-1616
-1814
-2139
-2943
-3851
-4260
-4132
-3994
-4192
-4424
-4246
-3682
-3153
-2842
-2494
-1858
-1054
-325
329
1040
1754
2234
2434
2572
2824
3025
2883
2372
1801
1385
982
306
-638
-1591
-2374
-3038
-3647
-4137
-4456
-4681
-4919
-5088
-4966
-4498
-3939
-3578
-3327
-2778
-1707
-387
728
1505
2169
2922
3724
4461
5142
5812
6363
6629
6653
6637
6621
6367
5775
5169
4926
4896
4548
3632
2436
1301
253
-752
-1528
-1944
-2272
-2923
-3885
-4695
-5000
-4964
-5025
-5342
-5617
-5476
-4906
-4232
-3666
-3143
-2515
-1784
-991
-120
796
1546
1952
2104
2296
2657
2961
2873
2353
1682
1107
592
-58
-878
-1716
-2427
-3021
-3544
-3983
-4316
-4608
-4906
-5097
-4994
-4559
-3982
-3428
-2868
-2140
-1165
-16
1150
2169
2955
3595
4311
5225
6152
6751
6890
6796
6750
6763
6586
6115
5574
5242
5048
4638
3820
2725
1560
409
-589
-1231
-1582
-2085
-3054
-4200
-4966
-5209
-5329
-5653
-6030
-6064
-5675
-5139
-4678
-4218
-3602
-2860
-2090
-1240
-179
978
1926
2481
2847
3277
3714
3811
3451
2916
2518
2189
1632
792
-88
-824
-1533
-2372
-3253
-3936
-4384
-4770
-5173
-5390
-5257
-4909
-4594
-4289
-3693
-2662
-1434
-346
533
1379
2323
3306
4232
5049
5727
6210
6485
6618
6701
6729
6577
6128
5494
4925
4534
4158
3566
2693
1588
307
-960
-1845
-2152
-2308
-3002
-4386
-5711
-6207
-5918
-5620
-5819
-6237
-6257
-5686
-4860
-4100
-3418
-2651
-1758
-701
552
1940
3119
3779
3994
4240
4820
5457
5572
4952
4015
3260
2760
2152
1195
-13
-1173
-2111
-2825
-3408
-3978
-4637
-5364
-5921
-6026
-5658
-5107
-4621
-4114
-3284
-2050
-651
564
1483
2294
3267
4429
5521
6251
6595
6781
7002
7218
7220
6906
6375
5862
5502
5218
4758
3919
2683
1236
-141
-1170
-1797
-2329
-3172
-4367
-5452
-5991
-6041
-6044
-6249
-6483
-6400
-5907
-5195
-4486
-3806
-3058
-2182
-1161
19
1294
2444
3234
3692
4078
4551
4913
4796
4098
3139
2342
1779
1176
272
-895
-2090
-3107
-3872
-4427
-4903
-5443
-6093
-6699
-6987
-6794
-6255
-5662
-5149
-4538
-3616
-2377
-1030
232
1362
2421
3472
4502
5436
6176
6672
6946
7101
7210
7249
7092
6664
6041
5395
4808
4200
3410
2314
936
-449
-1428
-1817
-2017
-2678
-3953
-5238
-5816
-5654
-5367
-5465
-5802
-5859
-5339
-4431
-3495
-2702
-1963
-1147
-158
1043
2364
3496
4118
4261
4336
4684
5116
5132
4492
3540
2765
2276
1734
824
-422
-1702
-2744
-3461
-3958
-4433
-5025
-5701
-6265
-6486
-6240
-5638
-4914
-4207
-3435
-2441
-1202
148
1402
2432
3262
4055
4925
5833
6596
7076
7285
7351
7340
7182
6771
6124
5409
4768
4200
3554
2664
1467
111
-1111
-1927
-2326
-2598
-3133
-4061
-5107
-5795
-5866
-5515
-5188
-5142
-5169
-4871
-4103
-3122
-2250
-1552
-849
41
1123
2245
3179
3748
3946
3967
4058
4259
4309
3902
3031
2039
1270
724
85
-875
-2038
-3074
-3816
-4365
-4912
-5493
-5999
-6293
-6300
-6011
-5494
-4874
-4252
-3595
-2738
-1587
-266
942
1872
2612
3366
4205
5009
5639
6073
6388
6590
6627
6445
6091
5620
5077
4520
4029
3561
2877
1737
234
-1133
-1887
-2075
-2308
-3111
-4365
-5384
-5684
-5440
-5225
-5327
-5523
-5414
-4862
-4047
-3230
-2541
-1919
-1244
-388
677
1835
2795
3319
3453
3537
3806
4117
4093
3564
2760
2044
1529
1026
290
-701
-1744
-2625
-3294
-3846
-4381
-4925
-5408
-5699
-5663
-5314
-4819
-4366
-3933
-3312
-2325
-1036
273
1351
2178
2938
3788
4706
5521
6093
6425
6615
6722
6713
6512
6130
5684
5325
5064
4756
4180
3245
2033
769
-283
-974
-1397
-1872
-2667
-3714
-4598
-4943
-4773
-4517
-4568
-4886
-4995
-4509
-3534
-2534
-1821
-1287
-626
298
1359
2334
3059
3480
3638
3721
3927
4250
4349
3882
2911
1920
1296
899
262
-834
-2135
-3220
-3926
-4397
-4824
-5269
-5680
-5994
-6110
-5904
-5345
-4611
-3937
-3364
-2680
-1680
-432
764
1698
2434
3148
3893
4572
5121
5555
5862
5922
5673
5244
4887
4718
4560
4167
3479
2672
1842
908
-196
-1225
-1869
-2132
-2452
-3163
-4133
-4894
-5144
-4974
-4710
-4585
-4584
-4527
-4229
-3637
-2813
-1929
-1112
-374
429
1378
2381
3197
3677
3882
4002
4140
4203
4015
3505
2791
2035
1322
612
-154
-1009
-1925
-2827
-3574
-4090
-4429
-4739
-5052
-5217
-5074
-4648
-4120
-3600
-3015
-2222
-1217
-160
788
1620
2408
3161
3832
4400
4889
5292
5595
5808
5925
5858
5525
5025
4585
4347
4161
3770
3045
2083
1032
5
-883
-1503
-1873
-2244
-2905
-3832
-4640
-4928
-4666
-4242
-4073
-4219
-4345
-4100
-3435
-2584
-1792
-1153
-640
-148
456
1235
2061
2664
2858
2755
2678
2795
2926
2758
2221
1539
927
352
-349
-1201
-2036
-2688
-3182
-3662
-4181
-4600
-4758
-4656
-4449
-4260
-4055
-3713
-3154
-2398
-1525
-643
143
803
1430
2167
3052
3924
4548
4849
4963
5087
5258
5347
5207
4839
4396
4021
3723
3391
2966
2464
1886
1173
340
-447
-992
-1295
-1553
-1948
-2466
-2937
-3237
-3360
-3371
-3256
-2970
-2550
-2131
-1839
-1615
-1288
-731
-4
732
1347
1833
2236
2589
2862
3013
3002
2846
2591
2283
1939
1546
1069
464
-269
-1049
-1734
-2257
-2657
-3040
-3474
-3940
-4327
-4512
-4453
-4226
-3930
-3572
-3084
-2437
-1694
-955
-298
256
741
1240
1802
2389
2870
3142
3239
3313
3463
3631
3673
3499
3159
2788
2511
2346
2174
1838
1281
617
49
-333
-588
-865
-1249
-1694
-2110
-2408
-2558
-2564
-2464
-2347
-2302
-2334
-2342
-2204
-1877
-1466
-1116
-873
-609
-197
346
891
1348
1698
1939
2034
1975
1826
1668
1529
1309
901
304
-326
-820
-1144
-1418
-1773
-2218
-2672
-3073
-3414
-3649
-3700
-3559
-3329
-3111
-2861
-2451
-1825
-1138
-592
-236
104
610
1284
1959
2455
2712
2808
2915
3180
3616
4052
4207
3922
3316
2725
2410
2366
2362
2171
1735
1170
660
345
258
315
346
208
-121
-490
-713
-682
-456
-210
-82
-90
-135
-138
-89
-3
148
394
701
942
1015
911
742
642
660
747
805
757
542
142
-390
-859
-1055
-971
-874
-1085
-1637
-2265
-2683
-2842
-2891
-2951
-3012
-3026
-3007
-3001
-3011
-2968
-2828
-2571
-2248
-1894
-1563
-1269
-991
-667
-271
163
586
958
1303
1603
1833
1967
2127
2438
2891
3263
3334
3101
2798
2679
2796
2932
2780
2241
1524
964
744
748
743
548
188
-197
-474
-579
-538
-428
-340
-313
-255
-75
209
439
505
476
516
710
964
1081
955
630
217
-213
-629
-964
-1191
-1353
-1577
-1940
-2395
-2813
-3109
-3313
-3443
-3447
-3311
-3189
-3263
-3502
-3630
-3422
-2921
-2373
-2012
-1872
-1835
-1722
-1404
-896
-310
126
309
287
313
607
1168
1762
2138
2265
2275
2332
2442
2585
2683
2759
2814
2876
2926
2866
2634
2253
1939
1880
2078
2272
2202
1823
1368
1079
1095
1332
1602
1654
1406
1015
776
875
1206
1559
1693
1562
1163
696
334
253
356
460
357
-17
-533
-1003
-1207
-1225
-1267
-1595
-2168
-2740
-3024
-3047
-2941
-2909
-2957
-3102
-3277
-3423
-3458
-3407
-3298
-3139
-2844
-2451
-2060
-1851
-1757
-1601
-1193
-564
44
463
579
572
570
797
1235
1804
2205
2304
2152
1980
1988
2121
2365
2524
2568
2358
2049
1752
1597
1543
1509
1474
1337
1155
893
722
637
673
778
913
1065
1155
1221
1277
1406
1546
1614
1493
1180
802
471
322
162
3
-305
-597
-914
-1230
-1583
-1947
-2235
-2492
-2740
-3039
-3251
-3336
-3290
-3270
-3334
-3439
-3490
-3431
-3336
-3224
-3109
-2898
-2588
-2230
-1867
-1527
-1107
-608
-37
467
842
1159
1508
1921
2249
2446
2533
2631
2775
2928
2971
2889
2726
2602
2463
2264
2024
1842
1695
1466
1052
594
304
231
286
262
198
146
98
73
51
186
491
882
1168
1248
1106
986
917
941
952
913
851
618
207
-309
-689
-779
-761
-922
-1397
-1978
-2334
-2435
-2487
-2692
-2994
-3176
-3211
-3153
-3198
-3281
-3357
-3275
-3050
-2730
-2334
-1912
-1538
-1287
-1079
-722
-120
533
1119
1493
1826
2165
2545
2886
3091
3199
3277
3345
3377
3283
3137
2971
2854
2724
2578
2343
1987
1467
887
499
387
556
697
724
447
98
-144
17
466
906
1110
1011
874
800
924
1088
1209
1161
973
715
446
239
54
-109
-360
-642
-1011
-1429
-1929
-2354
-2595
-2671
-2772
-3045
-3415
-3738
-3846
-3777
-3649
-3645
-3753
-3891
-3895
-3824
-3609
-3272
-2739
-2203
-1775
-1485
-1135
-639
-30
589
1135
1609
1904
2086
2181
2424
2747
3038
3060
2901
2728
2705
2641
2405
1991
1603
1381
1162
926
572
309
118
108
174
288
326
377
434
541
618
677
865
1162
1527
1718
1668
1487
1303
1292
1306
1302
1146
915
651
371
107
-162
-422
-763
-1169
-1597
-1905
-2141
-2356
-2664
-2983
-3185
-3236
-3197
-3232
-3281
-3261
-3050
-2742
-2429
-2219
-2041
-1832
-1533
-1100
-564
101
721
1220
1480
1631
1732
1903
2057
2221
2302
2290
2104
1826
1619
1613
1754
1821
1725
1464
1215
995
822
674
592
564
595
559
545
540
690
911
1112
1197
1198
1242
1390
1569
1670
1661
1580
1460
1288
1092
884
687
476
228
-47
-326
-554
-727
-950
-1199
-1504
-1707
-1832
-1857
-1869
-1971
-2210
-2560
-2834
-2913
-2815
-2692
-2658
-2644
-2588
-2431
-2285
-2061
-1760
-1288
-828
-510
-317
-150
199
574
921
1079
1137
1114
1114
1169
1278
1361
1328
1259
1139
1017
858
777
791
774
657
471
429
495
609
591
492
393
441
673
938
1097
1016
843
705
782
1050
1351
1468
1291
1014
785
750
750
833
834
751
413
-5
-387
-639
-827
-1000
-1114
-1191
-1291
-1518
-1833
-2156
-2324
-2290
-2056
-1799
-1667
-1704
-1783
-1763
-1572
-1269
-943
-711
-547
-417
-305
-163
45
404
756
945
897
814
797
873
884
852
799
723
639
488
403
350
409
468
490
440
332
248
204
251
364
528
688
789
810
759
698
656
681
713
753
738
680
585
484
425
361
306
241
159
53
-146
-322
-470
-453
-421
-456
-678
-953
-1138
-1159
-1073
-1010
-1007
-1123
-1250
-1362
-1376
-1321
-1220
-1135
-1053
-964
-778
-532
-231
23
263
417
606
755
917
924
794
647
616
746
839
842
720
646
562
565
551
676
754
785
670
545
482
484
548
630
709
730
708
664
658
627
572
470
393
391
479
551
511
312
127
64
125
159
77
-55
-209
-346
-504
-641
-681
-628
-557
-602
-829
-1068
-1247
-1266
-1262
-1222
-1169
-1092
-1089
-1195
-1369
-1453
-1420
-1308
-1216
-1162
-1056
-949
-778
-676
-575
-453
-246
18
201
234
236
313
513
694
788
851
933
1015
1000
944
870
899
892
965
975
1038
1004
998
937
896
817
767
759
715
675
612
675
669
636
497
421
313
176
40
-17
-63
-191
-376
-468
-466
-443
-531
-695
-855
-896
-773
-591
-498
-618
-799
-898
-763
-592
-477
-569
-689
-819
-887
-981
-1013
-947
-809
-722
-763
-791
-758
-654
-590
-531
-405
-180
56
242
261
244
218
378
569
777
875
947
991
969
959
917
970
974
1021
1004
1067
1102
1213
1251
1251
1207
1083
988
837
738
605
476
315
171
57
-3
-79
-195
-298
-354
-395
-451
-508
-515
-476
-393
-273
-168
-138
-148
-162
-123
-94
-122
-147
-192
-250
-373
-553
-620
-581
-451
-431
-591
-887
-1194
-1391
-1390
-1231
-1030
-851
-729
-562
-428
-305
-237
-103
69
301
440
470
469
522
696
827
954
1068
1260
1386
1442
1352
1261
1162
1138
1169
1155
1084
824
518
221
92
106
108
-2
-218
-449
-572
-619
-614
-604
-634
-657
-692
-706
-665
-665
-643
-645
-557
-455
-386
-381
-419
-483
-532
-557
-521
-512
-550
-696
-867
-1026
-1126
-1176
-1235
-1323
-1447
-1554
-1539
-1407
-1216
-1057
-983
-887
-811
-634
-480
-218
42
337
533
637
697
810
961
1144
1282
1443
1545
1582
1539
1479
1482
1554
1641
1625
1430
1147
938
879
921
885
749
534
405
326
243
81
-118
-280
-396
-408
-318
-177
-65
-144
-284
-504
-560
-530
-363
-170
4
82
42
-66
-127
-33
145
363
348
173
-188
-507
-663
-687
-568
-530
-580
-726
-859
-951
-1026
-1105
-1089
-971
-764
-518
-385
-257
-137
117
423
716
995
1218
1376
1484
1509
1528
1504
1490
1499
1525
1573
1587
1523
1389
1192
978
843
779
833
834
735
510
224
18
-89
-93
-109
-153
-249
-315
-439
-545
-607
-552
-403
-308
-254
-347
-475
-700
-818
-857
-733
-661
-732
-955
-1279
-1547
-1706
-1682
-1578
-1491
-1478
-1456
-1476
-1517
-1605
-1674
-1687
-1738
-1781
-1846
-1828
-1742
-1651
-1599
-1536
-1364
-1045
-754
-543
-364
-85
255
486
571
636
781
1036
1232
1359
1391
1414
1422
1365
1271
1176
1151
1179
1188
1118
957
787
688
605
563
547
624
725
761
742
688
720
815
896
894
808
714
657
642
641
669
641
601
496
376
278
124
10
-107
-128
-118
-107
-168
-295
-482
-636
-684
-670
-619
-694
-835
-981
-1068
-985
-871
-684
-576
-503
-441
-362
-224
-37
180
410
582
685
745
735
739
741
872
1082
1278
1316
1228
1056
893
772
763
800
818
733
682
617
629
612
568
479
391
384
394
340
198
91
54
114
184
265
331
288
160
-38
-214
-324
-384
-377
-386
-431
-569
-744
-996
-1197
-1334
-1341
-1296
-1288
-1379
-1522
-1687
-1776
-1780
-1727
-1679
-1731
-1866
-1985
-2023
-1882
-1625
-1324
-1098
-983
-912
-772
-609
-421
-334
-321
-305
-313
-287
-336
-373
-278
-141
42
92
112
132
182
268
416
523
634
753
909
1080
1091
1128
1202
1294
1206
1004
926
1038
1209
1287
1313
1274
1250
1160
1191
1218
1311
1303
1254
1186
1076
1022
921
842
652
472
333
281
196
24
-183
-413
-618
-764
-750
-657
-598
-635
-724
-806
-844
-779
-687
-621
-584
-518
-464
-485
-523
-506
-409
-308
-206
-32
102
249
282
314
322
292
305
318
344
325
280
232
202
171
202
288
365
416
394
381
328
350
431
581
624
561
471
423
428
414
484
609
723
689
531
401
397
423
444
376
239
38
-193
-374
-491
-586
-620
-643
-688
-772
-866
-930
-930
-930
-909
-915
-948
-1009
-1099
-1211
-1243
-1171
-1010
-879
-890
-954
-991
-955
-892
-808
-700
-559
-461
-389
-331
-301
-303
-327
-289
-201
-127
-85
-91
-83
-99
-99
-7
165
384
494
566
611
702
787
818
767
734
844
971
1058
1050
1109
1145
1105
1074
1140
1292
1338
1238
1012
751
480
321
300
346
285
88
-100
-181
-125
-59
-48
-135
-260
-358
-409
-426
-394
-368
-408
-526
-640
-657
-631
-622
-652
-671
-723
-798
-845
-787
-709
-753
-911
-1007
-939
-762
-606
-474
-379
-328
-316
-249
-111
17
96
161
270
351
374
358
322
278
299
441
583
600
524
470
441
421
509
705
822
763
681
754
863
855
806
847
951
903
755
667
732
737
546
255
88
72
75
25
-56
-100
-119
-141
-225
-339
-384
-323
-252
-279
-367
-490
-636
-799
-840
-725
-566
-487
-487
-480
-503
-614
-773
-826
-710
-552
-510
-582
-665
-687
-686
-664
-599
-449
-279
-169
-96
-5
127
233
304
383
498
568
585
497
397
323
357
486
578
620
592
564
508
474
545
702
850
804
588
298
140
128
170
209
231
271
258
233
162
59
-74
-127
-50
21
-4
-147
-260
-295
-254
-227
-239
-273
-279
-274
-325
-419
-523
-562
-580
-605
-627
-616
-520
-428
-389
-458
-559
-634
-687
-694
-661
-517
-345
-208
-181
-219
-263
-254
-170
-56
9
-26
-68
-41
60
157
245
338
386
327
195
66
34
101
281
470
590
638
660
669
639
619
649
709
706
683
685
725
720
622
495
370
304
280
278
244
115
-15
-99
-95
-118
-189
-287
-370
-424
-452
-440
-422
-438
-516
-568
-573
-517
-431
-317
-198
-146
-178
-244
-289
-269
-186
-59
8
-2
-23
7
43
43
35
85
172
231
244
224
216
188
137
33
-71
-121
-103
-52
-41
-44
-14
70
161
189
179
163
190
244
282
277
226
241
340
502
582
550
470
418
406
364
311
251
209
127
26
-84
-148
-210
-292
-393
-496
-554
-595
-630
-706
-798
-850
-829
-764
-675
-567
-431
-328
-298
-318
-326
-292
-222
-131
-15
93
165
142
65
-18
-24
25
120
211
283
326
357
401
426
407
312
181
35
-60
-84
-53
-50
-100
-171
-178
-113
1
112
225
349
458
523
509
469
425
403
369
333
314
314
316
284
210
129
94
110
112
36
-98
-227
-295
-306
-306
-352
-452
-567
-654
-685
-648
-527
-379
-297
-343
-465
-532
-477
-338
-230
-188
-160
-98
-10
59
122
196
288
380
453
498
487
438
363
295
232
190
177
189
213
211
170
70
-25
-79
-60
0
74
138
169
170
162
161
157
145
157
201
253
253
234
221
244
262
249
210
171
169
189
170
66
-114
-309
-454
-548
-584
-590
-582
-606
-705
-857
-1001
-1071
-1046
-953
-855
-791
-749
-682
-558
-403
-241
-93
38
131
165
173
166
181
215
280
375
490
644
778
854
842
812
820
842
838
829
856
902
877
765
617
515
476
456
429
376
329
311
330
366
392
401
404
375
323
277
290
339
346
288
223
228
294
322
258
94
-85
-234
-329
-426
-561
-728
-867
-950
-1022
-1107
-1186
-1194
-1130
-1038
-963
-902
-851
-798
-761
-722
-706
-697
-682
-642
-581
-543
-539
-563
-561
-511
-418
-291
-149
-42
-7
-22
-5
56
131
184
251
345
422
449
436
442
466
502
507
469
388
314
282
280
292
310
342
367
371
375
392
428
456
461
450
437
415
387
371
371
346
252
151
92
71
45
6
-1
-7
-34
-104
-185
-248
-277
-266
-254
-261
-297
-346
-407
-462
-476
-447
-397
-386
-412
-466
-479
-421
-294
-161
-72
-53
-93
-149
-182
-176
-142
-103
-49
31
123
199
235
250
255
226
184
147
137
134
128
156
234
333
375
328
256
234
283
360
421
462
493
535
589
622
616
606
612
626
589
519
458
451
480
474
407
287
188
146
144
153
146
147
139
148
173
200
171
76
-29
-120
-199
-271
-294
-286
-321
-425
-547
-631
-666
-673
-641
-603
-587
-642
-731
-800
-825
-820
-825
-822
-803
-758
-697
-616
-523
-451
-414
-432
-502
-618
-690
-670
-596
-539
-517
-494
-473
-454
-423
-367
-288
-188
-65
76
228
404
606
773
894
989
1143
1329
1468
1491
1416
1334
1276
1256
1233
1205
1172
1140
1111
1068
1043
1051
1077
1062
993
895
797
693
565
404
221
45
-121
-261
-399
-559
-760
-984
-1188
-1372
-1552
-1739
-1918
-2066
-2157
-2162
-2081
-1957
-1848
-1790
-1781
-1780
-1729
-1603
-1453
-1363
-1335
-1304
-1229
-1145
-1086
-1036
-971
-881
-762
-633
-524
-415
-221
76
388
608
762
921
1114
1268
1346
1396
1504
1698
1903
2066
2196
2335
2492
2638
2747
2813
2832
2825
2801
2763
2685
2549
2368
2178
1995
1797
1546
1250
959
692
444
180
-69
-281
-469
-657
-862
-1065
-1265
-1462
-1640
-1790
-1888
-1929
-1941
-1956
-2008
-2063
-2089
-2050
-1938
-1792
-1668
-1648
-1697
-1745
-1711
-1619
-1508
-1393
-1300
-1215
-1157
-1077
-991
-913
-851
-777
-651
-476
-270
-41
206
454
682
890
1080
1263
1437
1614
1768
1894
2014
2166
2347
2507
2602
2640
2644
2622
2584
2520
2429
2294
2144
2023
1919
1784
1576
1291
949
565
183
-171
-510
-858
-1218
-1561
-1861
-2107
-2312
-2479
-2623
-2725
-2813
-2904
-2992
-3046
-3021
-2951
-2864
-2798
-2730
-2653
-2551
-2433
-2322
-2227
-2135
-2008
-1846
-1688
-1585
-1514
-1432
-1316
-1200
-1098
-940
-711
-436
-212
-51
89
257
464
682
891
1103
1350
1638
1924
2159
2338
2498
2638
2739
2811
2913
3068
3217
3340
3440
3552
3658
3728
3749
3698
3574
3384
3157
2880
2550
2198
1880
1582
1239
829
391
-34
-452
-847
-1169
-1383
-1513
-1616
-1720
-1812
-1871
-1880
-1857
-1822
-1803
-1812
-1862
-1926
-1973
-1980
-1950
-1900
-1867
-1873
-1909
-1914
-1871
-1786
-1693
-1609
-1535
-1459
-1343
-1188
-1011
-831
-660
-493
-351
-238
-134
-36
74
204
396
648
917
1161
1363
1557
1755
1947
2112
2271
2442
2637
2825
2972
3052
3071
3047
2971
2823
2616
2394
2153
1860
1506
1140
789
428
49
-338
-688
-1003
-1280
-1523
-1731
-1929
-2131
-2312
-2435
-2482
-2494
-2511
-2568
-2663
-2791
-2919
-3004
-3027
-2990
-2913
-2804
-2683
-2579
-2473
-2368
-2272
-2214
-2172
-2097
-2001
-1912
-1843
-1763
-1633
-1432
-1153
-826
-509
-227
47
351
674
957
1171
1339
1507
1694
1883
2098
2368
2687
2999
3253
3456
3624
3776
3878
3915
3892
3840
3776
3656
3432
3108
2739
2371
2006
1640
1286
954
640
328
32
-251
-524
-797
-1045
-1241
-1371
-1463
-1555
-1672
-1786
-1847
-1845
-1783
-1700
-1630
-1628
-1695
-1800
-1871
-1896
-1902
-1895
-1863
-1791
-1707
-1628
-1549
-1464
-1391
-1328
-1243
-1115
-967
-844
-744
-620
-433
-184
79
330
561
788
1015
1238
1441
1661
1908
2167
2379
2518
2628
2754
2894
3002
3056
3077
3097
3113
3097
3014
2861
2651
2400
2125
1805
1427
1011
617
264
-57
-352
-615
-867
-1148
-1448
-1714
-1898
-1995
-2036
-2090
-2214
-2410
-2585
-2670
-2655
-2609
-2594
-2607
-2620
-2609
-2597
-2591
-2549
-2444
-2306
-2196
-2120
-2036
-1913
-1750
-1574
-1416
-1311
-1260
-1217
-1134
-1019
-902
-772
-577
-320
-50
195
429
679
927
1162
1390
1650
1951
2255
2511
2689
2812
2924
3054
3178
3232
3187
3059
2892
2718
2549
2367
2142
1865
1563
1269
998
747
485
204
-97
-383
-622
-822
-997
-1148
-1251
-1325
-1431
-1595
-1753
-1824
-1790
-1730
-1687
-1647
-1587
-1522
-1486
-1487
-1503
-1520
-1526
-1519
-1478
-1400
-1286
-1163
-1044
-935
-836
-720
-585
-425
-282
-178
-86
40
205
348
438
511
621
806
1057
1324
1555
1724
1867
2005
2146
2302
2479
2655
2763
2767
2705
2619
2529
2424
2297
2149
1986
1824
1644
1410
1114
793
475
150
-175
-470
-730
-990
-1284
-1573
-1809
-1942
-1999
-2031
-2073
-2120
-2136
-2123
-2087
-2057
-2033
-2017
-2014
-2032
-2053
-2048
-2017
-1988
-1957
-1892
-1772
-1631
-1501
-1391
-1278
-1153
-1020
-881
-731
-555
-377
-221
-94
20
127
217
309
440
623
848
1099
1371
1645
1883
2061
2173
2256
2356
2490
2601
2626
2583
2537
2525
2504
2437
2306
2105
1856
1591
1357
1167
1016
857
647
388
125
-101
-310
-523
-746
-955
-1140
-1272
-1332
-1324
-1297
-1273
-1248
-1233
-1260
-1363
-1501
-1626
-1703
-1736
-1730
-1683
-1599
-1500
-1421
-1370
-1311
-1217
-1069
-895
-728
-595
-505
-440
-389
-323
-218
-90
30
126
235
360
481
595
731
905
1087
1243
1359
1464
1579
1710
1833
1942
2054
2159
2234
2244
2197
2084
1898
1635
1320
1006
729
512
327
126
-133
-443
-762
-1053
-1296
-1481
-1618
-1716
-1765
-1752
-1689
-1621
-1577
-1555
-1544
-1535
-1539
-1559
-1601
-1659
-1704
-1717
-1699
-1681
-1699
-1748
-1778
-1755
-1684
-1604
-1526
-1440
-1330
-1177
-984
-769
-568
-388
-219
-34
176
402
631
857
1092
1344
1593
1816
2012
2209
2398
2557
2679
2796
2917
3017
3082
3104
3088
3018
2904
2763
2614
2470
2300
2057
1722
1341
975
644
330
51
-169
-345
-511
-676
-802
-890
-975
-1073
-1158
-1195
-1198
-1207
-1243
-1281
-1306
-1330
-1398
-1501
-1605
-1665
-1672
-1657
-1654
-1687
-1709
-1677
-1592
-1491
-1408
-1335
-1279
-1215
-1118
-979
-846
-747
-664
-560
-405
-200
51
301
536
742
935
1106
1254
1389
1529
1673
1808
1901
1935
1917
1879
1823
1735
1619
1496
1394
1307
1216
1085
905
693
485
298
128
-52
-258
-485
-730
-984
-1236
-1437
-1564
-1631
-1656
-1634
-1546
-1426
-1320
-1279
-1305
-1369
-1437
-1490
-1548
-1597
-1607
-1543
-1443
-1384
-1407
-1469
-1469
-1366
-1175
-974
-800
-660
-508
-330
-152
-13
70
139
251
445
666
838
957
1104
1343
1615
1826
1952
2067
2248
2470
2661
2747
2747
2702
2654
2595
2506
2385
2235
2057
1851
1622
1385
1145
912
692
492
295
81
-178
-473
-784
-1098
-1382
-1598
-1726
-1810
-1895
-1986
-2031
-2009
-1932
-1834
-1723
-1594
-1459
-1344
-1262
-1185
-1094
-1009
-957
-939
-929
-905
-856
-782
-690
-602
-532
-483
-433
-374
-298
-207
-87
52
216
396
582
756
906
1056
1227
1429
1624
1795
1929
2028
2109
2203
2322
2432
2472
2410
2261
2046
1753
1400
1046
738
453
133
-215
-543
-816
-1045
-1242
-1411
-1564
-1732
-1929
-2132
-2308
-2428
-2477
-2445
-2340
-2186
-2001
-1803
-1640
-1559
-1531
-1467
-1319
-1116
-912
-735
-609
-548
-524
-473
-376
-288
-246
-217
-128
25
192
315
385
428
499
636
843
1073
1224
1196
931
548
302
405
855
1496
2189
2879
3492
3915
4096
4100
4002
3788
3401
2873
2305
1763
1244
730
256
-169
-576
-1083
-1785
-2704
-3713
-4646
-5347
-5763
-5886
-5743
-5368
-4805
-4128
-3385
-2585
-1703
-765
142
928
1566
2058
2396
2544
2493
2281
1970
1620
1256
895
559
243
-62
-359
-607
-777
-859
-856
-764
-570
-266
174
769
1534
2410
3276
4017
4668
5324
5971
6426
6511
6197
5589
4780
3797
2653
1450
322
-675
-1604
-2518
-3381
-4093
-4579
-4828
-4912
-4942
-4976
-4991
-4895
-4645
-4225
-3645
-2895
-2062
-1286
-670
-190
228
588
828
881
754
515
184
-280
-896
-1573
-2153
-2582
-2933
-3296
-3649
-3865
-3822
-3534
-3109
-2621
-2013
-1214
-255
761
1765
2771
3809
4893
5997
7038
7880
8440
8727
8786
8578
7995
7011
5675
4091
2296
338
-1681
-3577
-5196
-6494
-7482
-8145
-8440
-8381
-8046
-7505
-6764
-5829
-4719
-3495
-2207
-882
471
1807
3059
4155
5034
5635
5911
5837
5432
4731
3787
2636
1319
-132
-1634
-3073
-4323
-5324
-6083
-6598
-6845
-6768
-6368
-5664
-4687
-3446
-1980
-372
1271
2883
4449
5962
7342
8473
9314
9891
10191
10084
9478
8407
6988
5272
3275
1071
-1184
-3325
-5251
-6893
-8173
-9004
-9345
-9230
-8740
-7979
-6993
-5798
-4407
-2898
-1352
172
1646
3013
4187
5103
5736
6096
6160
5872
5208
4232
3047
1729
330
-1092
-2482
-3796
-4987
-6005
-6835
-7450
-7773
-7694
-7174
-6277
-5083
-3635
-1944
-63
1929
3926
5852
7624
9115
10200
10805
10928
10572
9733
8444
6777
4812
2612
274
-2073
-4269
-6215
-7870
-9176
-10053
-10418
-10282
-9695
-8744
-7492
-5996
-4312
-2507
-664
1164
2945
4620
6072
7199
7968
8396
8487
8204
7536
6532
5275
3832
2230
516
-1234
-2908
-4408
-5688
-6725
-7467
-7832
-7787
-7379
-6658
-5622
-4252
-2584
-728
1226
3238
5273
7213
8874
10136
10967
11341
11156
10338
8930
7077
4889
2437
-176
-2779
-5203
-7337
-9109
-10456
-11304
-11634
-11503
-11010
-10226
-9141
-7732
-6049
-4192
-2261
-313
1608
3442
5086
6418
7386
8013
8286
8134
7540
6586
5359
3880
2198
435
-1270
-2846
-4276
-5528
-6550
-7259
-7587
-7486
-6967
-6057
-4793
-3221
-1426
486
2432
4369
6255
8002
9516
10706
11493
11762
11429
10479
8996
7081
4809
2255
-443
-3096
-5573
-7779
-9586
-10851
-11533
-11681
-11364
-10620
-9511
-8098
-6474
-4711
-2880
-1017
831
2597
4210
5597
6715
7524
7979
8015
7625
6889
5906
4700
3266
1643
-73
-1763
-3311
-4619
-5631
-6326
-6691
-6701
-6349
-5641
-4593
-3238
-1631
168
2108
4143
6169
8031
9574
10759
11559
11920
11724
10946
9660
7963
5900
3498
871
-1804
-4330
-6609
-8574
-10165
-11290
-11882
-11929
-11479
-10618
-9414
-7910
-6181
-4342
-2487
-667
1066
2643
4005
5092
5878
6349
6490
6268
5679
4747
3519
2049
434
-1208
-2763
-4142
-5290
-6185
-6812
-7149
-7171
-6859
-6217
-5285
-4138
-2812
-1313
369
2203
4106
5952
7640
9132
10383
11267
11630
11412
10636
9335
7547
5335
2813
144
-2456
-4821
-6855
-8496
-9668
-10331
-10496
-10208
-9541
-8536
-7228
-5658
-3921
-2097
-240
1564
3202
4599
5730
6560
7065
7233
7073
6585
5769
4658
3301
1792
230
-1300
-2714
-3959
-4993
-5782
-6270
-6430
-6249
-5734
-4908
-3826
-2532
-1046
582
2272
3940
5548
7030
8341
9426
10198
10540
10381
9745
8655
7131
5179
2886
398
-2086
-4436
-6583
-8451
-9910
-10856
-11267
-11160
-10574
-9569
-8223
-6629
-4931
-3211
-1508
143
1636
2893
3900
4655
5137
5304
5142
4672
3936
2978
1848
633
-574
-1713
-2740
-3623
-4333
-4856
-5155
-5216
-5066
-4695
-4052
-3119
-1963
-680
694
2164
3727
5329
6867
8232
9342
10153
10603
10643
10248
9417
8153
6481
4474
2244
-60
-2309
-4425
-6335
-7930
-9072
-9690
-9801
-9483
-8812
-7797
-6462
-4916
-3329
-1798
-338
1007
2162
3061
3679
4013
4084
3904
3483
2845
2030
1080
43
-1015
-2051
-3007
-3822
-4450
-4900
-5168
-5212
-5004
-4555
-3890
-3050
-2101
-1078
9
1172
2403
3706
5054
6384
7605
8624
9374
9803
9868
9529
8779
7655
6194
4417
2380
189
-2002
-4050
-5812
-7201
-8166
-8683
-8725
-8302
-7448
-6220
-4708
-3072
-1488
-46
1229
2323
3178
3731
3962
3922
3658
3186
2508
1671
740
-214
-1131
-1992
-2801
-3534
-4140
-4596
-4927
-5124
-5157
-5015
-4710
-4254
-3646
-2925
-2115
-1225
-247
831
1988
3190
4384
5526
6561
7408
8008
8287
8185
7672
6789
5600
4141
2437
556
-1353
-3090
-4497
-5531
-6210
-6506
-6385
-5857
-5006
-3943
-2772
-1570
-421
562
1326
1890
2280
2459
2404
2126
1659
1050
366
-315
-951
-1531
-2062
-2524
-2856
-3004
-2999
-2919
-2830
-2726
-2567
-2325
-2019
-1705
-1408
-1109
-755
-333
149
683
1279
1933
2610
3276
3895
4429
4826
5037
5013
4702
4095
3230
2176
1028
-119
-1174
-2065
-2716
-3053
-3008
-2563
-1776
-775
305
1358
2285
2968
3309
3285
2973
2471
1849
1124
322
-513
-1344
-2123
-2790
-3274
-3557
-3645
-3547
-3288
-2893
-2393
-1816
-1226
-680
-210
212
605
950
1191
1279
1239
1143
1038
930
810
710
685
788
1031
1368
1717
1996
2168
2212
2093
1772
1258
607
-89
-743
-1277
-1665
-1909
-1996
-1871
-1512
-955
-284
402
1034
1575
2013
2329
2503
2523
2368
2032
1512
846
85
-703
-1444
-2080
-2596
-3009
-3317
-3490
-3503
-3371
-3131
-2833
-2517
-2190
-1822
-1401
-967
-570
-238
38
278
502
693
812
821
749
659
614
618
625
575
448
279
118
-21
-187
-418
-708
-1005
-1262
-1445
-1511
-1438
-1216
-857
-373
214
859
1519
2154
2721
3141
3336
3287
3011
2552
1959
1293
605
-81
-760
-1407
-1967
-2371
-2605
-2681
-2623
-2448
-2167
-1798
-1356
-883
-413
27
432
795
1107
1361
1560
1734
1899
2044
2114
2082
1968
1811
1624
1389
1108
792
452
97
-253
-594
-920
-1196
-1374
-1441
-1419
-1304
-1086
-754
-318
188
724
1260
1787
2296
2737
3060
3243
3287
3180
2897
2437
1829
1141
438
-228
-848
-1415
-1905
-2279
-2512
-2622
-2646
-2599
-2458
-2208
-1872
-1508
-1156
-822
-523
-298
-158
-63
22
90
113
99
73
56
35
-21
-126
-265
-409
-563
-738
-934
-1147
-1358
-1531
-1631
-1652
-1620
-1527
-1347
-1049
-632
-119
444
1001
1527
2024
2475
2818
3003
3011
2848
2526
2051
1456
795
134
-476
-1017
-1473
-1825
-2034
-2085
-1986
-1778
-1504
-1194
-872
-570
-324
-138
11
163
328
460
501
460
405
361
308
231
132
21
-100
-216
-316
-401
-482
-584
-708
-833
-943
-1051
-1170
-1272
-1321
-1307
-1246
-1113
-865
-464
84
731
1397
2009
2530
2922
3149
3189
3073
2835
2486
2012
1439
845
318
-115
-471
-742
-904
-960
-943
-876
-753
-573
-355
-130
65
201
277
319
360
423
510
614
713
768
761
720
663
572
412
189
-71
-347
-646
-981
-1341
-1676
-1928
-2104
-2246
-2351
-2370
-2265
-2039
-1718
-1326
-904
-478
-61
344
729
1082
1389
1622
1754
1761
1628
1358
994
609
251
-88
-431
-745
-970
-1057
-1015
-883
-686
-443
-151
199
610
1037
1425
1727
1927
2000
1941
1797
1643
1524
1415
1265
1058
830
620
427
237
61
-74
-153
-198
-246
-325
-442
-572
-690
-781
-840
-863
-849
-809
-741
-644
-529
-434
-391
-400
-424
-433
-452
-536
-710
-949
-1225
-1545
-1908
-2277
-2594
-2824
-2965
-3009
-2929
-2692
-2304
-1808
-1266
-727
-204
291
744
1110
1347
1460
1492
1480
1442
1385
1329
1279
1227
1169
1118
1077
1035
994
982
1014
1077
1137
1169
1176
1175
1191
1240
1329
1452
1588
1704
1771
1795
1785
1753
1702
1618
1455
1196
863
506
139
-264
-695
-1120
-1521
-1898
-2248
-2555
-2804
-2976
-3018
-2899
-2651
-2341
-1997
-1616
-1204
-784
-371
9
316
530
666
741
721
575
340
106
-53
-134
-170
-171
-134
-78
-56
-97
-176
-248
-285
-278
-198
-25
232
524
817
1107
1408
1712
1994
2223
2379
2446
2432
2360
2243
2055
1760
1354
869
357
-147
-624
-1062
-1458
-1804
-2079
-2261
-2342
-2327
-2236
-2071
-1838
-1530
-1166
-769
-370
-1
325
603
827
975
1019
972
868
733
563
347
77
-235
-560
-851
-1064
-1184
-1228
-1229
-1214
-1179
-1117
-1021
-884
-687
-419
-113
184
459
718
956
1139
1261
1342
1399
1412
1351
1203
970
653
268
-153
-569
-927
-1211
-1443
-1649
-1810
-1898
-1902
-1821
-1648
-1383
-1046
-651
-197
296
778
1200
1539
1801
1989
2098
2117
2028
1830
1558
1268
1002
773
586
431
281
115
-48
-203
-350
-472
-520
-489
-423
-358
-289
-193
-64
73
198
314
441
589
736
853
918
913
819
620
327
-36
-425
-809
-1190
-1578
-1962
-2300
-2565
-2744
-2833
-2834
-2765
-2613
-2340
-1933
-1446
-929
-394
147
662
1116
1505
1832
2088
2260
2348
2350
2287
2190
2082
1945
1754
1518
1288
1097
935
774
603
435
314
258
256
281
341
461
652
885
1109
1288
1410
1482
1496
1452
1354
1197
964
659
312
-60
-461
-907
-1415
-1969
-2508
-2957
-3290
-3529
-3684
-3741
-3680
-3521
-3288
-2989
-2610
-2176
-1753
-1373
-1002
-612
-233
80
332
558
755
870
863
733
525
297
109
-1
-45
-40
-4
71
195
356
531
702
866
1031
1205
1408
1642
1873
2060
2192
2287
2367
2423
2442
2401
2285
2083
1784
1386
906
411
-38
-437
-820
-1212
-1575
-1865
-2066
-2182
-2222
-2191
-2108
-1995
-1868
-1705
-1496
-1256
-1015
-797
-603
-441
-310
-205
-124
-60
10
110
214
258
201
63
-87
-191
-235
-244
-244
-230
-201
-158
-91
41
245
494
750
1010
1277
1533
1762
1971
2170
2331
2419
2428
2403
2367
2291
2124
1863
1549
1219
883
531
158
-213
-558
-845
-1073
-1216
-1259
-1198
-1077
-961
-886
-855
-836
-817
-804
-829
-903
-991
-1033
-1003
-936
-893
-893
-910
-904
-853
-784
-747
-770
-826
-872
-895
-903
-902
-871
-798
-684
-556
-425
-278
-88
136
362
549
690
805
908
990
1029
1022
989
932
844
726
586
420
240
77
-40
-126
-209
-276
-315
-326
-339
-371
-415
-432
-392
-305
-203
-125
-94
-120
-191
-282
-349
-352
-291
-206
-143
-125
-136
-160
-187
-219
-241
-235
-206
-178
-162
-153
-148
-146
-120
-59
27
117
203
296
390
490
588
674
718
730
737
757
763
706
574
420
335
343
405
453
457
417
351
276
213
172
172
213
286
359
397
395
358
295
193
52
-92
-192
-237
-250
-268
-301
-347
-394
-418
-384
-298
-186
-70
44
159
274
401
540
657
715
699
622
507
383
286
213
139
36
-68
-130
-135
-100
-43
29
101
150
149
102
35
-28
-101
-218
-393
-582
-708
-733
-672
-585
-511
-469
-451
-445
-442
-449
-486
-563
-673
-807
-974
-1172
-1363
-1498
-1568
-1590
-1562
-1473
-1336
-1181
-1022
-847
-664
-483
-295
-103
73
207
334
501
715
915
1016
980
850
709
612
565
551
557
557
530
468
389
317
268
237
207
181
174
197
246
296
325
327
319
337
400
520
660
776
832
831
786
704
578
407
215
-12
-295
-636
-974
-1240
-1404
-1471
-1442
-1323
-1136
-912
-669
-413
-156
96
344
575
767
905
995
1057
1092
1084
1013
900
807
798
881
1008
1110
1157
1151
1128
1110
1085
1027
942
864
794
720
646
600
581
579
597
647
719
788
837
862
862
833
770
671
547
397
202
-52
-347
-656
-969
-1295
-1630
-1946
-2213
-2409
-2541
-2607
-2614
-2573
-2505
-2401
-2229
-1986
-1731
-1541
-1415
-1297
-1155
-1007
-882
-768
-663
-590
-556
-514
-404
-229
-52
64
118
143
165
180
190
209
260
335
411
482
568
689
829
966
1085
1218
1388
1582
1759
1887
1960
1978
1944
1855
1702
1469
1164
819
456
90
-272
-597
-859
-1054
-1214
-1365
-1491
-1548
-1518
-1427
-1316
-1221
-1165
-1146
-1126
-1069
-987
-911
-848
-759
-616
-436
-260
-141
-103
-126
-150
-137
-100
-50
18
109
207
302
400
509
635
782
955
1133
1283
1394
1485
1585
1708
1843
1970
2087
2191
2276
2314
2279
2169
2006
1808
1557
1233
831
376
-100
-534
-897
-1201
-1460
-1651
-1737
-1721
-1635
-1522
-1411
-1321
-1246
-1177
-1117
-1065
-1015
-948
-859
-754
-674
-648
-660
-643
-567
-474
-416
-400
-408
-426
-441
-442
-423
-390
-334
-236
-72
152
402
643
853
1025
1164
1293
1426
1558
1654
1696
1696
1691
1708
1743
1763
1695
1512
1246
974
717
454
193
-37
-237
-445
-673
-902
-1120
-1318
-1476
-1581
-1655
-1712
-1745
-1747
-1749
-1765
-1774
-1746
-1688
-1628
-1576
-1519
-1447
-1377
-1320
-1274
-1232
-1193
-1164
-1130
-1076
-988
-883
-776
-671
-548
-377
-142
154
488
823
1119
1366
1566
1718
1832
1932
2047
2162
2246
2276
2262
2219
2133
1974
1736
1447
1143
835
534
239
-41
-294
-495
-632
-728
-803
-860
-886
-888
-875
-865
-860
-853
-833
-800
-763
-726
-684
-637
-587
-546
-523
-529
-562
-602
-639
-684
-751
-820
-828
-738
-573
-391
-217
-58
95
261
447
642
817
985
1151
1300
1407
1491
1597
1722
1818
1857
1859
1854
1833
1767
1668
1542
1380
1172
943
720
504
280
60
-121
-245
-330
-411
-495
-569
-622
-668
-708
-731
-734
-742
-778
-839
-885
-889
-852
-796
-754
-740
-783
-874
-995
-1130
-1264
-1366
-1394
-1340
-1242
-1155
-1100
-1056
-965
-800
-577
-345
-133
68
271
473
659
817
950
1064
1169
1259
1314
1316
1273
1228
1198
1164
1085
946
772
611
492
394
273
124
-24
-151
-262
-352
-418
-472
-537
-607
-661
-701
-721
-703
-624
-494
-356
-263
-248
-291
-355
-405
-432
-457
-509
-603
-727
-847
-922
-930
-888
-842
-803
-758
-691
-624
-567
-512
-436
-325
-177
-1
179
347
502
637
727
750
722
700
708
720
693
618
535
477
454
455
478
521
566
579
495
288
6
-260
-440
-535
-584
-603
-580
-512
-426
-330
-201
-38
121
223
261
244
186
82
-48
-173
-259
-281
-239
-147
-64
-31
-56
-112
-168
-200
-182
-99
36
198
362
509
616
674
705
747
836
977
1140
1266
1309
1270
1183
1100
1063
1076
1100
1087
1029
942
836
714
576
434
294
157
29
-74
-147
-214
-291
-354
-362
-309
-223
-133
-48
41
133
211
259
271
254
206
96
-85
-298
-479
-602
-706
-821
-947
-1061
-1158
-1238
-1278
-1261
-1200
-1134
-1089
-1062
-1043
-1025
-1000
-952
-878
-800
-746
-747
-799
-865
-886
-838
-755
-699
-676
-664
-639
-609
-578
-542
-521
-533
-572
-602
-622
-646
-653
-598
-478
-351
-276
-226
-134
42
259
450
578
668
751
846
940
1014
1060
1059
986
826
619
449
375
396
458
508
526
525
530
558
619
698
779
868
980
1097
1165
1149
1076
1011
998
1025
1038
998
919
848
791
709
587
486
476
534
575
526
391
227
83
-20
-107
-225
-404
-611
-765
-825
-808
-755
-683
-580
-461
-371
-330
-313
-282
-236
-195
-186
-229
-341
-498
-642
-716
-720
-696
-679
-684
-708
-739
-760
-749
-698
-629
-542
-441
-333
-238
-161
-90
-5
98
211
322
429
535
631
685
661
556
403
254
147
92
73
80
96
95
53
-21
-85
-108
-82
-19
53
114
161
196
202
170
123
117
180
260
295
264
216
168
105
-3
-130
-219
-240
-215
-203
-257
-400
-571
-660
-602
-445
-304
-252
-278
-344
-412
-439
-393
-282
-169
-106
-98
-90
-14
141
323
442
466
424
385
378
400
418
404
349
262
172
118
100
65
-54
-261
-476
-597
-567
-426
-272
-186
-180
-207
-199
-126
-15
92
174
246
317
371
377
325
231
130
54
2
-50
-124
-207
-281
-331
-353
-342
-291
-216
-125
-10
133
290
428
543
637
704
739
762
796
841
864
828
714
580
499
494
510
473
379
258
138
8
-149
-338
-541
-720
-837
-888
-890
-868
-835
-807
-812
-838
-846
-793
-694
-605
-576
-630
-745
-872
-970
-1022
-1050
-1076
-1092
-1083
-1041
-977
-897
-796
-665
-521
-388
-282
-191
-103
-26
45
141
310
550
818
1047
1218
1372
1556
1763
1940
2028
2025
1963
1893
1843
1804
1740
1642
1512
1348
1157
969
819
696
574
431
275
122
4
-54
-64
-50
-37
-29
-36
-61
-89
-98
-79
-50
-55
-144
-306
-495
-663
-796
-903
-994
-1080
-1166
-1225
-1224
-1146
-1015
-872
-760
-693
-634
-546
-426
-296
-177
-78
-15
28
94
184
247
245
209
183
169
150
145
173
216
225
182
105
14
-92
-229
-378
-486
-513
-471
-397
-324
-261
-225
-223
-242
-271
-314
-377
-431
-448
-431
-405
-382
-356
-336
-350
-399
-470
-551
-651
-764
-862
-913
-900
-835
-739
-640
-554
-477
-387
-251
-58
175
400
569
661
689
711
779
917
1101
1284
1423
1501
1532
1553
1585
1629
1644
1568
1360
1058
758
534
386
270
153
52
3
22
68
82
43
-39
-137
-238
-329
-397
-432
-439
-437
-437
-437
-423
-415
-447
-536
-654
-773
-868
-934
-999
-1090
-1203
-1289
-1332
-1337
-1300
-1216
-1135
-1121
-1164
-1175
-1095
-939
-748
-540
-305
-38
232
433
526
559
634
792
967
1078
1102
1078
1062
1063
1040
941
779
614
489
422
414
486
618
762
864
903
910
951
1072
1251
1396
1428
1364
1289
1248
1212
1135
1038
966
928
879
782
651
536
477
481
527
579
607
590
533
434
296
127
-15
-55
16
121
181
182
148
84
-31
-191
-374
-551
-703
-820
-922
-1041
-1190
-1331
-1428
-1479
-1533
-1631
-1758
-1872
-1945
-1988
-2001
-1965
-1874
-1760
-1669
-1597
-1507
-1383
-1241
-1113
-1010
-920
-827
-720
-612
-529
-507
-560
-664
-769
-833
-858
-857
-819
-739
-655
-623
-651
-688
-668
-563
-395
-227
-91
15
131
272
430
587
738
895
1043
1146
1186
1181
1178
1194
1196
1137
1004
843
698
573
439
282
135
49
55
144
284
428
530
558
534
535
631
817
1030
1207
1324
1374
1360
1323
1306
1311
1290
1215
1095
965
842
739
670
630
578
477
328
168
52
16
68
150
208
227
240
274
312
324
301
269
269
307
350
356
328
297
277
241
179
112
65
-1
-139
-368
-634
-863
-1002
-1054
-1053
-1018
-946
-841
-731
-652
-621
-621
-616
-576
-492
-386
-293
-235
-230
-282
-369
-437
-462
-472
-509
-569
-609
-608
-570
-517
-465
-422
-392
-348
-259
-111
72
256
422
561
654
696
727
801
914
1014
1056
1037
955
786
550
315
165
108
89
40
-70
-233
-418
-586
-713
-803
-886
-971
-1041
-1058
-1012
-930
-863
-853
-902
-958
-956
-867
-757
-714
-769
-867
-946
-990
-999
-978
-948
-945
-976
-1002
-973
-889
-771
-660
-570
-498
-403
-239
4
283
551
788
989
1149
1271
1392
1543
1712
1846
1904
1889
1823
1729
1595
1405
1181
991
895
891
925
950
949
919
830
660
437
226
85
24
24
55
78
68
20
-37
-78
-95
-99
-111
-152
-237
-349
-452
-527
-581
-621
-649
-682
-752
-864
-970
-1007
-965
-902
-872
-871
-853
-786
-692
-607
-545
-488
-415
-318
-210
-95
16
110
166
176
158
140
149
187
217
212
171
132
110
92
70
56
60
72
67
48
42
74
131
177
204
237
286
338
388
446
514
580
651
734
821
861
829
737
635
550
490
440
397
356
314
265
213
190
218
288
356
404
453
529
614
672
671
616
539
468
410
351
283
207
144
116
115
120
119
108
75
1
-115
-227
-300
-357
-455
-593
-723
-798
-833
-861
-900
-940
-989
-1046
-1091
-1097
-1078
-1073
-1091
-1106
-1079
-1000
-890
-815
-823
-902
-990
-1036
-1045
-1046
-1063
-1082
-1082
-1047
-985
-919
-876
-858
-852
-828
-759
-639
-489
-355
-262
-199
-129
-34
81
206
324
406
425
415
436
506
579
599
581
557
563
614
715
830
916
940
909
852
807
799
826
864
876
858
839
851
864
827
730
609
525
517
581
670
710
662
555
446
374
363
416
519
636
715
720
662
590
553
545
540
534
540
564
598
626
636
603
526
436
380
378
398
407
410
416
403
357
286
226
185
150
111
64
20
-11
-10
7
0
-52
-131
-191
-202
-166
-133
-140
-211
-337
-483
-608
-687
-735
-781
-836
-886
-932
-962
-966
-935
-901
-900
-940
-995
-1032
-1037
-1040
-1075
-1164
-1285
-1401
-1483
-1523
-1514
-1459
-1372
-1271
-1178
-1098
-1038
-981
-914
-838
-775
-735
-706
-685
-673
-659
-619
-533
-401
-237
-77
49
140
219
300
360
383
395
438
512
