249
361
393
318
203
171
265
418
542
614
658
682
670
619
560
511
471
471
563
731
851
822
689
564
497
455
423
397
358
258
139
80
77
30
-111
-244
-276
-230
-184
-130
-44
-9
-111
-296
-438
-517
-567
-568
-480
-370
-317
-291
-217
-129
-111
-171
-227
-217
-158
-120
-159
-235
-272
-251
-234
-233
-206
-121
-10
86
111
24
-106
-117
49
244
307
245
174
139
117
97
98
114
141
195
242
201
34
-179
-320
-353
-328
-325
-386
-490
-563
-569
-552
-579
-637
-671
-652
-570
-458
-389
-452
-591
-651
-552
-381
-228
-119
-55
-69
-131
-147
-78
11
31
16
14
31
40
40
16
-72
-188
-204
-50
164
308
357
369
368
363
375
394
389
346
263
106
-101
-233
-185
-20
132
246
355
427
398
302
235
245
293
326
297
193
60
-32
-60
-30
41
116
121
40
-35
-16
109
254
339
281
79
-156
-259
-173
13
181
273
261
151
24
11
144
286
316
255
210
193
99
-128
-407
-560
-474
-211
49
154
94
-38
-123
-87
48
162
165
62
-59
-105
-47
65
109
26
-101
-134
-25
127
198
162
93
84
160
268
351
402
454
513
546
503
364
134
-116
-294
-324
-221
-54
79
95
-41
-243
-368
-350
-265
-205
-164
-105
-70
-125
-239
-304
-278
-217
-199
-250
-349
-434
-433
-325
-178
-63
21
102
150
139
117
146
208
242
245
239
227
187
151
144
158
177
208
224
158
24
-88
-102
-48
5
13
-26
-69
-69
-65
-139
-267
-293
-163
-10
37
-7
-5
97
264
389
387
243
67
-21
-27
-53
-155
-238
-208
-79
8
-44
-204
-320
-274
-78
165
330
351
213
-18
-212
-268
-195
-83
-13
-25
-90
-138
-92
8
70
46
3
-24
-66
-124
-138
-97
-89
-189
-362
-518
-576
-478
-229
45
138
-5
-247
-430
-546
-635
-667
-600
-448
-271
-119
-81
-244
-556
-779
-698
-341
39
183
17
-293
-500
-488
-350
-201
-62
60
91
-15
-155
-193
-70
172
446
616
567
335
68
-71
1
303
715
1000
950
651
425
521
863
1121
1054
716
396
314
448
635
733
700
579
478
505
641
744
716
583
445
356
327
330
279
121
-81
-160
-79
52
113
90
1
-119
-216
-251
-254
-272
-276
-272
-324
-448
-498
-358
-92
125
188
100
-77
-218
-226
-108
18
74
81
78
81
139
298
490
526
351
97
-43
-22
100
211
226
148
103
155
183
32
-261
-463
-408
-148
54
-40
-425
-805
-876
-666
-502
-623
-925
-1094
-969
-707
-609
-822
-1176
-1381
-1311
-1104
-954
-958
-1047
-1109
-1092
-1015
-923
-787
-567
-315
-152
-120
-146
-140
-109
-83
-78
-59
28
218
436
536
470
353
324
398
537
726
915
1009
986
934
931
931
903
884
932
990
952
765
476
235
186
320
462
405
159
-102
-184
-54
158
305
345
337
267
79
-181
-320
-278
-182
-169
-216
-274
-347
-387
-312
-126
51
154
227
285
286
193
54
-68
-130
-85
75
241
250
81
-74
12
341
697
833
698
446
360
582
928
1022
686
154
-171
-74
286
563
501
184
-114
-200
-103
43
113
21
-195
-386
-401
-281
-178
-246
-486
-709
-693
-398
-79
36
-45
-162
-202
-136
-28
-20
-183
-361
-335
-147
-4
-32
-154
-273
-363
-374
-243
52
373
502
306
-88
-423
-488
-320
-146
-179
-413
-616
-577
-332
-97
-15
-32
-19
29
56
23
-5
15
61
49
-31
-141
-213
-227
-170
-72
2
-3
-67
-140
-223
-332
-424
-366
-182
-59
-153
-336
-379
-268
-193
-318
-594
-800
-688
-277
75
-4
-406
-692
-581
-195
204
416
362
119
-86
-71
110
303
381
340
257
242
323
385
310
136
24
74
279
536
689
611
314
-19
-177
-117
20
38
-90
-204
-138
107
364
506
495
403
292
163
-39
-278
-361
-131
248
395
139
-257
-367
-85
334
559
483
219
-9
-59
75
289
543
810
932
701
153
-315
-385
-83
289
509
447
134
-218
-336
-208
-74
-70
-144
-188
-184
-74
150
298
138
-208
-384
-214
130
406
483
286
-111
-462
-515
-256
132
446
505
256
-106
-194
134
601
735
421
-42
-289
-222
-6
213
332
323
182
14
-79
0
228
441
439
263
162
229
287
193
49
-54
-144
-279
-396
-457
-422
-251
-31
-35
-305
-544
-462
-222
-209
-517
-887
-963
-659
-212
-28
-224
-532
-602
-419
-205
-127
-177
-304
-382
-243
115
396
276
-177
-627
-781
-622
-298
-51
-26
-178
-309
-342
-342
-343
-291
-163
-42
10
2
-31
-85
-134
-145
-97
-44
-32
-126
-331
-536
-558
-369
-190
-204
-411
-666
-846
-742
-236
470
863
651
44
-498
-646
-329
294
845
1023
845
583
370
146
-148
-381
-368
11
636
1125
1078
486
-181
-361
119
948
1588
1671
1306
931
868
1042
1150
1061
894
800
810
821
732
505
218
-7
-145
-270
-416
-491
-391
-108
261
547
543
181
-332
-639
-502
25
628
917
690
111
-438
-737
-830
-817
-640
-253
185
396
222
-292
-943
-1407
-1369
-791
-29
423
374
41
-214
-220
-59
112
213
270
320
353
268
35
-225
-272
-36
311
519
469
222
-47
-112
90
390
485
282
-98
-481
-802
-1030
-1124
-1064
-890
-706
-612
-679
-927
-1277
-1482
-1285
-692
-89
132
-73
-429
-656
-603
-233
330
821
1021
929
655
288
-114
-467
-655
-567
-171
313
421
-115
-943
-1298
-768
271
1042
1087
603
145
78
328
594
711
705
588
306
-75
-306
-194
145
336
111
-394
-710
-561
-217
-223
-704
-1134
-946
-235
304
152
-489
-918
-686
-31
446
443
245
269
514
606
328
-111
-386
-418
-386
-406
-380
-132
316
682
653
244
-150
-94
459
1111
1393
1182
786
603
744
979
996
704
294
65
224
726
1256
1400
998
352
-27
70
349
352
-11
-405
-445
-109
240
230
-158
-542
-484
62
681
870
531
15
-294
-305
-219
-256
-419
-499
-305
58
279
141
-253
-653
-861
-802
-541
-242
-77
-58
-55
24
105
-25
-422
-786
-660
-20
514
314
-529
-1279
-1341
-786
-148
25
-397
-1021
-1264
-950
-549
-638
-1228
-1741
-1611
-837
73
578
491
43
-376
-469
-208
194
466
514
499
666
1036
1366
1424
1289
1272
1599
2145
2497
2303
1624
970
827
1202
1663
1815
1647
1343
997
606
239
-21
-237
-604
-1219
-1928
-2490
-2782
-2886
-2950
-3016
-2960
-2646
-2163
-1872
-2008
-2292
-2108
-1217
-116
436
234
-181
-119
608
1512
1939
1692
1193
980
1083
1113
837
436
220
277
488
678
673
414
49
-127
91
680
1451
2143
2556
2742
3001
3584
4326
4668
4077
2519
589
-874
-1463
-1535
-1828
-2757
-4040
-4945
-4949
-4247
-3638
-3674
-4059
-4095
-3595
-3025
-2806
-2769
-2374
-1233
489
2078
2828
2750
2485
2475
2541
2358
1946
1384
529
-747
-2226
-3482
-4232
-4438
-4282
-4005
-3661
-3052
-2023
-718
606
1870
3068
4069
4730
5144
5597
6316
7328
8426
9240
9419
8803
7453
5585
3617
2034
927
-168
-1802
-3965
-6051
-7428
-7879
-7668
-7291
-7033
-6724
-6023
-4947
-3917
-3174
-2414
-1188
514
2186
3285
3711
3798
3906
3986
3673
2775
1548
359
-738
-1987
-3520
-5109
-6341
-6977
-7155
-7189
-7153
-6731
-5583
-3740
-1636
276
1878
3375
4929
6344
7254
7657
8049
8880
9978
10626
10099
8167
5329
2658
1059
390
-438
-2317
-5018
-7482
-8820
-8949
-8429
-7942
-7724
-7460
-6670
-5261
-3635
-2271
-1195
41
1795
3808
5352
5964
5882
5726
5826
5866
5213
3559
1260
-982
-2675
-3852
-4888
-6097
-7449
-8583
-9109
-8871
-7997
-6727
-5196
-3365
-1166
1251
3509
5311
6698
7871
8835
9499
9989
10586
11281
11583
10827
8744
5838
3172
1489
425
-1050
-3437
-6157
-8230
-9210
-9440
-9510
-9590
-9260
-8134
-6525
-5138
-4156
-3049
-1259
1122
3429
4967
5568
5705
5963
6343
6351
5636
4328
2749
1093
-582
-2286
-4055
-5812
-7342
-8506
-9290
-9651
-9488
-8813
-7779
-6394
-4483
-2035
612
3027
5063
6884
8652
10224
11253
11604
11604
11755
12055
11781
10070
6909
3423
977
-138
-908
-2560
-5351
-8335
-10141
-10148
-9083
-8352
-8525
-8752
-7954
-6077
-3920
-2065
-484
1074
2753
4456
5855
6642
6817
6609
6207
5700
5050
3997
2223
-164
-2545
-4358
-5598
-6707
-8060
-9543
-10582
-10617
-9646
-8204
-6769
-5314
-3478
-1030
1836
4659
7047
8891
10268
11257
11852
12062
12015
11918
11720
10872
8785
5630
2417
103
-1268
-2499
-4481
-7298
-9890
-10919
-10289
-9376
-9395
-9927
-9549
-7635
-4998
-2896
-1735
-796
868
3308
5598
6865
7146
7098
7157
7220
6920
5942
4196
1885
-529
-2606
-4247
-5733
-7355
-9043
-10353
-10824
-10350
-9233
-7917
-6559
-4889
-2589
210
2951
5175
6938
8599
10327
11807
12520
12352
11878
11771
11834
10958
8383
4775
1678
-76
-1059
-2526
-5152
-8384
-10751
-11208
-10320
-9800
-10484
-11273
-10498
-7980
-5117
-3174
-2019
-588
1716
4356
6303
7198
7593
8108
8670
8737
7943
6370
4289
1947
-436
-2617
-4450
-6045
-7666
-9326
-10633
-11118
-10678
-9597
-8220
-6653
-4750
-2335
463
3204
5526
7482
9343
11141
12530
13122
12935
12466
12148
11703
10274
7455
3906
844
-1041
-2070
-3311
-5709
-8996
-11529
-11893
-10638
-9782
-10412
-11423
-10923
-8394
-5139
-2805
-1748
-892
891
3558
6092
7715
8503
8929
9167
8996
8192
6778
4900
2619
42
-2453
-4474
-6053
-7626
-9342
-10749
-11238
-10676
-9450
-8018
-6485
-4620
-2209
618
3432
5844
7791
9493
11158
12652
13527
13518
12970
12470
11934
10496
7622
3983
920
-867
-1868
-3240
-5805
-9176
-11789
-12342
-11305
-10498
-10947
-11704
-11076
-8650
-5656
-3527
-2413
-1258
833
3646
6241
7939
8715
8932
8931
8811
8370
7295
5423
2878
40
-2577
-4662
-6375
-8110
-9940
-11443
-12111
-11809
-10785
-9363
-7643
-5488
-2812
165
3006
5385
7296
9000
10763
12476
13589
13688
13059
12367
11741
10543
8268
5297
2579
676
-728
-2541
-5392
-8786
-11203
-11595
-10719
-10416
-11362
-12213
-11289
-8620
-5780
-3966
-2812
-1156
1479
4440
6773
8182
9035
9723
10237
10278
9587
8135
6063
3590
980
-1480
-3663
-5713
-7854
-9988
-11656
-12432
-12293
-11506
-10264
-8542
-6322
-3785
-1174
1411
3968
6378
8484
10304
11871
12921
13130
12694
12219
11821
10783
8536
5540
2890
1128
-220
-2124
-5069
-8396
-10597
-10840
-10104
-10226
-11649
-12779
-11860
-9067
-6216
-4674
-3975
-2631
76
3405
6115
7722
8643
9487
10384
10964
10747
9528
7505
5092
2679
459
-1670
-4022
-6696
-9254
-11007
-11684
-11584
-11118
-10330
-9019
-7092
-4718
-2167
376
2851
5229
7487
9583
11348
12438
12709
12571
12582
12555
11649
9555
7019
4976
3489
1910
-382
-3421
-6490
-8486
-9066
-9217
-10235
-11960
-12841
-11803
-9578
-7731
-6821
-5872
-3752
-560
2567
4787
6258
7622
9139
10486
11102
10660
9322
7551
5672
3671
1433
-1057
-3716
-6370
-8684
-10343
-11299
-11748
-11776
-11212
-9886
-7971
-5873
-3823
-1681
750
3346
5804
7928
9596
10675
11309
11940
12605
12561
11211
9086
7277
6124
4997
3138
343
-2852
-5388
-6561
-7017
-8201
-10519
-12569
-12684
-10918
-8965
-8232
-8273
-7406
-4683
-1011
1918
3418
4330
5821
8090
10172
10899
9988
8268
6765
5674
4330
2131
-766
-3669
-5980
-7607
-8863
-10053
-11064
-11405
-10707
-9198
-7508
-6044
-4610
-2700
-137
2674
5180
7136
8584
9677
10672
11694
12346
12044
10928
9829
9072
8068
6248
3806
1261
-975
-2671
-4047
-5873
-8490
-10875
-11600
-10631
-9481
-9370
-9827
-9290
-6913
-3466
-540
1103
2137
3697
6059
8405
9670
9519
8544
7651
7133
6421
4800
2318
-230
-2185
-3634
-5078
-6720
-8271
-9282
-9493
-8939
-7913
-6751
-5570
-4127
-2160
239
2633
4668
6259
7487
8568
9749
10919
11440
10935
9932
9243
8821
7973
6306
4079
1747
-211
-1599
-2912
-5035
-7889
-10139
-10697
-10142
-10001
-10849
-11613
-10828
-8299
-5262
-3029
-1717
-474
1424
3837
5960
6995
6822
6099
5654
5603
5224
3831
1654
-420
-1852
-2945
-4265
-5880
-7341
-8169
-8239
-7750
-7061
-6397
-5695
-4608
-2924
-815
1331
3285
4978
6390
7567
8621
9466
9900
10037
10198
10196
9446
7914
6189
4626
3064
1445
-202
-2192
-4750
-7191
-8507
-8682
-8798
-9651
-10759
-10895
-9471
-7158
-5155
-3867
-2653
-815
1580
3831
5315
5916
5996
6019
6147
6094
5452
4136
2558
1250
294
-728
-2131
-3690
-4918
-5557
-5664
-5423
-5082
-4798
-4403
-3522
-2038
-244
1533
3225
4733
5872
6658
7355
8044
8603
9023
9377
9356
8637
7499
6442
5432
4105
2483
741
-1293
-3678
-5792
-7056
-7787
-8798
-10169
-11068
-10723
-9350
-7842
-6743
-5644
-3863
-1435
879
2440
3303
3940
4634
5236
5443
5146
4536
3838
3090
2196
1118
-33
-1045
-1846
-2589
-3413
-4155
-4468
-4283
-3909
-3553
-3092
-2241
-913
737
2415
3784
4712
5370
5996
6611
7188
7740
8133
8028
7431
6759
6166
5301
4025
2664
1367
-239
-2257
-4147
-5511
-6683
-8173
-9768
-10708
-10552
-9686
-8715
-7746
-6361
-4393
-2262
-504
785
1855
2856
3652
4039
3992
3681
3277
2811
2193
1348
333
-596
-1168
-1456
-1881
-2692
-3570
-3971
-3781
-3376
-3070
-2798
-2268
-1297
73
1593
2889
3752
4349
5022
5878
6790
7570
8045
7991
7496
6919
6347
5486
4332
3276
2272
703
-1535
-3613
-4942
-5957
-7362
-8981
-9956
-9788
-8897
-7988
-7237
-6194
-4557
-2558
-669
810
1813
2497
3106
3721
4113
4036
3566
2958
2333
1636
850
114
-403
-752
-1141
-1673
-2186
-2462
-2486
-2376
-2186
-1886
-1420
-714
338
1719
3103
4129
4791
5429
6230
7075
7733
8118
8157
7890
7442
6837
5977
4910
3824
2612
941
-1130
-3022
-4465
-5824
-7477
-9085
-9923
-9716
-8966
-8291
-7716
-6744
-5115
-3169
-1420
-132
731
1345
1907
2414
2637
2439
2021
1619
1196
613
-23
-472
-684
-891
-1271
-1755
-2152
-2396
-2551
-2591
-2413
-2049
-1636
-1089
-130
1347
2966
4319
5321
6116
6701
7111
7553
8133
8494
8246
7524
6707
5948
5150
4251
3033
1258
-857
-2583
-3717
-4886
-6639
-8498
-9477
-9288
-8626
-8229
-8001
-7270
-5704
-3758
-2131
-1165
-647
-109
728
1529
1731
1253
685
473
400
10
-682
-1259
-1460
-1422
-1387
-1459
-1700
-2099
-2491
-2573
-2266
-1809
-1433
-971
-100
1303
2902
4318
5404
6191
6641
6806
7055
7648
8269
8271
7604
6770
6185
5681
4907
3626
1887
-1
-1589
-2866
-4330
-6286
-8181
-9068
-8759
-8099
-7904
-7911
-7239
-5586
-3680
-2320
-1627
-1135
-424
514
1265
1434
1110
832
896
991
683
49
-425
-462
-235
-100
-214
-588
-1066
-1424
-1440
-1182
-910
-700
-266
622
1836
3060
4151
5212
6191
6808
6886
6856
7303
8155
8524
7879
6697
5860
5582
5330
4462
2798
753
-1013
-2264
-3528
-5349
-7443
-8761
-8753
-8038
-7718
-7984
-7955
-6821
-4920
-3334
-2663
-2480
-1944
-847
176
432
35
-311
-176
128
114
-295
-717
-775
-457
-121
-146
-611
-1195
-1485
-1385
-1169
-1136
-1170
-873
-24
1131
2240
3172
4091
5033
5716
5858
5767
6125
6994
7535
7047
5963
5216
5113
5056
4347
2766
767
-918
-1985
-3014
-4731
-6905
-8342
-8308
-7505
-7246
-7808
-8073
-7015
-5009
-3391
-2817
-2687
-2027
-708
496
842
454
88
251
734
969
686
139
-135
94
493
488
-43
-675
-918
-771
-646
-822
-1094
-954
-197
885
1828
2559
3368
4501
5633
6124
5801
5458
5972
7106
7640
6905
5616
4898
4974
4994
4081
2102
-196
-1885
-2694
-3417
-4906
-6905
-8136
-7947
-7148
-6948
-7383
-7361
-6205
-4483
-3268
-2800
-2435
-1554
-356
473
534
141
-46
328
928
1074
520
-180
-230
403
909
606
-219
-724
-505
-33
12
-459
-801
-384
695
1745
2311
2673
3383
4529
5490
5658
5143
4859
5477
6631
7178
6561
5389
4651
4537
4327
3291
1380
-695
-2159
-2906
-3668
-5032
-6657
-7589
-7488
-6949
-6726
-6824
-6661
-5901
-4811
-3807
-2957
-2147
-1364
-746
-394
-359
-459
-380
18
382
285
-172
-409
-97
406
495
37
-473
-531
-198
-23
-326
-748
-626
179
1123
1674
1971
2537
3498
4429
4873
4852
4732
4913
5557
6357
6625
6008
5056
4590
4623
4357
3209
1409
-298
-1345
-1809
-2397
-3679
-5345
-6428
-6375
-5692
-5371
-5771
-6195
-5735
-4372
-3052
-2551
-2656
-2536
-1835
-1034
-747
-883
-845
-366
142
216
-85
-302
-148
207
347
78
-343
-545
-489
-511
-752
-933
-691
-77
554
1004
1395
1904
2518
3130
3705
4209
4494
4483
4471
4799
5295
5347
4712
3838
3274
3030
2648
1720
338
-926
-1642
-2083
-2867
-4072
-5144
-5485
-5191
-4852
-5017
-5493
-5514
-4716
-3547
-2689
-2271
-2071
-1847
-1495
-968
-448
-107
112
385
675
732
519
328
464
811
985
751
364
201
374
609
625
475
486
853
1389
1810
2078
2449
3099
3918
4580
4851
4772
4662
4875
5422
5804
5498
4633
3851
3504
3271
2675
1605
377
-657
-1356
-1942
-2696
-3662
-4589
-5189
-5433
-5499
-5567
-5521
-5128
-4420
-3816
-3625
-3673
-3455
-2751
-1884
-1414
-1460
-1544
-1172
-507
-176
-462
-925
-927
-436
-41
-221
-732
-976
-745
-468
-563
-887
-913
-462
113
429
616
1065
1862
2666
3142
3419
3808
4364
4746
4800
4700
4695
4669
4400
3914
3472
3175
2795
2071
1050
70
-693
-1364
-2216
-3247
-4183
-4695
-4766
-4646
-4605
-4651
-4625
-4360
-3846
-3253
-2787
-2478
-2113
-1552
-930
-544
-481
-529
-363
45
439
574
507
450
479
491
371
146
-14
56
273
374
254
183
520
1278
2051
2455
2572
2872
3609
4497
5027
4996
4617
4331
4406
4677
4664
4166
3482
3006
2762
2510
2014
1147
-23
-1180
-1972
-2453
-3054
-4023
-4971
-5308
-5012
-4771
-5085
-5613
-5578
-4789
-3859
-3414
-3361
-3145
-2516
-1767
-1297
-1133
-978
-597
-112
174
129
-60
-140
-96
-149
-444
-815
-931
-683
-319
-114
3
330
959
1579
1866
1931
2218
2916
3654
3941
3767
3609
3801
4170
4354
4259
4075
3908
3728
3490
3194
2760
2121
1347
604
-71
-791
-1624
-2436
-3068
-3552
-4046
-4548
-4812
-4732
-4538
-4525
-4578
-4287
-3521
-2696
-2307
-2277
-2014
-1221
-305
128
57
-10
286
720
850
558
155
-3
134
306
288
148
161
476
890
1097
1044
1022
1312
1881
2395
2598
2562
2607
2923
3366
3634
3562
3272
3083
3221
3571
3677
3245
2456
1818
1573
1477
1050
111
-1030
-1878
-2307
-2677
-3351
-4212
-4788
-4850
-4629
-4551
-4718
-4862
-4629
-3989
-3240
-2723
-2485
-2271
-1825
-1185
-654
-427
-369
-174
245
617
657
431
291
457
783
977
933
815
842
1057
1319
1445
1391
1292
1348
1617
1967
2230
2363
2452
2591
2851
3211
3545
3655
3468
3130
2920
2966
3100
2985
2449
1683
1076
787
510
-208
-1392
-2520
-3095
-3261
-3620
-4491
-5469
-5859
-5469
-4792
-4431
-4433
-4345
-3824
-3004
-2281
-1860
-1610
-1286
-830
-428
-249
-241
-190
15
285
486
583
632
684
771
897
1019
1074
1021
896
799
829
993
1189
1374
1652
2106
2570
2783
2749
2826
3252
3809
4028
3776
3403
3326
3545
3687
3413
2717
1872
1212
893
705
217
-823
-2122
-3102
-3504
-3664
-4066
-4758
-5298
-5278
-4780
-4232
-3922
-3754
-3459
-2894
-2172
-1507
-1044
-731
-436
-76
324
702
984
1087
1002
881
927
1122
1228
1060
717
428
289
251
284
413
599
733
803
965
1332
1809
2190
2399
2536
2789
3236
3708
3876
3601
3156
2945
3067
3207
2985
2307
1440
754
378
94
-432
-1329
-2356
-3154
-3566
-3801
-4136
-4598
-4970
-5054
-4889
-4634
-4391
-4095
-3687
-3222
-2807
-2423
-1948
-1374
-854
-517
-291
-16
328
633
816
903
924
871
784
744
774
783
709
630
662
831
1011
1131
1222
1373
1572
1743
1862
1941
1981
1988
2072
2387
2906
3359
3442
3166
2863
2868
3123
3219
2779
1853
907
362
219
47
-482
-1345
-2203
-2836
-3244
-3541
-3765
-3923
-4067
-4241
-4344
-4206
-3805
-3316
-2921
-2590
-2212
-1735
-1255
-806
-388
9
298
418
427
473
639
859
996
959
830
773
941
1236
1431
1349
1086
863
809
904
1040
1104
1030
886
823
956
1252
1638
2065
2451
2675
2693
2647
2742
2996
3199
3076
2575
1909
1389
1147
1019
718
64
-831
-1685
-2253
-2519
-2671
-2950
-3413
-3892
-4144
-4093
-3840
-3523
-3194
-2838
-2431
-1970
-1500
-1052
-652
-279
68
387
646
835
974
1136
1391
1717
1949
1855
1371
724
286
229
372
360
-12
-616
-1054
-1046
-661
-238
15
154
309
494
672
908
1331
1908
2425
2690
2711
2696
2739
2753
2509
1984
1378
943
674
379
-121
-840
-1601
-2178
-2405
-2342
-2251
-2408
-2882
-3454
-3786
-3652
-3089
-2379
-1864
-1753
-1979
-2191
-1961
-1091
133
1129
1437
1136
679
528
823
1364
1779
1739
1150
239
-576
-938
-777
-373
-147
-379
-943
-1451
-1515
-1108
-488
-21
166
155
162
272
501
825
1239
1749
2332
2855
3034
2802
2461
2503
2924
3233
2925
2112
1280
773
461
159
-187
-517
-922
-1389
-1712
-1662
-1352
-1087
-1097
-1304
-1514
-1565
-1390
-941
-284
286
446
200
22
339
1067
1634
1552
828
-51
-579
-640
-530
-612
-985
-1459
-1829
-1950
-1841
-1532
-1185
-932
-854
-771
-500
-53
311
388
399
642
1300
2071
2564
2502
2065
1644
1612
1912
2306
2390
1979
1125
202
-371
-432
-216
-117
-351
-787
-1189
-1461
-1604
-1557
-1209
-668
-224
-152
-434
-814
-924
-615
41
682
944
618
-97
-699
-744
-300
204
269
-265
-1259
-2355
-3070
-3153
-2698
-2155
-1968
-2231
-2733
-3041
-2903
-2266
-1361
-484
76
214
138
140
529
1210
1998
2555
2803
2696
2413
2087
1931
1926
1948
1835
1544
1190
709
194
-381
-671
-669
-392
-209
-336
-736
-1110
-1077
-605
168
934
1471
1659
1554
1423
1467
1738
2109
2362
2428
2157
1597
791
105
-152
25
273
123
-479
-1294
-1818
-1885
-1575
-1315
-1275
-1495
-1704
-1727
-1475
-1099
-711
-272
191
576
732
805
944
1218
1474
1622
1581
1412
1119
779
376
25
-258
-455
-700
-953
-1131
-1205
-1236
-1344
-1468
-1587
-1565
-1376
-989
-564
-244
-163
-162
-92
225
618
981
1238
1417
1415
1108
602
183
119
285
378
23
-658
-1418
-1943
-2176
-2166
-1972
-1800
-1747
-1882
-2016
-2036
-1708
-1127
-380
144
384
419
503
772
1177
1693
2148
2397
2228
1766
1242
923
829
873
861
625
132
-488
-999
-1250
-1198
-925
-622
-398
-308
-376
-483
-455
-59
567
1167
1509
1625
1562
1534
1595
1778
1880
1881
1775
1595
1365
1127
912
588
241
-136
-426
-799
-1123
-1382
-1542
-1661
-1710
-1572
-1322
-1012
-763
-574
-397
-48
475
961
1192
1211
1153
1134
1153
1238
1259
1117
769
317
-84
-332
-458
-622
-948
-1299
-1577
-1698
-1773
-1740
-1627
-1365
-1035
-719
-604
-598
-545
-293
11
231
396
530
613
440
171
-34
142
463
768
648
185
-358
-626
-583
-634
-825
-1154
-1359
-1637
-1855
-2028
-1887
-1547
-1061
-683
-453
-284
-23
321
630
900
1144
1339
1359
1170
850
597
489
567
616
515
184
-205
-462
-438
-285
-156
-139
-123
-8
77
136
187
269
382
433
606
825
1099
1274
1356
1337
1299
1370
1490
1574
1425
1087
673
347
264
238
208
-4
-269
-644
-997
-1251
-1264
-1210
-1166
-1169
-1104
-952
-764
-512
-188
243
655
899
860
668
560
724
1026
1198
1016
575
158
-35
-177
-315
-473
-385
-332
-503
-962
-1308
-1264
-841
-345
-6
83
78
198
448
703
851
976
1223
1429
1457
1269
1082
1065
1105
1027
747
433
212
43
-320
-830
-1357
-1564
-1549
-1402
-1481
-1744
-2107
-2204
-1947
-1414
-831
-391
-119
-70
-44
-44
126
327
669
940
993
641
71
-360
-355
-20
276
162
-302
-801
-1064
-1138
-1075
-906
-623
-388
-349
-430
-476
-296
27
433
783
1012
1027
886
741
742
826
924
908
851
638
355
-11
-311
-547
-777
-950
-1062
-1166
-1353
-1664
-1912
-2029
-1966
-1821
-1652
-1478
-1256
-918
-522
-134
158
448
820
1204
1465
1460
1308
1156
1076
1139
1278
1382
1257
863
522
420
615
794
833
703
587
489
493
542
710
951
1206
1455
1579
1654
1605
1586
1524
1564
1601
1722
1689
1480
1063
675
448
305
109
-226
-634
-1036
-1421
-1735
-1976
-2093
-2083
-2048
-2043
-2130
-2158
-2113
-1876
-1499
-1006
-672
-639
-769
-772
-435
126
642
853
693
368
112
-15
-31
16
75
49
-100
-307
-404
-322
-27
284
474
461
423
478
709
967
1091
1090
1084
1281
1508
1696
1736
1697
1605
1479
1380
1251
1001
614
150
-270
-606
-932
-1282
-1688
-1993
-2138
-2198
-2260
-2325
-2300
-2151
-1940
-1692
-1435
-1161
-890
-723
-629
-512
-207
81
204
79
-51
-112
-99
-128
-232
-341
-355
-283
-253
-331
-377
-351
-215
-129
-3
204
543
895
1077
1050
1007
1129
1455
1810
2040
2112
2002
1831
1681
1629
1605
1496
1184
694
177
-167
-317
-443
-657
-980
-1326
-1723
-2069
-2307
-2384
-2393
-2276
-2037
-1777
-1597
-1460
-1216
-958
-734
-543
-338
-139
-84
-130
-137
24
314
478
413
241
158
243
351
404
384
365
382
421
505
555
662
832
1158
1539
1798
1947
2037
2249
2555
2841
3005
3001
2974
2934
2818
2550
2192
1888
1585
1255
832
398
-30
-464
-901
-1323
-1640
-1875
-1999
-2091
-2130
-2177
-2160
-2076
-1876
-1707
-1540
-1429
-1248
-1005
-775
-637
-699
-812
-877
-801
-707
-667
-734
-842
-990
-1098
-1157
-1182
-1167
-1079
-895
-727
-618
-461
-207
127
430
687
931
1197
1499
1746
1845
1865
1941
2107
2261
2292
2193
1908
1465
980
646
475
348
79
-372
-896
-1371
-1679
-1783
-1756
-1653
-1680
-1712
-1889
-1999
-2102
-1942
-1635
-1333
-1190
-1173
-1117
-1014
-852
-735
-607
-518
-440
-461
-562
-660
-690
-611
-518
-438
-455
-496
-492
-368
-136
101
351
615
923
1261
1598
1944
2258
2483
2684
2873
3083
3223
3251
3235
3108
2960
2736
2512
2157
1696
1201
774
450
99
-197
-511
-729
-967
-1190
-1448
-1606
-1599
-1440
-1324
-1324
-1330
-1310
-1212
-1149
-1051
-969
-858
-807
-861
-1091
-1352
-1513
-1537
-1494
-1488
-1456
-1429
-1385
-1364
-1283
-1168
-1024
-903
-698
-396
-22
266
410
460
620
1015
1538
1983
2189
2300
2408
2662
2868
2983
2859
2683
2420
2144
1788
1378
981
625
403
278
192
64
-111
-317
-445
-553
-615
-810
-1080
-1374
-1582
-1629
-1570
-1434
-1329
-1287
-1241
-1184
-1174
-1277
-1531
-1686
-1745
-1638
-1627
-1715
-1770
-1770
-1585
-1490
-1401
-1394
-1306
-1038
-666
-332
-156
-54
173
529
976
1448
1851
2164
2299
2419
2542
2709
2846
2938
2996
2920
2762
2506
2240
1935
1579
1278
1011
796
536
251
-45
-385
-687
-868
-860
-848
-939
-1216
-1440
-1552
-1500
-1472
-1597
-1761
-1946
-1967
-1974
-1828
-1690
-1580
-1647
-1823
-1964
-1985
-1842
-1634
-1488
-1452
-1557
-1586
-1450
-1082
-661
-376
-221
-153
5
314
730
1138
1434
1675
1978
2235
2419
2449
2444
2452
2433
2423
2323
2158
1923
1669
1520
1436
1448
1345
1084
719
392
279
182
-26
-407
-787
-906
-876
-739
-746
-873
-1066
-1200
-1139
-1046
-1018
-1110
-1227
-1296
-1410
-1509
-1640
-1711
-1772
-1742
-1605
-1489
-1411
-1407
-1287
-1107
-957
-873
-810
-611
-309
84
401
598
702
889
1239
1651
2009
2249
2396
2408
2333
2289
2403
2574
2671
2532
2303
2042
1905
1809
1742
1660
1479
1260
900
557
215
15
-69
-92
-126
-245
-456
-744
-1031
-1244
-1327
-1269
-1164
-1133
-1332
-1610
-1821
-1789
-1648
-1568
-1661
-1871
-2070
-2168
-2213
-2147
-1973
-1674
-1409
-1265
-1213
-1150
-998
-684
-316
26
168
183
177
305
603
1038
1431
1669
1710
1631
1573
1520
1518
1559
1621
1671
1563
1366
1154
968
810
641
507
411
247
11
-242
-450
-502
-497
-398
-307
-332
-435
-596
-686
-747
-858
-945
-993
-1041
-1170
-1398
-1595
-1705
-1778
-1754
-1733
-1687
-1725
-1803
-1768
-1659
-1376
-1040
-651
-362
-239
-175
-29
216
544
819
1107
1357
1578
1791
1915
1962
1917
1829
1881
1984
2156
2230
2146
1986
1758
1621
1575
1545
1516
1369
1128
848
566
413
344
326
392
407
357
142
-194
-376
-484
-424
-395
-457
-655
-1066
-1471
-1673
-1656
-1510
-1469
-1602
-1764
-1933
-1913
-1775
-1538
-1262
-1062
-983
-976
-1013
-969
-799
-561
-259
-27
144
273
298
358
558
873
1179
1273
1270
1265
1211
1146
1105
1189
1354
1453
1471
1421
1280
1041
824
752
885
962
859
537
159
-110
-166
-70
38
-60
-373
-693
-873
-849
-797
-761
-758
-837
-1023
-1282
-1416
-1411
-1278
-1211
-1182
-1213
-1285
-1338
-1364
-1289
-1103
-853
-614
-468
-427
-351
-225
-12
200
358
462
585
760
919
989
1004
1065
1140
1243
1315
1339
1271
1200
1227
1245
1140
941
746
612
468
321
207
104
40
33
61
85
40
-41
-88
-141
-195
-325
-537
-857
-1211
-1424
-1396
-1209
-1031
-962
-982
-1037
-1052
-1039
-997
-947
-953
-1020
-1151
-1149
-1031
-884
-776
-561
-204
91
183
139
121
134
285
632
1008
1109
922
696
604
633
719
819
849
837
877
911
836
683
642
700
713
665
654
656
553
434
416
484
440
359
373
415
262
-89
-306
-297
-190
-192
-254
-327
-420
-530
-614
-696
-819
-887
-773
-569
-514
-653
-809
-814
-709
-580
-465
-380
-298
-222
-122
-28
68
196
357
557
730
859
920
970
976
864
646
490
488
521
436
291
216
242
298
360
390
320
173
63
108
233
355
423
433
382
304
292
340
356
277
108
-69
-246
-378
-474
-554
-624
-710
-740
-752
-746
-762
-775
-769
-740
-725
-719
-723
-750
-766
-756
-583
-340
-106
-20
-10
60
194
342
426
496
591
681
735
712
645
602
612
660
631
518
361
236
185
180
201
207
221
283
391
466
417
274
142
115
169
242
274
225
104
-30
-80
-73
-141
-345
-587
-714
-713
-678
-684
-742
-813
-863
-849
-854
-926
-1103
-1229
-1234
-1105
-935
-789
-669
-586
-493
-427
-327
-233
-117
-17
67
149
182
185
212
316
431
424
316
201
128
59
-14
-56
-93
-162
-222
-158
28
231
351
411
461
511
504
462
432
441
435
380
307
249
184
102
34
49
138
214
198
116
36
-10
-45
-93
-137
-205
-284
-357
-379
-335
-215
-22
169
244
216
207
287
441
561
662
716
722
673
585
551
563
608
611
570
521
497
517
554
613
632
623
562
515
483
467
476
496
532
538
516
483
457
431
389
298
166
39
-1
61
118
73
-109
-330
-466
-439
-283
-144
-120
-240
-375
-455
-477
-546
-674
-775
-801
-763
-737
-691
-652
-603
-599
-574
-501
-372
-259
-203
-208
-262
-351
-458
-521
-546
-569
-648
-766
-869
-912
-916
-920
-955
-994
-969
-874
-765
-673
-604
-522
-485
-491
-521
-519
-429
-268
-108
-32
-52
-82
-70
-36
12
57
93
94
48
22
-9
-3
16
64
112
133
166
212
270
331
411
530
646
732
776
782
761
722
691
685
719
774
829
821
767
685
631
598
567
499
380
247
158
139
152
191
242
322
382
399
365
288
201
132
105
101
118
125
131
134
152
151
92
-6
-108
-159
-145
-67
13
64
63
60
59
79
106
113
128
171
224
195
52
-115
-197
-164
-87
-14
39
63
53
36
75
183
280
296
221
105
8
-127
-261
-354
-307
-182
-145
-230
-354
-343
-206
-69
-29
-68
-70
7
84
90
25
-18
10
54
22
-108
-254
-323
-320
-311
-337
-393
-388
-305
-150
-31
30
36
5
-73
-171
-197
-140
-20
72
142
162
163
178
205
209
151
102
99
118
99
31
-44
-92
-102
-91
-124
-218
-355
-467
-529
-559
-601
-650
-673
-628
-550
-492
-431
-359
-269
-223
-204
-169
-136
-122
-162
-213
-233
-233
-244
-295
-377
-462
-549
-631
-695
-741
-755
-735
-667
-564
-456
-364
-274
-191
-112
-49
33
157
313
449
518
536
543
567
567
528
455
415
400
392
363
345
363
399
411
415
442
505
535
500
431
378
370
397
477
599
735
856
955
1027
1051
1020
971
918
870
808
708
575
417
293
218
175
168
195
222
192
96
28
33
96
133
96
-1
-71
-39
85
223
270
228
138
98
114
159
169
112
18
-70
-123
-152
-179
-230
-318
-442
-579
-680
-737
-759
-782
-796
-787
-763
-745
-721
-656
-565
-473
-430
-393
-349
-286
-227
-212
-227
-297
-382
-459
-484
-459
-434
-444
-512
-591
-651
-649
-587
-504
-436
-407
-415
-450
-491
-500
-461
-371
-246
-96
37
128
159
173
186
200
216
215
218
188
116
5
-80
-65
32
142
165
116
52
26
34
71
140
245
349
439
496
515
501
468
462
485
525
539
531
512
507
494
468
427
419
468
532
544
476
381
294
200
90
-27
-125
-220
-276
-259
-190
-124
-108
-85
-38
50
144
218
252
241
217
168
82
-40
-157
-232
-264
-284
-342
-482
-664
-816
-862
-830
-810
-852
-928
-958
-928
-866
-815
-755
-653
-474
-253
-85
-5
30
144
349
555
665
670
663
702
811
937
1019
1021
962
888
835
805
769
709
647
631
670
730
762
775
795
841
895
933
944
939
931
939
947
936
885
798
687
543
370
176
-16
-179
-316
-415
-514
-629
-787
-964
-1134
-1280
-1416
-1522
-1573
-1558
-1510
-1470
-1442
-1426
-1390
-1326
-1262
-1231
-1221
-1183
-1077
-955
-854
-803
-765
-704
-638
-565
-521
-487
-472
-453
-417
-351
-263
-177
-79
44
207
371
513
629
727
821
910
996
1067
1129
1191
1244
1272
1269
1261
1248
1233
1228
1247
1275
1271
1227
1138
1006
833
664
541
471
389
264
111
3
-23
-3
-13
-82
-184
-257
-294
-321
-365
-442
-519
-570
-584
-610
-687
-799
-901
-954
-1001
-1085
-1202
-1298
-1322
-1300
-1253
-1225
-1221
-1241
-1270
-1281
-1265
-1187
-1031
-831
-658
-560
-499
-406
-278
-144
-8
126
270
362
416
467
556
693
814
891
866
750
607
526
564
693
843
964
1035
1054
1042
1016
1025
1056
1071
1029
939
874
877
923
945
894
794
686
587
498
419
351
277
161
24
-76
-57
75
223
287
234
96
-93
-293
-434
-476
-440
-386
-387
-455
-567
-674
-761
-854
-970
-1077
-1150
-1164
-1123
-1065
-1024
-1037
-1062
-1062
-1010
-915
-836
-798
-803
-796
-717
-564
-349
-119
94
284
435
534
584
639
741
861
931
921
879
861
897
965
1041
1091
1122
1148
1213
1317
1433
1488
1435
1291
1123
1022
1005
1040
1041
960
825
700
643
633
613
528
382
213
68
-35
-101
-172
-248
-331
-414
-534
-727
-970
-1216
-1404
-1506
-1548
-1577
-1631
-1699
-1770
-1854
-1958
-2065
-2134
-2168
-2182
-2225
-2289
-2348
-2333
-2230
-2118
-2066
-2079
-2074
-1976
-1758
-1438
-1096
-802
-588
-424
-279
-156
-57
42
177
363
560
750
946
1152
1366
1552
1735
1907
2061
2199
2299
2348
2345
2332
2367
2424
2474
2502
2520
2517
2459
2368
2277
2189
2069
1910
1750
1624
1521
1398
1235
1078
989
964
965
953
923
873
774
608
383
124
-147
-401
-612
-758
-866
-986
-1152
-1347
-1530
-1666
-1741
-1782
-1837
-1940
-2082
-2222
-2312
-2341
-2337
-2342
-2363
-2357
-2302
-2208
-2090
-1954
-1802
-1652
-1511
-1380
-1266
-1159
-1036
-886
-737
-622
-536
-442
-330
-206
-89
22
150
306
500
697
860
992
1128
1283
1427
1527
1611
1697
1761
1756
1707
1683
1708
1758
1791
1798
1768
1687
1577
1483
1406
1299
1130
932
765
651
588
563
561
548
510
455
406
379
358
314
197
14
-194
-379
-553
-719
-846
-911
-954
-1047
-1201
-1356
-1449
-1476
-1494
-1554
-1653
-1757
-1847
-1901
-1903
-1842
-1748
-1673
-1621
-1574
-1463
-1275
-1031
-799
-611
-466
-374
-323
-298
-233
-147
-64
5
87
178
255
330
429
544
613
626
627
673
776
921
1098
1262
1360
1359
1294
1250
1285
1380
1466
1500
1489
1475
1450
1404
1296
1138
982
895
910
967
990
937
835
740
677
631
572
478
364
229
97
-21
-96
-131
-181
-280
-430
-579
-701
-807
-906
-967
-960
-896
-858
-916
-1063
-1235
-1383
-1514
-1610
-1640
-1598
-1535
-1507
-1511
-1510
-1473
-1403
-1345
-1351
-1389
-1372
-1237
-1034
-831
-638
-431
-212
-22
122
222
308
385
473
592
736
866
930
957
1001
1077
1152
1173
1154
1122
1102
1089
1081
1088
1113
1136
1143
1120
1092
1080
1082
1097
1101
1107
1100
1080
1040
996
948
873
749
575
387
187
-16
-211
-357
-416
-406
-385
-417
-494
-565
-594
-585
-571
-589
-642
-713
-777
-837
-915
-1016
-1105
-1163
-1189
-1199
-1191
-1170
-1148
-1128
-1088
-1019
-937
-883
-872
-859
-810
-728
-671
-658
-666
-654
-582
-444
-274
-132
-41
36
145
269
361
396
419
491
591
648
627
612
679
806
907
905
820
733
724
798
877
882
782
627
510
483
507
503
425
315
222
172
168
185
190
151
96
81
92
77
13
-37
-31
13
60
89
77
21
-44
-84
-83
-72
-45
-8
37
91
159
250
340
374
310
184
106
152
290
425
489
499
492
486
464
406
331
267
241
226
167
57
-76
-207
-367
-581
-798
-931
-936
-824
-686
-610
-663
-807
-931
-974
-958
-931
-887
-792
-671
-582
-543
-531
-530
-522
-489
-464
-527
-681
-788
-762
-659
-600
-599
-636
-715
-798
-789
-660
-514
-433
-382
-304
-229
-183
-138
-44
79
201
302
366
431
554
758
953
1065
1129
1218
1325
1393
1362
1229
1061
1016
1206
1541
1818
1899
1825
1694
1586
1595
1790
2088
2262
2129
1749
1392
1287
1456
1681
1682
1355
852
442
244
167
0
-386
-863
-1165
-1176
-1097
-1201
-1494
-1756
-1867
-1895
-1996
-2246
-2600
-2873
-2858
-2568
-2201
-1886
-1541
-1092
-663
-421
-385
-451
-574
-745
-962
-1227
-1569
-1952
-2236
-2334
-2292
-2220
-2163
-2130
-2095
-2065
-2032
-1995
-1944
-1842
-1673
-1418
-1107
-752
-339
155
688
1142
1463
1703
1957
2243
2527
2805
3084
3363
3608
3801
3939
4008
4007
3974
3959
3953
3885
3708
3459
3231
3107
3107
3179
3199
3065
2725
2202
1522
751
-36
-768
-1394
-1903
-2294
-2588
-2777
-2841
-2789
-2705
-2650
-2650
-2692
-2796
-2958
-3144
-3248
-3147
-2739
-2068
-1275
-489
267
975
1557
1913
1968
1717
1194
517
-209
-913
-1579
-2185
-2695
-3072
-3298
-3376
-3372
-3350
-3352
-3375
-3407
-3439
-3410
-3259
-2922
-2386
-1667
-800
160
1128
2033
2825
3470
3935
4212
4351
4434
4528
4644
4770
4876
4953
4997
5001
4920
4690
4263
3668
2994
2340
1767
1286
897
589
366
239
152
-14
-380
-948
-1632
-2341
-3028
-3667
-4215
-4618
-4822
-4782
-4490
-4020
-3480
-2950
-2459
-2045
-1774
-1682
-1735
-1823
-1813
-1597
-1138
-466
372
1332
2329
3209
3792
3937
3610
2865
1827
616
-632
-1784
-2735
-3420
-3822
-3947
-3854
-3624
-3348
-3111
-2990
-3001
-3097
-3186
-3161
-2906
-2358
-1539
-522
628
1855
3053
4110
4926
5459
5692
5656
5428
5113
4806
4554
4375
4280
4267
4295
4268
4071
3637
2968
2147
1281
478
-210
-739
-1095
-1278
-1329
-1335
-1387
-1543
-1830
-2254
-2805
-3398
-3952
-4409
-4741
-4879
-4746
-4298
-3603
-2775
-1995
-1384
-988
-769
-669
-628
-572
-395
-16
584
1354
2188
3015
3741
4313
4601
4513
3994
3094
1915
593
-753
-1993
-3048
-3849
-4384
-4661
-4716
-4577
-4284
-3941
-3669
-3512
-3404
-3241
-2956
-2521
-1911
-1126
-150
1007
2287
3558
4674
5551
6145
6449
6478
6295
5977
5594
5193
4813
4510
4298
4122
3865
3457
2914
2261
1512
677
-181
-973
-1630
-2108
-2393
-2498
-2489
-2475
-2513
-2613
-2784
-3056
-3452
-3914
-4378
-4748
-4938
-4868
-4525
-3961
-3234
-2434
-1682
-1113
-775
-632
-579
-536
-432
-217
150
654
1236
1820
2359
2798
3066
3089
2821
2264
1442
422
-692
-1765
-2712
-3491
-4073
-4394
-4427
-4216
-3858
-3423
-2953
-2501
-2122
-1842
-1594
-1289
-857
-296
396
1216
2165
3187
4202
5109
5834
6324
6566
6555
6319
5923
5457
4997
4578
4218
3888
3514
3042
2503
1962
1417
801
101
-634
-1326
-1945
-2466
-2877
-3192
-3440
-3632
-3764
-3840
-3927
-4091
-4352
-4648
-4893
-5034
-5028
-4857
-4513
-4052
-3502
-2898
-2266
-1639
-1033
-481
-22
356
747
1224
1774
2321
2817
3257
3645
3960
4150
4159
3936
3454
2707
1752
695
-363
-1352
-2214
-2916
-3436
-3759
-3851
-3716
-3432
-3090
-2737
-2353
-1926
-1482
-1037
-564
-14
644
1411
2269
3181
4064
4828
5413
5805
6004
6033
5932
5725
5412
5001
4553
4128
3717
3243
2632
1901
1103
273
-603
-1521
-2415
-3182
-3744
-4087
-4218
-4157
-3949
-3689
-3497
-3457
-3571
-3752
-3913
-4008
-4039
-3991
-3833
-3545
-3149
-2679
-2142
-1536
-884
-263
254
599
778
842
894
1001
1193
1449
1737
2038
2352
2689
2996
3185
3173
2934
2468
1797
960
33
-907
-1797
-2576
-3178
-3551
-3676
-3585
-3326
-2955
-2509
-2049
-1645
-1307
-987
-609
-165
340
904
1527
2164
2772
3332
3880
4422
4923
5294
5467
5431
5230
4897
4449
3909
3310
2683
2029
1337
622
-90
-769
-1421
-2052
-2655
-3182
-3566
-3788
-3883
-3908
-3881
-3816
-3744
-3699
-3660
-3605
-3539
-3473
-3391
-3254
-3025
-2679
-2205
-1672
-1165
-726
-345
-15
219
317
271
144
8
-70
-63
70
347
773
1297
1831
2286
2607
2767
2745
2525
2105
1517
819
114
-507
-996
-1359
-1586
-1638
-1489
-1176
-768
-334
72
406
650
822
948
1056
1156
1256
1398
1634
2005
2485
3036
3626
4205
4693
5007
5103
4982
4670
4201
3603
2917
2200
1490
796
106
-558
-1155
-1660
-2089
-2463
-2795
-3101
-3416
-3761
-4108
-4384
-4524
-4500
-4303
-3950
-3488
-2942
-2317
-1606
-865
-205
291
635
879
1040
1102
1079
1028
976
904
776
592
372
152
-64
-267
-447
-584
-682
-737
-727
-632
-475
-301
-141
7
181
403
648
823
862
767
591
367
100
-219
-557
-850
-1022
-1060
-1006
-917
-804
-647
-433
-184
51
205
237
191
158
208
316
422
503
601
738
876
974
1037
1090
1135
1145
1093
976
800
573
276
-94
-523
-970
-1405
-1794
-2107
-2314
-2409
-2395
-2267
-2052
-1785
-1513
-1222
-888
-509
-128
226
554
891
1245
1602
1934
2219
2450
2632
2764
2801
2707
2480
2184
1851
1482
1062
617
209
-113
-340
-494
-617
-717
-776
-774
-738
-716
-728
-732
-665
-517
-335
-181
-93
-84
-131
-201
-267
-335
-406
-457
-464
-416
-322
-214
-114
-46
4
36
45
24
-43
-135
-230
-304
-360
-413
-468
-513
-537
-520
-458
-363
-257
-176
-147
-187
-279
-392
-488
-546
-567
-553
-509
-437
-356
-271
-194
-109
-2
136
292
418
495
556
664
810
922
962
982
1048
1170
1312
1447
1576
1708
1832
1902
1876
1769
1645
1545
1455
1348
1232
1159
1147
1157
1117
993
820
658
521
380
206
9
-172
-313
-407
-479
-562
-673
-816
-998
-1236
-1510
-1756
-1927
-2028
-2097
-2115
-2028
-1832
-1626
-1515
-1525
-1623
-1773
-1948
-2109
-2243
-2336
-2380
-2359
-2272
-2140
-1978
-1807
-1638
-1485
-1366
-1298
-1299
-1341
-1377
-1377
-1337
-1263
-1128
-907
-615
-299
-11
224
416
589
765
924
1051
1139
1205
1264
1325
1415
1547
1710
1883
2052
2217
2359
2457
2526
2601
2680
2747
2768
2733
2633
2482
2329
2187
2038
1841
1601
1364
1167
1005
885
833
871
963
1044
1051
941
697
340
-60
-431
-709
-876
-960
-1004
-1032
-1035
-1032
-1055
-1126
-1219
-1301
-1378
-1462
-1567
-1639
-1633
-1534
-1406
-1311
-1269
-1252
-1232
-1195
-1126
-1027
-902
-766
-619
-480
-376
-330
-321
-326
-339
-355
-350
-312
-264
-224
-169
-58
93
226
288
301
305
330
384
452
535
617
724
873
1052
1207
1305
1360
1392
1416
1422
1403
1354
1272
1170
1053
927
783
611
414
230
137
183
329
449
470
409
332
257
162
30
-129
-281
-367
-374
-370
-455
-636
-816
-911
-941
-998
-1141
-1353
-1571
-1752
-1897
-2018
-2114
-2147
-2090
-1952
-1775
-1587
-1401
-1244
-1133
-1059
-996
-940
-914
-911
-902
-870
-820
-764
-697
-608
-493
-365
-268
-221
-193
-135
-33
75
148
174
192
268
429
631
797
909
1031
1218
1469
1744
2008
2229
2374
2440
2448
2442
2443
2432
2380
2274
2150
2026
1901
1751
1564
1356
1163
1028
935
829
658
447
286
232
242
222
133
4
-125
-274
-455
-649
-809
-925
-1005
-1057
-1098
-1161
-1271
-1404
-1526
-1629
-1748
-1880
-1977
-1993
-1957
-1922
-1898
-1861
-1787
-1684
-1541
-1365
-1179
-1010
-857
-691
-509
-328
-187
-75
16
103
205
327
470
593
662
660
611
558
529
536
557
586
630
699
782
856
920
988
1080
1207
1366
1506
1562
1504
1380
1252
1152
1071
1007
972
966
989
1016
1013
964
883
774
605
355
48
-258
-527
-740
-864
-895
-854
-778
-681
-587
-539
-566
-649
-755
-873
-1012
-1139
-1203
-1174
-1061
-913
-776
-693
-685
-752
-880
-1022
-1146
-1245
-1325
-1365
-1331
-1228
-1088
-929
-770
-613
-463
-324
-205
-112
-34
32
89
150
228
312
377
425
475
541
621
699
765
799
766
652
494
382
364
443
588
790
1036
1290
1504
1638
1688
1637
1477
1221
907
591
325
138
7
-116
-245
-329
-317
-220
-98
-22
-25
-98
-209
-327
-428
-482
-469
-396
-301
-231
-187
-147
-90
-19
40
71
24
-103
-229
-249
-165
-92
-117
-212
-310
-392
-489
-637
-832
-1033
-1175
-1213
-1156
-1034
-870
-673
-451
-228
-34
103
181
208
203
181
160
152
156
179
234
335
455
546
572
522
442
392
402
431
426
395
377
404
483
592
700
779
833
887
924
914
836
719
603
495
350
145
-96
-314
-471
-551
-557
-494
-397
-321
-309
-360
-435
-488
-498
-496
-510
-533
-505
-411
-294
-206
-135
-45
59
154
219
238
201
119
48
21
25
20
-28
-118
-212
-268
-293
-349
-456
-557
-573
-488
-353
-216
-109
-44
-20
-26
-47
-83
-128
-174
-198
-173
-97
25
200
426
647
771
749
630
504
421
367
298
185
54
-24
-8
86
197
285
352
417
479
518
502
420
294
142
-27
-236
-464
-657
-761
-775
-753
-738
-729
-706
-667
-618
-571
-531
-492
-450
-406
-367
-350
-367
-415
-456
-448
-376
-252
-86
109
307
481
619
727
775
735
617
486
390
306
194
61
-49
-111
-134
-143
-145
-143
-136
-123
-105
-88
-75
-62
-50
-47
-73
-131
-206
-260
-256
-192
-77
78
283
519
740
887
919
842
716
600
522
465
399
337
288
276
299
345
398
449
500
521
486
389
289
243
254
259
208
116
12
-105
-248
-403
-525
-581
-552
-438
-280
-140
-78
-102
-192
-302
-398
-491
-599
-722
-807
-799
-694
-556
-457
-422
-402
-342
-234
-120
-29
41
100
132
116
54
-25
-99
-159
-193
-193
-167
-157
-171
-185
-153
-73
21
100
146
155
129
96
87
118
180
257
334
407
479
562
647
709
718
671
579
475
390
314
216
77
-84
-225
-309
-317
-277
-233
-207
-182
-158
-154
-198
-284
-399
-521
-620
-683
-724
-779
-838
-849
-765
-591
-378
-185
-57
-5
-17
-58
-100
-133
-172
-212
-228
-189
-101
14
121
189
203
185
188
207
212
175
126
106
134
205
280
329
346
351
389
469
538
524
425
314
250
247
293
361
392
367
339
369
420
413
344
288
299
367
468
576
682
750
766
734
680
624
539
386
160
-56
-159
-124
-25
44
53
34
25
36
33
-37
-201
-444
-702
-918
-1056
-1114
-1122
-1102
-1074
-1043
-995
-914
-805
-703
-621
-556
-513
-530
-647
-840
-1035
-1160
-1189
-1123
-974
-761
-538
-356
-233
-143
-78
-53
-73
-107
-129
-137
-123
-49
113
344
593
825
1030
1189
1274
1274
1212
1131
1049
985
955
969
1014
1070
1118
1143
1133
1067
949
820
750
778
873
971
1019
1009
971
949
952
942
876
746
567
357
150
8
-53
-56
-59
-71
-90
-140
-242
-397
-560
-710
-836
-927
-970
-967
-940
-915
-909
-942
-997
-1048
-1064
-1032
-961
-871
-802
-771
-802
-900
-1044
-1176
-1243
-1259
-1254
-1244
-1207
-1156
-1110
-1068
-1002
-900
-767
-614
-449
-301
-210
-180
-168
-120
-37
44
94
130
170
214
266
339
435
520
549
509
421
333
297
341
453
605
769
920
1024
1063
1033
948
832
726
657
631
631
648
675
698
689
627
502
334
172
43
-50
-140
-229
-287
-261
-132
78
293
427
437
338
182
24
-89
-149
-175
-190
-172
-82
75
223
268
198
97
49
46
37
21
44
125
221
285
291
245
169
82
-16
-129
-235
-296
-290
-229
-122
4
116
173
159
88
-24
-154
-261
-305
-284
-241
-218
-238
-277
-307
-309
-290
-249
-194
-145
-114
-102
-82
-45
5
52
104
188
292
368
371
311
224
139
80
78
152
271
362
371
310
232
183
174
180
176
144
94
42
3
-41
-102
-154
-163
-125
-87
-84
-123
-178
-235
-285
-293
-232
-114
0
34
-36
-192
-385
-568
-714
-794
-773
-650
-476
-341
-301
-356
-469
-586
-666
-685
-657
-611
-568
-527
-472
-391
-292
-206
-170
-194
-245
-284
-302
-319
-349
-373
-360
-305
-220
-125
-30
55
128
180
223
275
350
422
455
439
396
362
345
336
322
303
312
364
433
444
364
223
63
-79
-169
-154
-24
159
306
368
360
306
233
178
186
259
355
428
456
459
474
530
624
718
787
831
859
873
834
745
641
570
507
402
244
95
23
38
95
150
215
313
433
520
515
406
232
