-56
57
31
-64
-127
-125
-82
-31
14
55
84
102
140
217
315
340
256
108
-4
-34
-16
-8
-29
-64
-96
-110
-110
-127
-203
-316
-397
-387
-319
-247
-205
-171
-116
-19
103
191
206
165
127
128
166
212
239
231
200
159
106
27
-53
-93
-72
-21
23
35
15
-47
-141
-242
-317
-333
-286
-215
-180
-207
-270
-332
-362
-359
-332
-280
-201
-90
37
160
259
321
357
407
500
619
682
629
490
372
373
475
568
531
364
163
31
0
6
-27
-128
-233
-250
-152
-21
33
-18
-121
-182
-138
10
185
270
196
22
-111
-105
25
194
324
376
349
279
211
153
96
61
90
155
194
160
70
-30
-110
-154
-154
-117
-67
-36
-21
3
65
161
253
294
271
213
166
151
166
217
302
401
458
456
406
334
246
143
30
-71
-128
-142
-130
-120
-120
-116
-96
-61
-22
10
26
11
-43
-122
-192
-246
-305
-382
-448
-475
-458
-415
-370
-359
-390
-432
-429
-377
-317
-278
-249
-196
-141
-106
-97
-91
-86
-103
-142
-177
-174
-151
-149
-194
-265
-329
-362
-355
-309
-234
-170
-155
-183
-200
-179
-146
-164
-222
-248
-215
-163
-154
-176
-185
-150
-81
-3
51
45
-15
-78
-77
14
154
272
328
331
315
314
345
383
381
335
293
293
288
226
123
45
17
-1
-54
-130
-180
-161
-108
-87
-134
-203
-213
-131
8
123
159
141
140
202
301
374
394
380
353
318
277
241
227
250
298
337
318
235
108
-23
-99
-68
56
170
204
188
194
220
192
89
-9
-6
87
168
167
100
46
39
37
-41
-207
-380
-450
-371
-187
16
137
138
68
52
160
351
511
573
550
495
440
387
344
311
293
267
203
116
41
-15
-101
-222
-330
-369
-360
-359
-369
-339
-239
-122
-64
-79
-113
-131
-161
-242
-341
-386
-325
-192
-65
-9
-43
-121
-184
-220
-251
-297
-321
-304
-266
-251
-255
-253
-223
-165
-76
17
68
65
55
100
160
131
-24
-235
-382
-415
-374
-321
-312
-356
-441
-525
-546
-489
-410
-385
-401
-354
-196
13
152
197
209
255
311
302
204
72
-33
-86
-72
19
138
195
167
100
45
6
7
65
140
158
112
87
151
268
333
281
148
16
-48
-26
57
164
246
268
218
116
27
15
102
227
307
302
264
272
343
439
515
544
504
376
206
86
95
202
275
188
-62
-324
-460
-442
-353
-292
-298
-360
-403
-374
-309
-311
-419
-563
-601
-441
-145
121
223
182
105
70
86
135
190
210
165
45
-88
-142
-52
140
302
333
262
197
196
247
325
440
574
638
532
278
47
20
193
372
371
208
24
-89
-156
-214
-247
-252
-249
-239
-178
-59
40
56
20
5
40
101
179
229
202
93
-3
0
87
192
277
349
373
320
186
29
-92
-147
-129
-83
-88
-199
-369
-488
-493
-417
-343
-314
-316
-293
-234
-186
-180
-153
-52
88
149
116
70
97
169
210
192
131
36
-84
-188
-231
-198
-139
-129
-230
-408
-549
-559
-453
-328
-258
-243
-244
-230
-181
-99
-21
-10
-81
-176
-250
-326
-448
-563
-558
-381
-106
116
190
131
46
26
72
118
125
115
119
139
159
157
113
8
-125
-193
-145
-19
63
27
-104
-241
-315
-333
-306
-252
-200
-215
-275
-286
-175
-4
121
179
228
293
317
251
146
102
168
308
451
535
531
464
385
348
358
387
356
213
19
-92
-42
60
78
-5
-53
42
260
473
564
525
454
482
603
677
582
374
227
234
312
330
290
278
302
205
-88
-419
-500
-243
144
392
420
339
226
95
-21
-7
174
381
387
146
-135
-209
-82
2
-130
-367
-480
-387
-235
-197
-288
-406
-460
-442
-376
-289
-229
-248
-352
-437
-368
-117
169
299
208
16
-113
-115
-27
60
76
-36
-243
-427
-480
-419
-348
-332
-352
-370
-391
-433
-496
-493
-337
-69
125
64
-173
-324
-225
17
141
55
-116
-204
-176
-89
14
111
157
108
-2
-64
-15
119
260
359
387
312
145
3
-24
32
44
-35
-113
-111
-57
-39
-67
-106
-129
-152
-103
119
476
725
647
339
78
15
30
15
23
147
271
191
-82
-300
-291
-176
-161
-251
-273
-160
-37
-38
-107
-85
31
91
20
-48
35
222
328
243
37
-178
-297
-261
-53
194
245
-3
-393
-646
-654
-535
-409
-289
-124
49
136
87
22
49
156
211
171
166
295
483
522
384
223
200
275
338
356
370
341
208
30
-16
125
263
197
-21
-168
-166
-106
-55
30
126
104
-83
-270
-242
-28
176
239
248
290
337
312
216
116
32
-16
7
108
201
193
101
63
166
359
483
451
290
102
-40
-68
39
199
248
133
-14
-42
32
61
5
-53
-7
89
118
10
-177
-307
-276
-76
204
422
484
401
241
98
17
0
10
-6
-75
-173
-254
-279
-266
-270
-355
-522
-700
-784
-733
-611
-506
-505
-611
-751
-764
-581
-318
-152
-137
-178
-187
-142
-85
-13
66
150
178
112
-26
-150
-213
-238
-249
-224
-160
-130
-202
-339
-394
-280
-70
94
144
99
27
-23
5
79
127
95
31
18
74
133
115
19
-80
-88
-9
54
-22
-230
-401
-372
-155
75
179
117
-52
-246
-318
-180
95
311
354
310
331
460
613
694
632
440
181
0
-22
66
126
77
-14
-80
-118
-185
-265
-314
-305
-223
-70
94
145
28
-125
-113
118
397
490
372
222
219
338
438
463
477
497
438
258
53
1
121
268
320
268
183
46
-116
-189
-65
201
420
475
372
189
-32
-191
-168
112
525
814
780
451
43
-201
-175
30
230
287
184
-16
-225
-354
-339
-219
-89
-7
57
113
104
-37
-268
-434
-424
-274
-129
-82
-98
-118
-152
-268
-452
-590
-579
-445
-263
-94
35
56
-43
-147
-127
33
228
365
413
352
180
-8
-80
1
112
126
58
12
27
4
-124
-291
-370
-321
-207
-81
8
-26
-232
-505
-649
-565
-333
-122
-71
-239
-562
-839
-876
-630
-256
55
195
127
-130
-465
-674
-643
-416
-169
-14
-3
-107
-296
-488
-579
-469
-174
162
385
387
194
-78
-222
-128
156
445
593
548
320
-15
-301
-363
-184
72
257
336
368
344
255
133
70
119
238
356
405
416
413
416
415
434
501
544
435
151
-116
-154
33
220
235
105
-36
-92
-119
-193
-321
-345
-112
320
658
638
292
-66
-120
170
584
848
809
461
-34
-373
-266
273
844
992
623
48
-362
-484
-341
-5
433
772
822
555
107
-331
-590
-516
-112
410
716
650
303
-110
-437
-595
-525
-201
295
725
823
465
-168
-707
-812
-455
62
328
151
-309
-730
-871
-740
-469
-186
64
230
208
-42
-385
-573
-510
-335
-227
-212
-186
-124
-107
-200
-337
-412
-357
-185
2
88
2
-199
-390
-443
-335
-147
-11
-2
-114
-263
-332
-268
-98
98
258
345
326
230
138
108
103
40
-99
-244
-314
-263
-129
-6
20
-59
-176
-267
-335
-376
-349
-255
-183
-238
-384
-481
-437
-296
-192
-188
-246
-283
-246
-164
-91
-69
-35
83
258
370
358
290
242
224
204
195
225
297
344
259
15
-262
-396
-339
-193
-95
-84
-93
-42
70
167
202
200
200
184
152
168
297
485
559
424
197
106
238
445
524
438
296
192
126
87
126
278
483
615
612
543
513
553
572
487
347
282
317
346
297
243
256
246
109
-77
-114
46
227
239
99
-34
-56
4
39
11
-58
-94
-60
10
29
-23
-74
-58
5
21
-29
-119
-185
-211
-197
-173
-173
-238
-370
-536
-669
-685
-553
-335
-190
-205
-305
-304
-131
99
229
207
90
-18
-89
-121
-135
-105
17
174
234
90
-179
-412
-503
-442
-235
40
190
72
-249
-525
-632
-629
-587
-466
-235
-22
3
-178
-373
-408
-299
-182
-131
-92
-39
-62
-217
-414
-489
-403
-226
-35
129
174
49
-191
-375
-392
-264
-44
203
426
541
500
320
97
-54
-40
153
386
478
341
107
-69
-137
-187
-262
-329
-343
-295
-230
-180
-175
-185
-145
7
193
258
130
-64
-96
60
263
315
228
144
176
295
362
324
181
19
-58
105
487
817
772
371
-20
-103
16
32
-146
-310
-283
-166
-125
-146
-55
150
334
400
409
426
455
517
654
850
939
825
617
571
754
960
946
717
458
311
272
282
286
246
171
91
3
-145
-322
-436
-412
-311
-220
-135
-51
-2
-59
-145
-122
13
105
35
-139
-294
-353
-317
-212
-105
-74
-161
-331
-534
-767
-1004
-1127
-998
-655
-318
-186
-246
-355
-399
-394
-404
-457
-480
-393
-229
-97
-69
-119
-195
-243
-243
-197
-153
-125
-97
-52
-26
-73
-214
-381
-464
-366
-96
173
263
128
-57
-115
-13
156
297
387
467
572
645
579
409
307
342
386
319
214
155
110
1
-137
-234
-295
-318
-244
-22
232
355
229
-124
-539
-764
-616
-179
262
434
262
-123
-489
-617
-420
13
443
644
532
240
-37
-213
-305
-319
-163
161
462
495
235
-118
-368
-436
-298
42
441
657
508
59
-435
-696
-628
-343
13
342
547
492
149
-278
-475
-306
96
464
644
660
599
473
233
-80
-301
-288
-68
199
368
350
116
-282
-645
-733
-478
-39
321
430
277
-10
-246
-322
-243
-87
67
174
212
186
86
-86
-259
-288
-109
179
401
479
435
328
175
27
-35
51
248
399
379
189
-26
-142
-131
-57
38
122
169
140
36
-77
-111
-7
222
484
629
558
312
42
-127
-177
-187
-227
-307
-363
-320
-183
-21
78
88
38
5
56
203
369
444
384
235
94
4
-61
-132
-188
-186
-137
-145
-296
-575
-816
-861
-693
-421
-152
61
176
162
78
37
82
152
169
125
85
99
129
69
-144
-415
-566
-501
-323
-224
-284
-396
-425
-369
-317
-303
-259
-133
17
66
-50
-238
-331
-254
-78
53
35
-135
-341
-449
-421
-313
-192
-70
29
78
77
55
30
10
20
79
163
222
250
240
183
88
18
30
106
188
234
248
246
243
252
260
235
155
40
-47
-58
4
79
110
98
73
47
-4
-70
-97
-50
8
-8
-95
-145
-62
162
436
649
719
641
480
325
240
211
175
101
36
25
23
-81
-319
-574
-678
-560
-320
-143
-131
-218
-258
-233
-226
-258
-180
128
537
776
717
482
269
208
319
505
605
537
376
252
226
284
392
494
549
584
651
775
909
1022
1092
1117
1111
1107
1124
1140
1141
1124
1109
1107
1129
1127
1027
791
429
-66
-729
-1483
-2088
-2344
-2319
-2325
-2624
-3192
-3764
-4057
-3992
-3652
-3160
-2613
-2090
-1644
-1257
-872
-454
13
564
1176
1685
1888
1728
1422
1222
1171
1061
699
133
-435
-868
-1194
-1438
-1536
-1405
-1099
-761
-457
-108
403
1088
1873
2639
3298
3785
4096
4263
4352
4468
4698
5010
5185
5009
4405
3387
1999
444
-867
-1663
-2163
-2886
-4041
-5323
-6295
-6798
-6876
-6538
-5772
-4780
-3927
-3415
-3074
-2517
-1530
-193
1255
2626
3750
4453
4622
4310
3745
3172
2710
2278
1678
774
-402
-1739
-3133
-4424
-5326
-5636
-5533
-5446
-5554
-5546
-5000
-3905
-2616
-1400
-194
1137
2505
3697
4657
5539
6469
7363
8018
8329
8365
8206
7825
7185
6389
5614
4908
4099
3039
1782
501
-812
-2332
-4021
-5437
-6117
-6148
-6123
-6502
-7119
-7469
-7276
-6649
-5790
-4775
-3663
-2627
-1840
-1266
-642
295
1564
2951
4195
5059
5341
4953
4067
3060
2268
1769
1336
611
-643
-2270
-3783
-4712
-5008
-5031
-5140
-5349
-5423
-5225
-4826
-4283
-3468
-2248
-754
677
1831
2777
3679
4561
5358
6069
6761
7365
7651
7455
6921
6369
5986
5683
5287
4721
3981
3097
2098
969
-381
-1907
-3241
-3941
-4027
-4098
-4733
-5883
-6918
-7283
-6934
-6204
-5405
-4670
-4022
-3461
-2937
-2316
-1441
-268
1068
2323
3310
3978
4309
4263
3849
3233
2647
2156
1594
731
-466
-1746
-2777
-3429
-3845
-4222
-4594
-4824
-4792
-4491
-4004
-3369
-2550
-1537
-410
696
1693
2561
3316
3993
4654
5338
5965
6362
6399
6156
5883
5751
5642
5234
4369
3325
2571
2290
2187
1734
599
-1087
-2731
-3681
-3781
-3586
-3852
-4785
-5863
-6400
-6190
-5521
-4753
-4062
-3476
-2949
-2348
-1533
-524
459
1230
1873
2637
3541
4213
4240
3657
2943
2530
2371
2035
1178
-120
-1468
-2523
-3210
-3644
-3984
-4392
-4905
-5308
-5273
-4734
-3998
-3376
-2820
-2050
-943
265
1249
1960
2670
3644
4799
5752
6187
6152
5956
5893
6021
6145
5960
5299
4343
3533
3175
3122
2863
1939
326
-1482
-2767
-3136
-2915
-2913
-3659
-4909
-5958
-6338
-6098
-5519
-4819
-4131
-3556
-3109
-2638
-1960
-1062
-77
944
2081
3283
4204
4475
4113
3529
3115
2865
2461
1680
611
-513
-1561
-2499
-3240
-3718
-4062
-4534
-5170
-5608
-5419
-4606
-3650
-2980
-2492
-1751
-619
549
1354
1896
2607
3665
4761
5467
5692
5671
5653
5696
5746
5741
5562
5053
4236
3464
3129
3219
3258
2693
1319
-537
-2141
-2812
-2614
-2405
-3016
-4349
-5578
-6089
-5987
-5674
-5288
-4764
-4134
-3532
-2952
-2265
-1438
-620
142
1055
2303
3617
4391
4290
3650
3070
2812
2598
2079
1214
259
-606
-1435
-2332
-3242
-4002
-4551
-4941
-5196
-5244
-4999
-4427
-3594
-2664
-1835
-1164
-499
377
1554
2882
4059
4811
5126
5263
5483
5797
5997
5947
5742
5546
5264
4598
3500
2453
2017
2179
2351
1951
839
-733
-2263
-3182
-3226
-2816
-2796
-3613
-4818
-5547
-5404
-4750
-4187
-3945
-3822
-3535
-2975
-2184
-1291
-476
133
628
1300
2269
3211
3610
3281
2568
1934
1548
1246
847
307
-386
-1260
-2255
-3131
-3657
-3848
-3908
-3956
-3896
-3611
-3152
-2690
-2279
-1777
-1002
33
1087
1949
2595
3137
3649
4143
4587
4887
4931
4737
4529
4568
4843
5015
4700
3850
2890
2376
2534
3043
3310
2845
1554
-148
-1476
-1828
-1401
-1102
-1688
-3046
-4391
-5078
-5075
-4816
-4741
-4970
-5234
-5132
-4521
-3646
-2880
-2341
-1768
-812
510
1711
2303
2307
2175
2248
2473
2575
2369
1845
1119
339
-353
-904
-1368
-1844
-2350
-2799
-3103
-3284
-3410
-3433
-3193
-2588
-1738
-920
-365
-37
321
952
1856
2816
3574
3998
4131
4151
4237
4473
4839
5234
5456
5303
4811
4323
4200
4421
4576
4238
3293
1943
538
-535
-1061
-1255
-1708
-2810
-4315
-5575
-6195
-6320
-6341
-6503
-6791
-7035
-7031
-6641
-5888
-4960
-4090
-3291
-2331
-1020
468
1721
2498
2898
3186
3526
3893
4077
3844
3162
2286
1538
1014
532
-147
-1087
-2103
-2923
-3353
-3391
-3193
-2927
-2655
-2315
-1884
-1459
-1115
-722
-27
1010
2112
2920
3351
3641
4065
4657
5249
5741
6144
6428
6435
6064
5478
5037
4959
5043
4867
4235
3289
2145
782
-609
-1500
-1662
-1707
-2531
-4206
-5848
-6694
-6866
-6937
-7098
-7171
-7083
-6951
-6698
-6038
-4916
-3710
-2770
-1926
-672
1078
2738
3663
3920
4111
4612
5185
5412
5177
4643
3922
2997
1914
852
-28
-786
-1583
-2413
-3100
-3555
-3872
-4113
-4195
-4057
-3803
-3524
-3147
-2533
-1709
-862
-163
388
978
1810
2921
4104
5026
5494
5643
5791
6048
6179
5998
5692
5585
5660
5556
5026
4155
3085
1823
453
-691
-1402
-2047
-3234
-4987
-6577
-7353
-7455
-7514
-7819
-8130
-8124
-7757
-7099
-6148
-4926
-3639
-2481
-1335
91
1777
3253
4121
4536
4971
5599
6091
6047
5444
4583
3719
2856
1929
932
-89
-1130
-2161
-3088
-3802
-4307
-4697
-5037
-5270
-5277
-5007
-4537
-3962
-3264
-2396
-1402
-388
635
1714
2811
3772
4495
5062
5633
6235
6712
6908
6830
6599
6309
6005
5759
5580
5287
4685
3788
2738
1559
265
-906
-1701
-2356
-3415
-4981
-6418
-7129
-7283
-7487
-7879
-8016
-7598
-6897
-6256
-5573
-4523
-3123
-1715
-427
977
2638
4233
5351
5991
6472
6897
7046
6740
6092
5292
4377
3250
1949
671
-428
-1441
-2580
-3883
-5096
-5916
-6259
-6263
-6131
-5987
-5816
-5467
-4794
-3809
-2663
-1495
-330
893
2208
3517
4660
5530
6150
6599
6932
7191
7390
7448
7193
6578
5851
5353
5127
4816
4091
3023
1864
640
-738
-2037
-2868
-3325
-4030
-5293
-6663
-7513
-7795
-7853
-7814
-7490
-6874
-6223
-5676
-5008
-3978
-2684
-1421
-214
1144
2691
4028
4776
5020
5183
5445
5540
5137
4259
3217
2235
1265
199
-907
-1924
-2863
-3831
-4797
-5558
-5985
-6188
-6407
-6686
-6796
-6442
-5557
-4382
-3240
-2292
-1408
-356
924
2254
3369
4194
4875
5612
6421
7136
7578
7720
7639
7402
6992
6476
6058
5855
5641
5053
4082
3075
2174
1116
-219
-1425
-2164
-2822
-4011
-5599
-6732
-6973
-6774
-6742
-6808
-6592
-6072
-5530
-4928
-3969
-2645
-1379
-418
553
1969
3675
5011
5563
5630
5747
5944
5819
5143
4175
3208
2199
939
-507
-1824
-2838
-3696
-4607
-5537
-6264
-6675
-6869
-6962
-6889
-6478
-5712
-4764
-3808
-2831
-1724
-427
997
2446
3797
4924
5752
6358
6892
7393
7746
7829
7673
7347
6860
6237
5672
5372
5201
4705
3698
2550
1695
973
-49
-1338
-2359
-2945
-3554
-4567
-5680
-6348
-6493
-6479
-6517
-6476
-6244
-5881
-5417
-4661
-3497
-2147
-992
-74
934
2253
3562
4329
4467
4418
4512
4556
4186
3382
2428
1458
386
-819
-1964
-2868
-3601
-4360
-5181
-5865
-6259
-6456
-6630
-6708
-6416
-5619
-4565
-3661
-3051
-2471
-1547
-216
1220
2452
3430
4305
5167
5973
6633
7094
7369
7508
7567
7535
7298
6719
5892
5159
4753
4480
3935
2971
1744
389
-1017
-2227
-2943
-3329
-3995
-5238
-6542
-7146
-6962
-6581
-6473
-6510
-6304
-5700
-4812
-3777
-2703
-1724
-924
-161
824
2084
3325
4211
4720
5072
5363
5415
5014
4189
3148
2071
1013
-13
-983
-1937
-2959
-4030
-4915
-5343
-5327
-5207
-5282
-5448
-5319
-4685
-3753
-2895
-2250
-1612
-706
541
1945
3249
4267
4987
5534
6082
6707
7309
7663
7606
7224
6765
6331
5833
5225
4691
4350
3982
3276
2217
1006
-312
-1730
-2958
-3592
-3780
-4206
-5231
-6353
-6806
-6494
-6028
-5917
-6038
-5908
-5275
-4282
-3198
-2181
-1297
-543
220
1272
2704
4176
5112
5259
4927
4643
4598
4533
4049
3022
1673
349
-764
-1693
-2556
-3416
-4232
-4902
-5349
-5609
-5793
-5976
-6094
-5977
-5527
-4822
-4046
-3262
-2365
-1252
30
1303
2444
3412
4231
4915
5491
6000
6453
6774
6882
6764
6463
5957
5242
4512
4049
3867
3619
2982
1962
725
-609
-1846
-2658
-2969
-3234
-3994
-5163
-6047
-6102
-5538
-5001
-4848
-4877
-4649
-3979
-3018
-2080
-1340
-799
-248
619
1946
3410
4420
4645
4377
4142
4159
4144
3680
2696
1516
512
-286
-1073
-1990
-2950
-3834
-4581
-5182
-5574
-5714
-5675
-5598
-5525
-5330
-4866
-4162
-3363
-2525
-1556
-377
904
2064
2969
3726
4509
5348
6075
6564
6810
6845
6646
6257
5856
5578
5353
5043
4662
4315
3979
3470
2641
1462
76
-1157
-1804
-1847
-1886
-2553
-3765
-4772
-5027
-4735
-4505
-4612
-4844
-4843
-4512
-3922
-3156
-2298
-1525
-909
-239
766
2013
2997
3342
3218
3154
3378
3565
3245
2395
1423
654
11
-724
-1598
-2496
-3322
-4028
-4557
-4901
-5173
-5498
-5819
-5904
-5564
-4926
-4310
-3882
-3434
-2621
-1348
116
1393
2308
2952
3553
4261
5100
5954
6617
6884
6762
6509
6385
6336
6093
5584
5056
4728
4487
4032
3152
1849
372
-771
-1176
-1094
-1341
-2423
-3882
-4787
-4768
-4344
-4256
-4703
-5259
-5355
-4833
-3994
-3266
-2823
-2529
-2077
-1232
-21
1212
2046
2339
2364
2562
3064
3470
3226
2291
1203
458
8
-488
-1221
-2124
-3043
-3816
-4310
-4534
-4675
-4937
-5289
-5449
-5177
-4592
-4064
-3737
-3328
-2473
-1182
201
1374
2278
3027
3747
4531
5392
6218
6792
6977
6898
6821
6828
6686
6234
5686
5405
5360
5071
4130
2605
998
-160
-631
-680
-945
-1931
-3480
-4850
-5428
-5278
-5018
-5193
-5828
-6406
-6375
-5643
-4698
-4064
-3778
-3349
-2338
-811
714
1756
2259
2530
2910
3485
4027
4161
3680
2754
1818
1171
768
310
-413
-1381
-2350
-3048
-3375
-3504
-3758
-4311
-4999
-5399
-5232
-4650
-4052
-3602
-3060
-2133
-835
545
1733
2643
3379
4109
4957
5895
6715
7130
7032
6682
6523
6694
6857
6565
5807
5020
4588
4381
3809
2448
598
-881
-1431
-1451
-1904
-3242
-4920
-6004
-6146
-5787
-5603
-5912
-6535
-6967
-6715
-5702
-4426
-3549
-3258
-3023
-2120
-370
1617
3031
3586
3685
3906
4443
5011
5163
4705
3818
2886
2182
1690
1149
279
-963
-2244
-3127
-3476
-3653
-4123
-4947
-5694
-5881
-5460
-4826
-4364
-4060
-3593
-2736
-1529
-155
1190
2317
3146
3805
4527
5361
6101
6499
6559
6523
6599
6708
6608
6171
5558
5011
4556
3897
2698
1058
-453
-1317
-1718
-2352
-3643
-5198
-6261
-6515
-6343
-6326
-6706
-7243
-7449
-6965
-5840
-4531
-3510
-2880
-2262
-1170
550
2502
4083
4946
5255
5420
5734
6145
6337
5963
4930
3552
2315
1499
913
133
-1087
-2524
-3685
-4259
-4449
-4749
-5416
-6192
-6591
-6380
-5770
-5123
-4569
-3944
-3041
-1833
-470
843
1943
2778
3450
4133
4962
5863
6569
6816
6611
6269
6133
6241
6293
5998
5378
4693
4017
3090
1700
116
-1089
-1724
-2234
-3187
-4532
-5652
-6063
-5908
-5684
-5704
-5897
-6011
-5823
-5204
-4164
-2863
-1627
-677
113
1165
2660
4217
5234
5533
5489
5584
5898
6086
5744
4775
3438
2109
1067
365
-218
-1088
-2459
-4021
-5086
-5275
-4963
-4940
-5571
-6414
-6706
-6177
-5240
-4433
-3842
-3146
-2102
-819
462
1640
2751
3765
4581
5198
5732
6232
6541
6481
6125
5792
5692
5696
5506
5016
4348
3537
2410
932
-497
-1337
-1582
-1864
-2786
-4239
-5532
-6095
-5965
-5611
-5434
-5526
-5701
-5692
-5246
-4254
-2875
-1515
-523
167
984
2221
3665
4798
5270
5187
4924
4807
4861
4841
4410
3387
1911
409
-661
-1228
-1674
-2507
-3809
-5118
-5853
-5907
-5716
-5773
-6102
-6317
-6073
-5398
-4540
-3672
-2781
-1814
-778
298
1432
2616
3727
4599
5197
5654
6077
6396
6471
6306
6041
5777
5422
4860
4135
3478
2989
2412
1361
-115
-1400
-1913
-1825
-1928
-2797
-4151
-5189
-5378
-4904
-4319
-4020
-4036
-4127
-3998
-3398
-2305
-978
126
727
1002
1452
2400
3664
4720
5153
4934
4374
3886
3709
3744
3591
2842
1477
-16
-1049
-1475
-1718
-2280
-3231
-4199
-4805
-5013
-5050
-5076
-5050
-4873
-4549
-4144
-3640
-2945
-2028
-997
-16
865
1745
2735
3769
4634
5140
5257
5115
4917
4828
4874
4909
4706
4159
3419
2846
2615
2431
1730
358
-1152
-2042
-2114
-1898
-2105
-2951
-4039
-4785
-4862
-4380
-3699
-3259
-3250
-3537
-3694
-3332
-2344
-1050
43
648
940
1323
2029
2971
3832
4313
4293
3930
3499
3219
3046
2697
1917
764
-371
-1143
-1567
-1951
-2541
-3290
-3966
-4421
-4674
-4762
-4613
-4232
-3843
-3717
-3775
-3598
-2820
-1487
-28
1099
1736
2098
2518
3175
3981
4698
5060
4964
4561
4159
3972
3957
3908
3632
3144
2577
1987
1261
370
-471
-967
-1147
-1347
-1852
-2580
-3217
-3544
-3583
-3484
-3333
-3159
-2957
-2736
-2446
-2028
-1452
-774
-78
551
1068
1473
1815
2184
2605
2996
3195
3116
2831
2530
2321
2123
1752
1143
439
-190
-711
-1223
-1760
-2237
-2562
-2791
-3084
-3503
-3892
-3997
-3768
-3438
-3250
-3174
-2943
-2345
-1419
-408
448
1095
1631
2156
2697
3222
3678
3965
3988
3750
3388
3105
3026
3067
3013
2717
2235
1708
1188
623
23
-495
-824
-1038
-1321
-1729
-2094
-2239
-2186
-2113
-2118
-2168
-2197
-2201
-2205
-2183
-2047
-1717
-1255
-792
-391
44
591
1182
1664
1970
2160
2343
2534
2645
2554
2255
1871
1519
1175
725
112
-574
-1156
-1520
-1712
-1933
-2363
-2967
-3464
-3583
-3365
-3125
-3092
-3148
-2958
-2312
-1323
-338
382
849
1262
1750
2291
2803
3219
3469
3475
3246
2917
2682
2611
2615
2528
2261
1809
1262
764
458
367
354
204
-183
-666
-958
-900
-611
-391
-458
-821
-1276
-1549
-1469
-1112
-723
-555
-729
-1158
-1594
-1720
-1348
-555
273
708
608
295
250
646
1222
1546
1470
1169
924
799
641
319
-111
-500
-801
-1087
-1452
-1919
-2428
-2856
-3091
-3135
-3085
-3045
-3028
-2951
-2704
-2270
-1707
-1077
-427
162
606
940
1285
1689
2057
2273
2334
2319
2250
2143
1995
1864
1734
1601
1458
1299
1064
757
516
500
702
916
1017
1001
983
931
759
426
134
84
241
311
76
-350
-735
-962
-1126
-1265
-1257
-1023
-714
-597
-730
-828
-596
-42
548
859
855
685
571
603
724
776
665
405
85
-240
-556
-826
-1061
-1303
-1669
-2081
-2398
-2472
-2385
-2246
-2146
-2047
-1906
-1634
-1237
-794
-448
-255
-142
-7
242
569
920
1127
1144
1022
1024
1260
1626
1809
1697
1411
1173
1157
1362
1686
1921
1922
1697
1453
1348
1410
1463
1373
1144
922
827
841
810
666
360
-10
-345
-425
-173
232
413
188
-233
-466
-273
230
782
1043
885
367
-68
-91
417
994
1224
884
207
-446
-831
-965
-1050
-1280
-1711
-2183
-2571
-2740
-2741
-2666
-2603
-2543
-2390
-2136
-1934
-1887
-1999
-2093
-2047
-1755
-1370
-1029
-975
-1103
-1304
-1346
-1157
-764
-317
-53
19
-44
53
370
928
1442
1710
1648
1457
1395
1485
1620
1594
1538
1473
1483
1328
1037
684
469
397
324
235
126
189
315
532
691
899
1112
1443
1751
2000
2035
1892
1710
1514
1495
1514
1514
1314
925
463
42
-335
-597
-768
-909
-1082
-1405
-1723
-1980
-2051
-1957
-1853
-1805
-1825
-1832
-1708
-1553
-1428
-1441
-1472
-1360
-1080
-819
-686
-733
-800
-788
-644
-336
-43
146
129
72
146
512
1036
1526
1713
1654
1540
1630
1835
1967
1813
1525
1278
1168
1075
919
719
597
455
257
37
-3
216
524
696
732
743
950
1298
1587
1682
1488
1338
1357
1635
1822
1721
1248
700
254
77
14
-162
-538
-1128
-1659
-2077
-2234
-2267
-2236
-2315
-2473
-2656
-2779
-2753
-2645
-2434
-2303
-2218
-2254
-2239
-2145
-1902
-1643
-1435
-1271
-1163
-1003
-846
-589
-322
-91
8
96
250
605
951
1168
1185
1230
1517
1978
2254
2176
1810
1547
1467
1451
1323
1086
893
716
474
120
-126
-184
28
264
430
437
442
626
959
1334
1529
1525
1363
1255
1302
1431
1432
1206
886
604
436
252
16
-328
-705
-1097
-1462
-1709
-1781
-1717
-1786
-2127
-2630
-2909
-2792
-2400
-2111
-2086
-2302
-2502
-2497
-2243
-1833
-1409
-1136
-1028
-1054
-977
-666
-196
239
497
650
878
1230
1546
1676
1579
1564
1793
2196
2486
2460
2219
2025
1969
2041
2034
1937
1773
1615
1409
1100
789
670
802
989
1001
836
698
724
929
1137
1281
1303
1279
1278
1358
1438
1439
1241
893
515
215
28
-168
-450
-813
-1198
-1510
-1722
-1784
-1746
-1747
-1952
-2337
-2742
-2977
-3005
-2895
-2778
-2806
-2997
-3246
-3319
-3147
-2779
-2407
-2128
-2003
-1961
-1845
-1548
-1073
-570
-157
180
539
961
1348
1558
1626
1738
2001
2297
2384
2198
1935
1781
1790
1831
1796
1692
1518
1325
1075
850
734
790
917
931
790
652
711
979
1328
1606
1734
1711
1595
1531
1565
1611
1491
1145
727
442
315
226
24
-284
-587
-868
-1070
-1226
-1273
-1283
-1407
-1748
-2200
-2481
-2432
-2191
-2100
-2282
-2657
-2904
-2908
-2700
-2458
-2316
-2234
-2169
-2046
-1869
-1590
-1221
-873
-661
-545
-321
117
655
1046
1239
1355
1517
1667
1668
1589
1586
1747
1913
1926
1767
1582
1461
1378
1254
1067
902
815
801
754
612
470
462
670
956
1170
1220
1165
1102
1130
1284
1494
1663
1642
1456
1149
892
695
560
443
312
113
-194
-504
-673
-648
-611
-725
-1046
-1374
-1528
-1472
-1365
-1423
-1648
-1911
-2051
-2120
-2205
-2339
-2435
-2427
-2337
-2209
-2055
-1829
-1524
-1183
-860
-505
-99
345
714
948
1082
1205
1313
1329
1187
1047
1049
1198
1295
1238
1112
1065
1090
1070
922
735
631
621
591
444
267
213
350
593
808
904
848
742
699
804
943
1016
960
866
778
726
659
528
325
104
-68
-196
-317
-427
-460
-447
-494
-698
-960
-1187
-1307
-1429
-1617
-1904
-2138
-2206
-2138
-2104
-2160
-2197
-2126
-1978
-1864
-1756
-1580
-1306
-1018
-772
-490
-85
426
885
1146
1241
1289
1411
1530
1544
1425
1267
1155
1077
971
856
783
789
841
872
875
820
739
644
555
478
404
381
419
514
573
566
489
452
504
653
801
853
773
604
471
422
411
300
50
-245
-440
-473
-422
-367
-412
-551
-745
-871
-865
-803
-834
-1058
-1334
-1542
-1606
-1680
-1810
-1952
-1963
-1833
-1669
-1552
-1469
-1332
-1109
-834
-552
-241
137
613
1031
1235
1210
1129
1162
1303
1407
1408
1282
1118
959
836
739
694
708
771
795
700
543
396
388
441
486
460
409
384
416
499
603
691
736
812
940
1101
1155
1057
855
653
485
349
231
146
54
-56
-198
-327
-450
-559
-670
-766
-826
-819
-770
-780
-918
-1143
-1316
-1374
-1385
-1445
-1562
-1659
-1678
-1634
-1525
-1363
-1171
-990
-819
-637
-424
-183
89
356
591
783
920
989
992
1028
1119
1224
1229
1122
988
920
903
880
773
610
457
353
327
334
345
303
194
71
13
74
230
388
461
455
445
514
635
672
563
327
146
84
113
105
2
-169
-356
-535
-707
-844
-940
-993
-1090
-1245
-1390
-1424
-1314
-1183
-1135
-1244
-1381
-1448
-1398
-1355
-1408
-1516
-1595
-1545
-1402
-1160
-897
-615
-383
-234
-153
-46
176
497
815
1005
997
817
621
591
783
1013
1085
911
691
611
770
1013
1158
1143
1057
1037
1091
1139
1083
939
782
713
762
947
1162
1318
1324
1256
1216
1282
1344
1303
1097
856
649
495
353
193
58
-74
-198
-342
-464
-528
-545
-611
-741
-864
-859
-782
-758
-883
-1067
-1182
-1171
-1109
-1113
-1198
-1292
-1271
-1132
-925
-777
-736
-838
-968
-1002
-827
-529
-274
-142
-107
-52
40
159
244
322
395
448
404
308
272
370
531
628
654
665
715
762
752
681
627
639
680
669
593
553
591
655
628
490
347
359
519
687
679
471
211
20
-52
-126
-252
-446
-616
-739
-813
-907
-1016
-1118
-1143
-1063
-927
-827
-820
-885
-944
-936
-850
-744
-674
-663
-670
-672
-682
-735
-825
-883
-873
-803
-721
-619
-524
-436
-370
-263
-106
92
244
330
353
396
525
755
1011
1197
1261
1232
1191
1216
1344
1527
1645
1634
1528
1438
1402
1362
1269
1143
1041
984
912
761
570
435
465
567
597
444
178
-89
-306
-466
-572
-650
-748
-910
-1072
-1162
-1105
-947
-790
-733
-765
-807
-796
-763
-721
-670
-616
-603
-690
-856
-1020
-1110
-1101
-1054
-1028
-1036
-1061
-1039
-988
-908
-818
-694
-556
-413
-311
-223
-158
-60
94
327
581
780
898
952
1002
1061
1178
1327
1490
1607
1676
1680
1609
1481
1312
1185
1061
991
927
886
832
766
678
551
404
305
283
248
110
-117
-307
-380
-403
-466
-574
-623
-534
-379
-228
-177
-144
-160
-179
-323
-505
-669
-663
-533
-436
-492
-717
-914
-1061
-1062
-1093
-1107
-1252
-1382
-1506
-1505
-1435
-1320
-1190
-1076
-938
-805
-616
-432
-173
95
398
604
748
806
905
1029
1181
1253
1221
1145
1095
1136
1158
1179
1130
1131
1136
1185
1150
1010
805
661
636
624
548
394
255
136
74
39
20
-94
-276
-446
-534
-600
-663
-691
-628
-529
-514
-565
-695
-748
-737
-607
-488
-380
-336
-256
-218
-249
-395
-601
-682
-662
-539
-538
-627
-843
-1031
-1170
-1170
-1131
-1115
-1137
-1142
-1020
-848
-635
-462
-251
-23
218
373
499
649
881
1101
1210
1203
1179
1219
1338
1451
1494
1436
1367
1374
1437
1439
1240
923
613
541
639
828
849
677
357
86
-14
26
108
101
46
-80
-196
-345
-433
-441
-405
-349
-344
-295
-226
-99
-1
47
30
-8
-25
-39
-65
-158
-316
-562
-801
-953
-925
-824
-761
-809
-907
-1016
-1115
-1196
-1182
-1084
-953
-831
-716
-577
-462
-355
-194
23
235
371
469
587
675
725
757
839
918
971
958
921
882
829
790
674
547
364
222
109
67
75
49
-19
-134
-197
-198
-108
26
157
232
265
266
210
155
173
349
537
570
395
143
-3
-10
76
107
27
-161
-418
-630
-794
-841
-824
-827
-897
-1028
-1140
-1187
-1222
-1237
-1224
-1149
-1014
-952
-958
-1053
-1072
-993
-816
-630
-484
-331
-192
-8
210
437
647
804
912
1014
1057
1058
1041
995
1012
1021
1073
1080
1013
869
700
517
341
181
96
98
142
170
95
8
-61
68
236
437
517
573
549
519
450
472
512
538
518
463
455
392
303
107
-55
-183
-205
-257
-364
-532
-717
-885
-1023
-1066
-1043
-962
-919
-881
-916
-939
-927
-777
-557
-389
-332
-356
-372
-349
-200
39
288
373
343
262
201
154
205
414
628
668
532
444
476
514
544
606
673
569
318
126
106
148
142
150
195
247
261
355
483
538
505
550
670
715
620
576
629
626
511
403
435
379
184
-34
-53
-2
-30
-108
-100
-64
-173
-414
-661
-775
-804
-799
-827
-870
-904
-923
-954
-1012
-973
-749
-424
-263
-386
-614
-710
-623
-460
-282
-123
-63
-164
-290
-296
-112
95
235
221
86
-51
-40
109
189
133
81
187
266
102
-230
-367
-208
-22
-53
-190
-161
-16
41
-42
-68
54
174
195
193
296
478
632
713
738
722
680
580
430
236
93
36
43
22
-35
-78
-101
-146
-278
-424
-537
-551
-476
-381
-364
-469
-565
-504
-338
-251
-327
-433
-429
-323
-205
-91
30
143
215
240
250
255
255
261
282
285
261
244
282
335
352
321
258
149
28
-8
86
208
162
-38
-209
-171
8
160
233
259
291
311
325
357
402
460
506
518
496
481
550
649
689
608
475
350
275
215
156
34
-150
-333
-406
-324
-197
-116
-181
-355
-581
-699
-659
-503
-382
-328
-311
-289
-254
-228
-197
-203
-254
-357
-449
-489
-455
-376
-287
-202
-115
1
102
139
97
66
113
209
277
264
200
97
-6
-53
-1
94
91
-40
-202
-230
-130
15
82
45
-8
26
190
349
395
318
271
313
391
402
346
293
263
272
315
371
354
238
84
2
9
47
59
28
17
17
6
-75
-186
-234
-196
-117
-93
-122
-157
-165
-168
-200
-261
-322
-392
-443
-512
-610
-744
-833
-773
-602
-454
-425
-472
-474
-406
-307
-249
-237
-242
-231
-173
-103
-62
-95
-129
-86
14
36
-90
-287
-418
-415
-294
-118
10
39
-5
-33
-23
-27
-59
-61
26
142
214
218
242
311
419
520
578
597
558
515
456
420
411
442
486
513
518
505
455
378
324
339
421
460
396
254
140
116
133
124
50
-69
-175
-225
-183
-57
75
144
116
45
18
76
232
406
501
464
346
274
301
393
471
473
426
355
325
336
339
285
145
4
-54
6
101
121
32
-117
-234
-276
-250
-195
-133
-68
21
148
280
375
383
318
211
127
101
91
32
-90
-224
-288
-287
-251
-240
-273
-315
-346
-352
-360
-371
-378
-401
-456
-534
-580
-591
-602
-658
-780
-968
-1174
-1299
-1256
-1113
-999
-971
-964
-885
-760
-641
-568
-498
-374
-178
35
159
118
-12
-96
-26
126
227
197
102
46
59
102
121
120
138
208
299
331
272
199
182
216
201
133
63
69
111
137
140
142
178
242
357
474
525
436
255
106
95
218
383
479
468
368
252
191
221
284
312
245
120
-26
-115
-116
-50
15
3
-74
-172
-220
-216
-187
-204
-257
-285
-217
-64
62
110
96
104
163
249
334
396
449
512
579
638
669
681
698
715
711
632
500
372
294
257
209
117
-22
-130
-126
-31
29
7
-4
109
312
489
588
626
660
697
731
707
566
342
156
125
207
263
216
93
-30
-122
-194
-271
-344
-374
-333
-290
-334
-480
-639
-706
-680
-626
-668
-832
-1057
-1189
-1157
-1051
-996
-1003
-971
-832
-697
-668
-737
-790
-757
-710
-717
-779
-816
-766
-629
-450
-321
-293
-334
-354
-306
-215
-108
3
84
68
-55
-201
-231
-104
139
356
444
383
284
293
462
689
840
878
889
976
1129
1257
1255
1140
1021
1022
1136
1238
1222
1123
1026
967
904
822
737
663
569
407
181
-80
-314
-496
-624
-724
-828
-925
-1010
-1105
-1253
-1439
-1595
-1654
-1619
-1522
-1412
-1336
-1293
-1242
-1121
-964
-840
-768
-693
-583
-481
-416
-341
-222
-81
32
97
107
83
105
250
472
646
718
770
905
1111
1306
1427
1483
1508
1541
1611
1755
1937
2089
2150
2167
2193
2244
2285
2285
2239
2110
1912
1685
1485
1309
1138
934
663
314
-42
-348
-618
-916
-1260
-1582
-1825
-1990
-2145
-2268
-2316
-2259
-2179
-2144
-2178
-2229
-2281
-2314
-2303
-2231
-2119
-2055
-2045
-2044
-1986
-1870
-1724
-1574
-1429
-1303
-1161
-986
-785
-620
-527
-469
-408
-288
-110
111
308
434
503
569
690
903
1216
1563
1818
1899
1868
1889
2068
2327
2537
2628
2682
2765
2898
3012
3058
3016
2896
2736
2555
2379
2189
2007
1788
1488
1074
620
204
-151
-504
-852
-1156
-1400
-1618
-1825
-1959
-1990
-1909
-1807
-1757
-1822
-1955
-2056
-2019
-1866
-1719
-1712
-1861
-2049
-2130
-2019
-1802
-1618
-1586
-1670
-1743
-1691
-1531
-1331
-1175
-1074
-1014
-936
-763
-492
-184
31
119
122
136
196
277
332
364
411
529
728
981
1229
1415
1517
1557
1617
1765
1983
2149
2195
2185
2257
2424
2557
2534
2351
2116
1943
1876
1827
1655
1336
976
681
409
68
-363
-843
-1295
-1665
-1883
-1937
-1899
-1873
-1907
-1938
-1882
-1749
-1600
-1486
-1411
-1391
-1456
-1576
-1671
-1666
-1549
-1393
-1302
-1308
-1331
-1250
-1056
-837
-686
-597
-496
-351
-191
-100
-85
-91
-37
102
292
490
626
662
619
597
662
802
944
1068
1205
1374
1569
1766
1977
2201
2430
2630
2781
2872
2924
2958
2992
3010
2966
2840
2631
2389
2133
1871
1574
1222
808
350
-108
-529
-892
-1193
-1440
-1653
-1843
-1971
-1994
-1915
-1809
-1770
-1832
-1970
-2111
-2199
-2198
-2123
-2061
-2082
-2209
-2360
-2451
-2458
-2412
-2376
-2340
-2277
-2143
-1947
-1729
-1520
-1342
-1191
-1060
-926
-754
-552
-358
-237
-175
-115
-22
103
247
418
587
750
895
1047
1241
1508
1828
2109
2285
2399
2566
2832
3110
3237
3159
2944
2753
2658
2617
2513
2286
1979
1674
1404
1159
910
623
265
-161
-590
-933
-1147
-1265
-1347
-1420
-1481
-1515
-1525
-1543
-1581
-1645
-1704
-1771
-1832
-1888
-1902
-1874
-1836
-1830
-1860
-1864
-1805
-1663
-1465
-1233
-1035
-917
-875
-811
-662
-487
-376
-347
-290
-144
74
282
451
600
783
1002
1211
1355
1446
1544
1659
1774
1871
2016
2261
2574
2868
3044
3096
3057
2993
2937
2874
2767
2593
2382
2168
1958
1719
1427
1076
680
280
-84
-417
-770
-1154
-1509
-1739
-1814
-1796
-1795
-1897
-2084
-2252
-2298
-2218
-2119
-2103
-2198
-2353
-2495
-2563
-2548
-2498
-2467
-2451
-2417
-2328
-2179
-1969
-1733
-1556
-1492
-1516
-1508
-1389
-1164
-912
-730
-635
-572
-444
-227
13
210
357
493
645
812
999
1206
1429
1661
1912
2202
2504
2779
2954
3030
3033
3047
3102
3162
3145
2993
2738
2433
2133
1839
1521
1153
756
395
118
-79
-248
-453
-707
-960
-1143
-1233
-1241
-1232
-1270
-1401
-1579
-1708
-1728
-1684
-1677
-1759
-1891
-1993
-2015
-1957
-1869
-1802
-1780
-1763
-1687
-1532
-1328
-1113
-900
-704
-553
-469
-449
-458
-419
-295
-107
39
93
118
225
436
655
785
821
835
908
1085
1349
1634
1877
2090
2309
2547
2776
2958
3039
2979
2825
2697
2672
2690
2602
2329
1923
1488
1103
761
443
114
-209
-511
-757
-942
-1081
-1205
-1321
-1413
-1467
-1462
-1421
-1360
-1334
-1389
-1521
-1681
-1789
-1832
-1843
-1862
-1877
-1850
-1789
-1750
-1777
-1813
-1757
-1560
-1301
-1101
-1043
-1093
-1143
-1077
-890
-677
-540
-478
-404
-249
-17
214
382
473
537
637
802
1008
1201
1347
1422
1479
1576
1740
1948
2139
2268
2290
2235
2169
2134
2108
2044
1914
1706
1413
1071
766
543
360
119
-188
-474
-608
-573
-489
-501
-635
-797
-888
-900
-906
-973
-1111
-1246
-1321
-1330
-1347
-1412
-1509
-1584
-1607
-1605
-1618
-1653
-1660
-1571
-1395
-1209
-1101
-1078
-1062
-970
-786
-559
-387
-317
-308
-270
-142
35
201
298
327
336
395
584
872
1161
1347
1434
1484
1534
1592
1662
1776
1944
2110
2211
2228
2227
2273
2335
2317
2131
1814
1490
1277
1189
1121
948
632
240
-121
-365
-492
-578
-726
-937
-1130
-1221
-1201
-1111
-1028
-1010
-1083
-1211
-1325
-1392
-1427
-1489
-1605
-1763
-1919
-2045
-2106
-2084
-1994
-1886
-1800
-1724
-1639
-1520
-1379
-1239
-1123
-1025
-906
-709
-435
-158
23
95
125
212
407
682
961
1152
1254
1314
1392
1499
1614
1736
1873
2011
2110
2160
2184
2194
2158
2077
1988
1921
1834
1684
1470
1211
931
655
432
266
82
-190
-525
-819
-999
-1073
-1086
-1095
-1118
-1136
-1120
-1088
-1092
-1167
-1295
-1417
-1481
-1487
-1514
-1642
-1862
-2042
-2049
-1868
-1594
-1346
-1173
-1053
-944
-828
-699
-569
-455
-377
-318
-237
-116
33
169
263
301
342
443
611
787
920
1024
1135
1263
1413
1601
1835
2068
2211
2229
2168
2133
2167
2234
2260
2196
2051
1869
1716
1620
1547
1421
1202
885
508
140
-142
-307
-408
-511
-661
-842
-1010
-1118
-1152
-1154
-1181
-1244
-1298
-1300
-1250
-1195
-1179
-1229
-1320
-1414
-1483
-1523
-1540
-1563
-1635
-1755
-1848
-1827
-1703
-1553
-1434
-1326
-1186
-1032
-920
-874
-830
-709
-506
-279
-72
123
320
506
654
734
770
822
941
1090
1202
1260
1303
1377
1483
1578
1623
1617
1606
1627
1667
1694
1669
1576
1405
1200
1022
891
747
501
156
-183
-406
-536
-665
-839
-990
-1051
-1028
-987
-990
-1043
-1105
-1106
-1015
-870
-762
-758
-926
-1296
-1729
-1902
-1593
-994
-579
-603
-856
-962
-805
-550
-343
-156
70
298
448
511
535
574
676
848
1041
1164
1148
1009
818
667
635
744
950
1160
1276
1274
1207
1155
1171
1278
1474
1696
1839
1840
1707
1505
1271
1053
902
843
837
771
563
242
-68
-282
-445
-656
-957
-1318
-1674
-1961
-2125
-2147
-2042
-1840
-1607
-1420
-1342
-1331
-1293
-1159
-957
-766
-650
-583
-482
-318
-126
19
98
113
84
33
-15
-35
-56
-98
-183
-291
-380
-386
-276
-92
88
190
200
212
393
804
1295
1613
1688
1683
1768
1933
2049
2049
2006
1971
1870
1579
1129
702
388
105
-277
-749
-1209
-1566
-1840
-2127
-2487
-2826
-3007
-3024
-3005
-3039
-3070
-3004
-2852
-2716
-2635
-2519
-2207
-1649
-953
-304
217
643
1009
1266
1335
1210
981
784
690
674
637
502
291
94
-4
-6
-13
-128
-356
-597
-729
-682
-443
-29
527
1194
1947
2735
3476
4126
4675
5111
5403
5568
5664
5657
5402
4782
3850
2738
1514
173
-1247
-2641
-3897
-4926
-5672
-6105
-6255
-6190
-6010
-5761
-5389
-4791
-3967
-3071
-2277
-1567
-731
402
1713
2899
3759
4302
4592
4617
4330
3714
2813
1730
577
-558
-1611
-2499
-3158
-3600
-3896
-4111
-4217
-4115
-3726
-3079
-2283
-1430
-510
516
1686
2984
4334
5613
6722
7626
8288
8665
8772
8675
8348
7653
6489
4938
3206
1420
-414
-2318
-4195
-5855
-7160
-8123
-8800
-9172
-9169
-8785
-8125
-7318
-6431
-5455
-4328
-3040
-1626
-119
1454
2993
4289
5191
5720
5974
5921
5416
4380
2971
1453
-24
-1484
-2985
-4422
-5590
-6337
-6714
-6878
-6907
-6726
-6237
-5462
-4471
-3280
-1856
-230
1506
3261
4995
6662
8192
9462
10349
10801
10889
10690
10188
9263
7858
6072
4060
1919
-340
-2626
-4761
-6567
-8017
-9148
-9934
-10252
-10035
-9369
-8415
-7309
-6051
-4608
-2972
-1249
458
2104
3690
5182
6467
7438
7987
8034
7510
6452
4994
3323
1582
-193
-2021
-3869
-5561
-6890
-7758
-8238
-8431
-8360
-7987
-7300
-6337
-5119
-3658
-1964
-101
1853
3826
5742
7521
9072
10302
11134
11517
11482
11091
10358
9215
7622
5642
3433
1106
-1288
-3678
-5896
-7748
-9148
-10102
-10614
-10636
-10168
-9308
-8173
-6822
-5245
-3454
-1534
366
2169
3871
5482
6920
8042
8754
9026
8864
8228
7085
5467
3530
1453
-643
-2663
-4492
-5993
-7119
-7921
-8470
-8756
-8709
-8276
-7490
-6455
-5227
-3780
-2056
-98
1964
3976
5835
7519
9016
10253
11074
11341
11038
10230
8993
7373
5454
3338
1117
-1182
-3521
-5781
-7776
-9343
-10462
-11156
-11432
-11236
-10560
-9471
-8076
-6442
-4615
-2653
-674
1230
3039
4786
6417
7755
8635
9039
9038
8653
7819
6493
4749
2761
717
-1253
-3063
-4655
-5994
-7074
-7874
-8349
-8451
-8167
-7526
-6601
-5444
-4057
-2409
-530
1496
3555
5532
7317
8834
10062
10955
11427
11383
10840
9876
8565
6906
4928
2711
352
-2081
-4495
-6714
-8552
-9922
-10877
-11448
-11597
-11239
-10416
-9246
-7854
-6273
-4512
-2610
-677
1203
3044
4854
6521
7847
8718
9113
9055
8560
7655
6364
4740
2878
889
-1085
-2903
-4451
-5697
-6656
-7333
-7672
-7629
-7215
-6476
-5479
-4243
-2769
-1068
766
2611
4382
6064
7630
9023
10171
10994
11404
11339
10831
9958
8746
7138
5126
2814
387
-2010
-4295
-6408
-8268
-9753
-10751
-11204
-11119
-10574
-9691
-8587
-7346
-5982
-4478
-2843
-1180
418
1974
3564
5149
6524
7465
7851
7707
7141
6239
5043
3574
1893
85
-1742
-3460
-4931
-6060
-6817
-7260
-7486
-7532
-7319
-6741
-5801
-4583
-3171
-1591
134
1969
3830
5596
7127
8346
9285
10020
10539
10711
10414
9648
8500
7017
5245
3216
1003
-1310
-3583
-5667
-7428
-8778
-9698
-10202
-10295
-9946
-9176
-8094
-6867
-5601
-4297
-2890
-1369
228
1835
3382
4746
5818
6579
7065
7260
7064
6389
5253
3795
2168
462
-1269
-2929
-4383
-5522
-6327
-6860
-7191
-7310
-7142
-6666
-5922
-4941
-3708
-2210
-497
1354
3221
4987
6550
7872
8944
9759
10269
10413
10139
9443
8348
6891
5186
3332
1377
-709
-2855
-4879
-6584
-7899
-8839
-9416
-9623
-9472
-8995
-8217
-7179
-5925
-4510
-2999
-1456
132
1802
3479
4982
6164
6994
7482
7628
7395
6753
5728
4426
2965
1408
-177
-1682
-3029
-4202
-5216
-6040
-6609
-6872
-6834
-6559
-6065
-5294
-4183
-2769
-1173
481
2104
3657
5130
6498
7703
8674
9343
9660
9635
9282
8552
7380
5822
4017
2082
72
-1951
-3908
-5704
-7245
-8458
-9281
-9681
-9646
-9270
-8681
-7968
-7108
-6045
-4767
-3349
-1856
-304
1293
2845
4249
5456
6410
7018
7185
6907
6259
5339
4221
2939
1548
146
-1151
-2286
-3253
-4065
-4703
-5099
-5213
-5070
-4738
-4221
-3481
-2486
-1273
93
1532
2983
4353
5548
6552
7413
8121
8567
8682
8501
8057
7309
6222
4807
3114
1206
-805
-2778
-4575
-6081
-7277
-8208
-8898
-9277
-9284
-8936
-8336
-7581
-6732
-5774
-4687
-3466
-2117
-667
812
2197
3401
4388
5132
5587
5716
5504
4978
4203
3243
2159
1043
-23
-996
-1883
-2673
-3315
-3740
-3950
-4011
-3968
-3775
-3327
-2574
-1555
-379
856
2128
3426
4679
5774
6676
7420
8022
8406
8488
8246
7729
6963
5901
4515
2893
1177
-561
-2307
-4015
-5566
-6862
-7857
-8542
-8913
-8982
-8783
-8367
-7771
-6978
-5971
-4796
-3554
-2313
-1080
129
1272
2298
3170
3862
4355
4623
4629
4359
3830
3087
2177
1167
115
-917
-1856
-2630
-3196
-3553
-3684
-3580
-3239
-2701
-2020
-1269
-490
340
1276
2314
3360
4335
5242
6131
6966
7636
8042
8170
8037
7629
6915
5904
4688
3339
1909
435
-1004
-2337
-3519
-4517
-5318
-5919
-6329
-6537
-6539
-6320
-5862
-5176
-4357
-3522
-2721
-1908
-1043
-136
740
1495
2060
2428
2627
2677
2586
2356
2004
1544
977
298
-471
-1259
-1969
-2552
-3022
-3383
-3592
-3581
-3332
-2895
-2348
-1750
-1129
-497
146
797
1460
2115
2728
3268
3746
4184
4569
4839
4887
4627
4057
3314
2545
1790
987
106
-784
-1571
-2197
-2698
-3141
-3513
-3754
-3832
-3748
-3508
-3118
-2623
-2088
-1554
-1034
-540
-80
342
715
1006
1189
1296
1362
1378
1313
1164
951
685
351
-33
-445
-874
-1328
-1782
-2165
-2405
-2461
-2332
-2042
-1658
-1252
-870
-515
-179
152
492
833
1160
1455
1730
1989
2230
2433
2577
2622
2528
2281
1903
1441
922
361
-219
-749
-1180
-1505
-1767
-1978
-2103
-2092
-1927
-1651
-1305
-906
-443
56
540
978
1372
1720
1987
2126
2138
2079
2035
2051
2089
2062
1930
1735
1539
1341
1086
737
309
-158
-609
-979
-1229
-1358
-1406
-1405
-1336
-1171
-915
-642
-428
-286
-167
8
257
563
848
1043
1112
1061
935
787
643
469
202
-168
-574
-930
-1227
-1546
-1934
-2343
-2660
-2839
-2909
-2911
-2848
-2683
-2372
-1917
-1368
-796
-257
229
625
940
1218
1495
1726
1856
1900
1917
1948
1970
1961
1899
1758
1526
1226
899
565
227
-105
-413
-645
-735
-664
-511
-398
-376
-404
-394
-287
-99
109
295
480
708
970
1204
1351
1385
1300
1090
770
390
-2
-400
-836
-1314
-1807
-2275
-2693
-3025
-3261
-3428
-3554
-3628
-3600
-3428
-3097
-2619
-2021
-1350
-672
-43
499
938
1270
1493
1638
1736
1812
1893
1975
2022
1978
1836
1645
1447
1224
948
636
350
128
-17
-76
-48
55
226
466
755
1024
1219
1369
1554
1826
2161
2510
2815
3030
3125
3107
2985
2752
2393
1927
1394
837
273
-310
-931
-1600
-2274
-2870
-3311
-3573
-3689
-3714
-3672
-3554
-3331
-2992
-2544
-2029
-1488
-980
-545
-186
108
357
561
706
773
757
691
609
519
393
205
-27
-250
-411
-501
-530
-516
-466
-402
-358
-334
-273
-125
102
342
564
784
1048
1379
1758
2146
2510
2831
3074
3195
3158
2985
2724
2410
2012
1475
805
85
-586
-1181
-1727
-2228
-2622
-2845
-2911
-2869
-2749
-2566
-2374
-2221
-2101
-1939
-1684
-1342
-988
-723
-579
-501
-388
-208
-6
126
133
22
-141
-272
-367
-489
-689
-916
-1071
-1115
-1083
-1022
-938
-830
-700
-554
-381
-154
156
524
899
1249
1582
1916
2249
2575
2896
3201
3434
3547
3526
3394
3177
2874
2499
2094
1700
1293
788
169
-471
-969
-1235
-1302
-1282
-1239
-1158
-1010
-816
-637
-522
-488
-520
-576
-608
-624
-660
-750
-862
-951
-971
-918
-832
-780
-823
-973
-1201
-1450
-1662
-1799
-1865
-1893
-1898
-1848
-1714
-1493
-1233
-983
-762
-563
-345
-76
228
508
739
968
1268
1636
1999
2258
2383
2400
2364
2286
2129
1871
1549
1228
952
706
456
181
-101
-341
-502
-564
-531
-423
-298
-208
-173
-158
-126
-81
-60
-102
-216
-368
-514
-627
-705
-763
-810
-849
-895
-985
-1127
-1280
-1373
-1403
-1410
-1421
-1414
-1359
-1245
-1081
-916
-793
-722
-637
-450
-155
180
465
671
829
988
1180
1380
1557
1687
1775
1818
1802
1747
1675
1587
1436
1174
835
519
322
256
250
222
138
62
101
293
537
683
687
626
577
535
434
248
20
-154
-213
-184
-158
-191
-269
-358
-455
-583
-729
-873
-989
-1091
-1176
-1224
-1194
-1069
-894
-727
-582
-428
-236
-24
166
316
444
584
743
897
1019
1110
1193
1257
1260
1193
1104
1014
892
703
492
310
159
-12
-215
-416
-581
-702
-788
-831
-818
-753
-640
-484
-308
-163
-117
-200
-396
-652
-897
-1077
-1180
-1247
-1309
-1368
-1375
-1313
-1206
-1108
-1053
-1051
-1117
-1224
-1328
-1385
-1388
-1326
-1185
-979
-754
-557
-400
-242
-18
282
594
839
1003
1122
1234
1347
1449
1513
1532
1539
1569
1605
1600
1535
1454
1400
1370
1312
1176
965
734
545
396
239
53
-123
-220
-205
-113
-32
-29
-94
-161
-212
-298
-467
-698
-916
-1057
-1101
-1091
-1079
-1084
-1082
-1029
-921
-812
-772
-813
-877
-917
-932
-946
-943
-859
-659
-384
-127
66
232
435
706
1009
1292
1520
1687
1825
1969
2126
2255
2322
2334
2319
2273
2174
2028
1857
1677
1480
1253
1021
851
793
828
873
839
711
534
375
275
214
122
-81
-401
-764
-1052
-1238
-1388
-1586
-1825
-2014
-2111
-2158
-2234
-2352
-2459
-2504
-2479
-2407
-2312
-2204
-2083
-1969
-1878
-1827
-1789
-1710
-1544
-1306
-1057
-847
-665
-467
-222
59
335
562
737
876
990
1091
1189
1304
1417
1485
1502
1523
1610
1738
1826
1809
1717
1627
1591
1587
1569
1511
1421
1321
1234
1150
1037
885
712
535
334
93
-189
-495
-787
-1036
-1237
-1419
-1607
-1808
-1992
-2138
-2226
-2254
-2240
-2207
-2186
-2170
-2137
-2064
-1967
-1869
-1784
-1711
-1635
-1534
-1373
-1129
-823
-499
-184
136
462
771
1035
1220
1333
1398
1465
1555
1659
1775
1910
2064
2222
2373
2497
2591
2669
2735
2756
2705
2594
2471
2373
2307
2257
2201
2122
1992
1801
1551
1246
885
482
92
-236
-505
-776
-1104
-1471
-1798
-2019
-2149
-2240
-2315
-2364
-2374
-2334
-2247
-2136
-2051
-2029
-2067
-2123
-2142
-2085
-1951
-1769
-1565
-1343
-1107
-879
-668
-460
-236
-20
133
207
248
326
474
660
827
957
1096
1296
1557
1821
2024
2149
2225
2283
2322
2320
2274
2197
2092
1955
1782
1581
1350
1091
807
504
213
-39
-251
-456
-701
-1010
-1354
-1668
-1884
-2004
-2081
-2160
-2231
-2254
-2186
-2039
-1852
-1689
-1601
-1598
-1640
-1654
-1602
-1491
-1357
-1236
-1141
-1058
-952
-833
-748
-729
-735
-688
-559
-367
-149
81
303
498
659
809
982
1207
1492
1792
2048
2224
2344
2434
2500
2527
2489
2383
2211
1986
1718
1432
1167
945
745
531
296
60
-156
-334
-462
-559
-662
-804
-974
-1117
-1184
-1178
-1153
-1150
-1161
-1144
-1058
-920
-802
-769
-824
-907
-979
-1024
-1049
-1033
-963
-850
-733
-643
-566
-473
-345
-223
-157
-144
-129
-49
94
280
495
746
1031
1335
1634
1873
2019
2089
2152
2239
2310
2304
2196
1983
1666
1270
858
493
199
-45
-264
-465
-642
-795
-927
-1036
-1122
-1194
-1269
-1342
-1381
-1363
-1300
-1237
-1211
-1210
-1186
-1088
-921
-731
-591
-524
-499
-452
-360
-278
-260
-320
-406
-475
-494
-459
-409
-382
-391
-389
-311
-118
159
431
641
797
960
1176
1441
1712
1932
2076
2172
2265
2346
2348
2207
1934
1598
1261
952
664
392
124
-146
-422
-689
-937
-1152
-1331
-1473
-1592
-1690
-1742
-1728
-1650
-1528
-1388
-1245
-1119
-1010
-914
-844
-807
-786
-739
-665
-616
-638
-706
-747
-727
-675
-646
-644
-641
-599
-526
-441
-364
-295
-212
-80
107
295
448
603
850
1190
1523
1742
1844
1903
1996
2128
2230
2224
2090
1884
1685
1511
1309
1027
675
300
-61
-384
-654
-886
-1119
-1377
-1635
-1821
-1877
-1800
-1659
-1538
-1465
-1395
-1251
-1001
-683
-403
-264
-284
-384
-471
-516
-554
-617
-707
-796
-839
-813
-727
-632
-552
-479
-386
-268
-146
-38
58
171
337
574
872
1212
1573
1923
2214
2408
2530
2628
2727
2789
2771
2672
2530
2364
2157
1884
1544
1180
838
537
255
-30
-332
-638
-920
-1127
-1251
-1332
-1415
-1487
-1499
-1441
-1342
-1233
-1129
-1043
-970
-892
-806
-744
-748
-824
-941
-1040
-1080
-1063
-1054
-1114
-1223
-1298
-1269
-1149
-1007
-902
-835
-776
-699
-581
-414
-215
-24
135
288
499
822
1250
1700
2043
2210
2235
2218
2211
2172
2031
1757
1428
1155
1003
932
838
648
357
42
-206
-343
-417
-517
-688
-901
-1065
-1112
-1065
-1005
-988
-996
-987
-929
-818
-695
-627
-655
-768
-937
-1130
-1325
-1480
-1593
-1688
-1786
-1871
-1904
-1858
-1741
-1600
-1479
-1364
-1216
-1028
-829
-610
-340
-5
376
779
1210
1640
2006
2259
2439
2612
2775
2861
2817
2663
2448
2200
1914
1609
1317
1061
826
605
414
261
140
52
6
-6
-37
-141
-326
-531
-652
-647
-574
-518
-505
-500
-460
-399
-350
-351
-425
-571
-756
-934
-1072
-1168
-1235
-1279
-1311
-1339
-1375
-1405
-1407
-1344
-1201
-993
-757
-533
-327
-127
87
330
606
909
1217
1501
1736
1915
2065
2215
2374
2496
2508
2372
2116
1807
1499
1202
913
643
413
247
138
61
-21
-116
-209
-301
-418
-576
-734
-845
-893
-897
-866
-797
-700
-602
-539
-533
-573
-632
-696
-782
-895
-1020
-1133
-1221
-1283
-1326
-1344
-1340
-1323
-1309
-1301
-1284
-1237
-1138
-988
-785
-535
-249
49
331
570
771
960
1167
1378
1548
1652
1713
1767
1807
1795
1689
1494
1249
1007
794
602
403
183
-31
-197
-289
-332
-348
-353
-345
-336
-342
-374
-413
-432
-413
-371
-335
-306
-267
-233
-259
-390
-581
-724
-751
-717
-740
-873
-1062
-1213
-1283
-1293
-1296
-1301
-1290
-1242
-1139
-988
-803
-595
-375
-148
76
295
509
718
912
1082
1232
1346
1405
1395
1340
1266
1174
1051
900
757
671
657
662
604
449
245
68
-40
-65
-33
34
111
187
260
314
355
367
341
271
177
90
34
10
-12
-92
-263
-487
-675
-778
-807
-807
-799
-804
-832
-855
-847
-800
-754
-722
-689
-615
-467
-252
-11
209
381
516
635
775
955
1139
1260
1266
1183
1082
1039
1066
1100
1049
890
696
565
521
491
395
222
51
-26
9
95
130
74
-36
-128
-142
-77
20
66
22
-90
-217
-306
-349
-362
-382
-426
-495
-575
-640
-673
-690
-725
-803
-911
-1007
-1049
-1029
-981
-969
-1018
-1095
-1121
-1023
-785
-479
-223
-73
23
150
324
497
608
643
636
641
673
691
658
594
542
515
481
408
295
174
71
-10
-88
-186
-292
-365
-364
-309
-272
-295
-341
-338
-250
-124
-23
9
-23
-110
-221
-311
-341
-308
-254
-235
-270
-331
-373
-371
-340
-303
-283
-293
-331
-377
-399
-382
-341
-309
-276
-207
-80
75
226
374
546
743
923
1026
1027
952
863
818
815
804
750
682
656
685
707
643
485
299
174
138
154
160
125
62
28
42
70
67
38
31
81
159
215
216
172
103
28
-55
-163
-297
-427
-511
-551
-568
-581
-575
-531
-452
-377
-347
-368
-402
-399
-348
-266
-185
-111
-20
109
245
322
321
301
338
450
581
673
699
677
627
564
486
389
274
153
57
15
24
61
99
119
98
38
-10
-4
41
60
7
-117
-250
-317
-263
-123
5
38
-38
-184
-359
-534
-682
-762
-755
-678
-597
-574
-612
-663
-668
-622
-563
-532
-529
-529
-504
-454
-399
-351
-296
-213
-112
-14
64
144
232
325
395
429
433
435
448
447
390
274
159
104
122
160
159
105
56
77
172
271
294
223
104
12
-12
15
47
52
34
6
-35
-102
-197
-278
-304
-294
-309
-368
-410
-367
-237
-91
4
14
-33
-76
-92
-100
-124
-149
-150
-134
-114
-83
-17
77
169
235
274
302
332
385
466
560
622
611
539
455
401
385
381
365
331
303
291
282
266
261
265
240
151
24
-71
-99
-83
-81
-126
-208
-285
-328
-337
-338
-338
-335
-332
-331
-320
-267
-174
-68
17
75
93
86
73
84
104
105
89
79
95
116
100
32
-55
-122
-160
-178
-182
-155
-97
-28
15
18
17
39
90
146
198
250
297
331
351
363
357
316
251
196
174
164
124
35
-84
-180
-224
-240
-274
-347
-434
-500
-512
-474
-403
-341
-303
-280
-247
-185
-90
16
81
75
24
-19
-29
-15
5
11
-24
-101
-186
-236
-248
-244
-246
-268
-301
-320
-285
-189
-70
23
82
132
206
311
410
457
421
337
265
257
311
374
382
315
224
178
193
237
272
267
208
83
-90
-275
-434
-537
-575
-557
-510
-464
-443
-469
-515
-537
-491
-383
-258
-149
-75
-29
22
110
230
326
358
355
374
432
480
477
406
304
205
135
82
27
-36
-91
-111
-100
-78
-68
-59
-30
20
63
72
55
55
97
155
172
133
89
95
142
174
164
113
31
-78
-184
-274
-357
-439
-492
-496
-472
-447
-434
-430
-449
-472
-459
-396
-301
-190
-58
92
246
383
496
577
617
621
612
624
675
737
762
710
576
399
210
38
-113
-238
-330
-389
-422
-440
-421
-337
-182
-7
131
215
262
293
326
389
482
575
650
714
767
792
789
781
764
706
586
428
269
110
-53
-213
-352
-468
-551
-601
-647
-738
-870
-967
-943
-772
-519
-286
-148
-102
-85
-35
54
136
162
121
48
-6
-31
-52
-100
-182
-278
-378
-488
-609
-717
-776
-785
-780
-792
-804
-761
-630
-434
-213
-4
170
285
351
403
471
544
596
621
626
616
584
530
460
380
301
244
203
168
129
89
24
-94
-250
-396
-495
-549
-576
-568
-509
-409
-294
-187
-102
-46
-1
59
148
238
296
316
307
298
303
317
310
257
160
48
-64
-170
-278
-396
-512
-602
-624
-580
-511
-463
-433
-358
-198
25
238
380
437
457
506
602
696
720
667
585
542
545
563
546
473
359
239
137
48
-53
-187
-343
-487
-577
-590
-525
-413
-288
-173
-69
21
90
144
215
311
394
409
358
280
207
135
51
-38
-114
-168
-199
-211
-229
-282
-366
-444
-484
-491
-490
-508
-538
-555
-534
-487
-430
-360
-260
-124
23
151
255
338
389
397
383
390
435
503
555
551
498
432
380
330
245
125
3
-70
-72
-32
7
31
54
101
200
350
513
633
688
710
728
745
745
720
672
599
515
428
335
228
113
6
-83
-170
-268
-384
-527
-686
-833
-907
-866
-722
-572
-521
-582
-660
-661
-571
-445
-340
-269
-223
-189
-172
-188
-226
-246
-218
-167
-143
-184
-283
-397
-483
-551
-639
-750
-820
-782
-655
-536
-489
-508
-524
-473
-337
-149
30
179
317
475
636
748
781
753
716
695
689
674
631
552
434
295
173
106
106
130
111
3
-171
-321
-367
-308
-225
-190
-210
-240
-239
-188
-96
7
71
71
44
51
105
159
174
152
120
87
46
-18
-97
-162
-178
-138
-70
-13
4
-25
-74
-113
-117
-92
-47
5
62
132
229
362
513
641
722
771
827
900
966
991
958
867
740
615
512
423
332
235
135
49
-15
-50
-79
-140
-238
-332
-369
-349
-307
-267
-223
-146
-33
91
180
200
150
76
32
27
21
-27
-96
-150
-177
-203
-249
-319
-395
-438
-431
-382
-346
-351
-392
-428
-431
-393
-316
-212
-106
-24
46
142
280
418
513
555
557
516
420
296
181
95
19
-73
-193
-324
-413
-428
-388
-363
-387
-438
-476
-482
-454
-400
-363
-372
-405
-422
-402
-359
-300
-225
-143
-69
-16
21
44
40
-2
-85
-183
-277
-345
-391
-422
-452
-477
-502
-524
-542
-546
-534
-505
-451
-380
-288
-175
-44
78
171
228
265
291
300
300
320
378
458
527
554
527
458
383
324
272
213
155
114
64
-23
-128
-195
-194
-169
-160
-164
-142
-64
57
187
279
317
305
274
256
248
234
202
174
180
218
259
260
222
159
92
33
-14
-47
-64
-57
-24
15
59
108
170
221
244
254
279
327
387
457
529
585
605
597
588
589
601
603
576
498
379
257
156
74
-1
-70
-116
-135
-133
-120
-131
-183
-257
-288
-227
-100
20
79
85
79
104
196
328
423
409
296
149
39
-7
-12
-35
-115
-243
-366
-446
-488
-524
-573
-614
-630
-631
-632
-617
-564
-477
-394
-343
-321
-290
-225
-136
-71
-65
-102
-138
-151
-156
-186
-237
-263
-249
-232
-267
-336
-385
-393
-394
-425
-485
-539
-556
-531
-468
-390
-318
-271
-230
-169
-84
-13
16
15
24
67
118
166
218
286
343
357
340
333
364
403
401
342
258
180
113
50
4
-13
2
47
125
231
337
408
428
404
374
363
361
327
272
235
233
231
200
142
79
20
-41
-91
-109
-90
-57
-34
-31
-46
-61
-77
-87
-94
-102
-120
-138
-138
-119
-87
-39
38
150
264
330
320
247
187
194
264
338
368
351
324
320
327
303
226
133
82
98
145
168
157
169
250
367
431
403
333
288
272
246
198
157
141
124
68
-29
-120
-175
-180
-163
-154
-175
-210
-236
-246
-260
-303
-375
-451
-499
-518
-532
-561
-582
-551
-469
-382
-326
-308
-311
-305
-269
-234
-253
-338
-439
-497
-486
-406
-284
-166
-90
-46
-10
15
15
12
47
102
136
128
105
97
106
135
187
251
300
310
313
333
353
320
220
109
39
10
-14
-53
-100
-143
-185
-226
-269
-315
-359
-378
-346
-279
-218
-220
-285
-382
-459
-490
-481
-441
-395
-357
-324
-268
-171
-58
28
59
46
20
