130
141
178
214
207
149
86
54
54
54
66
115
182
213
179
141
161
224
265
254
247
287
347
377
376
370
355
326
329
415
565
687
714
641
524
401
307
270
304
382
434
410
318
212
141
98
46
-25
-70
-74
-86
-161
-275
-366
-393
-367
-305
-215
-136
-108
-122
-110
-46
16
21
-2
8
49
49
-36
-183
-331
-409
-378
-260
-136
-118
-231
-394
-480
-460
-411
-406
-443
-467
-451
-415
-393
-402
-420
-421
-396
-346
-293
-273
-308
-350
-329
-231
-118
-52
-49
-103
-194
-267
-263
-202
-148
-141
-142
-118
-87
-74
-65
-29
25
64
75
47
-36
-163
-256
-219
-47
150
211
82
-122
-206
-101
94
242
327
395
450
446
380
310
272
231
153
78
71
146
235
271
244
209
232
328
430
440
332
169
82
131
264
378
406
384
365
359
356
368
414
444
361
147
-70
-149
-86
2
28
5
-22
-29
-15
32
111
210
296
362
404
413
369
262
140
65
63
78
61
17
-6
12
43
50
29
9
7
8
-19
-84
-144
-129
-29
98
169
160
71
-73
-230
-330
-366
-399
-457
-489
-450
-379
-348
-368
-373
-322
-252
-220
-210
-186
-146
-130
-137
-136
-145
-195
-272
-310
-304
-327
-406
-468
-423
-309
-231
-249
-320
-372
-399
-434
-491
-528
-491
-388
-266
-175
-135
-148
-190
-211
-176
-96
-21
24
49
61
66
72
100
149
211
285
368
434
439
363
249
170
165
209
250
266
257
205
114
41
59
177
318
415
456
475
473
418
315
225
225
293
353
319
207
67
-42
-88
-75
8
123
222
237
155
41
4
89
226
298
248
141
68
68
98
69
-36
-163
-214
-163
-59
23
31
-23
-114
-223
-334
-410
-418
-376
-310
-236
-152
-91
-90
-142
-171
-124
-25
67
99
86
48
3
-43
-70
-29
68
158
137
9
-132
-174
-91
29
113
146
157
153
157
197
282
357
368
306
218
165
164
192
225
254
253
171
-4
-182
-214
-52
186
310
237
44
-145
-259
-296
-279
-235
-182
-146
-144
-178
-234
-289
-331
-348
-330
-284
-268
-348
-498
-596
-551
-373
-167
-31
-29
-156
-307
-346
-197
43
223
241
128
-13
-109
-136
-105
-35
54
120
116
35
-51
-49
33
92
72
67
165
315
357
225
33
-69
-14
124
258
317
285
203
159
231
395
556
587
450
232
99
121
207
217
102
-67
-197
-234
-203
-163
-158
-190
-234
-273
-292
-286
-259
-241
-259
-298
-305
-219
-64
60
54
-74
-199
-225
-137
8
175
323
405
383
252
47
-171
-281
-214
-8
194
290
279
179
-5
-230
-377
-337
-156
-9
-32
-172
-289
-328
-325
-299
-202
-64
19
-9
-71
-75
-28
21
68
158
281
365
331
181
-22
-176
-191
-60
111
205
207
194
195
164
62
-50
-53
80
278
404
395
282
175
153
225
306
307
194
63
11
39
64
34
7
43
128
149
48
-118
-194
-110
69
216
278
274
177
-30
-257
-326
-166
103
293
327
241
114
-4
-62
-39
54
149
181
91
-135
-403
-528
-385
-71
193
260
167
-2
-169
-287
-291
-170
0
119
150
116
18
-123
-258
-276
-118
169
444
526
347
13
-232
-190
120
460
551
306
-126
-502
-651
-571
-359
-165
-61
-45
-100
-233
-412
-500
-388
-132
78
138
104
100
153
243
322
367
332
189
-51
-344
-600
-707
-569
-281
-80
-160
-459
-727
-822
-774
-669
-485
-222
-21
-59
-297
-498
-482
-293
-111
-33
-40
-56
-91
-175
-302
-359
-268
-62
137
251
254
136
-90
-317
-392
-240
61
314
379
266
118
54
110
212
265
210
92
49
144
334
493
553
484
301
95
37
223
538
732
675
478
391
521
718
725
478
207
172
375
568
546
349
181
143
204
262
313
363
415
415
352
280
228
184
106
69
143
261
244
3
-318
-503
-437
-207
-15
-12
-159
-287
-304
-232
-182
-233
-331
-337
-102
281
523
399
17
-321
-438
-406
-346
-221
27
295
339
49
-395
-713
-811
-770
-660
-410
-25
314
386
222
47
51
209
411
575
625
484
144
-229
-400
-246
132
447
429
73
-343
-532
-502
-443
-436
-345
-81
198
224
-77
-467
-636
-480
-236
-199
-448
-740
-826
-685
-515
-499
-630
-789
-840
-770
-602
-408
-247
-235
-392
-577
-558
-267
83
217
45
-189
-228
-62
93
114
101
155
190
86
-122
-277
-277
-132
84
280
362
347
308
294
271
224
230
346
493
527
420
307
334
449
496
404
273
212
231
298
430
637
822
850
697
446
204
54
71
293
607
817
766
506
181
-83
-228
-185
69
445
742
751
421
-110
-516
-498
-6
637
963
739
183
-289
-455
-395
-279
-133
84
319
460
444
326
152
-41
-167
-101
134
334
335
204
147
216
293
251
139
74
103
135
76
-97
-300
-434
-439
-338
-199
-108
-89
-125
-187
-267
-351
-388
-363
-309
-242
-132
13
66
-109
-450
-751
-855
-801
-698
-582
-451
-345
-346
-467
-650
-787
-777
-566
-211
98
187
36
-200
-395
-526
-591
-493
-198
137
295
188
-77
-364
-576
-698
-725
-668
-552
-469
-496
-600
-638
-521
-352
-289
-340
-321
-142
57
82
-47
-111
-7
192
372
546
724
795
618
269
-8
-1
280
711
1116
1278
1047
494
-24
-182
44
392
616
671
610
474
273
78
-46
-88
-74
-4
137
260
245
46
-189
-297
-214
-42
99
156
182
235
330
399
338
105
-151
-193
24
285
343
218
82
21
-35
-139
-238
-222
-86
94
206
214
139
34
-52
-38
133
423
674
736
617
447
378
425
475
401
205
34
39
236
465
545
417
197
46
-10
-39
-93
-142
-164
-192
-229
-248
-238
-184
-58
162
356
353
117
-185
-347
-310
-181
-78
-3
111
302
427
370
127
-144
-300
-321
-219
-26
221
354
220
-170
-583
-768
-685
-483
-355
-336
-381
-450
-545
-605
-547
-371
-227
-239
-359
-460
-497
-523
-521
-446
-359
-362
-382
-235
64
244
83
-317
-642
-692
-521
-341
-268
-274
-272
-228
-170
-141
-126
-96
-33
13
1
-65
-127
-139
-58
111
294
353
252
155
203
313
224
-102
-424
-460
-178
209
450
437
231
-9
-176
-201
-60
220
492
582
466
250
43
-166
-392
-577
-549
-240
198
464
404
147
-73
-132
-59
86
258
393
421
334
203
130
150
256
381
459
432
338
272
309
383
380
264
108
16
78
320
622
763
629
342
95
-9
36
222
465
602
549
404
307
254
160
15
-84
-61
55
166
175
69
-72
-153
-163
-167
-222
-312
-371
-388
-416
-495
-548
-427
-136
147
247
206
153
119
40
-64
-77
81
317
424
312
90
-39
-71
-152
-364
-584
-666
-608
-513
-474
-454
-395
-300
-287
-397
-487
-396
-151
62
142
117
47
-87
-264
-351
-228
47
216
93
-245
-527
-481
-105
392
725
764
572
274
-9
-156
-7
445
953
1131
836
294
-139
-281
-224
-114
-30
9
-69
-323
-678
-942
-970
-752
-385
8
287
342
157
-149
-340
-223
223
769
1058
877
352
-139
-315
-196
6
120
119
37
-129
-376
-648
-818
-792
-563
-232
-15
-120
-539
-968
-1076
-826
-446
-147
40
134
91
-141
-445
-555
-308
143
487
563
473
348
174
-93
-353
-367
-21
508
846
733
258
-215
-356
-134
221
445
436
261
51
-116
-213
-215
-76
223
608
898
929
713
476
450
688
1025
1249
1233
998
674
430
383
511
670
701
552
312
103
-17
-40
43
227
391
356
50
-379
-677
-672
-406
-96
17
-125
-391
-610
-737
-822
-877
-862
-782
-752
-901
-1192
-1460
-1560
-1493
-1318
-1086
-856
-733
-801
-1048
-1340
-1477
-1340
-982
-572
-229
30
212
296
275
228
263
429
691
949
1147
1286
1403
1498
1572
1671
1832
2006
2045
1878
1596
1383
1321
1368
1452
1543
1646
1737
1787
1752
1637
1492
1386
1335
1273
1090
669
-61
-1001
-1886
-2467
-2752
-2955
-3238
-3584
-3874
-4056
-4128
-4084
-3889
-3536
-3044
-2420
-1683
-925
-301
120
422
751
1140
1456
1560
1397
1023
532
19
-467
-919
-1340
-1721
-2037
-2223
-2220
-2025
-1743
-1454
-1118
-616
116
1018
1972
2868
3651
4298
4792
5118
5317
5461
5588
5677
5670
5530
5253
4848
4342
3784
3220
2595
1736
528
-856
-2062
-2892
-3453
-3927
-4369
-4802
-5295
-5784
-5997
-5695
-4982
-4199
-3570
-3076
-2582
-2011
-1368
-635
267
1382
2483
3114
2953
2155
1217
549
190
-101
-575
-1335
-2340
-3455
-4458
-5116
-5294
-5070
-4646
-4177
-3656
-2997
-2178
-1260
-308
687
1766
2889
3915
4720
5347
5971
6655
7228
7408
7083
6416
5709
5155
4722
4271
3741
3200
2683
2125
1426
584
-370
-1388
-2317
-2986
-3408
-3805
-4319
-4825
-5093
-5075
-4921
-4745
-4500
-4091
-3518
-2889
-2336
-1930
-1641
-1321
-786
43
1061
1955
2352
2084
1374
655
155
-240
-723
-1280
-1773
-2187
-2683
-3361
-4081
-4540
-4529
-4089
-3453
-2862
-2409
-1992
-1396
-505
600
1699
2653
3470
4204
4854
5403
5887
6333
6642
6627
6234
5648
5125
4714
4250
3648
3086
2750
2513
2042
1246
372
-368
-1057
-1848
-2653
-3244
-3575
-3882
-4417
-5105
-5555
-5466
-4972
-4509
-4277
-4083
-3651
-3010
-2338
-1660
-819
239
1309
2109
2527
2650
2591
2368
1991
1567
1192
760
42
-992
-2049
-2768
-3071
-3195
-3435
-3843
-4177
-4109
-3556
-2764
-2047
-1443
-758
154
1194
2172
2981
3659
4293
4915
5476
5884
6049
5924
5506
4943
4476
4246
4094
3769
3234
2697
2297
1972
1603
1094
314
-772
-1861
-2467
-2493
-2494
-3082
-4171
-5037
-5178
-4830
-4521
-4370
-4095
-3523
-2897
-2542
-2448
-2253
-1668
-714
378
1424
2269
2701
2551
2012
1564
1518
1582
1181
134
-1109
-1988
-2429
-2829
-3466
-4166
-4569
-4592
-4412
-4118
-3602
-2843
-2088
-1520
-972
-125
1024
2137
2943
3572
4253
4963
5440
5590
5586
5589
5516
5243
4840
4467
4117
3670
3138
2710
2507
2402
2074
1282
121
-1009
-1785
-2259
-2723
-3258
-3715
-4043
-4416
-4854
-5045
-4673
-3888
-3148
-2725
-2455
-2049
-1439
-774
-139
603
1561
2567
3264
3465
3247
2762
2089
1322
606
40
-482
-1169
-2087
-3014
-3653
-3935
-4092
-4331
-4600
-4622
-4180
-3314
-2321
-1507
-923
-342
456
1446
2452
3359
4128
4669
4899
4912
4970
5230
5520
5503
5052
4404
3861
3455
3015
2481
2016
1770
1672
1422
759
-290
-1370
-2126
-2535
-2828
-3165
-3523
-3918
-4422
-4940
-5168
-4899
-4295
-3690
-3298
-3066
-2803
-2349
-1700
-914
-2
1029
2031
2750
3073
3082
2864
2411
1742
1018
374
-223
-903
-1689
-2489
-3216
-3835
-4277
-4442
-4304
-3974
-3617
-3259
-2743
-1932
-947
-79
583
1313
2354
3490
4232
4430
4421
4571
4867
5104
5192
5146
4887
4310
3552
3009
2916
3020
2884
2472
2183
2200
2101
1314
-65
-1309
-1864
-1926
-2058
-2555
-3318
-4135
-4784
-5010
-4680
-4039
-3593
-3588
-3767
-3674
-3180
-2520
-1932
-1321
-445
686
1700
2248
2356
2331
2375
2442
2374
2071
1514
736
-158
-1000
-1642
-2073
-2382
-2645
-2848
-2938
-2920
-2877
-2811
-2530
-1778
-632
449
1070
1366
1798
2536
3278
3682
3798
3899
4090
4268
4383
4511
4654
4613
4278
3899
3837
4046
4080
3685
3116
2724
2433
1815
704
-545
-1451
-1916
-2253
-2802
-3674
-4729
-5656
-6161
-6173
-5953
-5832
-5929
-6063
-5941
-5409
-4539
-3530
-2509
-1433
-241
986
2049
2779
3115
3117
2941
2713
2395
1887
1191
435
-261
-844
-1355
-1943
-2706
-3506
-3993
-3947
-3483
-2959
-2608
-2332
-1831
-963
48
817
1223
1534
2097
2931
3731
4182
4280
4256
4383
4783
5326
5623
5326
4578
3988
4012
4402
4523
4116
3557
3262
3044
2290
831
-699
-1529
-1714
-2005
-2936
-4253
-5443
-6295
-6836
-6969
-6643
-6195
-6094
-6282
-6118
-5169
-3756
-2541
-1655
-620
923
2637
3871
4409
4601
4790
4877
4590
3951
3242
2610
1934
1118
234
-625
-1487
-2386
-3176
-3608
-3580
-3319
-3141
-3102
-2973
-2600
-2053
-1400
-574
373
1206
1779
2234
2734
3233
3589
3849
4207
4752
5277
5464
5186
4644
4199
4079
4205
4244
3958
3466
3061
2746
2164
1087
-212
-1294
-2052
-2743
-3532
-4373
-5185
-5996
-6730
-7141
-7072
-6774
-6620
-6577
-6138
-5001
-3514
-2276
-1380
-343
1148
2798
4026
4665
5012
5361
5644
5645
5243
4492
3471
2331
1224
231
-744
-1825
-3004
-4067
-4781
-5125
-5295
-5422
-5402
-5051
-4426
-3763
-3129
-2354
-1359
-387
337
976
1860
2955
3859
4327
4594
4994
5534
5923
5959
5646
5140
4635
4316
4209
4117
3792
3208
2577
2009
1290
88
-1458
-2740
-3288
-3398
-3776
-4775
-6056
-7075
-7558
-7547
-7200
-6712
-6247
-5751
-4971
-3749
-2286
-954
137
1279
2727
4294
5456
5968
6039
6020
5965
5680
5008
4042
2990
1980
955
-183
-1393
-2472
-3263
-3830
-4346
-4857
-5196
-5221
-4963
-4568
-4144
-3661
-3012
-2144
-1147
-193
661
1541
2587
3710
4645
5229
5556
5807
6060
6309
6488
6440
6019
5343
4796
4585
4477
4056
3307
2593
2069
1336
48
-1416
-2319
-2585
-2934
-3926
-5276
-6371
-7032
-7423
-7513
-7097
-6301
-5532
-4947
-4173
-2904
-1401
-218
641
1731
3351
4929
5723
5735
5647
5819
5886
5371
4358
3305
2387
1408
205
-1082
-2239
-3261
-4263
-5212
-5944
-6357
-6533
-6548
-6385
-6027
-5569
-5048
-4306
-3148
-1682
-309
689
1441
2289
3319
4281
4943
5405
5891
6404
6723
6696
6332
5714
4985
4422
4213
4175
3860
3115
2280
1713
1254
414
-889
-2157
-2924
-3361
-3985
-4989
-6061
-6833
-7115
-6880
-6226
-5492
-5011
-4776
-4361
-3417
-2062
-758
250
1201
2446
3899
5089
5700
5837
5766
5531
5041
4315
3514
2668
1657
395
-1007
-2349
-3507
-4465
-5237
-5834
-6269
-6537
-6601
-6443
-6117
-5724
-5266
-4581
-3482
-2008
-509
638
1442
2263
3379
4645
5684
6280
6554
6751
7002
7243
7299
6959
6170
5210
4554
4410
4417
4078
3347
2577
1876
888
-551
-1952
-2714
-2998
-3541
-4651
-5804
-6367
-6367
-6200
-6028
-5706
-5267
-4920
-4632
-3973
-2680
-1062
319
1353
2405
3686
4860
5478
5568
5504
5452
5170
4468
3484
2501
1565
538
-647
-1833
-2859
-3743
-4640
-5588
-6421
-6892
-6944
-6738
-6431
-6015
-5390
-4551
-3553
-2421
-1184
14
1033
1932
2933
4073
5094
5726
6022
6256
6583
6906
7054
6941
6577
6022
5427
4992
4759
4492
3901
3038
2237
1605
788
-484
-1868
-2800
-3269
-3827
-4778
-5792
-6408
-6639
-6777
-6846
-6606
-6020
-5357
-4742
-3946
-2746
-1307
29
1150
2201
3242
4137
4770
5230
5599
5723
5364
4562
3603
2643
1557
237
-1150
-2351
-3324
-4244
-5219
-6142
-6807
-7128
-7126
-6843
-6339
-5748
-5199
-4637
-3865
-2764
-1436
-87
1148
2298
3435
4529
5403
5957
6301
6640
7012
7284
7348
7181
6746
6010
5116
4387
3987
3670
3025
2068
1188
504
-424
-1837
-3202
-3826
-3891
-4244
-5205
-6168
-6499
-6343
-6206
-6141
-5777
-5051
-4308
-3741
-3031
-1874
-480
645
1421
2255
3443
4686
5501
5827
5948
5961
5644
4891
3962
3156
2397
1378
17
-1378
-2512
-3424
-4361
-5326
-6014
-6187
-5994
-5790
-5688
-5464
-4896
-4084
-3291
-2564
-1656
-412
968
2132
2977
3704
4464
5214
5853
6408
6901
7213
7205
6903
6414
5723
4774
3781
3149
2969
2785
2178
1277
445
-409
-1614
-2982
-3791
-3807
-3691
-4166
-5081
-5717
-5775
-5577
-5386
-5018
-4315
-3562
-3134
-2831
-2113
-862
366
1140
1732
2710
4058
5176
5607
5475
5160
4806
4352
3781
3144
2358
1266
-82
-1390
-2453
-3394
-4433
-5501
-6296
-6649
-6742
-6846
-6976
-6905
-6482
-5846
-5222
-4618
-3798
-2584
-1099
332
1482
2406
3307
4264
5141
5762
6112
6283
6323
6243
6065
5785
5322
4721
4264
4177
4240
3914
2999
1856
887
8
-1004
-1987
-2548
-2715
-2927
-3420
-3945
-4214
-4318
-4460
-4522
-4206
-3597
-3108
-2912
-2605
-1810
-696
252
935
1710
2797
3916
4652
4930
4956
4863
4580
4069
3431
2725
1822
644
-611
-1670
-2547
-3461
-4438
-5238
-5720
-6064
-6496
-6936
-7075
-6782
-6264
-5752
-5183
-4317
-3078
-1620
-153
1166
2230
3045
3777
4629
5577
6380
6851
7065
7225
7351
7276
6873
6243
5631
5191
4858
4405
3721
2937
2148
1180
-104
-1294
-1752
-1486
-1341
-2000
-3173
-4048
-4356
-4515
-4862
-5162
-5084
-4732
-4432
-4194
-3721
-2947
-2147
-1473
-618
719
2290
3471
4005
4193
4378
4497
4322
3860
3313
2733
1961
906
-311
-1517
-2631
-3626
-4469
-5184
-5867
-6578
-7227
-7626
-7659
-7359
-6843
-6156
-5288
-4263
-3127
-1873
-468
960
2192
3174
4119
5211
6331
7166
7589
7732
7743
7613
7285
6823
6320
5761
5072
4321
3682
3231
2803
2148
1160
61
-752
-1050
-1139
-1598
-2695
-4019
-4983
-5455
-5746
-6030
-6177
-6153
-6113
-6095
-5788
-5008
-3969
-3076
-2277
-1151
536
2346
3641
4234
4511
4831
5170
5270
5009
4443
3643
2657
1538
395
-738
-1862
-2987
-4063
-5046
-5898
-6634
-7244
-7623
-7605
-7158
-6462
-5716
-4942
-3990
-2753
-1265
310
1821
3193
4438
5539
6482
7271
7893
8276
8359
8180
7852
7495
7146
6728
6097
5239
4366
3742
3412
3102
2419
1171
-346
-1518
-1981
-2103
-2616
-3843
-5348
-6432
-6837
-6831
-6806
-6896
-7033
-7020
-6672
-5871
-4778
-3687
-2712
-1586
7
1968
3755
4895
5445
5825
6297
6653
6557
5947
5090
4174
3155
1908
475
-989
-2351
-3592
-4754
-5845
-6804
-7555
-8059
-8269
-8134
-7668
-6995
-6194
-5198
-3893
-2337
-745
725
2126
3541
4891
5974
6687
7159
7558
7905
8045
7862
7408
6868
6385
5970
5490
4808
3911
2960
2203
1701
1160
139
-1355
-2727
-3387
-3518
-3869
-4923
-6334
-7381
-7677
-7428
-7092
-6962
-7028
-6990
-6457
-5221
-3529
-1897
-658
420
1823
3686
5572
6907
7533
7714
7757
7680
7341
6643
5619
4304
2799
1294
-33
-1256
-2585
-4051
-5412
-6445
-7198
-7854
-8431
-8678
-8345
-7503
-6516
-5646
-4769
-3572
-1966
-195
1390
2666
3748
4823
5897
6834
7503
7919
8160
8254
8177
7895
7439
6826
6040
5067
4057
3221
2636
2075
1197
-143
-1650
-2796
-3332
-3597
-4179
-5207
-6240
-6805
-6938
-6942
-6934
-6782
-6454
-6029
-5461
-4507
-3090
-1539
-263
752
1949
3561
5241
6382
6797
6780
6675
6481
6022
5269
4368
3372
2168
719
-801
-2205
-3489
-4712
-5843
-6783
-7548
-8191
-8684
-8828
-8476
-7703
-6790
-5906
-4941
-3682
-2090
-373
1240
2627
3801
4800
5678
6490
7273
7972
8426
8499
8223
7797
7404
7034
6521
5743
4824
4039
3516
3043
2236
904
-678
-1953
-2575
-2799
-3235
-4216
-5471
-6449
-6879
-6842
-6592
-6276
-6001
-5711
-5239
-4355
-3088
-1739
-636
242
1260
2678
4294
5577
6199
6248
6077
5919
5783
5438
4688
3502
2077
624
-740
-2030
-3285
-4504
-5622
-6561
-7290
-7844
-8260
-8492
-8377
-7787
-6809
-5699
-4660
-3640
-2474
-1050
567
2181
3581
4662
5501
6244
6974
7638
8104
8226
7963
7469
7005
6672
6313
5715
4904
4104
3491
2994
2329
1179
-402
-1888
-2702
-2898
-3153
-3990
-5231
-6262
-6737
-6716
-6447
-6097
-5830
-5653
-5354
-4589
-3313
-1916
-868
-148
781
2317
4155
5541
6099
6096
6034
6043
5899
5363
4454
3314
2030
646
-742
-2036
-3276
-4529
-5719
-6620
-7122
-7368
-7611
-7896
-7983
-7577
-6672
-5590
-4622
-3715
-2595
-1164
371
1749
2883
3846
4747
5619
6421
7043
7427
7560
7503
7355
7222
7096
6806
6205
5377
4600
4012
3400
2359
784
-907
-2092
-2559
-2770
-3367
-4531
-5795
-6609
-6807
-6614
-6316
-6107
-6047
-5968
-5500
-4361
-2748
-1227
-188
598
1732
3439
5228
6371
6674
6574
6589
6717
6587
5925
4827
3527
2161
776
-555
-1797
-3048
-4383
-5658
-6565
-6980
-7110
-7285
-7553
-7619
-7141
-6143
-5004
-4050
-3227
-2266
-1019
411
1830
3088
4097
4843
5385
5871
6408
6939
7267
7288
7089
6837
6563
6198
5686
5088
4468
3790
2852
1518
-55
-1425
-2283
-2777
-3330
-4191
-5186
-6011
-6503
-6693
-6619
-6389
-6146
-5925
-5471
-4511
-3116
-1714
-625
283
1413
2920
4469
5576
6087
6266
6423
6569
6493
6034
5179
3986
2573
1146
-129
-1270
-2475
-3854
-5259
-6368
-6990
-7219
-7305
-7376
-7371
-7135
-6570
-5719
-4762
-3873
-3042
-2089
-878
475
1716
2666
3386
4028
4696
5361
5967
6474
6831
6931
6712
6281
5850
5504
5109
4448
3414
2108
773
-328
-1127
-1801
-2591
-3530
-4475
-5258
-5824
-6111
-6144
-6000
-5851
-5734
-5492
-4857
-3740
-2377
-1089
-22
981
2073
3264
4392
5336
5983
6283
6225
5962
5675
5378
4832
3797
2333
775
-521
-1457
-2199
-3045
-4129
-5295
-6154
-6433
-6206
-5856
-5679
-5629
-5374
-4648
-3549
-2429
-1576
-927
-212
764
1932
3079
4015
4658
5026
5230
5430
5713
5986
6034
5723
5169
4683
4502
4506
4252
3339
1875
480
-280
-485
-780
-1698
-3081
-4301
-4929
-5063
-5056
-5064
-5038
-4918
-4751
-4456
-3852
-2863
-1762
-846
-99
761
1800
2727
3270
3534
3874
4382
4757
4670
4237
3811
3493
2978
2028
862
-100
-730
-1315
-2111
-3037
-3803
-4253
-4453
-4526
-4527
-4449
-4291
-4039
-3654
-3081
-2372
-1641
-950
-248
530
1341
2041
2534
2887
3275
3777
4240
4417
4262
3958
3726
3617
3569
3529
3428
3104
2351
1221
65
-674
-952
-1137
-1707
-2722
-3845
-4635
-4900
-4741
-4432
-4240
-4210
-4229
-4053
-3554
-2742
-1857
-1092
-460
184
869
1500
2016
2438
2805
3071
3217
3257
3272
3262
3117
2696
2000
1160
325
-415
-1038
-1569
-2095
-2678
-3273
-3696
-3803
-3640
-3437
-3349
-3299
-3102
-2675
-2090
-1399
-616
182
811
1178
1421
1781
2329
2908
3340
3578
3646
3531
3284
3086
3101
3232
3202
2889
2439
2041
1649
1113
432
-163
-536
-795
-1176
-1709
-2241
-2605
-2775
-2815
-2751
-2566
-2250
-1900
-1607
-1400
-1167
-842
-420
31
467
869
1241
1608
1970
2298
2547
2709
2790
2781
2656
2430
2142
1820
1412
813
17
-764
-1243
-1366
-1388
-1632
-2147
-2678
-2901
-2725
-2365
-2127
-2127
-2216
-2104
-1602
-783
48
551
634
532
633
1116
1794
2316
2490
2391
2178
1960
1798
1750
1809
1868
1839
1719
1524
1169
609
-29
-538
-850
-1065
-1290
-1551
-1806
-2037
-2210
-2284
-2224
-2069
-1906
-1770
-1612
-1368
-1075
-838
-714
-625
-446
-129
275
672
967
1104
1086
1049
1128
1327
1485
1448
1204
848
463
52
-386
-823
-1198
-1500
-1791
-2134
-2539
-2917
-3119
-3059
-2822
-2646
-2669
-2789
-2724
-2322
-1674
-1033
-587
-337
-128
197
654
1152
1544
1739
1745
1679
1684
1807
1979
2085
2078
2002
1956
1949
1908
1728
1431
1116
859
672
570
584
667
745
803
943
1190
1390
1360
1112
908
958
1228
1463
1441
1129
676
333
245
361
426
296
98
79
311
579
667
537
332
163
39
-81
-192
-324
-525
-826
-1154
-1394
-1502
-1552
-1677
-1925
-2247
-2545
-2775
-2876
-2781
-2469
-2084
-1841
-1811
-1848
-1712
-1325
-751
-179
249
417
375
288
393
805
1368
1775
1798
1554
1347
1374
1576
1738
1740
1555
1248
959
894
1146
1535
1795
1813
1730
1675
1657
1615
1580
1643
1765
1777
1498
968
390
14
-139
-204
-392
-732
-1122
-1415
-1511
-1386
-1110
-881
-856
-1068
-1308
-1396
-1263
-1099
-1066
-1228
-1440
-1587
-1627
-1622
-1652
-1761
-1986
-2271
-2515
-2603
-2604
-2609
-2665
-2640
-2490
-2323
-2252
-2288
-2322
-2249
-2032
-1679
-1278
-930
-640
-401
-153
134
500
942
1440
1891
2200
2282
2238
2238
2401
2702
3007
3217
3280
3202
3011
2785
2635
2670
2880
3171
3320
3195
2781
2256
1832
1632
1621
1641
1474
986
292
-289
-444
-166
274
490
313
-137
-518
-603
-399
-156
-44
-81
-150
-230
-397
-674
-925
-1033
-1046
-1139
-1421
-1828
-2277
-2627
-2838
-2847
-2726
-2539
-2503
-2707
-3105
-3340
-3181
-2677
-2163
-1955
-2050
-2212
-2147
-1775
-1205
-616
-113
256
497
675
922
1339
1868
2364
2714
2959
3211
3494
3688
3723
3691
3763
3876
3805
3340
2664
2089
1902
1961
1949
1578
809
-102
-839
-1077
-890
-557
-453
-646
-991
-1177
-1120
-783
-403
-84
68
28
-112
-278
-351
-323
-311
-397
-504
-627
-689
-965
-1470
-2098
-2561
-2700
-2630
-2622
-2805
-3124
-3415
-3517
-3519
-3340
-3007
-2491
-2028
-1899
-2108
-2382
-2285
-1726
-907
-286
-15
-61
-128
46
585
1458
2276
2846
2940
2898
2844
3094
3456
3802
3926
3811
3547
3216
2922
2606
2310
1935
1606
1276
1016
738
395
-56
-489
-739
-631
-306
33
137
37
-136
-159
-38
170
335
412
446
463
490
472
366
197
40
-140
-301
-542
-804
-1129
-1508
-1899
-2273
-2498
-2594
-2648
-2761
-2932
-3051
-3026
-2858
-2648
-2456
-2404
-2380
-2403
-2268
-2026
-1663
-1253
-820
-384
17
440
920
1458
1930
2316
2589
2867
3156
3513
3764
3808
3558
3261
3084
3043
2951
2686
2254
1796
1392
1137
1001
895
713
377
-58
-459
-675
-636
-372
-130
-51
-226
-360
-298
86
503
805
868
869
782
606
268
-55
-230
-263
-274
-465
-855
-1383
-1846
-2140
-2277
-2390
-2499
-2618
-2723
-2856
-3039
-3217
-3241
-3120
-2911
-2799
-2774
-2774
-2695
-2490
-2107
-1586
-998
-484
-113
171
496
951
1552
2067
2430
2578
2693
2848
3016
3156
3213
3184
3002
2685
2250
1888
1628
1587
1566
1466
1155
747
412
219
148
209
323
471
439
343
229
287
454
690
873
978
967
815
654
587
783
1035
1192
1004
540
-88
-628
-1013
-1213
-1405
-1574
-1846
-2120
-2445
-2745
-2968
-3058
-3028
-2946
-2883
-2886
-2924
-3020
-3041
-2989
-2733
-2330
-1918
-1680
-1627
-1602
-1435
-1090
-549
132
772
1166
1234
1228
1390
1790
2212
2413
2362
2162
1989
1844
1748
1655
1680
1706
1685
1435
1047
664
463
506
672
837
875
861
791
753
697
741
909
1190
1431
1532
1491
1427
1423
1498
1607
1655
1611
1401
1061
678
368
169
-43
-360
-781
-1174
-1457
-1582
-1641
-1691
-1864
-2147
-2424
-2532
-2444
-2315
-2281
-2317
-2333
-2249
-2104
-1941
-1715
-1452
-1148
-956
-887
-854
-665
-296
139
436
633
776
951
1136
1253
1353
1425
1525
1492
1353
1130
1113
1214
1407
1409
1316
1149
1072
1059
1089
1066
966
873
857
907
916
830
757
764
886
1009
1044
959
816
787
916
1123
1196
1004
613
188
-80
-233
-343
-514
-705
-901
-1105
-1307
-1474
-1574
-1712
-1949
-2237
-2356
-2270
-2109
-2086
-2180
-2295
-2363
-2400
-2321
-2119
-1849
-1715
-1735
-1794
-1663
-1319
-883
-553
-374
-286
-172
15
251
436
541
610
636
598
462
324
270
321
470
651
802
865
850
859
918
1000
1040
1093
1156
1216
1224
1269
1346
1425
1452
1530
1647
1713
1594
1343
1134
1027
993
937
856
775
658
459
193
-40
-118
-113
-138
-300
-472
-529
-416
-278
-236
-333
-491
-610
-651
-565
-416
-279
-323
-538
-852
-1047
-1097
-1003
-866
-725
-621
-663
-815
-986
-939
-648
-215
133
282
226
125
90
204
385
545
611
618
570
520
482
606
837
1088
1176
1159
1102
1040
954
874
889
976
1075
1048
837
507
250
180
205
179
70
-26
-94
-234
-475
-677
-687
-561
-473
-507
-555
-575
-582
-650
-729
-722
-629
-534
-542
-654
-741
-774
-760
-787
-841
-915
-1026
-1157
-1294
-1310
-1231
-1060
-1005
-1037
-1118
-1079
-942
-797
-673
-573
-401
-203
-23
65
130
242
416
553
581
509
405
395
522
749
947
1039
1055
1066
1084
1093
1052
1019
969
924
830
740
659
606
561
545
537
498
399
268
160
43
-86
-240
-363
-449
-485
-485
-482
-494
-508
-426
-258
-67
7
-18
-86
-100
-64
-6
92
217
295
194
-68
-389
-638
-793
-893
-1004
-1172
-1361
-1463
-1470
-1333
-1121
-831
-610
-492
-441
-321
-96
203
464
649
729
783
858
1001
1178
1338
1469
1529
1567
1562
1572
1527
1472
1405
1392
1382
1320
1143
880
613
414
286
219
164
90
-28
-141
-212
-232
-254
-251
-233
-239
-310
-437
-496
-472
-368
-286
-209
-149
-77
-65
-99
-187
-261
-373
-490
-633
-715
-796
-906
-1107
-1321
-1475
-1518
-1508
-1504
-1523
-1570
-1597
-1603
-1538
-1416
-1202
-914
-611
-381
-250
-159
-28
176
437
679
820
816
756
749
879
1083
1219
1165
1004
893
928
980
927
708
464
360
467
672
752
657
449
270
160
152
201
296
345
372
347
271
129
-33
-112
-61
75
176
182
65
-119
-318
-384
-233
64
294
279
58
-188
-285
-244
-159
-156
-241
-403
-584
-751
-861
-887
-871
-857
-901
-993
-1050
-1029
-900
-723
-556
-413
-303
-155
63
374
658
833
845
813
834
962
1131
1200
1103
875
667
601
692
793
755
535
231
9
-60
-15
15
-71
-208
-309
-268
-143
32
136
162
106
91
204
403
557
546
399
237
203
297
429
403
237
-1
-175
-315
-428
-565
-713
-920
-1141
-1317
-1440
-1516
-1590
-1604
-1599
-1608
-1633
-1600
-1455
-1266
-1109
-1008
-878
-711
-494
-296
-131
3
138
315
511
702
901
1091
1238
1244
1136
999
932
983
1077
1141
1103
1025
932
859
790
747
713
658
616
608
689
769
780
701
659
735
868
930
860
745
655
629
567
443
232
12
-210
-399
-497
-469
-368
-300
-279
-316
-330
-387
-419
-525
-660
-821
-922
-970
-1040
-1184
-1408
-1591
-1657
-1545
-1357
-1189
-1128
-1173
-1231
-1201
-1005
-709
-386
-138
22
139
279
495
709
877
969
1024
1080
1133
1123
1036
908
829
790
742
675
620
617
624
608
561
523
530
541
471
307
142
110
233
403
498
493
452
468
511
591
640
625
479
248
16
-153
-278
-360
-409
-451
-566
-737
-900
-994
-1031
-1093
-1190
-1338
-1471
-1569
-1600
-1588
-1582
-1627
-1675
-1643
-1506
-1330
-1221
-1137
-1024
-811
-571
-356
-171
26
247
460
641
756
805
797
766
772
789
839
796
708
558
504
502
516
457
343
247
216
297
456
615
668
603
521
564
765
1017
1215
1307
1342
1326
1311
1283
1302
1302
1319
1240
1080
815
540
315
148
-19
-226
-421
-548
-588
-646
-710
-777
-811
-873
-989
-1107
-1113
-977
-768
-646
-674
-827
-993
-1096
-1049
-894
-738
-680
-740
-778
-790
-718
-645
-519
-347
-165
-52
-33
-35
-3
71
149
281
449
595
668
647
604
533
488
522
632
762
829
784
711
660
704
784
863
921
969
952
922
865
898
960
1029
1048
987
846
640
451
392
448
466
343
34
-262
-491
-498
-409
-321
-485
-834
-1274
-1518
-1552
-1365
-1141
-973
-954
-1034
-1166
-1250
-1271
-1246
-1147
-1057
-936
-942
-967
-1058
-1044
-1012
-864
-711
-492
-369
-353
-473
-531
-472
-289
-168
-87
-71
-27
-28
-106
-217
-301
-261
-149
28
151
228
210
254
359
576
793
960
1027
1022
1021
1060
1167
1303
1404
1436
1328
1170
978
859
755
706
623
583
475
388
256
215
227
257
218
153
138
157
219
190
191
119
91
-2
-74
-191
-306
-419
-502
-530
-596
-659
-761
-808
-816
-760
-674
-583
-520
-495
-468
-448
-443
-475
-473
-360
-196
-16
52
68
-6
-67
-88
-8
124
228
287
319
376
385
346
284
302
385
473
533
585
633
647
616
623
700
845
990
1093
1111
983
749
571
548
627
626
555
420
289
168
81
77
93
101
47
-75
-249
-438
-592
-661
-685
-698
-755
-858
-1002
-1142
-1208
-1150
-1006
-915
-951
-1077
-1201
-1283
-1347
-1299
-1115
-844
-655
-613
-662
-679
-635
-547
-466
-407
-368
-343
-298
-210
-87
25
85
64
41
49
128
212
268
310
380
498
635
734
829
924
1016
1012
912
797
768
816
813
693
548
532
644
704
566
338
195
185
128
-15
-146
-122
-47
-79
-238
-364
-344
-268
-288
-438
-588
-632
-587
-540
-523
-482
-424
-384
-415
-482
-521
-495
-405
-345
-360
-426
-438
-376
-324
-343
-396
-380
-264
-112
7
85
162
265
368
437
453
443
456
519
583
591
537
492
509
545
561
577
692
905
1090
1127
1055
1019
1082
1196
1274
1290
1242
1128
992
867
808
782
769
723
665
576
423
221
39
-24
-23
-40
-145
-298
-466
-606
-703
-763
-826
-920
-1007
-1041
-996
-927
-923
-1031
-1222
-1370
-1388
-1270
-1106
-1000
-991
-1003
-931
-759
-570
-424
-283
-129
-16
-35
-172
-328
-374
-307
-216
-209
-266
-302
-244
-115
20
90
69
-10
-82
-97
-68
-28
13
67
199
380
592
757
856
873
827
787
755
750
727
721
712
689
608
458
291
172
125
90
27
-46
-121
-207
-296
-328
-303
-260
-247
-272
-337
-422
-474
-454
-388
-360
-416
-527
-629
-704
-769
-839
-873
-834
-736
-656
-618
-605
-556
-455
-314
-192
-126
-107
-97
-72
-29
31
86
99
104
115
161
191
194
185
194
255
312
332
292
266
308
432
569
676
747
817
878
913
917
941
1005
1104
1174
1177
1103
969
814
671
588
554
529
471
384
294
196
90
-14
-85
-111
-90
-54
-58
-109
-184
-239
-305
-394
-481
-497
-446
-354
-258
-151
-60
-14
-27
-60
-77
-77
-87
-94
-65
-17
8
-13
-33
-3
76
143
133
22
-151
-282
-294
-194
-106
-146
-315
-531
-654
-671
-599
-526
-456
-365
-231
-81
26
107
193
320
432
482
464
426
400
392
402
421
401
286
94
-138
-339
-503
-601
-678
-765
-862
-942
-965
-957
-913
-896
-916
-966
-962
-910
-848
-819
-781
-700
-603
-512
-451
-392
-353
-315
-266
-191
-83
31
150
259
373
484
560
592
593
618
657
694
704
698
687
659
611
550
475
389
319
311
341
363
362
382
437
470
455
401
345
280
230
221
260
337
437
533
573
523
426
339
275
184
66
-62
-184
-338
-527
-717
-875
-992
-1071
-1096
-1081
-1055
-1041
-1021
-982
-917
-830
-721
-617
-547
-518
-478
-389
-235
-52
133
275
373
448
527
601
645
662
674
699
731
772
818
871
931
997
1071
1159
1253
1313
1269
1158
1053
1038
1056
1019
868
668
529
485
494
484
458
412
393
391
400
360
251
123
62
83
112
77
-23
-147
-272
-381
-472
-580
-754
-985
-1196
-1312
-1343
-1335
-1333
-1352
-1400
-1474
-1539
-1580
-1581
-1545
-1452
-1295
-1119
-954
-837
-723
-586
-406
-231
-96
-18
41
121
231
347
442
502
528
549
553
535
491
506
611
763
874
901
877
837
810
798
769
694
568
428
321
260
229
205
145
41
-102
-250
-374
-465
-537
-635
-764
-873
-918
-906
-904
-937
-1000
-1050
-1060
-1017
-942
-863
-782
-693
-595
-518
-466
-456
-479
-512
-490
-356
-132
99
230
235
184
188
303
481
641
758
850
948
1040
1105
1149
1191
1240
1284
1328
1387
1461
1513
1518
1496
1474
1449
1405
1338
1268
1183
1066
925
791
682
562
396
174
-70
-301
-493
-654
-783
-876
-930
-960
-1004
-1060
-1096
-1090
-1064
-1055
-1065
-1062
-1052
-1052
-1066
-1055
-1007
-955
-935
-937
-924
-881
-804
-717
-635
-593
-558
-501
-417
-337
-269
-157
34
267
462
595
703
811
887
930
982
1080
1187
1227
1197
1166
1202
1279
1327
1306
1248
1194
1171
1175
1178
1155
1087
970
828
690
572
431
219
-69
-381
-652
-855
-994
-1108
-1235
-1394
-1532
-1601
-1576
-1499
-1420
-1365
-1339
-1308
-1268
-1218
-1179
-1160
-1154
-1129
-1078
-1023
-980
-941
-885
-823
-777
-778
-805
-798
-703
-533
-360
-276
-313
-410
-461
-374
-160
82
235
264
223
186
211
300
426
529
570
568
600
708
871
1050
1201
1315
1363
1367
1378
1451
1575
1686
1741
1753
1754
1747
1715
1661
1605
1537
1423
1253
1053
855
650
421
162
-114
-375
-620
-833
-1025
-1166
-1264
-1314
-1334
-1284
-1159
-989
-855
-810
-865
-969
-1043
-1027
-939
-855
-834
-861
-873
-844
-772
-672
-566
-496
-497
-537
-559
-511
-396
-249
-132
-96
-125
-142
-68
73
217
306
314
249
147
104
183
367
566
694
758
806
889
1017
1176
1345
1499
1623
1720
1792
1848
1904
1966
2029
2069
2088
2084
2030
1913
1720
1467
1164
828
496
186
-128
-490
-910
-1332
-1692
-1930
-2054
-2103
-2135
-2145
-2125
-2085
-2075
-2104
-2111
-2031
-1879
-1749
-1703
-1704
-1682
-1643
-1601
-1559
-1472
-1354
-1242
-1148
-1052
-923
-765
-625
-560
-573
-583
-504
-341
-158
-22
60
114
177
268
380
474
532
569
634
737
892
1098
1351
1606
1822
1993
2121
2224
2304
2383
2444
2471
2449
2388
2314
2247
2188
2099
1958
1762
1540
1305
1067
796
471
83
-326
-692
-975
-1168
-1330
-1514
-1724
-1921
-2069
-2161
-2198
-2198
-2190
-2190
-2166
-2062
-1875
-1670
-1522
-1471
-1471
-1464
-1418
-1351
-1305
-1282
-1241
-1136
-969
-780
-594
-424
-266
-147
-60
6
66
117
159
218
295
386
483
597
732
878
1012
1123
1234
1376
1555
1742
1903
2028
2119
2182
2223
2258
2306
2377
2473
2552
2565
2472
2320
2158
2004
1821
1600
1360
1124
884
596
229
-204
-647
-1042
-1380
-1690
-1985
-2248
-2426
-2497
-2484
-2432
-2375
-2305
-2225
-2127
-2013
-1907
-1833
-1808
-1792
-1763
-1725
-1703
-1693
-1666
-1599
-1513
-1430
-1353
-1252
-1136
-1055
-1042
-1054
-1009
-885
-723
-578
-462
-356
-265
-179
-77
86
320
603
909
1195
1422
1580
1711
1894
2166
2505
2832
3053
3147
3147
3123
3095
3059
3004
2945
2870
2775
2641
2488
2305
2074
1774
1426
1078
750
423
70
-299
-642
-926
-1151
-1323
-1457
-1572
-1699
-1833
-1936
-1969
-1928
-1847
-1770
-1715
-1666
-1618
-1609
-1662
-1739
-1750
-1691
-1631
-1642
-1697
-1731
-1719
-1687
-1654
-1598
-1513
-1415
-1326
-1247
-1169
-1109
-1079
-1035
-950
-794
-599
-377
-156
39
201
352
542
793
1095
1396
1681
1952
2215
2433
2586
2678
2766
2873
2985
3051
3052
2999
2918
2811
2681
2535
2371
2179
1956
1715
1439
1128
775
403
27
-331
-657
-941
-1179
-1375
-1552
-1731
-1902
-2027
-2066
-2015
-1899
-1779
-1717
-1718
-1745
-1757
-1776
-1831
-1909
-1970
-2001
-2025
-2056
-2083
-2100
-2116
-2133
-2133
-2102
-2028
-1932
-1848
-1802
-1785
-1750
-1667
-1531
-1356
-1146
-896
-614
-312
-3
340
728
1155
1575
1934
2216
2432
2655
2917
3203
3443
3589
3651
3686
3727
3748
3708
3610
3490
3355
3190
2990
2776
2545
2277
1972
1668
1376
1081
768
456
168
-94
-325
-536
-735
-938
-1132
-1320
-1487
-1620
-1679
-1674
-1657
-1695
-1780
-1864
-1910
-1939
-1991
-2067
-2151
-2228
-2313
-2383
-2433
-2452
-2463
-2454
-2404
-2301
-2141
-1975
-1836
-1744
-1654
-1525
-1350
-1159
-972
-802
-644
-486
-301
-63
216
519
824
1144
1477
1830
2182
2503
2766
2960
3082
3138
3144
3123
3101
3078
3036
2969
2893
2805
2673
2475
2231
1971
1710
1447
1169
860
509
134
-223
-535
-799
-1055
-1315
-1561
-1739
-1829
-1830
-1766
-1694
-1684
-1769
-1893
-1973
-1985
-1975
-2017
-2131
-2290
-2434
-2512
-2542
-2574
-2624
-2654
-2636
-2573
-2484
-2359
-2202
-2049
-1940
-1862
-1744
-1532
-1243
-952
-712
-523
-336
-113
141
400
663
942
1238
1529
1781
1984
2145
2304
2487
2682
2854
2992
3104
3181
3187
3108
3000
2923
2904
2913
2911
2844
2692
2465
2211
1940
1657
1381
1155
1002
878
723
502
248
2
-215
-403
-539
-613
-664
-770
-951
-1149
-1299
-1389
-1451
-1503
-1556
-1618
-1706
-1819
-1936
-2031
-2090
-2099
-2035
-1905
-1759
-1672
-1651
-1664
-1664
-1622
-1529
-1393
-1247
-1094
-931
-748
-579
-453
-347
-210
-14
206
421
630
838
1019
1143
1236
1337
1458
1562
1641
1710
1781
1856
1931
2015
2089
2138
2159
2156
2111
2008
1876
1738
1579
1355
1070
773
482
190
-110
-386
-615
-805
-974
-1117
-1216
-1247
-1234
-1219
-1251
-1327
-1398
-1436
-1467
-1549
-1706
-1891
-2034
-2100
-2106
-2093
-2086
-2081
-2066
-2026
-1963
-1902
-1867
-1858
-1832
-1762
-1645
-1496
-1332
-1163
-991
-812
-625
-447
-289
-146
-7
151
328
509
671
828
996
1199
1407
1579
1689
1749
1793
1842
1900
1967
2045
2128
2218
2323
2412
2434
2375
2285
2218
2178
2136
2043
1857
1578
1273
1020
824
639
439
257
127
47
-24
-99
-174
-263
-384
-535
-679
-801
-909
-1007
-1090
-1142
-1174
-1200
-1220
-1212
-1177
-1134
-1103
-1074
-1046
-1017
-984
-939
-891
-869
-879
-885
-859
-800
-726
-653
-574
-474
-353
-218
-78
79
230
336
380
409
490
637
809
944
1017
1054
1109
1180
1226
1214
1175
1167
1212
1291
1363
1410
1431
1433
1411
1341
1214
1035
838
655
512
400
279
130
-44
-224
-406
-609
-814
-1016
-1220
-1434
-1618
-1658
-1519
-1295
-1181
-1229
-1360
-1452
-1503
-1552
-1609
-1645
-1623
-1552
-1438
-1309
-1171
-1058
-995
-975
-964
-932
-919
-965
-1051
-1100
-1050
-889
-664
-455
-319
-249
-192
-103
23
192
371
537
719
947
1151
1199
1097
1002
1011
1049
1008
898
862
938
1045
1056
974
906
884
849
737
625
615
683
693
571
404
290
232
147
34
-22
24
89
16
-177
-320
-333
-333
-429
-503
-432
-299
-323
-504
-645
-622
-568
-622
-685
-607
-416
-348
-464
-627
-587
-293
118
357
277
57
37
347
732
921
926
961
1023
1002
869
853
1075
1396
1564
1479
1302
1195
1179
1171
1144
1119
1045
832
542
350
304
235
38
-176
-251
-219
-241
-385
-555
-623
-559
-466
-446
-498
-532
-493
-448
-488
-582
-614
-589
-678
-975
-1330
-1507
-1456
-1304
-1124
-872
-523
-228
-101
-57
99
354
506
475
383
335
253
89
-27
29
117
50
-112
-153
-77
-102
-264
-337
-101
352
788
1084
1293
1518
1756
1908
1880
1725
1609
1566
1401
886
109
-597
-1037
-1342
-1757
-2286
-2731
-2989
-3173
-3412
-3619
-3597
-3323
-2989
-2783
-2640
-2343
-1806
-1150
-546
-5
532
1041
1405
1562
1563
1466
1282
994
655
326
27
-296
-658
-1003
-1233
-1288
-1137
-813
-423
-73
195
454
779
1208
1682
2149
2626
3207
3870
4413
4656
4708
4824
5036
5059
4640
3889
3117
2448
1699
647
-667
-1951
-2947
-3636
-4166
-4591
-4845
-4892
-4821
-4707
-4508
-4138
-3601
-2988
-2386
-1815
-1264
-715
-148
454
1091
1736
2308
2689
2759
2477
1904
1199
534
-42
-626
-1283
-1936
-2447
-2760
-2890
-2834
-2593
-2195
-1713
-1173
-578
87
814
1607
2454
3293
4071
4791
5483
6083
6496
6728
6873
6939
6761
6188
5240
4126
2967
1729
332
-1129
-2497
-3718
-4826
-5759
-6357
-6582
-6564
-6428
-6156
-5688
-5033
-4301
-3570
-2880
-2235
-1628
-1016
-372
273
875
1418
1905
2252
2332
2073
1527
790
-59
-979
-1887
-2696
-3348
-3863
-4248
-4431
-4335
-3974
-3480
-2943
-2334
-1570
-613
453
1506
2443
3304
4228
5281
6349
7231
7839
8196
8337
8185
7665
6782
5658
4387
2968
1372
-308
-1875
-3226
-4420
-5550
-6515
-7106
-7205
-6934
-6489
-5921
-5194
-4321
-3426
-2591
-1797
-979
-111
786
1620
2326
2901
3385
3709
3720
3359
2744
2014
1146
63
-1186
-2406
-3462
-4369
-5165
-5789
-6115
-6080
-5714
-5102
-4313
-3377
-2286
-1052
258
1552
2782
3971
5151
6302
7319
8092
8574
8823
8912
8795
8306
7337
5998
4490
2872
1083
-849
-2720
-4335
-5650
-6691
-7440
-7787
-7666
-7144
-6389
-5535
-4590
-3529
-2385
-1260
-188
872
1924
2888
3681
4333
4874
5233
5262
4917
4263
3396
2361
1186
-81
-1379
-2642
-3802
-4775
-5496
-5948
-6165
-6149
-5870
-5293
-4452
-3398
-2186
-872
490
1850
3178
4443
5631
6685
7496
7965
8115
8058
7817
7263
6289
4937
3359
1639
-196
-2085
-3863
-5398
-6660
-7661
-8343
-8601
-8454
-7994
-7317
-6396
-5233
-3887
-2476
-1058
353
1735
3010
4089
4942
5578
5998
6156
6025
5610
4958
4120
3152
2055
800
-602
-2033
-3353
-4463
-5308
-5855
-6095
-6072
-5806
-5284
-4485
-3435
-2168
-700
909
2525
4015
5330
6477
7424
8097
8446
8509
8311
7823
6935
5627
3990
2200
364
-1504
-3383
-5159
-6671
-7860
-8729
-9275
-9425
-9174
-8614
-7875
-6949
-5753
-4283
-2704
-1178
270
1681
3029
4206
5158
5862
6329
6521
6396
5933
5190
4267
3203
1981
623
-739
-1977
-3044
-3946
-4660
-5156
-5406
-5405
-5131
-4547
-3637
-2447
-1085
357
1849
3362
4819
6132
7281
8267
9019
9425
9436
9080
8364
7279
5838
4117
2192
134
-1970
-3980
-5761
-7238
-8377
-9166
-9583
-9649
-9398
-8890
-8165
-7256
-6174
-4944
-3605
-2197
-754
699
2120
3465
4633
5510
6030
6217
6114
5726
5046
4105
2973
1726
418
-908
-2182
-3318
-4236
-4901
-5299
-5417
-5229
-4735
-3956
-2923
-1682
-300
1141
2575
3968
5310
6590
7769
8774
9507
9897
9895
9505
8722
7572
6102
4398
2495
438
-1674
-3665
-5408
-6878
-8062
-8878
-9263
-9266
-9013
-8569
-7900
-6990
-5913
-4784
-3632
-2413
-1094
237
1475
2563
3500
4256
4760
4969
4860
4450
3750
2814
1709
514
-719
-1937
-3070
-4048
-4819
-5378
-5720
-5833
-5645
-5114
-4257
-3157
-1895
-531
895
2349
3791
5193
6521
7719
8648
9234
9481
9451
9131
8456
7411
6038
4426
2650
786
-1102
-2917
-4586
-6065
-7310
-8212
-8677
-8729
-8484
-8014
-7298
-6338
-5216
-4056
-2889
-1659
-334
1008
2231
3261
4112
4792
5238
5375
5189
4740
4079
3229
2204
1055
-159
-1394
-2613
-3745
-4697
-5404
-5840
-6003
-5900
-5540
-4936
-4098
-3038
-1788
-377
1139
2672
4127
5440
6587
7514
8154
8489
8554
8375
7912
7119
6013
4696
3228
1606
-143
-1852
-3370
-4675
-5815
-6757
-7413
-7768
-7865
-7709
-7257
-6495
-5491
-4357
-3167
-1950
-716
496
1637
2658
3533
4248
4788
5090
5118
4912
4585
4161
3575
2786
1855
863
-134
-1097
-1969
-2719
-3351
-3870
-4229
-4353
-4164
-3648
-2881
-1956
-931
194
1392
2586
3682
4618
5358
5878
6187
6328
6324
6114
5610
4794
3740
2562
1329
32
-1377
-2873
-4308
-5521
-6454
-7132
-7544
-7649
-7446
-7008
-6413
-5707
-4901
-4013
-3061
-2061
-1035
-40
870
1683
2415
3047
3523
3781
3822
3700
3484
3202
2841
2378
1826
1204
524
-202
-914
-1527
-1978
-2275
-2427
-2400
-2132
-1610
-904
-118
705
1583
2506
3389
4131
4683
5024
5132
5013
4734
4370
3956
3479
2900
2186
1357
471
-454
-1462
-2559
-3633
-4567
-5324
-5923
-6350
-6548
-6496
-6218
-5741
-5068
-4220
-3289
-2404
-1641
-975
-351
262
829
1279
1574
1775
1994
2276
2540
2690
2701
2598
2407
2153
1830
1411
896
364
-83
-396
-582
-655
-592
-388
-68
341
844
1449
2100
2692
3168
3548
3880
4136
4237
4147
3919
3647
3378
3077
2679
2170
1592
988
369
-267
-920
-1589
-2280
-2993
-3692
-4295
-4721
-4958
-5058
-5043
-4862
-4470
-3907
-3278
-2670
-2116
-1600
-1120
-698
-364
-98
159
417
654
842
971
1025
976
816
566
274
-11
-252
-447
-614
-780
-922
-982
-919
-751
-524
-252
81
454
822
1140
1409
1635
1839
2045
2262
2463
2611
2686
2676
2575
2410
2237
2061
1819
1440
934
375
-169
-681
-1177
-1667
-2107
-2432
-2623
-2720
-2767
-2709
-2476
-2090
-1671
-1307
-969
-604
-238
38
194
285
373
473
568
648
706
731
721
671
587
465
299
72
-215
-512
-751
-902
-991
-1037
-998
-818
-534
-244
10
281
618
968
1230
1368
1458
1609
1850
2106
2256
2255
2131
1947
1714
1430
1096
739
368
-40
-498
-989
-1459
-1845
-2113
-2257
-2282
-2183
-1954
-1606
-1181
-740
-340
-11
262
492
672
776
816
831
838
826
795
765
720
621
467
278
73
-159
-427
-718
-1002
-1239
-1397
-1473
-1482
-1444
-1351
-1175
-901
-565
-235
55
322
600
875
1096
1247
1350
1412
1413
1352
1267
1177
1056
860
583
240
-157
-596
-1059
-1502
-1875
-2148
-2319
-2395
-2397
-2326
-2163
-1869
-1440
-918
-354
199
691
1091
1378
1571
1683
1728
1707
1626
1507
1380
1258
1146
1021
857
629
357
91
-132
-322
-504
-653
-724
-714
-659
-598
-527
-425
-271
-44
233
518
784
1044
1305
1528
1672
1739
1760
1739
1657
1492
1250
943
588
206
-201
-654
-1164
-1672
-2101
-2426
-2649
-2758
-2725
-2573
-2314
-1945
-1472
-961
-487
-79
271
585
890
1167
1357
1416
1395
1369
1366
1363
1332
1277
1200
1106
1000
870
687
439
160
-100
-303
-444
-521
-519
-439
-320
-210
-122
-31
103
286
487
675
810
873
864
812
755
699
616
480
295
72
-175
-422
-677
-981
-1367
-1802
-2209
-2540
-2771
-2905
-2955
-2941
-2854
-2651
-2327
-1927
-1519
-1136
-786
-478
-235
-62
52
130
178
189
144
86
96
216
393
548
662
760
851
899
880
783
616
430
315
313
381
473
605
803
1025
1207
1355
1520
1716
1891
1985
1989
1934
1849
1740
1594
1406
1186
950
696
411
92
-244
-574
-891
-1180
-1406
-1537
-1592
-1617
-1624
-1586
-1467
-1304
-1158
-1056
-972
-848
-679
-500
-354
-250
-193
-195
-247
-316
-347
-305
-179
-18
116
200
267
358
495
655
803
880
863
771
661
593
600
674
777
926
1168
1498
1838
2107
2311
2472
2575
2585
2510
2393
2257
2100
1899
1621
1258
839
407
-3
-354
-624
-815
-974
-1140
-1330
-1536
-1732
-1871
-1923
-1899
-1840
-1786
-1766
-1801
-1880
-1977
-2038
-2033
-1982
-1935
-1919
-1904
-1852
-1751
-1625
-1504
-1403
-1329
-1267
-1181
-1058
-955
-940
-1023
-1127
-1175
-1129
-1015
-864
-696
-503
-264
39
405
783
1132
1440
1744
2055
2346
2569
2681
2655
2507
2298
2110
1971
1857
1731
1573
1351
1050
721
438
245
127
58
-12
-113
-238
-349
-422
-469
-510
-571
-682
-845
-1019
-1153
-1244
-1299
-1307
-1243
-1122
-1002
-933
-934
-988
-1069
-1137
-1172
-1165
-1120
-1057
-998
-957
-897
-768
-564
-337
-136
50
257
501
777
1077
1377
1642
1844
1985
2081
2139
2164
2149
2100
2047
2026
2049
2064
1994
1815
1583
1370
1202
1057
930
830
766
710
645
589
572
607
657
668
609
466
254
8
-235
-469
-721
-1003
-1276
-1493
-1658
-1820
-2003
-2167
-2265
-2297
-2302
-2328
-2379
-2429
-2422
-2324
-2157
-1973
-1802
-1621
-1394
-1105
-761
-373
20
371
659
919
1166
1361
1443
1401
1295
1180
1089
1027
981
910
794
673
609
595
570
490
360
219
102
39
43
85
132
159
193
268
376
455
430
317
185
84
10
-86
-248
-491
-755
-950
-1040
-1055
-1049
-1034
-1022
-1034
-1081
-1143
-1205
-1257
-1303
-1339
-1371
-1388
-1342
-1193
-939
-627
-298
34
359
660
931
1164
1341
1443
1480
1491
1488
1461
1404
1329
1256
1192
1143
1092
1019
911
777
647
549
485
432
381
341
295
188
13
-153
-225
-204
-174
-197
-295
-451
-639
-812
-927
-967
-941
-877
-803
-731
-662
-604
-570
-564
-566
-573
-589
-625
-671
-694
-664
-592
-511
-428
-311
-121
134
409
659
889
1116
1349
1554
1678
1703
1651
1567
1475
1383
1285
1186
1106
1080
1125
1207
1256
1226
1122
979
823
678
554
470
401
297
128
-67
-231
-373
-519
-664
-779
-866
-978
-1167
-1438
-1733
-2001
-2211
-2360
-2445
-2459
-2409
-2309
-2182
-2054
-1928
-1809
-1701
-1613
-1531
-1397
-1156
-821
-483
-232
-61
116
384
746
1127
1438
1631
1719
1745
1762
1799
1830
1807
1694
1530
1377
1275
1216
1183
1187
1240
1346
1478
1594
1664
1669
1621
1544
1436
1264
1010
700
401
148
-56
-238
-439
-685
-937
-1147
-1334
-1560
-1846
-2115
-2292
-2359
-2371
-2377
-2388
-2375
-2315
-2217
-2109
-2009
-1898
-1762
-1608
-1486
-1406
-1342
-1231
-1047
-819
-578
-326
-24
334
714
1041
1264
1375
1427
1491
1595
1708
1777
1787
1774
1797
1864
1942
2004
2070
2169
2275
2344
2350
2299
2187
2023
1820
1580
1289
949
591
251
-37
-262
-430
-575
-723
-894
-1105
-1357
-1624
-1874
-2083
-2237
-2335
-2368
-2350
-2293
-2217
-2119
-1981
-1794
-1591
-1433
-1334
-1246
-1124
-977
-813
-637
-461
-317
-217
-137
-43
104
316
565
785
934
1018
1077
1133
1190
1252
1326
1426
1579
1826
2167
2544
2865
3060
3102
3014
2843
2631
2379
2091
1764
1398
1016
650
319
-2
-331
-646
-908
-1100
-1226
-1305
-1375
-1483
-1647
-1838
-2020
-2168
-2274
-2321
-2295
-2214
-2104
-1978
-1826
-1641
-1419
-1182
-970
-810
-721
-710
-757
-806
-800
-726
-624
-515
-398
-274
-151
-30
101
241
388
546
721
913
1125
1354
1590
1802
1969
2087
2167
2230
2281
2303
2256
2105
1862
1553
1211
846
470
117
-176
-391
-535
-639
-725
-825
-947
-1109
-1315
-1547
-1740
-1836
-1836
-1782
-1731
-1694
-1664
-1622
-1560
-1463
-1330
-1188
-1075
-1006
-962
-914
-866
-844
-848
-854
-833
-781
-703
-591
-431
-230
-28
149
322
531
784
1033
1220
1333
1431
1564
1747
1917
2014
2040
2055
2085
2086
2032
1954
1877
1760
1564
1304
1022
752
504
300
137
0
-137
-262
-364
-453
-547
-645
-737
-823
-901
-954
-979
-989
-997
-993
-963
-913
-848
-761
-646
-530
-451
-427
-428
-409
-379
-386
-466
-585
-686
-719
-668
-543
-373
-193
-11
182
398
641
909
1168
1384
1528
1624
1709
1813
1927
2003
2007
1942
1851
1760
1648
1471
1206
897
610
373
171
-21
-210
-400
-596
-783
-919
-992
-1031
-1071
-1111
-1131
-1124
-1104
-1096
-1117
-1145
-1145
-1110
-1081
-1083
-1090
-1045
-931
-788
-681
-653
-704
-797
-896
-966
-999
-995
-963
-924
-890
-842
-755
-627
-486
-337
-160
62
308
550
771
963
1133
1302
1474
1625
1706
1698
1617
1465
1241
970
704
470
245
16
-211
-400
-543
-638
-712
-795
-894
-971
-983
-960
-967
-1031
-1107
-1148
-1143
-1106
-1054
-998
-941
-885
-826
-754
-666
-576
-534
-563
-631
-681
-704
-717
-713
-654
-520
-321
-87
161
414
660
868
1012
1124
1260
1439
1630
1813
2004
2227
2465
2677
2823
2879
2849
2743
2594
2426
2250
2067
1866
1632
1363
1068
781
522
293
70
-174
-431
-661
-815
-899
-952
-1018
-1104
-1201
-1300
-1385
-1441
-1450
-1403
-1312
-1221
-1193
-1243
-1318
-1347
-1312
-1264
-1245
-1253
-1234
-1168
-1085
-1026
-996
-962
-902
-807
-668
-481
-271
-74
103
285
495
721
946
1161
1372
1567
1731
1842
1905
1921
1877
1755
1561
1319
1053
785
543
362
251
185
114
3
-140
-266
-332
-363
-443
-609
-834
-1043
-1191
-1263
-1276
-1269
-1292
-1358
-1428
-1449
-1415
-1367
-1345
-1350
-1362
-1374
-1391
-1422
-1459
-1500
-1525
-1504
-1410
-1260
-1098
-949
-798
-629
-459
-301
-135
76
325
566
780
985
1209
1435
1644
1834
2001
2106
2111
2043
1954
1882
1806
1693
1515
1290
1062
875
739
629
527
421
328
251
187
123
59
5
-34
-64
-105
-155
-217
-275
-312
-310
-269
-210
-157
-137
-151
-191
-252
-336
-439
-534
-588
-589
-580
-623
-740
-882
-952
-907
-764
-578
-386
-209
-58
80
229
392
550
705
882
1082
1265
1404
1500
1576
1614
1590
1501
1362
1167
907
591
257
-44
-271
-394
-442
-467
-524
-622
-735
-847
-940
-1002
-1015
-991
-953
-916
-874
-806
-699
-573
-474
-444
-470
-515
-562
-618
-673
-709
-727
-750
-785
-813
-824
-828
-832
-828
-796
-716
-599
-448
-267
-63
133
311
491
694
919
1141
1350
1520
1624
1641
1594
1524
1446
1351
1230
1100
971
835
684
511
332
166
23
-105
-230
-331
-387
-405
-433
-481
-527
-540
-545
-566
-600
-606
-574
-545
-561
-622
-689
-736
-745
-727
-713
-733
-764
-751
-679
-591
-534
-498
-448
-383
-337
-315
-281
-189
-42
125
274
396
521
680
871
1050
1175
1249
1292
1319
1327
1316
1270
1182
1053
911
777
672
610
572
510
390
264
200
200
193
119
-2
-138
-262
-380
-473
-527
-544
-542
-541
-542
-548
-551
-565
-588
-622
-688
-797
-919
-986
-978
-954
-986
-1083
-1192
-1244
-1225
-1180
-1162
-1162
-1130
-1026
-872
-710
-552
-379
-169
74
330
582
815
1019
1191
1341
1447
1481
1446
1377
1308
1241
1161
1040
877
705
563
458
367
286
235
219
208
155
48
-80
-178
-227
-240
-235
-221
-183
-114
-26
37
38
-20
-108
-202
-304
-422
-560
-690
-785
-847
-901
-961
-1004
-1001
-948
-888
-854
-829
-781
-692
-577
-433
-256
-64
122
288
432
538
593
617
646
699
782
887
983
1022
984
898
800
713
640
574
528
517
537
541
497
420
350
292
226
156
114
111
122
127
137
172
210
224
198
149
86
-2
-125
-262
-378
-444
-459
-436
-391
-338
-267
-169
-54
29
54
30
-13
-80
-185
-312
-411
-450
-421
-338
-216
-78
54
172
278
362
416
445
456
439
354
193
-11
-194
-315
-367
-370
-358
-345
-328
-311
-301
-314
-329
-327
-305
-280
-268
-262
-248
-198
-108
-4
60
59
-10
-137
-296
-445
-542
-560
-500
-396
-308
-295
-358
-444
-501
-510
-478
-410
-322
-256
-233
-241
-245
-225
-182
-115
-18
105
232
339
416
470
522
585
649
675
622
491
334
214
151
101
8
-144
-303
-403
-398
-313
-221
-192
-224
-250
-199
-69
96
243
359
448
515
550
553
531
520
536
578
628
641
587
465
310
152
6
-116
-187
-187
-139
-113
-144
-192
-183
-93
28
141
243
335
396
422
444
477
513
541
566
602
647
693
744
794
816
790
722
631
521
383
223
65
-74
-182
-254
-290
-310
-327
-348
-368
-391
-426
-478
-525
-547
-544
-539
-545
-560
-591
-634
-658
-604
-476
-340
-255
-215
-186
-185
-229
-297
-338
-336
-315
-309
-332
-382
-433
-456
-444
-410
-368
-330
-304
-284
-249
-182
-93
-14
38
66
81
95
116
146
178
202
204
184
158
149
149
126
71
7
-40
-84
-142
-215
-272
-291
-274
-246
-240
-267
-307
-329
-350
-403
-487
-541
-522
-454
-407
-414
-453
-477
-470
-433
-381
-328
-303
-318
-341
-331
-271
-193
-125
-82
-64
-53
-26
24
87
169
280
395
485
558
655
777
888
962
1004
1032
1043
1023
962
885
827
803
796
786
763
728
680
613
525
434
374
363
362
329
276
267
312
342
282
146
27
0
51
107
118
109
127
188
274
354
409
405
333
208
74
-32
-95
-133
-192
-298
-422
-508
-514
-446
-356
-288
-252
-229
-209
-188
-146
-86
-40
-46
-59
-24
62
144
193
228
259
264
228
174
137
137
172
222
248
214
118
-32
-215
-402
-563
-679
-734
-725
-674
-634
-656
-731
-796
-793
-715
-594
-468
-354
-260
-190
-143
-108
-75
-43
-15
-8
-42
-122
-212
-271
-280
-260
-237
-229
-264
-351
-475
-589
-668
-718
-730
-697
-626
-557
-511
-473
-427
-363
-289
-207
-116
-21
75
173
271
356
406
423
420
410
396
375
339
271
171
56
-50
-141
-209
-243
-245
-242
-261
-292
-307
-288
-238
-147
-12
147
280
351
360
361
388
440
502
588
713
835
897
903
904
913
896
822
706
578
476
410
362
299
220
144
76
24
-5
3
28
41
46
59
99
138
137
103
83
112
172
232
287
339
361
320
245
196
199
214
172
39
-148
-312
-395
-396
-355
-303
-250
-210
-195
-197
-187
-142
-55
64
191
294
365
397
391
356
333
354
401
415
356
249
159
124
117
82
-13
-144
-261
-321
-309
-250
-173
-108
-74
-78
-113
-150
-187
-227
-275
-307
-311
-303
-311
-344
-383
-405
-416
-423
-425
-419
-427
-469
-524
-565
-607
-668
-734
-774
-779
-765
-757
-760
-761
-725
-621
-464
-295
-147
-34
35
58
62
76
90
88
76
85
126
168
186
167
117
48
-17
-60
-88
-114
-152
-184
-190
-174
-141
-88
-1
127
266
374
403
344
253
201
217
265
289
269
215
157
122
137
198
268
305
288
222
126
24
-59
-107
-111
-66
16
99
162
213
267
327
388
444
483
494
489
503
546
599
625
613
576
530
499
475
442
383
305
220
135
42
-78
-222
-368
-485
-553
-569
-551
-522
-489
-451
-412
-369
-304
-193
-48
99
212
287
329
337
307
249
198
179
192
218
216
167
90
39
33
38
20
-18
-46
-39
-5
24
21
1
26
142
318
471
548
586
645
734
784
728
574
389
244
161
118
73
-2
-91
-163
-187
-178
-181
-236
-349
-469
-556
-601
-641
-709
-777
-793
-745
-689
-661
-630
-562
-479
-428
-401
-342
-237
-122
-54
-55
-106
-189
-285
-385
-473
-536
-569
-564
-522
-447
-367
-323
-334
-374
-384
-336
-254
-158
-40
115
299
476
584
593
509
403
325
274
235
194
164
139
101
40
-35
-93
-121
-117
-100
-107
-168
-260
-318
-303
-240
-183
-154
-143
-119
-95
-98
-140
-187
-175
-102
-14
37
48
51
69
111
159
189
167
101
41
29
48
49
19
-16
-37
-45
-50
-65
-90
-119
-123
-76
34
177
307
403
481
569
674
758
794
790
808
883
969
1001
972
907
806
657
480
322
217
172
190
233
254
229
185
159
140
87
-4
-87
-105
-64
-18
-8
-16
9
94
212
305
326
267
170
70
-19
-104
-167
-176
-151
-153
-222
-331
-420
-454
-431
-378
-330
-307
-303
-297
-269
-207
-115
-15
65
110
124
105
68
20
-33
-96
-144
-128
-50
24
14
-74
-170
-227
-257
-291
-335
-378
-419
-449
-454
-426
-383
-319
-233
-166
-187
-286
-377
-396
-375
-379
-415
-434
-406
-343
-289
-269
-279
-298
-304
-291
-273
-269
-285
-326
-382
-426
-432
-417
-411
-416
-398
-342
-277
-236
-212
-176
-118
-53
-1
34
63
86
110
129
145
155
162
183
232
300
370
418
411
324
172
41
15
81
133
98
5
-65
-71
-32
23
65
88
96
108
114
95
52
24
43
98
153
187
195
181
166
180
244
336
412
441
425
383
345
329
338
380
469
598
724
806
833
817
770
709
647
607
599
608
602
553
477
407
379
383
380
357
322
303
283
245
178
102
23
-64
-158
-232
-247
-192
-105
-34
-5
-2
9
37
80
123
143
111
38
-11
18
90
127
102
44
-3
-59
-151
-274
-395
-490
-545
-557
-531
-486
-444
-428
-445
-477
-503
-502
-476
-423
-346
-256
-173
-120
-103
-121
-168
-226
-267
-289
-324
-412
-546
-676
-734
-707
-645
-610
-614
-629
-628
-628
-636
-654
-667
-672
-668
-637
-564
-437
-285
-134
-15
67
99
72
-10
-123
-214
-257
-257
-237
-197
-134
-81
-72
-78
-35
58
144
185
196
199
200
