-56
-3
-13
-45
-44
-9
3
-49
-148
-221
-217
-154
-78
-5
73
140
151
85
-28
-142
-229
-290
-314
-275
-165
-24
83
119
103
90
118
166
174
112
17
-51
-68
-66
-90
-160
-240
-272
-234
-164
-115
-103
-105
-93
-70
-63
-80
-102
-109
-114
-151
-199
-195
-110
-20
-10
-65
-112
-107
-90
-87
-95
-86
-51
-3
40
36
-20
-85
-87
-20
60
104
126
142
146
143
168
234
290
287
221
133
83
100
155
180
156
108
70
52
54
72
79
67
40
12
-18
-26
22
109
175
175
124
77
77
139
216
261
273
293
310
265
163
84
90
136
162
150
106
44
11
70
194
280
273
235
225
218
175
129
123
153
180
175
117
18
-45
-31
16
20
-18
-35
-19
1
15
19
-14
-94
-157
-139
-68
-29
-41
-80
-132
-204
-268
-292
-298
-319
-350
-375
-396
-409
-394
-361
-343
-334
-314
-304
-328
-342
-291
-179
-63
23
63
60
67
124
185
172
98
44
48
76
85
64
19
-26
-47
-47
-45
-35
-3
17
-5
-51
-62
-32
-7
-3
2
39
104
182
245
264
229
171
123
108
143
212
273
254
141
-34
-197
-303
-342
-317
-235
-107
16
77
68
18
-29
-35
11
70
91
62
12
-48
-126
-228
-332
-423
-480
-474
-397
-301
-250
-253
-281
-318
-305
-185
22
178
173
47
-94
-172
-171
-94
7
68
82
103
135
125
70
23
11
27
95
224
345
346
236
113
71
112
187
246
259
236
216
244
324
422
470
418
285
148
76
48
-2
-93
-197
-261
-252
-134
66
233
279
232
210
265
346
370
292
148
51
70
151
164
60
-81
-155
-137
-71
-12
9
7
10
35
43
13
-40
-86
-105
-103
-102
-143
-250
-360
-360
-215
-27
79
82
52
57
120
196
216
140
10
-90
-110
-43
73
148
111
-2
-62
11
175
329
411
416
372
312
261
205
111
-20
-132
-167
-158
-190
-310
-458
-548
-543
-463
-368
-298
-253
-182
-65
51
80
-6
-143
-216
-166
-48
29
4
-67
-89
-48
-15
-72
-203
-313
-310
-222
-151
-169
-252
-320
-311
-226
-144
-140
-206
-250
-195
-43
117
184
116
-26
-136
-187
-217
-294
-388
-414
-313
-137
-33
-92
-281
-439
-430
-228
21
142
77
-57
-112
-45
110
290
400
382
277
221
257
294
245
126
43
65
199
365
429
314
85
-99
-119
0
141
214
220
221
247
276
256
175
100
110
195
251
192
38
-113
-157
-57
110
183
88
-89
-193
-169
-72
10
19
-48
-128
-124
-2
157
238
206
149
178
295
391
369
264
167
139
174
247
309
334
374
484
607
603
461
313
290
337
319
144
-124
-315
-293
-111
57
103
70
77
174
321
394
319
123
-45
-94
-36
33
30
-43
-126
-148
-145
-233
-461
-702
-768
-597
-320
-124
-126
-290
-455
-485
-370
-216
-103
-80
-145
-237
-238
-103
63
89
-81
-319
-443
-384
-237
-144
-162
-241
-299
-277
-186
-81
-24
-4
45
139
218
204
94
-41
-120
-95
6
97
94
9
-51
-36
-21
-108
-246
-262
-63
236
370
202
-137
-349
-304
-153
-107
-194
-271
-227
-93
36
79
39
-23
-73
-137
-210
-202
-64
110
162
39
-161
-278
-207
-15
133
141
59
-17
-50
-35
11
46
61
122
229
285
211
88
25
10
-1
-14
-51
-134
-212
-150
46
206
193
36
-142
-271
-320
-261
-103
84
225
297
307
263
200
173
215
287
369
434
439
361
244
149
109
126
181
229
235
259
332
387
323
190
123
184
323
450
501
457
360
292
275
272
241
158
24
-130
-242
-253
-174
-50
40
41
-20
-83
-110
-123
-142
-166
-179
-152
-69
11
13
-59
-126
-139
-114
-72
-36
-52
-122
-197
-265
-370
-497
-491
-271
26
173
84
-125
-272
-250
-122
-17
-13
-68
-177
-353
-548
-644
-578
-374
-118
75
131
74
12
-25
-70
-127
-141
-97
-34
45
150
208
157
46
9
87
215
306
282
108
-169
-395
-452
-339
-206
-160
-262
-446
-607
-635
-475
-211
-28
-43
-173
-231
-97
144
324
300
105
-101
-165
-102
-7
57
114
181
233
242
182
54
-72
-87
56
270
417
411
227
-55
-255
-190
127
453
558
461
360
382
454
470
428
370
259
69
-125
-223
-203
-125
-34
-22
-160
-395
-495
-309
49
259
165
-108
-297
-242
9
272
328
112
-202
-325
-154
105
182
31
-182
-293
-257
-84
179
433
550
488
335
228
212
247
253
190
39
-125
-170
-29
176
274
213
76
-40
-79
-20
78
122
65
-45
-157
-248
-302
-277
-154
42
254
413
451
352
204
181
397
725
886
697
277
-110
-239
-107
115
224
139
-41
-183
-204
-150
-155
-263
-366
-322
-188
-170
-322
-508
-546
-407
-175
-7
-18
-150
-193
-31
209
352
350
275
183
131
97
18
-174
-385
-493
-487
-425
-344
-242
-193
-253
-362
-383
-279
-173
-194
-303
-353
-327
-304
-309
-237
-64
89
106
10
-99
-148
-116
-48
-7
-32
-63
-42
32
76
30
-116
-275
-342
-295
-203
-146
-109
-60
14
42
-19
-140
-213
-198
-175
-188
-130
81
341
428
278
19
-155
-130
65
294
371
258
70
-19
40
202
362
410
317
187
149
158
88
-69
-196
-191
-72
81
167
79
-132
-254
-116
207
420
346
89
-76
6
237
389
316
123
24
134
305
308
100
-103
-50
253
521
480
177
-89
-136
-96
-182
-313
-175
369
1009
1269
935
252
-277
-246
355
1089
1414
1108
457
-78
-239
-131
-18
-73
-292
-497
-528
-394
-324
-491
-759
-818
-552
-196
-34
-127
-277
-286
-109
107
181
68
-109
-156
-21
187
291
239
139
105
16
-338
-984
-1516
-1474
-780
151
747
681
77
-552
-657
-106
661
1041
773
125
-377
-384
30
492
661
506
209
-18
-95
-114
-225
-480
-756
-888
-820
-632
-446
-326
-249
-152
-17
100
149
179
255
374
468
498
467
348
78
-319
-675
-783
-600
-309
-126
-107
-176
-293
-474
-654
-649
-382
-15
175
72
-205
-434
-451
-223
142
442
524
378
122
-81
-116
9
156
195
116
41
73
206
332
335
224
124
123
178
210
235
325
463
546
501
363
209
95
29
1
-4
27
113
219
249
135
-64
-193
-186
-134
-156
-222
-175
56
360
534
476
284
146
152
233
246
134
-23
-102
-58
26
54
40
100
271
449
478
326
132
85
243
460
555
485
378
354
403
416
322
209
250
518
820
880
630
270
14
-75
-75
-115
-287
-596
-924
-1125
-1142
-1032
-912
-853
-797
-649
-417
-274
-356
-584
-741
-705
-550
-435
-474
-643
-822
-873
-764
-583
-452
-428
-453
-409
-262
-111
-119
-292
-426
-292
125
570
793
823
955
1383
1955
2326
2299
1984
1667
1579
1723
1881
1864
1693
1567
1610
1749
1785
1506
794
-273
-1396
-2230
-2678
-2956
-3314
-3738
-3987
-3816
-3212
-2454
-1937
-1833
-1862
-1631
-1127
-755
-823
-1186
-1402
-1149
-491
167
440
345
226
249
203
-156
-702
-1055
-1026
-804
-746
-996
-1337
-1398
-979
-185
753
1664
2469
3076
3456
3697
3970
4363
4790
5076
5139
5143
5308
5483
4991
3255
633
-1615
-2433
-2030
-1685
-2473
-4223
-5645
-5505
-3803
-1842
-983
-1364
-1888
-1515
-269
944
1360
1050
723
971
1687
2243
2166
1525
694
-93
-805
-1440
-2014
-2674
-3606
-4744
-5685
-6011
-5683
-5069
-4592
-4295
-3798
-2698
-1018
808
2363
3592
4692
5758
6657
7225
7464
7510
7464
7284
6879
6260
5632
5193
4739
3666
1612
-921
-2866
-3603
-3497
-3457
-4109
-5326
-6324
-6284
-5127
-3654
-2748
-2471
-2174
-1375
-305
430
547
373
464
1011
1641
1848
1477
771
19
-681
-1348
-1978
-2578
-3255
-4132
-5118
-5868
-6069
-5749
-5235
-4802
-4384
-3675
-2467
-913
618
1894
2970
3992
4962
5792
6483
7112
7600
7694
7268
6601
6193
6252
6282
5347
2950
-222
-2642
-3310
-2703
-2300
-3181
-5075
-6616
-6550
-4936
-3143
-2472
-2790
-2842
-1764
-10
1287
1508
1075
934
1568
2567
3129
2885
2095
1170
317
-409
-998
-1576
-2428
-3718
-5205
-6302
-6559
-6090
-5507
-5341
-5490
-5328
-4324
-2571
-623
1021
2282
3397
4575
5798
6882
7692
8232
8544
8561
8180
7472
6761
6372
6174
5460
3523
569
-2147
-3364
-3060
-2466
-2888
-4538
-6349
-6879
-5672
-3810
-2833
-3071
-3395
-2699
-1138
245
740
566
443
851
1643
2315
2510
2207
1530
635
-282
-1033
-1681
-2541
-3820
-5286
-6355
-6602
-6157
-5584
-5328
-5263
-4847
-3670
-1805
289
2096
3343
4096
4662
5325
6171
7060
7800
8272
8435
8239
7681
6959
6450
6249
5776
4176
1339
-1631
-3258
-3141
-2461
-2874
-4849
-7051
-7592
-5972
-3673
-2653
-3290
-4134
-3638
-1821
-67
462
-13
-300
436
1872
3000
3162
2497
1574
833
354
-89
-857
-2211
-4029
-5756
-6744
-6793
-6345
-6046
-6097
-6068
-5359
-3810
-1791
151
1667
2756
3654
4599
5625
6564
7233
7614
7849
8034
8028
7563
6679
5913
5742
5738
4691
1967
-1437
-3604
-3600
-2474
-2262
-4008
-6661
-7952
-6622
-3879
-2298
-3049
-4679
-4871
-3029
-674
401
-19
-634
-126
1505
3092
3575
2882
1740
853
424
185
-351
-1573
-3429
-5338
-6563
-6819
-6501
-6249
-6314
-6281
-5486
-3698
-1386
704
2166
3130
3959
4887
5893
6782
7386
7708
7919
8166
8339
8126
7365
6412
5876
5752
5084
2979
-94
-2463
-2959
-2171
-1851
-3183
-5635
-7314
-6742
-4463
-2714
-3061
-4633
-5173
-3588
-1023
595
547
-180
-101
1288
3145
4186
3894
2798
1796
1301
981
186
-1472
-3688
-5599
-6425
-6188
-5714
-5787
-6343
-6543
-5644
-3737
-1618
-32
923
1681
2669
3881
4942
5533
5741
5998
6644
7553
8200
8075
7172
6152
5768
5906
5379
3216
39
-2302
-2652
-1745
-1447
-2978
-5721
-7592
-6920
-4352
-2511
-3243
-5483
-6459
-4788
-1811
104
22
-911
-917
631
2769
4015
3743
2575
1624
1442
1553
952
-896
-3443
-5456
-6098
-5679
-5279
-5651
-6481
-6742
-5716
-3689
-1630
-295
363
942
1897
3153
4233
4773
4895
5145
5962
7232
8303
8527
7806
6777
6272
6339
5915
3954
879
-1588
-2223
-1583
-1374
-2795
-5420
-7397
-7021
-4622
-2620
-3041
-5115
-6104
-4469
-1507
327
111
-847
-719
933
2941
3918
3535
2547
1896
1865
1914
1209
-566
-2851
-4630
-5320
-5223
-5176
-5686
-6448
-6684
-5921
-4398
-2785
-1575
-746
62
1152
2465
3661
4483
5045
5723
6744
7881
8597
8478
7656
6838
6620
6661
5811
3509
715
-975
-1068
-598
-1046
-3028
-5691
-7148
-6160
-3767
-2580
-3881
-6010
-6273
-4030
-1236
-91
-801
-1681
-1134
833
2852
3657
3132
2202
1879
2336
2676
1791
-437
-2843
-4105
-4102
-3935
-4658
-6110
-7159
-6915
-5571
-4076
-3134
-2616
-1892
-563
1159
2707
3679
4170
4665
5604
6964
8274
8950
8772
8044
7420
7328
7417
6656
4457
1559
-469
-852
-434
-825
-2835
-5601
-7182
-6310
-3977
-2736
-3987
-6210
-6670
-4530
-1727
-622
-1482
-2466
-1830
335
2439
3156
2569
1828
1908
2670
3002
1914
-372
-2526
-3408
-3252
-3356
-4619
-6493
-7568
-7086
-5663
-4505
-4124
-3961
-3148
-1387
774
2473
3288
3619
4287
5715
7494
8744
8975
8497
8083
8226
8631
8390
6756
4084
1749
815
871
511
-1163
-3767
-6053
-6768
-5693
-4212
-4218
-5940
-7403
-6728
-4390
-2536
-2417
-3183
-3105
-1509
722
2212
2434
1987
1859
2461
3255
3182
1705
-502
-2102
-2500
-2475
-3227
-4953
-6612
-7114
-6448
-5536
-5089
-4910
-4308
-2953
-1134
593
1873
2722
3500
4645
6252
7911
9029
9382
9272
9227
9506
9754
9131
7168
4532
2573
1866
1586
528
-1654
-4253
-6119
-6393
-5349
-4551
-5421
-7370
-8208
-6725
-4247
-2982
-3406
-3879
-2774
-310
1894
2683
2376
2105
2597
3585
4105
3325
1400
-550
-1510
-1692
-2215
-3779
-5781
-6974
-6809
-5968
-5480
-5556
-5476
-4569
-2954
-1294
-30
953
2045
3447
5046
6619
8012
9079
9655
9767
9770
9955
9984
9068
6970
4553
2932
2222
1493
-116
-2563
-4991
-6334
-6146
-5285
-5329
-6789
-8216
-7864
-5862
-4087
-3817
-4328
-3937
-2052
277
1683
1931
1938
2580
3807
4756
4588
3204
1408
201
-186
-549
-1810
-3949
-5919
-6744
-6506
-6123
-6206
-6417
-6035
-4872
-3387
-2035
-828
485
1991
3545
4983
6311
7591
8697
9390
9659
9854
10131
9973
8668
6395
4304
3277
2878
1924
-213
-3030
-5359
-6236
-5796
-5389
-6298
-8110
-8978
-7855
-5826
-4769
-5045
-5216
-3900
-1415
698
1451
1358
1619
2766
4180
4796
4083
2515
1138
604
511
-179
-1956
-4133
-5543
-5809
-5643
-5891
-6513
-6748
-6072
-4781
-3563
-2688
-1788
-421
1335
3008
4333
5569
7047
8590
9609
9893
9948
10235
10331
9392
7425
5437
4284
3648
2551
443
-2205
-4284
-4974
-4680
-4812
-6218
-8014
-8523
-7372
-5912
-5521
-5906
-5638
-3947
-1645
-69
418
681
1630
3225
4581
4882
4087
2941
2261
2148
1888
728
-1241
-3128
-4134
-4425
-4799
-5657
-6484
-6541
-5742
-4716
-4030
-3602
-2884
-1520
273
1974
3364
4676
6152
7614
8690
9395
10001
10425
10092
8815
7266
6288
5849
5138
3475
991
-1428
-2842
-3161
-3446
-4841
-7120
-8697
-8486
-7246
-6671
-7247
-7690
-6598
-4220
-2081
-1173
-969
-271
1394
3332
4402
4136
3144
2492
2543
2638
1862
128
-1745
-2885
-3270
-3616
-4450
-5465
-5889
-5436
-4642
-4214
-4203
-3981
-3010
-1474
16
1148
2264
3817
5701
7275
8128
8594
9216
9862
9808
8794
7480
6688
6338
5565
3663
994
-1275
-2290
-2592
-3614
-5929
-8320
-9112
-8249
-7344
-7664
-8563
-8397
-6545
-4142
-2660
-2332
-2060
-808
1308
3163
3774
3234
2555
2549
3003
3029
2109
633
-578
-1123
-1383
-1994
-3093
-4122
-4477
-4174
-3788
-3737
-3825
-3521
-2582
-1274
-5
1118
2356
3882
5471
6694
7524
8327
9198
9616
9190
8348
7868
7841
7562
6353
4223
1917
322
-379
-1141
-3042
-5794
-7794
-8085
-7559
-7775
-8886
-9510
-8519
-6425
-4672
-3974
-3705
-2837
-1081
934
2279
2594
2358
2414
2994
3519
3315
2444
1511
931
537
-42
-917
-1848
-2515
-2863
-3066
-3289
-3438
-3316
-2863
-2219
-1473
-558
680
2210
3719
4834
5530
6264
7362
8474
8840
8346
7738
7713
7967
7597
6139
4020
2142
1074
457
-774
-3151
-5796
-7259
-7351
-7360
-8333
-9641
-9828
-8457
-6615
-5539
-5271
-4840
-3491
-1469
312
1133
1138
1146
1796
2782
3264
2870
2117
1664
1553
1287
529
-509
-1330
-1685
-1814
-2093
-2549
-2837
-2723
-2345
-1951
-1525
-829
256
1531
2642
3442
4202
5298
6598
7441
7401
6974
7003
7611
7975
7356
5828
4123
2877
2155
1314
-413
-2934
-5144
-6156
-6450
-7174
-8610
-9699
-9415
-7962
-6571
-6018
-5861
-5092
-3423
-1516
-169
451
801
1376
2246
2983
3155
2790
2376
2223
2145
1737
979
252
-117
-267
-579
-1147
-1664
-1819
-1699
-1582
-1544
-1315
-663
362
1406
2201
2829
3660
4874
6100
6704
6555
6328
6698
7469
7718
6998
5725
4610
3846
3145
1990
67
-2290
-4174
-5060
-5555
-6613
-8191
-9131
-8680
-7428
-6593
-6500
-6378
-5434
-3775
-2113
-965
-326
130
724
1515
2243
2589
2543
2415
2397
2344
2005
1433
935
713
582
239
-347
-850
-996
-896
-845
-906
-808
-353
349
1020
1562
2081
2744
3646
4676
5467
5693
5611
5883
6683
7313
7079
6087
4991
4186
3564
2680
1099
-1082
-3111
-4313
-4971
-5950
-7512
-8818
-8969
-8138
-7374
-7255
-7247
-6517
-5027
-3456
-2370
-1793
-1367
-741
185
1110
1646
1744
1778
2034
2314
2180
1589
1035
963
1160
998
265
-504
-718
-492
-431
-762
-999
-647
148
820
1168
1521
2219
3222
4264
5057
5392
5385
5612
6421
7261
7235
6318
5330
4772
4282
3289
1641
-368
-2245
-3591
-4482
-5450
-6801
-8082
-8523
-8071
-7514
-7479
-7566
-6962
-5550
-4052
-3109
-2669
-2264
-1544
-545
377
877
1000
1168
1675
2237
2323
1847
1398
1482
1832
1716
950
186
52
349
368
-94
-464
-185
532
1044
1141
1242
1751
2544
3300
3956
4570
5035
5321
5734
6431
6979
6845
6160
5444
4903
4277
3309
1909
172
-1630
-3149
-4275
-5249
-6321
-7379
-8041
-8140
-7943
-7794
-7635
-7114
-6056
-4763
-3711
-3098
-2631
-1867
-739
284
747
799
986
1532
2046
2142
1998
2063
2355
2446
2087
1588
1351
1330
1158
727
359
341
537
638
642
854
1417
2093
2569
2917
3501
4397
5192
5506
5588
5913
6463
6677
6208
5260
4302
3571
2896
1832
106
-1958
-3618
-4467
-4950
-5835
-7227
-8331
-8462
-7902
-7542
-7638
-7558
-6707
-5441
-4548
-4183
-3726
-2736
-1603
-890
-602
-251
447
1333
1998
2202
2076
2044
2318
2653
2668
2279
1689
1196
1048
1207
1261
850
230
6
405
1048
1509
1735
1928
2309
3058
4102
4978
5257
5201
5486
6197
6597
6159
5260
4532
4039
3362
2197
581
-1166
-2622
-3586
-4369
-5444
-6808
-7889
-8263
-8138
-8027
-8074
-7940
-7341
-6419
-5547
-4844
-4130
-3205
-2124
-1095
-273
351
907
1535
2238
2837
3147
3216
3268
3400
3424
3114
2580
2209
2167
2097
1578
738
207
347
821
1022
825
724
1230
2252
3241
3901
4416
5010
5528
5773
5806
5840
5832
5590
5004
4137
3117
2093
1137
108
-1192
-2664
-3871
-4616
-5270
-6338
-7655
-8487
-8409
-7907
-7749
-7977
-7832
-6777
-5224
-4046
-3512
-3058
-2099
-731
481
1225
1700
2269
3030
3764
4193
4214
3987
3755
3654
3582
3298
2680
1860
1141
702
461
236
-49
-286
-298
26
636
1333
1935
2453
3119
3983
4718
4914
4720
4696
5078
5388
5042
4044
2941
2196
1745
1115
-86
-1695
-3161
-4122
-4848
-5805
-7035
-7994
-8278
-8090
-7983
-8105
-8046
-7383
-6235
-5126
-4350
-3709
-2798
-1506
-57
1172
2011
2569
3143
3839
4394
4443
4018
3579
3480
3511
3162
2293
1335
784
614
418
-82
-659
-874
-532
71
498
696
1055
1837
2789
3505
3874
4101
4322
4580
4809
4893
4678
4212
3631
2974
2175
1297
465
-431
-1617
-3025
-4188
-4860
-5356
-6202
-7329
-8095
-8013
-7394
-6934
-6883
-6756
-5982
-4621
-3299
-2452
-1814
-818
652
2061
2893
3190
3426
3863
4356
4600
4494
4126
3663
3203
2725
2128
1384
650
104
-219
-394
-446
-402
-320
-185
198
936
1790
2351
2528
2725
3332
4200
4697
4505
4036
3960
4301
4411
3755
2588
1617
1183
913
154
-1254
-2790
-3810
-4292
-4810
-5824
-7043
-7733
-7538
-6954
-6697
-6821
-6663
-5706
-4203
-2858
-2021
-1401
-484
853
2184
3015
3302
3477
3901
4406
4501
3990
3215
2623
2291
1968
1459
808
206
-168
-252
-179
-204
-404
-507
-159
591
1289
1576
1573
1698
2252
3102
3751
3743
3205
2786
2982
3564
3808
3222
2013
901
421
393
36
-1206
-3033
-4498
-5035
-5046
-5426
-6476
-7589
-7929
-7356
-6494
-5992
-5814
-5367
-4226
-2626
-1162
-163
527
1249
2132
3045
3745
4055
3938
3611
3413
3442
3346
2748
1787
1006
705
627
346
-208
-707
-836
-615
-296
-45
147
366
664
1065
1519
1933
2283
2701
3231
3660
3712
3486
3398
3639
3879
3645
2849
1858
1105
671
206
-728
-2167
-3630
-4584
-5023
-5422
-6162
-7002
-7389
-7082
-6380
-5677
-5048
-4312
-3333
-2146
-886
301
1293
2025
2555
3028
3519
3927
4072
3892
3480
2980
2495
2072
1675
1196
555
-139
-608
-692
-579
-653
-1024
-1357
-1249
-688
-32
377
527
686
1077
1656
2194
2621
3050
3525
3824
3761
3481
3334
3422
3399
2870
1826
720
-63
-549
-1125
-2049
-3210
-4214
-4773
-4928
-4940
-4994
-5061
-4942
-4461
-3634
-2691
-1897
-1290
-704
62
942
1681
2037
2074
2029
2094
2224
2261
2083
1729
1350
1056
809
499
135
-174
-365
-522
-697
-850
-917
-931
-945
-931
-775
-415
67
470
655
714
926
1447
2125
2638
2820
2752
2613
2515
2435
2301
2029
1566
893
99
-682
-1330
-1820
-2208
-2654
-3248
-3834
-4059
-3724
-3059
-2555
-2464
-2495
-2144
-1288
-383
118
231
309
544
835
1034
1164
1276
1305
1132
828
599
531
526
436
215
-190
-752
-1315
-1601
-1529
-1295
-1223
-1441
-1788
-1909
-1535
-755
-23
218
27
-77
412
1424
2395
2737
2373
1769
1540
1977
2760
3231
2767
1469
86
-461
-36
616
567
-390
-1564
-2111
-1625
-520
434
539
-155
-947
-1022
-253
738
1165
823
171
-229
-210
2
203
297
273
66
-244
-435
-302
62
290
133
-291
-630
-744
-785
-937
-1138
-1203
-1134
-1118
-1264
-1364
-1187
-778
-440
-326
-300
-152
122
376
526
598
658
677
704
816
1009
1013
620
30
-225
111
728
1087
973
588
305
338
763
1436
2036
2125
1586
856
632
1181
2029
2400
1842
665
-374
-557
50
784
865
144
-913
-1564
-1384
-617
-13
-217
-1115
-2051
-2379
-2105
-1553
-1197
-1217
-1606
-2029
-2122
-1766
-1203
-804
-684
-775
-830
-719
-401
-74
109
101
67
77
108
60
-88
-308
-476
-378
46
518
553
162
-182
74
793
1408
1417
933
502
612
1230
1908
2213
2068
1677
1263
990
853
867
887
859
606
239
-99
-220
-196
-220
-294
-474
-739
-1189
-1529
-1464
-970
-540
-647
-1126
-1476
-1273
-739
-296
-243
-535
-846
-898
-672
-340
-185
-254
-584
-988
-1209
-1091
-705
-412
-393
-665
-998
-1100
-845
-285
202
487
556
569
625
790
1236
1796
2196
2104
1679
1268
1195
1372
1534
1436
1082
679
399
301
318
331
327
214
-42
-383
-648
-604
-349
-59
-26
-236
-485
-516
-314
-125
-99
-276
-431
-535
-506
-455
-404
-348
-248
-160
-151
-248
-262
-174
-37
-104
-393
-780
-1004
-916
-638
-420
-520
-728
-681
-169
528
956
1031
924
973
1185
1479
1660
1655
1492
1192
851
561
543
745
988
910
446
-279
-751
-703
-143
300
312
-143
-651
-987
-1060
-741
-237
230
141
-358
-950
-1063
-697
-113
244
226
-48
-366
-557
-597
-439
-178
33
-44
-344
-745
-1046
-1246
-1311
-1229
-1071
-844
-615
-400
-328
-307
-198
164
642
1104
1422
1542
1452
1200
979
983
1193
1360
1193
686
112
-223
-231
-94
-62
-195
-312
-300
-344
-665
-1124
-1259
-939
-492
-393
-639
-899
-846
-480
-123
11
-147
-267
-268
-136
-191
-349
-530
-451
-237
-91
-187
-491
-735
-811
-696
-576
-599
-799
-1021
-1068
-940
-751
-565
-251
205
622
803
855
977
1280
1628
1954
2176
2215
2111
1926
1853
1742
1557
1191
882
556
284
-76
-269
-294
-259
-365
-634
-823
-908
-955
-1014
-963
-812
-673
-745
-798
-712
-304
77
274
135
-101
-242
-200
-24
154
271
257
45
-342
-733
-851
-675
-405
-311
-472
-705
-878
-791
-537
-173
130
341
469
592
744
1054
1446
1940
2315
2517
2463
2259
2116
2069
2060
1857
1588
1307
1178
970
678
251
-121
-416
-703
-1009
-1294
-1408
-1497
-1627
-1834
-1864
-1756
-1599
-1616
-1638
-1548
-1250
-960
-829
-841
-821
-666
-470
-312
-268
-332
-519
-732
-811
-751
-577
-526
-576
-757
-884
-887
-796
-615
-424
-132
123
356
498
714
986
1378
1731
1964
1987
1894
1887
2008
2190
2160
1886
1428
1080
864
738
448
61
-327
-491
-574
-740
-1104
-1480
-1685
-1702
-1658
-1678
-1752
-1826
-1799
-1643
-1431
-1284
-1213
-1098
-828
-521
-382
-524
-697
-665
-366
-77
42
-31
-137
-242
-333
-448
-472
-389
-231
-101
-24
79
225
522
918
1356
1636
1777
1874
2077
2355
2579
2644
2592
2555
2522
2431
2225
2043
1887
1752
1510
1214
866
513
115
-330
-758
-1093
-1302
-1468
-1597
-1700
-1773
-1912
-2108
-2206
-2102
-1825
-1590
-1503
-1535
-1548
-1433
-1283
-1159
-1102
-963
-792
-680
-777
-985
-1180
-1228
-1129
-964
-821
-721
-565
-320
16
307
577
849
1212
1542
1721
1807
1977
2344
2726
2942
2940
2871
2908
3029
3088
2973
2773
2596
2404
2065
1588
1097
715
396
46
-381
-806
-1129
-1342
-1527
-1755
-1993
-2153
-2145
-2001
-1833
-1802
-1937
-2116
-2171
-2080
-1916
-1818
-1758
-1727
-1695
-1702
-1714
-1664
-1593
-1544
-1582
-1602
-1585
-1454
-1288
-1115
-1010
-885
-629
-219
226
575
834
1083
1405
1759
2117
2370
2528
2591
2690
2817
2924
2902
2760
2602
2487
2415
2236
1903
1457
1090
841
640
325
-138
-628
-1010
-1186
-1263
-1330
-1485
-1688
-1867
-1980
-2053
-2119
-2147
-2093
-1985
-1915
-1892
-1850
-1689
-1458
-1241
-1165
-1238
-1417
-1560
-1594
-1535
-1474
-1460
-1438
-1333
-1143
-925
-669
-297
200
613
836
955
1243
1715
2204
2503
2701
2909
3185
3375
3383
3249
3136
3128
3157
3110
2910
2641
2346
2054
1683
1247
854
590
380
77
-389
-860
-1196
-1345
-1426
-1522
-1630
-1737
-1819
-1886
-1909
-1861
-1746
-1552
-1379
-1296
-1375
-1521
-1588
-1526
-1371
-1299
-1315
-1419
-1486
-1498
-1451
-1336
-1132
-798
-408
-63
183
352
539
788
1121
1479
1778
1967
2078
2176
2312
2506
2760
2972
3041
2946
2798
2674
2540
2378
2166
1949
1634
1262
883
565
283
-23
-361
-741
-1095
-1386
-1601
-1874
-2206
-2500
-2593
-2486
-2311
-2229
-2273
-2381
-2430
-2468
-2533
-2620
-2602
-2475
-2357
-2304
-2259
-2158
-2069
-2032
-1997
-1809
-1505
-1138
-844
-577
-323
-50
273
644
1008
1260
1388
1506
1700
1976
2263
2513
2684
2804
2927
3045
3081
2972
2772
2605
2543
2547
2471
2217
1769
1213
666
259
69
-24
-209
-555
-944
-1206
-1327
-1380
-1471
-1572
-1621
-1594
-1598
-1675
-1786
-1897
-1989
-2120
-2218
-2266
-2210
-2118
-2030
-2008
-2028
-2047
-2035
-1947
-1763
-1424
-1007
-641
-451
-333
-149
269
871
1510
1961
2115
2079
2052
2211
2559
2985
3260
3303
3155
3058
3120
3276
3365
3245
2962
2559
2206
1974
1873
1742
1439
962
473
108
-116
-326
-587
-892
-1178
-1367
-1480
-1510
-1547
-1616
-1791
-2034
-2228
-2290
-2279
-2299
-2371
-2387
-2356
-2336
-2383
-2439
-2395
-2165
-1850
-1607
-1557
-1550
-1442
-1176
-809
-408
-6
312
537
668
844
1132
1563
1941
2083
2008
1927
2031
2294
2585
2806
2898
2803
2555
2234
2040
1938
1894
1747
1529
1273
1052
847
606
385
168
-40
-449
-952
-1420
-1606
-1585
-1462
-1428
-1550
-1865
-2196
-2313
-2210
-2021
-2021
-2149
-2369
-2453
-2432
-2265
-2134
-2042
-2036
-2037
-2009
-1900
-1699
-1413
-1040
-631
-265
-69
-29
-23
107
429
916
1386
1704
1764
1738
1767
1984
2317
2649
2824
2860
2793
2615
2333
2091
2079
2224
2309
2124
1778
1334
984
665
416
173
-69
-275
-469
-642
-849
-1032
-1156
-1207
-1289
-1429
-1625
-1765
-1883
-2012
-2210
-2355
-2354
-2225
-2101
-2090
-2106
-2127
-2041
-1905
-1622
-1362
-1159
-1086
-969
-762
-463
-121
202
457
559
693
970
1465
1900
2135
2134
2064
2072
2183
2391
2569
2710
2703
2599
2395
2248
2209
2237
2176
1924
1616
1394
1302
1132
835
514
334
247
118
-131
-425
-673
-823
-895
-930
-956
-1026
-1222
-1532
-1885
-2160
-2299
-2400
-2495
-2684
-2790
-2720
-2430
-2151
-2044
-2025
-1909
-1595
-1210
-886
-673
-480
-255
2
171
320
517
834
1157
1381
1475
1511
1537
1616
1708
1803
1913
2013
2073
1989
1826
1689
1674
1693
1685
1607
1555
1501
1477
1353
1114
760
435
220
15
-196
-505
-698
-884
-946
-1100
-1276
-1527
-1699
-1730
-1737
-1809
-2077
-2326
-2514
-2482
-2399
-2265
-2243
-2218
-2191
-2031
-1815
-1551
-1307
-1125
-921
-697
-402
-271
-226
-183
96
411
677
742
806
874
1055
1307
1557
1697
1651
1542
1484
1642
1904
2173
2192
2049
1816
1679
1621
1581
1477
1294
1060
862
697
581
462
294
75
-135
-236
-234
-273
-428
-697
-953
-1133
-1300
-1490
-1728
-1881
-1923
-1901
-1865
-1801
-1630
-1347
-1109
-984
-1010
-1023
-949
-784
-623
-460
-319
-86
163
454
685
847
948
997
1018
1000
1007
1083
1264
1442
1526
1495
1446
1452
1539
1611
1711
1771
1812
1757
1602
1378
1146
975
895
853
737
481
66
-314
-550
-546
-488
-441
-547
-758
-1137
-1429
-1537
-1443
-1366
-1485
-1701
-1915
-1950
-1829
-1636
-1436
-1282
-1174
-1136
-1138
-1100
-984
-801
-644
-534
-520
-488
-442
-301
-137
59
189
234
167
76
30
112
370
737
1057
1176
1071
850
744
922
1351
1682
1628
1182
695
442
552
749
889
805
631
482
352
325
247
220
117
59
-74
-281
-683
-1090
-1400
-1450
-1361
-1243
-1225
-1259
-1277
-1267
-1207
-1180
-1027
-872
-644
-600
-588
-575
-371
-111
33
51
30
230
541
818
760
409
77
86
468
888
1022
819
514
384
560
952
1394
1643
1633
1285
851
498
482
697
944
918
670
443
494
727
778
505
-22
-358
-379
-122
-46
-254
-713
-997
-1034
-872
-730
-705
-802
-1041
-1290
-1464
-1390
-1141
-791
-597
-540
-614
-592
-508
-322
-138
39
122
84
-40
-120
-37
177
404
488
444
289
180
191
419
692
837
770
622
564
676
839
963
872
658
417
314
374
429
407
316
261
277
243
140
9
-146
-196
-233
-113
-64
-85
-255
-451
-576
-642
-643
-645
-601
-577
-576
-680
-725
-709
-580
-513
-445
-321
-90
137
248
214
134
138
254
417
463
380
237
165
154
129
77
98
234
443
596
629
533
465
554
735
806
623
307
61
-7
89
171
142
50
25
110
202
135
-60
-299
-428
-471
-560
-747
-928
-1025
-972
-858
-731
-672
-728
-808
-820
-724
-643
-632
-726
-726
-616
-321
-78
62
46
26
80
178
252
153
15
-98
-5
128
270
299
261
164
198
442
792
975
873
633
467
615
971
1292
1188
727
159
-119
-31
266
452
310
-26
-292
-298
-146
-11
-31
-191
-380
-412
-334
-271
-337
-390
-374
-367
-387
-363
-350
-563
-903
-1013
-801
-594
-503
-416
-264
-231
-214
-79
65
38
-2
155
325
324
243
270
247
158
171
417
629
622
463
288
167
170
359
623
788
798
657
423
286
362
586
653
524
287
81
-74
-113
-45
-12
-125
-318
-385
-333
-260
-260
-241
-197
-188
-290
-418
-524
-554
-532
-411
-260
-178
-195
-217
-134
3
110
114
79
77
164
236
189
31
-95
-105
-66
-55
-54
-46
-53
-106
-137
-81
53
217
340
405
416
436
473
500
504
521
551
567
554
527
497
412
294
160
75
29
7
-31
-106
-192
-244
-259
-272
-341
-432
-494
-493
-459
-458
-459
-450
-387
-327
-315
-327
-324
-254
-175
-117
-127
-192
-248
-211
-62
109
196
153
6
-171
-325
-455
-563
-629
-581
-455
-293
-165
-70
-40
-45
-40
21
110
179
192
138
71
55
114
185
206
178
121
38
-77
-198
-268
-241
-151
-85
-79
-105
-102
-92
-82
-79
-89
-113
-135
-105
-28
56
86
55
-7
-27
42
155
250
249
225
219
290
382
441
425
308
149
15
-16
47
117
108
-1
-115
-109
25
160
187
133
103
119
138
138
135
171
228
284
333
385
444
479
481
470
449
409
327
239
180
163
188
206
187
90
-41
-159
-215
-220
-228
-237
-213
-136
-21
78
143
161
156
207
323
489
630
732
798
803
755
660
556
424
269
148
97
112
93
28
-62
-121
-141
-165
-198
-247
-313
-407
-566
-720
-801
-746
-601
-455
-360
-364
-436
-544
-653
-755
-836
-876
-898
-943
-1047
-1179
-1285
-1291
-1211
-1118
-1067
-999
-836
-583
-340
-209
-202
-232
-202
-88
68
236
427
636
804
866
818
737
693
715
771
825
845
810
774
782
845
892
883
843
788
740
704
681
669
677
714
730
653
482
270
75
-86
-215
-339
-497
-682
-866
-1036
-1199
-1345
-1439
-1527
-1650
-1793
-1857
-1801
-1693
-1607
-1583
-1601
-1609
-1546
-1406
-1230
-1060
-889
-721
-568
-426
-281
-132
12
160
342
546
761
960
1161
1329
1466
1606
1790
1985
2120
2175
2172
2136
2105
2101
2128
2145
2135
2101
2058
2031
2012
1983
1911
1780
1618
1451
1318
1206
1096
969
826
688
555
412
230
-12
-300
-607
-910
-1224
-1562
-1872
-2112
-2276
-2427
-2571
-2669
-2689
-2656
-2603
-2508
-2334
-2119
-1942
-1866
-1852
-1837
-1796
-1736
-1672
-1563
-1412
-1234
-1082
-941
-800
-660
-534
-427
-300
-134
77
280
460
643
847
1016
1118
1191
1290
1399
1479
1526
1593
1710
1877
2038
2139
2180
2196
2239
2273
2277
2210
2106
2006
1945
1913
1851
1710
1510
1334
1201
1053
798
498
217
26
-132
-312
-558
-868
-1192
-1500
-1751
-1944
-2068
-2169
-2255
-2347
-2396
-2382
-2301
-2177
-2054
-1932
-1837
-1774
-1751
-1735
-1701
-1661
-1644
-1643
-1619
-1524
-1386
-1255
-1178
-1144
-1132
-1117
-1055
-934
-760
-571
-380
-208
-73
33
149
275
396
493
575
628
682
777
944
1128
1281
1424
1575
1715
1819
1903
1987
2062
2126
2207
2304
2389
2432
2431
2395
2339
2299
2287
2271
2234
2174
2101
1985
1845
1702
1539
1329
1102
944
860
816
770
680
489
188
-140
-436
-707
-994
-1315
-1650
-1978
-2225
-2389
-2471
-2528
-2522
-2460
-2377
-2276
-2121
-1913
-1772
-1732
-1706
-1595
-1448
-1372
-1400
-1471
-1504
-1487
-1459
-1487
-1569
-1629
-1612
-1540
-1480
-1448
-1398
-1285
-1092
-852
-595
-360
-154
28
221
446
673
854
973
1073
1178
1298
1427
1582
1772
1973
2145
2248
2305
2370
2479
2624
2746
2802
2762
2643
2506
2361
2217
2062
1919
1770
1604
1434
1278
1139
1002
853
675
460
216
-46
-310
-577
-825
-1035
-1202
-1373
-1599
-1849
-2082
-2273
-2475
-2720
-2985
-3205
-3316
-3288
-3141
-2968
-2822
-2719
-2613
-2486
-2300
-2021
-1689
-1416
-1290
-1269
-1264
-1224
-1162
-1090
-1004
-896
-766
-630
-481
-330
-193
-65
51
185
326
456
568
674
800
936
1065
1198
1320
1417
1460
1471
1477
1498
1561
1687
1872
2058
2202
2275
2318
2381
2497
2608
2633
2550
2419
2316
2248
2201
2162
2105
1982
1759
1512
1313
1159
990
803
662
600
595
606
589
506
358
161
-52
-273
-488
-711
-961
-1228
-1493
-1724
-1929
-2108
-2259
-2403
-2549
-2667
-2698
-2616
-2456
-2248
-2039
-1864
-1728
-1571
-1353
-1149
-1038
-1012
-987
-941
-878
-807
-722
-662
-652
-668
-659
-606
-523
-415
-301
-185
-103
-56
-42
1
113
306
518
687
809
909
1010
1076
1097
1115
1184
1298
1401
1450
1445
1440
1498
1616
1728
1769
1766
1754
1739
1672
1547
1380
1220
1107
1036
978
891
783
651
506
355
228
121
9
-130
-299
-488
-668
-805
-897
-994
-1137
-1307
-1459
-1574
-1672
-1752
-1805
-1851
-1913
-1984
-2049
-2105
-2168
-2193
-2138
-1997
-1838
-1716
-1587
-1366
-1032
-719
-525
-436
-368
-299
-263
-231
-182
-103
-51
-48
-79
-112
-121
-107
-43
68
188
282
381
510
654
750
845
1010
1220
1378
1389
1319
1246
1222
1221
1201
1175
1166
1176
1179
1154
1126
1108
1112
1148
1184
1169
1050
856
660
517
432
386
348
295
217
136
78
62
77
82
39
-28
-57
-13
51
77
56
33
45
108
213
316
356
331
288
283
316
370
421
457
464
431
365
251
87
-126
-314
-434
-506
-592
-700
-780
-789
-743
-672
-596
-520
-470
-484
-566
-654
-680
-670
-688
-763
-856
-945
-1051
-1167
-1241
-1231
-1181
-1166
-1189
-1182
-1089
-954
-848
-790
-739
-682
-650
-658
-662
-591
-461
-325
-244
-192
-152
-124
-117
-106
-46
66
187
278
352
451
579
697
779
826
825
767
704
705
777
854
907
939
978
986
961
923
908
926
957
1005
1060
1115
1136
1109
1040
956
876
792
692
586
524
520
543
553
548
542
518
458
363
266
180
121
77
9
-109
-274
-435
-599
-771
-946
-1096
-1212
-1311
-1385
-1416
-1393
-1333
-1280
-1262
-1277
-1288
-1282
-1261
-1235
-1198
-1148
-1077
-985
-888
-832
-846
-909
-976
-1007
-1004
-967
-904
-825
-745
-680
-636
-593
-531
-431
-314
-189
-71
44
145
228
299
368
433
501
573
669
785
913
1072
1257
1455
1600
1668
1680
1701
1757
1803
1798
1767
1782
1857
1949
2001
2012
2012
2042
2076
2074
2003
1902
1819
1767
1713
1618
1478
1313
1141
974
795
601
404
227
76
-62
-211
-370
-540
-718
-904
-1091
-1261
-1414
-1571
-1751
-1943
-2138
-2329
-2498
-2615
-2676
-2709
-2743
-2785
-2831
-2865
-2876
-2851
-2789
-2661
-2483
-2300
-2156
-2028
-1834
-1564
-1263
-1017
-826
-671
-525
-383
-235
-87
34
114
164
219
306
439
617
823
1032
1207
1320
1395
1476
1607
1751
1855
1897
1905
1930
2003
2104
2186
2225
2226
2200
2134
2049
1962
1875
1771
1666
1587
1525
1451
1332
1176
999
824
672
540
427
304
169
6
-170
-356
-515
-616
-655
-678
-710
-762
-820
-904
-1014
-1139
-1267
-1387
-1491
-1555
-1588
-1600
-1628
-1686
-1758
-1802
-1795
-1756
-1731
-1725
-1699
-1617
-1500
-1390
-1327
-1319
-1345
-1334
-1235
-1079
-943
-874
-845
-812
-738
-608
-423
-205
10
183
294
359
438
552
672
771
872
995
1137
1262
1345
1393
1426
1481
1553
1629
1690
1741
1776
1795
1809
1821
1808
1747
1653
1578
1552
1557
1546
1492
1407
1306
1183
1017
820
647
577
600
631
560
405
252
166
126
76
7
-89
-207
-346
-498
-667
-848
-945
-867
-660
-540
-658
-944
-1209
-1346
-1370
-1335
-1313
-1367
-1521
-1698
-1798
-1758
-1625
-1506
-1503
-1625
-1758
-1763
-1604
-1384
-1258
-1302
-1431
-1477
-1324
-1040
-758
-570
-446
-327
-189
-51
37
75
94
131
172
205
268
420
668
927
1107
1181
1210
1272
1392
1558
1699
1730
1597
1392
1308
1472
1801
2070
2043
1696
1202
836
746
808
775
484
64
-197
-59
439
1016
1341
1266
902
482
232
244
482
778
954
890
638
352
225
300
443
400
11
-659
-1384
-1910
-2107
-1997
-1788
-1702
-1831
-2058
-2233
-2296
-2290
-2281
-2305
-2347
-2316
-2119
-1779
-1414
-1141
-985
-925
-941
-992
-1031
-1005
-903
-763
-647
-613
-634
-617
-476
-228
2
97
58
-3
38
203
380
430
343
326
542
970
1412
1720
1850
1803
1670
1595
1689
1873
1969
1895
1768
1772
1996
2368
2710
2843
2693
2364
2087
2020
2110
2149
2029
1809
1629
1566
1575
1552
1379
1058
695
422
221
-26
-385
-802
-1187
-1557
-1949
-2362
-2706
-2908
-2929
-2822
-2660
-2533
-2454
-2416
-2409
-2463
-2620
-2827
-2939
-2789
-2345
-1720
-1077
-517
-76
245
443
516
445
217
-165
-652
-1159
-1568
-1767
-1714
-1468
-1173
-956
-840
-744
-585
-345
-106
85
249
516
959
1552
2192
2830
3477
4142
4736
5115
5165
4919
4552
4258
4121
4043
3862
3497
3032
2624
2344
2117
1766
1157
281
-745
-1778
-2713
-3509
-4164
-4665
-4954
-4937
-4630
-4193
-3808
-3520
-3259
-3003
-2791
-2659
-2597
-2519
-2299
-1841
-1126
-199
878
1972
2894
3474
3610
3293
2597
1681
692
-293
-1209
-1988
-2567
-2965
-3239
-3422
-3515
-3511
-3437
-3327
-3216
-3104
-2980
-2791
-2437
-1856
-1076
-190
737
1664
2543
3365
4143
4883
5488
5837
5884
5702
5426
5156
4917
4700
4485
4263
3980
3585
3041
2362
1634
993
523
152
-293
-919
-1665
-2361
-2896
-3325
-3794
-4403
-5094
-5690
-5995
-5904
-5499
-4953
-4400
-3835
-3216
-2558
-1982
-1589
-1404
-1293
-1096
-665
30
945
1982
3052
4096
5029
5655
5790
5411
4679
3771
2743
1592
346
-852
-1837
-2522
-2938
-3174
-3283
-3335
-3399
-3506
-3587
-3548
-3374
-3091
-2712
-2206
-1546
-685
393
1633
2891
4035
5004
5770
6316
6631
6753
6718
6549
6276
5978
5715
5478
5197
4820
4321
3668
2831
1851
828
-146
-1050
-1908
-2738
-3544
-4327
-5050
-5655
-6067
-6296
-6443
-6637
-6877
-7002
-6833
-6331
-5613
-4842
-4110
-3400
-2676
-1953
-1317
-804
-360
139
764
1497
2261
3004
3715
4348
4778
4859
4547
3920
3110
2186
1138
-39
-1275
-2436
-3386
-4030
-4341
-4388
-4284
-4115
-3901
-3662
-3420
-3186
-2948
-2663
-2280
-1750
-1035
-117
987
2193
3380
4452
5370
6111
6623
6872
6906
6846
6780
6715
6613
6436
6201
5919
5584
5126
4455
3522
2358
1068
-251
-1515
-2653
-3581
-4228
-4586
-4719
-4699
-4589
-4448
-4359
-4389
-4547
-4767
-4940
-4949
-4747
-4353
-3825
-3186
-2456
-1676
-972
-465
-211
-152
-199
-281
-358
-389
-316
-98
254
678
1081
1390
1553
1513
1235
723
47
-719
-1501
-2243
-2877
-3320
-3491
-3352
-2916
-2269
-1554
-917
-422
-44
255
481
629
746
923
1252
1773
2461
3251
4070
4859
5574
6157
6532
6633
6454
6068
5575
5038
4512
4050
3685
3397
3118
2775
2315
1710
982
181
-626
-1377
-2035
-2588
-3027
-3343
-3510
-3522
-3389
-3169
-2953
-2825
-2811
-2856
-2903
-2969
-3098
-3256
-3336
-3272
-3107
-2916
-2729
-2539
-2373
-2268
-2231
-2234
-2238
-2239
-2246
-2255
-2239
-2140
-1925
-1578
-1129
-636
-185
161
401
579
698
712
615
465
327
204
89
26
48
128
224
328
431
486
472
449
493
569
622
680
850
1169
1562
1965
2364
2769
3135
3390
3487
3418
3215
2948
2702
2532
2432
2346
2251
2158
2089
2018
1898
1681
1346
883
317
-300
-902
-1437
-1863
-2137
-2244
-2211
-2095
-1956
-1830
-1742
-1719
-1760
-1849
-1944
-2019
-2025
-1937
-1736
-1420
-1007
-539
-96
268
534
709
801
807
721
539
301
73
-106
-231
-314
-333
-299
-255
-255
-285
-297
-277
-257
-284
-367
-496
-648
-784
-848
-812
-704
-579
-466
-341
-179
10
196
345
455
543
654
830
1082
1361
1598
1761
1875
1968
2050
2125
2207
2294
2352
2342
2263
2129
1945
1698
1392
1034
624
153
-366
-878
-1326
-1677
-1919
-2044
-2075
-2092
-2161
-2276
-2386
-2460
-2519
-2570
-2607
-2624
-2583
-2438
-2166
-1802
-1390
-944
-465
19
447
767
969
1076
1126
1152
1171
1186
1193
1170
1106
1006
910
857
832
770
627
448
294
188
104
15
-76
-162
-215
-214
-153
-49
78
229
384
520
614
683
733
764
776
790
799
771
678
563
487
473
486
477
422
326
219
114
13
-110
-275
-497
-766
-1062
-1365
-1644
-1869
-2021
-2119
-2179
-2203
-2179
-2109
-2013
-1914
-1827
-1751
-1683
-1620
-1564
-1497
-1373
-1143
-813
-434
-62
284
614
925
1212
1466
1693
1881
2015
2101
2171
2241
2284
2253
2141
1996
1861
1755
1661
1568
1473
1381
1290
1205
1137
1091
1059
1021
967
911
893
926
962
931
804
626
461
341
260
194
122
54
5
-6
3
-24
-132
-330
-570
-806
-1008
-1164
-1283
-1382
-1500
-1633
-1769
-1906
-2041
-2156
-2237
-2299
-2365
-2411
-2398
-2307
-2159
-1969
-1734
-1449
-1132
-829
-588
-441
-383
-359
-294
-167
-22
90
191
326
517
724
902
1033
1132
1222
1292
1318
1279
1179
1061
970
946
970
1006
1035
1076
1137
1177
1153
1065
953
852
790
772
776
752
688
622
615
682
772
835
852
847
835
821
804
767
704
620
529
426
292
121
-58
-215
-353
-519
-747
-1018
-1274
-1461
-1553
-1560
-1508
-1431
-1354
-1307
-1321
-1408
-1535
-1638
-1681
-1699
-1727
-1750
-1696
-1552
-1362
-1162
-966
-791
-671
-611
-578
-548
-525
-514
-503
-480
-447
-404
-331
-198
2
237
458
628
732
763
722
651
608
620
645
629
584
576
649
788
962
1144
1305
1434
1544
1657
1765
1820
1796
1710
1619
1566
1551
1566
1596
1625
1625
1585
1511
1408
1266
1067
815
549
314
127
-47
-248
-463
-636
-713
-717
-714
-759
-858
-991
-1143
-1286
-1401
-1488
-1581
-1693
-1802
-1881
-1909
-1887
-1809
-1688
-1546
-1398
-1237
-1056
-866
-687
-549
-466
-423
-391
-333
-241
-123
-26
13
-3
-37
-32
25
111
181
226
266
334
426
508
552
574
598
630
668
734
847
991
1132
1254
1365
1474
1563
1618
1626
1582
1491
1376
1259
1135
990
816
629
439
256
106
-6
-79
-121
-103
-23
83
152
157
107
14
-130
-340
-588
-828
-1030
-1185
-1282
-1305
-1281
-1262
-1278
-1342
-1444
-1566
-1647
-1660
-1631
-1606
-1606
-1605
-1559
-1431
-1222
-969
-725
-521
-379
-303
-280
-283
-285
-288
-270
-211
-95
51
188
296
358
387
402
411
400
361
328
333
365
401
445
532
666
820
952
1034
1064
1047
1007
968
934
924
948
1000
1047
1040
995
951
942
941
918
882
865
871
858
785
657
524
440
438
503
585
624
583
482
363
263
188
125
60
-2
-52
-93
-137
-189
-253
-323
-388
-456
-549
-688
-874
-1098
-1319
-1464
-1458
-1300
-1080
-902
-803
-765
-772
-828
-925
-1039
-1159
-1275
-1351
-1330
-1189
-953
-661
-342
-36
211
357
394
336
212
53
-98
-195
-205
-114
37
191
327
467
617
751
830
849
843
851
880
902
897
897
949
1051
1149
1199
1208
1194
1159
1074
915
703
492
350
304
309
289
227
145
65
-19
-126
-269
-448
-651
-861
-1061
-1226
-1301
-1257
-1117
-960
-856
-838
-890
-965
-1022
-1049
-1076
-1139
-1219
-1251
-1168
-996
-797
-631
-509
-440
-421
-453
-539
-656
-759
-789
-745
-660
-554
-419
-242
-36
186
396
565
664
692
680
663
676
733
821
914
1002
1115
1288
1497
1677
1772
1777
1710
1593
1445
1272
1078
882
717
627
608
623
624
589
522
428
308
160
-3
-154
-269
-343
-406
-501
-639
-785
-888
-941
-972
-996
-991
-936
-862
-819
-815
-807
-772
-725
-678
-645
-621
-581
-473
-301
-148
-75
-63
-34
40
122
156
121
44
-30
-71
-98
-148
-223
-286
-290
-202
-45
121
244
309
345
370
389
392
378
363
359
387
455
554
669
769
834
856
861
876
906
913
850
716
567
477
469
504
526
528
532
542
512
422
297
178
77
-18
-125
-252
-399
-544
-662
-736
-789
-838
-902
-976
-1052
-1105
-1127
-1131
-1120
-1074
-958
-795
-662
-616
-642
-668
-636
-552
-458
-403
-404
-442
-487
-506
-493
-453
-413
-400
-412
-426
-438
-459
-485
-465
-374
-220
-32
176
377
535
647
725
779
788
766
771
835
912
935
905
877
896
931
955
942
904
837
762
696
652
631
625
640
664
705
744
758
725
649
553
444
328
210
96
-16
-118
-202
-287
-389
-498
-597
-691
-810
-952
-1086
-1167
-1187
-1161
-1119
-1077
-1047
-1021
-990
-943
-883
-819
-766
-726
-685
-609
-496
-381
-307
-272
-235
-165
-73
3
45
48
23
-36
-117
-196
-228
-180
-87
-1
49
87
155
255
355
412
411
365
307
250
200
162
160
239
422
684
962
1209
1405
1545
1612
1603
1548
1483
1412
1319
1189
1049
925
830
761
721
715
726
713
639
496
314
142
-9
-159
-316
-449
-533
-581
-626
-695
-783
-877
-946
-966
-950
-937
-976
-1071
-1168
-1209
-1163
-1070
-968
-865
-763
-690
-700
-785
-877
-909
-889
-869
-896
-945
-959
-898
-782
-634
-482
-358
-313
-355
-435
-493
-494
-438
-324
-157
52
273
476
631
723
770
805
843
871
861
819
765
745
792
901
1040
1155
1216
1217
1177
1112
1022
902
765
647
553
467
369
270
190
140
125
141
182
219
219
173
87
-12
-123
-235
-337
-409
-460
-517
-592
-665
-710
-726
-712
-661
-583
-519
-513
-561
-628
-684
-716
-726
-717
-699
-675
-657
-667
-723
-811
-880
-873
-766
-593
-418
-280
-180
-85
39
199
370
523
653
755
826
869
889
872
815
741
686
674
694
727
745
736
698
660
646
666
709
746
758
727
675
610
555
517
510
541
592
636
634
571
453
320
193
57
-102
-265
-389
-470
-524
-555
-550
-516
-506
-557
-656
-731
-751
-757
-793
-840
-859
-855
-853
-847
-805
-735
-672
-642
-641
-662
-699
-724
-710
-656
-597
-551
-486
-381
-255
-151
-69
14
99
165
199
219
231
237
249
273
321
392
491
606
712
789
817
793
722
654
633
647
662
640
597
566
586
663
770
860
897
888
859
826
776
683
536
361
199
90
47
56
86
102
86
28
-56
-152
-240
-327
-430
-543
-639
-718
-828
-992
-1165
-1279
-1312
-1282
-1224
-1163
-1127
-1126
-1131
-1118
-1081
-1051
-1040
-1040
-1026
-963
-846
-705
-591
-514
-437
-331
-205
-93
-12
54
125
204
275
345
399
409
362
294
287
375
526
658
714
692
641
614
626
664
719
803
916
1018
1066
1050
999
943
899
871
853
817
755
683
623
567
497
401
311
266
274
307
325
302
231
135
56
18
2
-27
-85
-162
-263
-391
-536
-656
-721
-731
-725
-749
-811
-877
-921
-943
-955
-957
-933
-874
-782
-679
-595
-536
-491
-435
-381
-350
-361
-386
-391
-363
-301
-221
-127
-31
47
107
166
246
350
451
522
544
523
506
530
602
701
799
875
898
861
777
684
619
596
613
648
671
661
608
542
502
505
523
517
464
359
219
69
-52
-127
-165
-191
-213
-235
-256
-289
-334
-385
-446
-517
-590
-648
-688
-714
-724
-719
-714
-716
-709
-675
-627
-590
-569
-549
-527
-523
-559
-611
-629
-589
-512
-435
-376
-330
-267
-180
-98
-37
41
174
333
444
473
449
429
461
557
678
755
758
708
643
572
481
372
277
230
229
235
230
240
297
389
458
454
377
260
141
42
-30
-79
-104
-120
-140
-164
-178
-182
-193
-216
-236
-222
-163
-83
-20
-6
-58
-183
-347
-484
-547
-531
-472
-400
-334
-277
-217
-171
-159
-190
-229
-244
-234
-210
-192
-186
-192
-183
-144
-93
-62
-61
-65
-62
-53
-42
-31
-1
40
86
117
142
180
235
284
292
256
190
112
40
4
16
58
102
126
113
79
82
170
320
452
518
542
562
587
613
641
670
696
724
770
831
882
881
814
697
556
417
291
187
111
60
10
-53
-121
-159
-149
-115
-111
-182
-333
-518
-672
-748
-760
-743
-716
-657
-560
-451
-381
-359
-357
-346
-334
-340
-362
-370
-339
-273
-206
-169
-167
-183
-201
-209
-203
-202
-231
-290
-338
-342
-297
-214
-111
-19
32
45
56
80
99
77
11
-66
-111
-107
-84
-73
-82
-83
-55
24
144
270
357
405
433
439
396
302
204
143
137
173
236
296
327
316
269
192
99
-3
-101
-189
-280
-404
-546
-647
-668
-649
-656
-698
-742
-752
-725
-674
-627
-608
-608
-595
-554
-509
-471
-435
-376
-305
-237
-196
-167
-129
-79
-22
32
84
115
122
115
133
196
293
396
478
519
510
469
450
511
634
742
764
730
708
728
758
761
741
722
734
798
909
1020
1076
1083
1095
1142
1187
1170
1056
869
679
546
492
485
484
482
480
473
449
407
367
333
304
256
178
78
-29
-123
-174
-185
-185
-226
-331
-486
-652
-796
-893
-928
-907
-857
-807
-774
-769
-803
-860
-887
-848
-768
-690
-642
-627
-652
-717
-791
-854
-899
-925
-902
-811
-700
-643
-669
-747
-831
-891
-921
-935
-933
-897
-810
-687
-574
-480
-395
-307
-217
-116
-4
100
179
241
295
341
385
454
544
618
648
658
696
776
875
954
996
1003
997
1005
1030
1056
1045
975
868
769
