199
328
429
463
422
333
240
216
328
538
717
738
610
442
315
249
236
286
359
396
371
317
267
228
218
261
359
447
469
413
315
204
101
12
-54
-82
-75
-70
-108
-192
-300
-391
-429
-408
-355
-315
-308
-315
-302
-265
-223
-201
-216
-274
-362
-434
-455
-435
-425
-450
-491
-498
-422
-274
-113
-19
-13
-72
-139
-165
-151
-148
-198
-287
-358
-374
-347
-301
-248
-192
-151
-141
-145
-129
-74
6
83
140
161
142
92
47
33
59
120
186
217
173
75
-18
-59
-57
-68
-125
-210
-280
-294
-257
-201
-160
-150
-162
-177
-144
-57
22
16
-71
-150
-170
-148
-133
-128
-124
-121
-116
-79
14
136
211
202
131
48
22
104
284
455
504
425
317
270
299
344
362
338
282
220
180
179
188
189
194
249
345
421
423
344
229
128
85
96
132
161
173
157
96
3
-88
-164
-213
-219
-154
-59
0
14
16
17
3
-2
23
67
84
53
-7
-70
-112
-119
-104
-83
-85
-117
-174
-238
-274
-267
-227
-182
-155
-133
-97
-32
40
93
110
108
127
175
206
190
151
145
178
206
194
160
145
170
223
279
326
330
261
132
-5
-95
-127
-103
-47
3
3
-40
-89
-126
-142
-125
-57
44
141
194
174
97
31
32
92
145
159
106
-25
-184
-277
-267
-240
-291
-417
-544
-609
-589
-487
-348
-248
-245
-313
-377
-366
-274
-167
-95
-35
43
111
95
-16
-189
-384
-545
-582
-446
-210
-47
-85
-317
-583
-679
-534
-252
-17
70
6
-146
-299
-368
-323
-194
-36
103
181
175
95
2
-33
27
149
288
395
446
425
322
161
9
-46
39
212
370
451
460
435
381
323
310
361
422
434
402
363
330
318
335
341
301
232
197
195
182
139
65
-58
-198
-252
-158
31
196
261
218
109
29
66
201
315
322
259
222
254
327
385
391
375
402
484
530
456
283
121
51
77
146
205
232
227
215
195
149
59
-40
-104
-135
-179
-261
-338
-371
-323
-226
-164
-217
-362
-489
-505
-398
-238
-142
-192
-348
-488
-509
-417
-292
-213
-192
-207
-265
-373
-502
-588
-593
-513
-372
-251
-270
-456
-685
-832
-871
-814
-646
-380
-137
-21
-33
-85
-106
-70
37
182
321
406
427
370
237
35
-172
-296
-279
-144
5
74
36
-29
-24
107
299
419
373
220
107
128
224
290
267
190
122
101
147
231
289
269
197
147
129
99
35
-10
14
130
265
330
265
123
-15
-98
-130
-123
-73
19
112
153
153
157
182
177
136
84
46
21
3
-16
-69
-143
-209
-260
-297
-316
-318
-343
-412
-496
-534
-486
-328
-105
82
148
138
154
212
230
134
-26
-181
-279
-282
-163
24
162
175
102
69
155
329
465
470
346
162
-5
-96
-75
31
139
169
124
75
42
-13
-105
-155
-90
53
155
120
-51
-265
-382
-327
-122
120
303
376
342
246
158
145
225
358
496
584
574
472
334
239
215
262
363
514
659
697
544
257
6
-104
-64
100
369
600
603
360
105
39
138
271
339
304
153
-36
-156
-178
-156
-143
-179
-310
-494
-558
-405
-160
-36
-116
-360
-678
-867
-730
-331
20
133
109
61
-7
-67
-38
-1
-120
-370
-519
-456
-331
-320
-461
-656
-780
-723
-478
-182
-20
-58
-202
-316
-295
-154
-9
7
-108
-236
-346
-475
-607
-618
-527
-470
-477
-429
-308
-278
-408
-532
-513
-361
-128
147
339
248
-58
-293
-257
-53
113
177
125
-8
-129
-99
60
188
227
265
395
583
724
725
573
374
269
261
243
148
23
-83
-134
-56
161
381
482
536
643
712
609
370
175
109
162
277
336
238
38
-72
26
244
396
347
97
-191
-334
-278
-115
24
77
24
-110
-236
-253
-114
90
224
223
127
15
-72
-133
-208
-337
-528
-677
-649
-380
-10
245
259
59
-203
-316
-128
257
523
438
89
-225
-238
113
648
1017
980
629
287
200
341
528
613
591
527
495
511
558
549
446
299
174
85
-5
-25
60
181
226
173
62
-86
-236
-318
-273
-143
-16
-14
-144
-313
-377
-306
-194
-149
-218
-360
-468
-437
-290
-173
-190
-321
-511
-702
-785
-654
-393
-185
-131
-210
-418
-716
-891
-785
-487
-231
-91
-64
-191
-425
-543
-394
-122
58
111
89
15
-51
-40
-33
-173
-377
-443
-370
-316
-289
-155
58
158
62
-148
-347
-428
-299
-6
243
318
287
247
146
-46
-195
-152
20
189
303
324
179
-93
-285
-294
-199
-84
66
139
41
-81
7
210
239
97
-18
-46
-12
176
484
623
465
288
309
393
357
276
215
86
-71
-59
104
137
-94
-382
-509
-447
-200
168
420
327
23
-104
82
344
441
379
303
297
351
400
385
342
370
456
483
420
349
296
218
183
302
474
476
318
210
222
263
349
513
604
507
418
538
665
476
36
-289
-317
-149
34
72
-93
-312
-349
-198
-105
-212
-369
-353
-161
10
-38
-308
-622
-787
-708
-437
-98
142
187
100
13
25
117
226
278
229
109
-33
-193
-389
-520
-457
-211
23
65
-147
-508
-766
-712
-403
-163
-190
-402
-574
-590
-470
-319
-258
-227
-62
269
500
386
41
-235
-316
-290
-206
-64
52
61
-18
-145
-337
-519
-507
-313
-174
-208
-247
-135
23
77
53
59
85
69
25
12
92
267
460
510
381
222
184
190
104
-21
-35
96
255
326
228
-34
-281
-272
23
338
391
155
-184
-412
-443
-315
-143
-34
-50
-179
-338
-397
-267
11
289
407
355
257
242
299
315
177
-110
-389
-444
-216
107
271
226
108
36
-15
-109
-250
-399
-464
-337
15
407
564
390
76
-118
-72
175
470
630
543
237
-126
-368
-379
-221
-53
30
76
145
172
98
-10
-15
120
333
513
546
338
-27
-332
-422
-377
-369
-420
-451
-391
-260
-99
30
78
71
51
42
53
148
369
627
776
739
551
270
-36
-255
-268
-32
316
540
461
137
-168
-217
-17
239
382
377
269
89
-143
-400
-600
-652
-512
-263
-41
80
128
161
213
303
423
527
565
515
369
123
-164
-354
-359
-267
-230
-277
-297
-225
-140
-147
-208
-183
0
261
435
442
317
182
127
165
213
194
113
44
19
-1
-56
-140
-214
-244
-196
-87
-6
-49
-229
-440
-537
-442
-231
-65
-39
-103
-141
-102
-21
18
-38
-147
-201
-133
-23
-5
-113
-260
-340
-332
-308
-355
-515
-746
-946
-1011
-905
-695
-507
-448
-524
-646
-693
-609
-441
-293
-242
-278
-333
-329
-236
-111
-35
-21
-22
-1
39
91
139
146
150
254
511
782
888
789
608
470
435
497
572
571
481
404
407
441
430
396
426
551
700
773
722
580
455
448
568
717
809
846
884
922
879
670
307
-45
-202
-102
113
213
46
-331
-671
-742
-569
-419
-494
-723
-870
-805
-599
-465
-576
-887
-1102
-968
-597
-342
-365
-489
-463
-234
98
388
523
478
376
389
540
691
721
670
628
617
629
692
843
1066
1304
1466
1436
1238
1100
1266
1688
2068
2140
1894
1547
1430
1717
2225
2442
1916
644
-856
-1904
-2212
-2120
-2252
-2889
-3725
-4202
-4058
-3549
-3241
-3461
-3949
-4043
-3347
-2175
-1255
-1037
-1259
-1237
-511
739
1892
2435
2314
1862
1451
1239
1102
773
71
-945
-1989
-2766
-3206
-3475
-3757
-4056
-4202
-4012
-3404
-2497
-1558
-791
-129
643
1612
2682
3748
4735
5510
5951
6137
6322
6641
6925
6870
6362
5590
4873
4397
4053
3536
2552
1046
-748
-2387
-3464
-3894
-4029
-4409
-5275
-6298
-6796
-6280
-4926
-3546
-2934
-3076
-3147
-2450
-1170
-60
463
663
1101
2082
3382
4351
4387
3543
2515
1964
1907
1818
1178
-132
-1800
-3277
-4115
-4299
-4263
-4485
-4998
-5379
-5191
-4427
-3450
-2585
-1882
-1196
-371
680
1901
3057
3886
4364
4729
5228
5904
6617
7112
7096
6481
5599
4985
4841
4803
4332
3311
2181
1444
1038
339
-1163
-3179
-4741
-5087
-4438
-3826
-4163
-5376
-6432
-6284
-4906
-3377
-2792
-3182
-3625
-3325
-2296
-1096
-228
214
570
1315
2556
3782
4316
3952
3085
2315
1989
1986
1756
749
-967
-2604
-3408
-3469
-3565
-4231
-5212
-5808
-5589
-4740
-3805
-3159
-2677
-1972
-896
295
1293
2057
2712
3349
4010
4734
5466
6024
6266
6212
5967
5598
5168
4761
4385
3947
3386
2783
2265
1795
1133
37
-1449
-2906
-3804
-3959
-3751
-3849
-4589
-5595
-6049
-5469
-4211
-3181
-3001
-3418
-3593
-2945
-1723
-652
-155
43
568
1723
3196
4300
4557
4042
3297
2874
2890
2961
2522
1333
-261
-1566
-2147
-2259
-2620
-3618
-4853
-5497
-5178
-4353
-3735
-3506
-3218
-2420
-1183
37
917
1558
2263
3143
3996
4590
4932
5208
5527
5819
5941
5850
5590
5235
4839
4470
4177
3899
3506
2942
2264
1442
301
-1194
-2668
-3566
-3739
-3620
-3823
-4573
-5487
-5865
-5278
-4126
-3390
-3654
-4390
-4520
-3631
-2379
-1672
-1668
-1685
-908
829
2850
4174
4334
3763
3296
3361
3688
3641
2814
1316
-283
-1396
-1902
-2271
-3057
-4257
-5265
-5526
-5101
-4512
-4175
-4043
-3770
-3048
-1916
-700
264
916
1426
1986
2675
3463
4226
4780
5042
5148
5336
5662
5885
5703
5109
4433
4024
3880
3695
3238
2607
1996
1308
260
-1112
-2294
-2794
-2711
-2663
-3157
-4124
-5008
-5231
-4729
-4020
-3764
-4133
-4673
-4791
-4271
-3387
-2576
-2060
-1628
-830
556
2214
3505
4020
3877
3590
3597
3868
3913
3229
1843
354
-579
-857
-1035
-1739
-2998
-4202
-4768
-4709
-4496
-4435
-4363
-3961
-3156
-2165
-1242
-507
59
581
1218
2023
2875
3585
4062
4361
4630
4975
5319
5431
5166
4701
4379
4319
4295
4044
3575
3125
2794
2314
1291
-260
-1701
-2324
-2124
-1883
-2351
-3495
-4570
-4856
-4336
-3728
-3849
-4784
-5738
-5842
-5058
-4129
-3669
-3506
-2951
-1597
287
1988
2941
3126
3035
3236
3881
4548
4595
3757
2425
1357
1000
1013
583
-714
-2366
-3430
-3527
-3204
-3248
-3809
-4314
-4188
-3500
-2770
-2339
-2104
-1822
-1385
-788
-27
849
1727
2519
3247
3949
4620
5217
5651
5820
5756
5717
5942
6310
6436
6082
5435
4895
4623
4300
3360
1668
-160
-1245
-1415
-1446
-2211
-3738
-5223
-5909
-5787
-5537
-5868
-6802
-7577
-7353
-6115
-4688
-3858
-3588
-3164
-1958
13
2075
3452
3899
3921
4255
5124
6010
6165
5352
4084
3114
2715
2391
1434
-291
-2121
-3254
-3566
-3695
-4294
-5303
-6053
-6064
-5588
-5215
-5116
-4915
-4266
-3254
-2163
-1143
-193
713
1611
2527
3360
4011
4578
5308
6171
6799
6934
6752
6610
6596
6532
6255
5763
5109
4272
3114
1533
-278
-1831
-2773
-3308
-4016
-5199
-6579
-7586
-7859
-7493
-6994
-6894
-7241
-7415
-6724
-5240
-3785
-2974
-2513
-1593
169
2347
4128
5016
5233
5442
6098
6971
7423
7065
6089
5002
4122
3363
2383
965
-740
-2305
-3419
-4144
-4773
-5494
-6218
-6684
-6729
-6479
-6190
-5866
-5200
-4040
-2720
-1658
-837
115
1355
2701
3899
4828
5519
6141
6887
7669
8096
7947
7518
7286
7296
7145
6493
5457
4419
3547
2565
1074
-841
-2543
-3537
-4099
-4955
-6310
-7554
-7947
-7455
-6760
-6566
-6933
-7223
-6771
-5592
-4349
-3522
-2866
-1804
-165
1668
3230
4360
5200
5973
6784
7525
7915
7684
6789
5520
4309
3345
2397
1074
-682
-2471
-3803
-4565
-5105
-5861
-6898
-7840
-8193
-7832
-7139
-6606
-6299
-5776
-4675
-3163
-1740
-660
259
1360
2788
4356
5665
6409
6710
7031
7646
8270
8378
7894
7266
6877
6594
6055
5176
4198
3282
2246
769
-1136
-2954
-4095
-4550
-4915
-5701
-6771
-7531
-7574
-7046
-6463
-6240
-6260
-5993
-5102
-3854
-2779
-2085
-1556
-856
221
1661
3163
4326
5027
5510
6049
6590
6812
6433
5473
4294
3296
2563
1774
558
-1093
-2782
-4039
-4769
-5305
-6012
-6832
-7380
-7405
-7013
-6509
-6131
-5856
-5337
-4223
-2634
-1116
4
946
2040
3282
4495
5613
6568
7209
7537
7779
8041
8126
7869
7423
6993
6521
5848
4993
4083
3097
1876
356
-1266
-2644
-3563
-4134
-4705
-5466
-6258
-6741
-6705
-6195
-5491
-4968
-4808
-4799
-4508
-3767
-2811
-1988
-1385
-792
118
1484
3050
4309
4945
5139
5333
5764
6227
6301
5753
4746
3647
2673
1692
422
-1175
-2753
-3886
-4543
-5110
-5928
-6898
-7545
-7523
-6986
-6442
-6216
-6085
-5559
-4417
-2914
-1510
-436
463
1512
2836
4196
5213
5758
6122
6704
7531
8144
8120
7598
7110
6938
6803
6264
5233
4045
3077
2316
1329
-276
-2271
-3904
-4682
-4904
-5258
-6027
-6857
-7197
-6821
-5995
-5280
-5054
-5144
-5033
-4425
-3512
-2664
-2038
-1512
-828
269
1806
3398
4464
4820
4929
5375
6108
6448
5868
4603
3367
2564
1929
919
-623
-2260
-3438
-4091
-4656
-5473
-6352
-6847
-6816
-6565
-6418
-6311
-5898
-4992
-3763
-2509
-1382
-358
660
1783
3031
4227
5168
5865
6512
7164
7660
7877
7890
7818
7655
7319
6750
5935
4928
3863
2882
2005
1111
13
-1346
-2743
-3765
-4211
-4350
-4661
-5291
-5889
-6024
-5617
-5032
-4711
-4796
-4981
-4779
-4023
-3041
-2329
-1977
-1612
-826
390
1701
2740
3375
3754
4177
4755
5208
5109
4376
3394
2593
2016
1354
354
-907
-2101
-3005
-3704
-4446
-5316
-6112
-6564
-6628
-6484
-6318
-6090
-5606
-4746
-3619
-2432
-1321
-297
707
1746
2819
3813
4640
5322
5967
6601
7133
7441
7431
7105
6587
6066
5619
5168
4611
3944
3270
2681
2119
1327
168
-1051
-1795
-1981
-2167
-2871
-3939
-4754
-4921
-4572
-4160
-4070
-4327
-4558
-4382
-3843
-3359
-3181
-3069
-2572
-1542
-275
799
1512
2010
2528
3169
3807
4190
4115
3662
3150
2791
2406
1638
447
-774
-1629
-2202
-2911
-3975
-5093
-5773
-5809
-5481
-5255
-5318
-5368
-4957
-4023
-3003
-2330
-1958
-1457
-518
717
1841
2584
3061
3593
4327
5083
5572
5747
5806
5925
6058
6074
5943
5736
5486
5149
4703
4171
3554
2764
1761
704
-135
-696
-1236
-1983
-2838
-3530
-3951
-4191
-4392
-4655
-5014
-5322
-5361
-5148
-4966
-4941
-4767
-4087
-2979
-1832
-852
77
1071
2054
2901
3554
3953
4007
3727
3272
2766
2169
1381
426
-573
-1514
-2354
-3070
-3673
-4190
-4603
-4836
-4878
-4832
-4793
-4699
-4441
-4018
-3539
-3038
-2408
-1574
-614
288
1027
1658
2349
3228
4242
5176
5831
6217
6502
6780
6979
7040
7031
7047
7043
6860
6397
5694
4916
4185
3452
2567
1514
494
-319
-986
-1721
-2616
-3522
-4191
-4528
-4701
-4946
-5292
-5524
-5458
-5153
-4788
-4376
-3776
-2942
-2022
-1156
-342
425
1057
1501
1848
2179
2372
2254
1838
1323
835
314
-331
-1063
-1766
-2351
-2836
-3309
-3829
-4319
-4618
-4652
-4538
-4446
-4392
-4262
-3980
-3595
-3148
-2601
-1890
-1037
-131
768
1651
2538
3411
4239
4989
5620
6101
6434
6669
6815
6810
6650
6469
6392
6359
6177
5713
5036
4293
3514
2572
1446
376
-381
-955
-1732
-2826
-3897
-4546
-4716
-4669
-4747
-5104
-5514
-5546
-5069
-4470
-4194
-4209
-4096
-3603
-2870
-2148
-1511
-925
-424
-69
207
495
740
768
535
200
-85
-335
-668
-1140
-1689
-2170
-2482
-2697
-2977
-3345
-3602
-3564
-3336
-3201
-3262
-3274
-2930
-2265
-1605
-1148
-732
-77
879
1912
2750
3283
3657
4145
4862
5609
6070
6194
6261
6539
6884
6923
6511
5918
5459
5185
4920
4533
4003
3347
2584
1781
1078
564
152
-385
-1147
-1968
-2574
-2861
-2993
-3230
-3687
-4201
-4464
-4373
-4165
-4146
-4291
-4299
-3947
-3314
-2668
-2208
-1935
-1687
-1310
-804
-301
29
99
-22
-133
-93
20
-16
-323
-787
-1194
-1435
-1575
-1733
-1927
-2053
-2058
-2026
-2071
-2141
-2052
-1737
-1338
-1020
-758
-386
199
926
1632
2201
2647
3079
3570
4057
4404
4575
4664
4767
4876
4918
4876
4810
4761
4665
4428
4081
3782
3626
3492
3120
2419
1611
997
606
149
-603
-1513
-2244
-2625
-2814
-3094
-3607
-4236
-4696
-4824
-4770
-4846
-5132
-5397
-5395
-5153
-4851
-4556
-4178
-3632
-2966
-2291
-1668
-1096
-585
-180
100
274
359
369
302
164
-57
-346
-668
-987
-1278
-1501
-1623
-1675
-1732
-1840
-1941
-1943
-1789
-1521
-1188
-779
-295
192
618
1039
1550
2131
2640
2998
3272
3609
4083
4641
5146
5497
5694
5840
6043
6280
6401
6291
6019
5732
5464
5084
4451
3557
2576
1736
1133
639
54
-697
-1511
-2202
-2651
-2955
-3388
-4121
-4927
-5375
-5361
-5268
-5466
-5829
-5917
-5538
-4936
-4420
-3994
-3431
-2612
-1709
-982
-520
-209
90
411
686
785
624
272
-72
-274
-423
-697
-1152
-1637
-1947
-2057
-2110
-2253
-2447
-2513
-2312
-1881
-1414
-1050
-762
-413
56
601
1149
1644
2057
2398
2767
3271
3930
4614
5143
5461
5716
6066
6442
6580
6351
5933
5597
5407
5199
4802
4178
3395
2538
1735
1118
674
201
-444
-1129
-1644
-2015
-2436
-2982
-3568
-4142
-4691
-5142
-5416
-5617
-5890
-6161
-6164
-5765
-5126
-4494
-3969
-3471
-2908
-2292
-1707
-1229
-869
-595
-376
-206
-129
-199
-421
-691
-879
-950
-1020
-1222
-1528
-1761
-1760
-1535
-1231
-986
-818
-609
-224
295
724
917
997
1210
1633
2130
2558
2903
3230
3574
3944
4316
4657
4934
5160
5347
5468
5446
5247
4942
4635
4364
4064
3689
3295
2989
2746
2349
1685
968
532
373
140
-413
-1146
-1778
-2186
-2476
-2860
-3509
-4347
-5014
-5247
-5206
-5311
-5675
-5965
-5805
-5202
-4499
-3976
-3611
-3168
-2540
-1872
-1411
-1219
-1113
-887
-541
-291
-345
-662
-968
-1016
-809
-566
-507
-635
-750
-657
-392
-161
-97
-119
-29
248
586
794
868
997
1303
1660
1867
1935
2033
2246
2486
2669
2835
3082
3402
3684
3857
3989
4155
4320
4387
4334
4229
4134
4034
3866
3609
3309
2995
2595
2061
1513
1125
877
567
73
-533
-1099
-1574
-2029
-2627
-3442
-4282
-4826
-5016
-5156
-5514
-5959
-6127
-5871
-5379
-4943
-4636
-4302
-3770
-3093
-2486
-2104
-1842
-1483
-941
-385
-60
-7
-13
152
500
837
978
938
888
971
1156
1299
1303
1194
1060
967
922
873
778
689
694
825
1005
1142
1222
1320
1530
1862
2232
2572
2891
3217
3535
3800
3989
4111
4188
4253
4302
4313
4256
4137
3980
3805
3564
3128
2448
1741
1328
1217
970
243
-796
-1620
-1976
-2135
-2574
-3485
-4559
-5304
-5527
-5552
-5798
-6279
-6566
-6328
-5726
-5214
-5017
-4919
-4541
-3792
-2953
-2342
-1959
-1534
-906
-209
289
519
641
834
1050
1103
934
698
566
524
436
239
-3
-193
-301
-353
-373
-370
-337
-245
-53
247
588
888
1132
1404
1781
2246
2692
3049
3362
3710
4083
4387
4577
4715
4898
5115
5238
5160
4913
4636
4424
4258
4014
3541
2781
1931
1321
1052
791
126
-930
-1929
-2484
-2675
-2927
-3592
-4563
-5357
-5588
-5414
-5381
-5786
-6313
-6386
-5819
-5006
-4441
-4178
-3837
-3060
-1931
-873
-216
91
347
738
1162
1395
1359
1204
1125
1145
1123
935
570
133
-211
-317
-197
-52
-94
-325
-516
-453
-172
78
122
53
123
442
853
1128
1244
1406
1797
2365
2888
3211
3385
3590
3939
4350
4614
4623
4501
4457
4527
4545
4340
3958
3579
3267
2831
2069
1142
483
266
96
-521
-1595
-2606
-3092
-3127
-3240
-3869
-4851
-5557
-5571
-5198
-5076
-5417
-5748
-5497
-4622
-3638
-3059
-2908
-2761
-2210
-1300
-449
-39
-24
-54
161
544
816
796
555
310
215
248
246
75
-233
-486
-538
-414
-297
-340
-512
-604
-459
-157
67
107
98
253
607
983
1191
1232
1318
1632
2111
2517
2723
2849
3093
3486
3865
4068
4099
4082
4099
4101
3985
3724
3377
2988
2487
1820
1128
673
500
285
-313
-1245
-2102
-2556
-2693
-2898
-3459
-4222
-4720
-4670
-4338
-4239
-4537
-4860
-4711
-4007
-3127
-2515
-2261
-2090
-1704
-1064
-382
115
349
414
493
716
1020
1160
954
503
109
-9
77
120
-11
-194
-199
27
298
406
348
299
392
596
787
889
920
964
1111
1386
1696
1909
1996
2077
2296
2669
3070
3345
3456
3501
3601
3756
3853
3788
3573
3297
3024
2763
2488
2139
1624
913
174
-321
-466
-499
-779
-1456
-2299
-2901
-3064
-3002
-3159
-3732
-4446
-4816
-4676
-4308
-4129
-4250
-4432
-4345
-3836
-3032
-2250
-1781
-1633
-1525
-1159
-549
6
218
99
-68
-7
272
501
448
149
-124
-148
82
352
431
258
-13
-148
-50
164
288
225
55
-54
29
296
607
805
863
907
1084
1419
1800
2083
2208
2234
2314
2582
3006
3398
3539
3395
3143
3003
3033
3066
2905
2514
2044
1617
1201
708
182
-236
-511
-778
-1200
-1744
-2205
-2416
-2447
-2562
-2935
-3470
-3868
-3945
-3794
-3652
-3625
-3572
-3286
-2720
-2066
-1568
-1307
-1129
-820
-330
188
533
652
647
651
735
854
912
832
640
415
222
96
44
61
78
27
-93
-192
-183
-78
-6
-58
-179
-210
-55
213
447
538
530
593
866
1308
1739
2010
2132
2251
2513
2937
3367
3554
3366
2949
2625
2584
2660
2489
1898
1120
595
517
612
436
-179
-924
-1353
-1264
-847
-515
-601
-1157
-1884
-2361
-2322
-1855
-1326
-1144
-1511
-2210
-2727
-2626
-1960
-1201
-849
-1036
-1471
-1685
-1381
-659
69
382
173
-310
-666
-662
-371
-96
-125
-517
-1059
-1408
-1364
-1027
-739
-754
-1053
-1359
-1416
-1185
-828
-577
-556
-706
-788
-597
-137
365
653
628
426
332
593
1201
1859
2206
2168
1987
2001
2304
2665
2733
2376
1857
1548
1600
1804
1845
1583
1120
701
544
674
904
949
687
236
-124
-176
38
224
69
-425
-904
-985
-660
-317
-363
-824
-1331
-1476
-1208
-856
-828
-1205
-1687
-1875
-1659
-1277
-1072
-1205
-1580
-1910
-1910
-1524
-1025
-814
-1050
-1522
-1824
-1719
-1261
-745
-453
-463
-645
-718
-519
-94
284
402
284
120
80
163
315
443
490
453
396
440
617
888
1126
1269
1307
1325
1431
1635
1807
1734
1467
1265
1381
1708
1980
2008
1801
1516
1362
1497
1828
2088
2030
1657
1196
1001
1195
1577
1694
1360
808
405
291
300
257
92
-137
-369
-537
-634
-692
-821
-1089
-1469
-1794
-1883
-1723
-1528
-1561
-1879
-2269
-2416
-2201
-1777
-1452
-1381
-1511
-1650
-1644
-1440
-1103
-759
-561
-570
-750
-949
-1001
-840
-552
-349
-358
-578
-846
-1023
-987
-772
-522
-395
-390
-337
-176
34
180
285
407
611
872
1111
1211
1149
1031
1041
1263
1663
1978
1998
1603
1144
984
1330
1874
2183
2045
1559
1115
951
1141
1443
1607
1438
944
329
-51
16
360
566
343
-178
-688
-926
-904
-766
-774
-1079
-1539
-1844
-1819
-1682
-1664
-1764
-1789
-1625
-1388
-1221
-1236
-1361
-1471
-1390
-1122
-804
-628
-672
-863
-1045
-1039
-738
-255
142
234
72
-151
-251
-175
85
381
537
477
315
257
288
399
514
636
670
614
552
574
648
764
875
984
1055
1123
1226
1246
1201
1124
1188
1369
1570
1706
1752
1731
1708
1666
1608
1407
1198
1092
1122
1071
711
181
-282
-465
-449
-405
-406
-546
-831
-1225
-1576
-1705
-1657
-1512
-1481
-1599
-1813
-1950
-1929
-1819
-1700
-1593
-1512
-1445
-1378
-1195
-936
-710
-613
-561
-465
-313
-180
-46
68
162
196
206
247
273
289
205
58
-88
-110
70
227
284
166
90
81
143
248
400
600
736
770
722
673
695
750
844
922
1029
1137
1245
1327
1370
1393
1417
1505
1664
1799
1777
1518
1111
721
499
461
494
420
132
-317
-754
-1025
-1120
-1144
-1219
-1374
-1562
-1701
-1737
-1654
-1541
-1512
-1616
-1761
-1830
-1769
-1651
-1536
-1487
-1456
-1383
-1206
-908
-592
-285
-121
-52
-64
24
285
606
797
697
409
90
-72
-25
178
354
357
199
79
179
474
769
875
812
659
545
492
576
777
1000
1118
1104
1073
1075
1158
1313
1516
1699
1758
1753
1753
1821
1886
1845
1687
1402
1084
804
652
525
246
-206
-662
-883
-942
-931
-1005
-1107
-1271
-1416
-1509
-1496
-1421
-1386
-1400
-1523
-1686
-1827
-1795
-1641
-1515
-1544
-1609
-1573
-1392
-1198
-1022
-866
-688
-515
-368
-279
-273
-273
-202
-39
97
145
108
27
-22
22
185
296
244
101
95
251
413
486
531
678
872
1070
1199
1295
1372
1423
1459
1441
1449
1520
1681
1823
1872
1859
1824
1788
1713
1605
1452
1218
976
793
724
669
583
431
205
-77
-323
-456
-529
-617
-725
-817
-912
-1027
-1150
-1241
-1331
-1404
-1424
-1410
-1444
-1564
-1654
-1605
-1477
-1457
-1637
-1891
-1993
-1851
-1562
-1319
-1207
-1172
-1089
-929
-796
-779
-869
-893
-767
-557
-373
-345
-378
-412
-277
-29
216
370
455
587
756
940
1071
1126
1134
1131
1174
1255
1355
1454
1515
1556
1543
1513
1401
1288
1193
1230
1345
1503
1574
1502
1331
1121
951
748
576
417
345
281
162
-34
-238
-327
-330
-391
-607
-909
-1101
-1120
-1020
-980
-1098
-1351
-1592
-1671
-1599
-1514
-1524
-1628
-1650
-1576
-1436
-1355
-1316
-1199
-989
-764
-673
-702
-746
-731
-638
-524
-366
-162
81
265
327
330
393
573
797
970
1040
991
912
875
988
1114
1175
1082
993
956
1019
1078
1132
1131
1137
1196
1373
1576
1666
1587
1438
1364
1389
1436
1401
1279
1119
963
834
777
789
837
815
713
558
379
253
160
155
50
-144
-450
-678
-809
-848
-883
-989
-1203
-1457
-1586
-1543
-1387
-1344
-1432
-1653
-1848
-1960
-1931
-1801
-1651
-1572
-1556
-1542
-1425
-1226
-983
-799
-697
-681
-667
-563
-374
-184
-145
-224
-297
-250
-123
-30
-32
-139
-298
-416
-383
-207
-14
106
169
243
317
403
488
570
577
540
543
619
748
847
970
1072
1183
1241
1268
1198
1066
927
849
823
778
685
561
429
270
38
-215
-363
-325
-205
-193
-343
-565
-706
-717
-611
-464
-403
-486
-684
-816
-798
-612
-403
-283
-288
-342
-311
-195
-1
147
255
257
238
224
230
171
20
-121
-168
-87
-6
-26
-205
-409
-508
-388
-190
13
105
172
177
191
205
294
392
509
644
809
940
994
982
961
954
1002
1123
1220
1203
989
751
609
632
695
660
495
273
131
110
145
150
138
132
145
112
69
47
82
74
-45
-250
-404
-400
-329
-281
-331
-350
-335
-267
-217
-213
-228
-287
-268
-220
-122
-118
-197
-283
-329
-304
-338
-420
-553
-671
-784
-940
-1100
-1199
-1156
-1025
-919
-904
-1011
-1124
-1186
-1063
-813
-526
-335
-252
-224
-129
-5
145
225
303
437
593
709
671
542
407
366
490
680
842
824
672
454
285
264
360
535
565
461
188
-35
-189
-181
-99
3
71
156
296
473
549
476
332
279
353
435
373
178
-74
-233
-315
-300
-280
-300
-373
-399
-327
-226
-276
-438
-617
-647
-601
-570
-652
-816
-925
-911
-768
-621
-546
-493
-425
-288
-192
-151
-146
-125
-47
4
46
33
-14
-77
-123
-34
109
245
277
239
241
248
324
352
338
275
237
294
309
262
160
158
259
355
367
282
224
275
412
556
574
502
431
469
626
749
776
663
548
493
510
547
518
411
211
8
-87
-57
-1
-60
-260
-494
-636
-605
-458
-365
-395
-525
-586
-549
-418
-272
-136
-41
9
8
-6
20
85
160
205
240
251
187
-15
-261
-461
-519
-503
-483
-465
-487
-447
-405
-298
-213
-167
-183
-234
-225
-76
179
432
506
429
315
317
460
633
713
681
596
617
728
915
993
942
795
680
684
707
742
678
588
415
227
61
-53
-92
-156
-244
-399
-507
-557
-565
-572
-607
-621
-650
-661
-653
-566
-457
-403
-424
-437
-342
-231
-132
-139
-150
-214
-281
-301
-274
-235
-342
-560
-821
-988
-992
-879
-728
-700
-770
-873
-893
-830
-718
-590
-518
-492
-494
-445
-347
-196
-24
149
262
324
362
425
527
631
706
715
661
608
567
597
634
668
647
594
589
667
784
841
760
623
475
451
487
540
490
337
154
6
-23
37
153
254
302
347
403
511
591
580
490
373
363
461
613
665
542
295
91
18
69
123
75
-84
-314
-468
-596
-667
-769
-863
-998
-1142
-1201
-1158
-1048
-1007
-1045
-1144
-1264
-1305
-1197
-963
-743
-668
-630
-571
-411
-260
-136
-80
-70
-62
-7
134
309
438
482
439
390
360
378
411
425
437
404
372
338
348
403
461
505
521
523
562
603
680
747
837
912
928
907
828
815
782
790
772
806
895
917
880
742
681
661
646
589
479
399
315
215
59
-148
-331
-461
-562
-657
-772
-865
-999
-1113
-1161
-1132
-1104
-1145
-1163
-1151
-1081
-1048
-986
-951
-915
-898
-863
-798
-721
-577
-401
-243
-254
-384
-586
-694
-698
-562
-375
-209
-135
-145
-185
-193
-128
-68
-79
-242
-410
-479
-362
-225
-165
-246
-315
-278
-105
94
195
170
77
75
196
450
659
774
737
680
705
838
998
1019
864
622
494
569
728
815
697
515
345
381
540
736
723
462
119
-90
-100
4
64
84
-31
-190
-361
-435
-428
-418
-384
-299
-171
-73
-52
-45
-6
56
95
96
46
-4
-84
-128
-135
-46
83
203
272
328
422
497
523
429
318
244
294
334
269
59
-74
-40
148
367
500
553
446
370
389
566
709
654
481
309
365
518
655
619
438
283
193
248
332
383
358
269
241
282
374
375
246
56
-87
-195
-342
-522
-653
-716
-759
-828
-909
-1027
-1201
-1399
-1539
-1578
-1538
-1469
-1390
-1334
-1320
-1350
-1363
-1293
-1157
-990
-858
-712
-591
-484
-436
-429
-391
-307
-179
-161
-241
-365
-427
-461
-499
-496
-405
-252
-101
4
35
7
-44
44
228
480
624
670
612
519
486
551
706
812
832
818
878
1073
1278
1433
1454
1404
1313
1281
1325
1390
1350
1226
1109
1038
1005
906
769
529
331
218
183
95
-104
-316
-483
-548
-545
-538
-614
-757
-844
-773
-610
-485
-517
-675
-851
-892
-734
-469
-272
-258
-360
-476
-523
-468
-318
-128
-16
-22
-75
-152
-202
-259
-232
-143
-63
-46
-115
-127
-125
-65
-59
-53
-19
27
136
201
289
291
337
387
475
476
431
392
442
570
691
837
950
1086
1104
1004
781
627
672
865
1028
987
777
474
193
4
-29
44
83
-53
-317
-616
-790
-830
-745
-649
-566
-520
-520
-584
-697
-778
-805
-738
-553
-376
-265
-385
-525
-646
-586
-465
-359
-310
-340
-370
-425
-467
-515
-569
-599
-528
-329
-94
-43
-222
-486
-653
-605
-436
-203
-89
-145
-298
-393
-374
-307
-247
-181
-99
-14
77
133
171
138
146
227
473
735
934
926
787
590
449
455
566
730
764
629
331
45
-123
-146
-126
-120
-143
-170
-231
-312
-356
-312
-194
-87
-10
-24
-120
-255
-330
-311
-302
-347
-407
-394
-326
-271
-282
-312
-348
-306
-207
-70
23
20
-12
-88
-153
-196
-127
53
205
220
54
-89
-139
-11
123
252
306
339
340
305
281
236
246
283
434
614
749
734
626
562
610
696
745
751
719
623
560
697
974
1126
1005
768
580
445
384
481
703
817
720
541
415
324
239
250
283
191
-79
-302
-371
-320
-207
-34
143
227
240
190
55
-200
-454
-599
-612
-575
-558
-605
-676
-690
-595
-466
-406
-425
-478
-545
-649
-705
-702
-647
-660
-663
-613
-506
-418
-424
-483
-571
-608
-631
-683
-749
-744
-646
-559
-559
-591
-567
-488
-416
-331
-149
93
200
127
31
124
286
369
372
441
569
614
582
579
664
693
589
419
343
351
306
163
30
12
49
41
-11
-56
-92
-157
-236
-264
-233
-163
-91
5
80
125
104
50
-24
-81
-114
-157
-222
-238
-116
93
234
192
44
-84
-125
-137
-141
-105
-21
14
-53
-159
-185
-121
-44
-2
-24
-107
-261
-411
-478
-409
-310
-290
-358
-371
-277
-154
-117
-131
-98
23
142
237
343
471
537
499
451
470
538
601
651
722
788
838
837
801
732
649
558
458
387
320
228
105
6
-28
-19
-19
-24
-9
32
47
-5
-55
-40
39
94
85
19
-128
-316
-471
-515
-476
-440
-452
-517
-571
-574
-490
-367
-268
-231
-235
-233
-211
-153
-110
-138
-276
-444
-517
-447
-299
-201
-198
-233
-214
-118
-7
42
41
31
36
40
49
83
143
202
254
289
303
293
291
316
359
406
447
461
453
427
407
377
372
371
354
298
254
300
376
423
386
354
356
369
333
253
182
152
128
56
-58
-159
-181
-146
-76
-48
-55
-82
-66
-31
-42
-124
-232
-291
-327
-393
-519
-649
-721
-705
-644
-590
-546
-488
-435
-452
-573
-700
-767
-780
-808
-873
-914
-919
-852
-743
-602
-472
-378
-309
-255
-203
-160
-135
-88
25
222
425
551
604
618
631
648
686
754
847
895
853
676
488
389
414
494
537
542
507
433
322
240
254
357
471
559
608
612
564
475
389
318
265
219
156
84
14
-43
-94
-156
-212
-255
-248
-218
-185
-201
-218
-229
-232
-290
-370
-405
-387
-357
-356
-356
-365
-389
-435
-469
-496
-529
-557
-559
-523
-486
-464
-440
-387
-312
-277
-292
-326
-294
-228
-149
-119
-119
-131
-138
-102
-57
8
70
183
331
487
571
576
547
551
563
526
437
347
324
360
401
355
228
102
78
133
220
302
396
488
575
648
717
756
768
771
770
760
710
636
542
438
317
189
108
75
61
23
-18
-39
-38
-52
-94
-146
-176
-183
-219
-322
-465
-591
-683
-763
-850
-910
-912
-837
-731
-660
-652
-665
-635
-549
-436
-339
-296
-303
-319
-301
-268
-252
-271
-313
-376
-435
-472
-472
-460
-421
-359
-283
-202
-101
20
111
130
101
62
19
-47
-127
-193
-202
-141
-55
-16
-63
-126
-115
-22
82
151
224
331
455
534
532
485
433
426
446
487
533
561
542
492
480
522
573
577
546
498
433
336
228
151
143
166
143
35
-121
-247
-325
-335
-298
-225
-184
-194
-232
-254
-239
-200
-166
-158
-183
-203
-193
-189
-207
-247
-245
-204
-147
-102
-65
-35
-32
-68
-124
-144
-97
-10
41
57
75
128
194
253
301
338
366
389
410
418
416
416
421
430
427
423
395
349
294
268
269
277
254
204
149
127
124
117
107
108
133
140
155
189
257
292
246
136
11
-98
-238
-390
-508
-528
-490
-457
-456
-460
-458
-467
-484
-501
-504
-521
-559
-603
-604
-576
-560
-584
-607
-599
-566
-548
-551
-542
-479
-380
-296
-252
-197
-107
-8
18
-30
-82
-73
-20
11
-11
-51
-53
-10
51
93
136
186
239
273
285
309
369
445
514
580
670
749
751
668
570
535
548
560
519
447
367
327
329
359
353
303
240
206
220
244
268
252
216
154
72
-51
-201
-329
-409
-450
-510
-586
-650
-665
-641
-617
-592
-559
-501
-432
-384
-382
-440
-527
-601
-623
-596
-555
-513
-459
-372
-243
-116
-17
35
81
134
195
249
286
298
275
241
231
263
334
423
512
593
667
744
795
786
718
642
612
613
605
567
526
490
436
365
278
197
115
30
-34
-51
-18
32
69
102
147
191
217
219
202
157
91
23
-29
-74
-125
-188
-254
-321
-378
-419
-474
-549
-629
-658
-613
-507
-396
-319
-292
-275
-254
-259
-310
-385
-423
-411
-375
-342
-328
-321
-301
-246
-152
-38
52
90
82
54
21
-25
-70
-94
-102
-98
-81
-38
6
31
20
0
-9
24
96
183
267
363
467
532
521
437
338
254
203
191
221
273
314
324
334
355
365
329
256
189
151
122
84
9
-97
-228
-357
-449
-499
-502
-470
-416
-385
-418
-517
-603
-619
-569
-525
-515
-552
-609
-673
-714
-728
-741
-767
-801
-802
-760
-678
-577
-463
-319
-154
-12
70
106
140
182
220
219
204
196
220
270
327
384
441
524
631
755
818
791
707
630
594
582
582
570
549
537
542
535
490
449
476
568
646
640
555
437
339
274
227
177
131
116
131
162
175
161
98
13
-51
-66
-57
-48
-47
-30
21
120
257
388
482
529
565
576
548
463
360
293
299
355
400
387
333
275
253
258
266
238
169
95
42
16
-8
-35
-73
-123
-208
-324
-463
-579
-638
-649
-643
-669
-708
-760
-816
-880
-943
-987
-1009
-1039
-1090
-1163
-1215
-1210
-1169
-1124
-1107
-1111
-1118
-1101
-1026
-901
-759
-640
-567
-516
-474
-415
-357
-297
-230
-134
-18
105
229
368
495
571
590
598
669
824
1053
1293
1498
1620
1631
1526
1354
1202
1117
1068
1005
924
857
825
791
723
606
469
333
233
176
129
34
-134
-336
-525
-678
-818
-949
-1067
-1167
-1254
-1344
-1462
-1591
-1663
-1607
-1451
-1307
-1263
-1299
-1343
-1347
-1304
-1243
-1190
-1139
-1042
-890
-731
-591
-451
-288
-126
5
130
280
486
733
994
1210
1352
1445
1548
1707
1895
2066
2163
2199
2208
2236
2276
2289
2243
2146
2036
1913
1766
1583
1412
1282
1194
1109
1035
965
885
752
572
400
275
188
96
-16
-148
-292
-450
-610
-761
-895
-1014
-1137
-1278
-1448
-1639
-1825
-1966
-2031
-2029
-2000
-1987
-1992
-1994
-1965
-1893
-1792
-1684
-1593
-1530
-1490
-1455
-1411
-1342
-1241
-1090
-897
-669
-439
-214
4
226
472
758
1066
1333
1495
1543
1553
1569
1624
1691
1749
1763
1729
1665
1596
1524
1459
1405
1375
1333
1240
1104
994
976
1016
1015
907
701
460
245
95
-7
-83
-169
-301
-523
-818
-1089
-1249
-1322
-1403
-1561
-1774
-1984
-2156
-2308
-2452
-2543
-2518
-2388
-2232
-2117
-2030
-1932
-1810
-1680
-1566
-1472
-1380
-1268
-1111
-916
-701
-510
-356
-231
-127
-40
41
152
322
555
809
1017
1156
1262
1402
1601
1841
2071
2247
2333
2331
2295
2311
2426
2613
2765
2814
2770
2693
2592
2434
2245
2076
1949
1801
1588
1326
1066
835
628
434
232
20
-195
-406
-630
-908
-1235
-1552
-1783
-1933
-2058
-2184
-2278
-2298
-2246
-2146
-2043
-1971
-1945
-1930
-1889
-1820
-1724
-1602
-1456
-1327
-1250
-1218
-1178
-1080
-929
-792
-729
-725
-717
-662
-554
-416
-260
-111
25
149
275
426
609
819
1020
1198
1361
1510
1622
1684
1732
1800
1899
2008
2109
2176
2167
2094
2018
1996
2011
1987
1886
1730
1563
1411
1256
1065
835
604
423
297
185
27
-197
-441
-650
-802
-921
-1052
-1223
-1439
-1652
-1817
-1901
-1897
-1810
-1683
-1583
-1548
-1550
-1549
-1508
-1408
-1279
-1193
-1212
-1304
-1376
-1372
-1302
-1204
-1084
-946
-805
-682
-587
-515
-455
-401
-355
-305
-221
-98
39
153
256
376
507
610
683
773
918
1087
1227
1327
1426
1553
1687
1782
1835
1868
1896
1909
1893
1835
1724
1584
1451
1354
1280
1203
1089
925
708
487
300
158
23
-134
-313
-514
-726
-924
-1076
-1181
-1235
-1248
-1251
-1298
-1388
-1467
-1482
-1448
-1402
-1366
-1336
-1320
-1332
-1360
-1367
-1339
-1317
-1322
-1336
-1322
-1264
-1167
-1023
-841
-647
-478
-350
-249
-140
-22
83
155
198
246
304
361
414
486
605
758
929
1104
1275
1419
1518
1606
1716
1840
1930
1947
1917
1873
1816
1735
1645
1577
1520
1464
1382
1264
1097
901
696
483
247
-17
-314
-639
-944
-1176
-1320
-1428
-1534
-1641
-1708
-1694
-1595
-1450
-1314
-1190
-1067
-947
-861
-841
-895
-985
-1061
-1079
-1051
-990
-906
-809
-742
-748
-810
-826
-720
-494
-238
-43
67
120
191
342
592
842
978
981
984
1093
1281
1435
1496
1509
1548
1666
1842
1992
2031
1953
1802
1640
1514
1461
1454
1416
1316
1203
1147
1122
1034
816
487
90
-335
-739
-1051
-1273
-1506
-1830
-2192
-2465
-2576
-2530
-2393
-2228
-2082
-1944
-1786
-1592
-1423
-1359
-1418
-1531
-1575
-1479
-1269
-1072
-972
-971
-993
-985
-950
-915
-909
-924
-928
-898
-837
-751
-649
-541
-416
-216
95
470
827
1119
1331
1472
1599
1787
2036
2264
2434
2567
2700
2833
2957
3064
3119
3091
2945
2652
2214
1755
1403
1154
849
392
-141
-604
-953
-1246
-1513
-1713
-1820
-1936
-2192
-2601
-3025
-3318
-3425
-3319
-2957
-2323
-1539
-762
-50
632
1247
1613
1615
1351
1026
730
433
104
-238
-542
-759
-840
-832
-824
-859
-856
-771
-645
-556
-515
-514
-533
-472
-202
329
998
1645
2219
2761
3305
3818
4277
4704
5059
5239
5161
4864
4440
3937
3337
2597
1715
698
-414
-1565
-2620
-3448
-4020
-4423
-4748
-4984
-5060
-4961
-4788
-4645
-4555
-4461
-4293
-3988
-3475
-2723
-1758
-633
627
1949
3163
4055
4479
4398
3861
2988
1949
885
-141
-1086
-1872
-2427
-2791
-3076
-3334
-3474
-3403
-3145
-2802
-2450
-2106
-1791
-1472
-1017
-286
723
1880
3049
4166
5208
6147
6936
7510
7843
7924
7743
7237
6350
5141
3720
2190
609
-927
-2345
-3638
-4846
-5919
-6754
-7297
-7607
-7736
-7679
-7459
-7140
-6752
-6233
-5533
-4657
-3608
-2367
-953
551
2046
3439
4630
5525
6064
6184
5856
5101
4050
2867
1677
486
-738
-1958
-3035
-3849
-4380
-4660
-4740
-4669
-4474
-4130
-3594
-2852
-1925
-849
341
1624
3002
4432
5815
7031
8042
8844
9458
9864
10000
9741
8973
7715
6102
4321
2485
638
-1232
-3107
-4886
-6407
-7548
-8329
-8886
-9317
-9584
-9588
-9291
-8733
-7957
-6980
-5789
-4352
-2626
-650
1456
3514
5342
6777
7721
8135
8028
7426
6404
5072
3543
1905
225
-1389
-2810
-3958
-4862
-5570
-6088
-6382
-6433
-6242
-5806
-5114
-4184
-3039
-1703
-196
1455
3183
4917
6562
8035
9281
10280
11018
11424
11394
10838
9787
8326
6548
4508
2316
116
-1992
-3979
-5803
-7382
-8662
-9661
-10400
-10840
-10945
-10748
-10336
-9717
-8848
-7667
-6150
-4285
-2132
150
2379
4435
6222
7638
8581
8987
8816
8067
6810
5187
3371
1500
-341
-2099
-3702
-5068
-6183
-7076
-7754
-8164
-8267
-8060
-7545
-6716
-5589
-4220
-2665
-939
978
3066
5222
7256
8986
10307
11241
11860
12189
12132
11580
10524
9029
7158
4999
2696
384
-1877
-4047
-6038
-7779
-9250
-10433
-11259
-11689
-11731
-11414
-10726
-9699
-8407
-6892
-5108
-3026
-740
1573
3784
5817
7579
8932
9760
10019
9729
8924
7647
5988
4101
2139
189
-1701
-3472
-5056
-6399
-7458
-8213
-8634
-8690
-8348
-7610
-6516
-5118
-3477
-1656
280
2284
4283
6189
7906
9375
10573
11484
12050
12175
11803
10961
9724
8139
6239
4111
1846
-495
-2865
-5150
-7179
-8843
-10130
-11078
-11681
-11888
-11672
-11052
-10095
-8857
-7344
-5532
-3442
-1165
1172
3442
5512
7248
8572
9452
9872
9810
9263
8260
6865
5171
3284
1309
-665
-2566
-4308
-5817
-7051
-8012
-8692
-9019
-8915
-8361
-7402
-6095
-4504
-2705
-772
1240
3266
5225
7030
8582
9819
10728
11318
11544
11315
10586
9394
7816
5919
3788
1540
-732
-2986
-5175
-7186
-8891
-10235
-11222
-11842
-12069
-11891
-11319
-10379
-9110
-7558
-5730
-3631
-1325
1042
3349
5531
7484
9033
10016
10405
10258
9617
8496
6983
5254
3470
1663
-188
-2061
-3852
-5466
-6850
-7962
-8760
-9199
-9245
-8871
-8068
-6847
-5243
-3326
-1207
979
3118
5141
7012
8668
10000
10933
11477
11676
11516
10945
9964
8623
6964
5006
2813
489
-1885
-4275
-6578
-8616
-10233
-11396
-12162
-12552
-12562
-12193
-11441
-10281
-8724
-6855
-4776
-2539
-194
2195
4527
6685
8504
9840
10628
10893
10663
9939
8718
7081
5212
3299
1424
-425
-2246
-3977
-5527
-6816
-7789
-8411
-8662
-8525
-7982
-7039
-5723
-4087
-2205
-161
1942
4011
5972
7792
9416
10726
11597
12023
12097
11869
11274
10219
8708
6829
4661
2312
-84
-2413
-4658
-6822
-8803
-10451
-11680
-12485
-12860
-12787
-12271
-11362
-10108
-8565
-6798
-4860
-2757
-499
1841
4133
6236
8027
9395
10271
10644
10515
9833
8579
6847
4849
2781
740
-1247
-3157
-4937
-6523
-7848
-8818
-9350
-9408
-9026
-8264
-7191
-5878
-4350
-2598
-631
1439
3472
5363
7076
8598
9905
10938
11630
11980
12012
11701
10944
9684
7957
5855
3474
937
-1587
-3994
-6260
-8372
-10203
-11575
-12391
-12688
-12532
-11988
-11107
-9962
-8584
-6991
-5232
-3355
-1381
665
2704
4653
6439
7990
9195
9961
10225
9946
9102
7730
5954
3955
1878
-220
-2293
-4227
-5896
-7245
-8258
-8883
-9051
-8742
-8022
-7025
-5853
-4530
-3040
-1410
281
1985
3676
5316
6844
8228
9458
10516
11330
11794
11848
11497
10763
9600
7984
5961
3636
1126
-1425
-3847
-6033
-7947
-9536
-10695
-11360
-11573
-11436
-11009
-10306
-9345
-8164
-6823
-5358
-3810
-2189
-487
1301
3139
4938
6598
8011
9060
9621
9633
9106
8089
6644
4861
2866
768
-1337
-3338
-5089
-6483
-7458
-7986
-8062
-7740
-7132
-6338
-5419
-4376
-3206
-1929
-612
697
2004
3360
4811
6330
7817
9129
10128
10721
10892
10693
10184
9366
8177
6597
4687
2564
358
-1800
-3765
-5442
-6811
-7900
-8724
-9281
-9568
-9592
-9358
-8874
-8177
-7323
-6351
-5270
-4083
-2797
-1400
108
1704
3325
4879
6230
7233
7790
7903
7621
6980
5948
4497
2707
767
-1141
-2884
-4364
-5480
-6193
-6543
-6624
-6505
-6198
-5675
-4969
-4167
-3363
-2581
-1789
-966
-75
934
2106
3414
4755
6019
7144
8079
8722
8949
8747
8214
7459
6509
5347
3988
2500
963
-525
-1874
-3039
-4057
-4969
-5801
-6532
-7124
-7491
-7573
-7397
-7077
-6717
-6308
-5787
-5094
-4218
-3146
-1907
-562
799
2147
3463
4681
5688
6399
6772
6794
6455
5771
4792
3612
2350
1121
-5
-991
-1828
-2527
-3094
-3526
-3813
-3967
-4017
-3996
-3931
-3817
-3604
-3224
-2648
-1891
-986
55
1211
2433
3623
4682
5544
6193
6643
6901
6972
6875
6650
6317
5854
5225
4394
3368
2197
968
-270
-1529
-2836
-4133
-5316
-6316
-7130
-7744
-8108
-8179
-7971
-7548
-6956
-6210
-5318
-4299
-3167
-1933
-622
718
2032
3268
4375
5315
6053
6544
6757
6707
6431
5915
5112
4025
2753
1433
143
-1085
-2217
-3209
-4021
-4636
-5057
-5296
-5357
-5260
-5042
-4734
-4311
-3727
-2961
-2041
-1027
39
1146
2305
3511
4724
5880
6906
7719
8260
8508
8489
8230
7740
7009
6025
4799
3349
1683
-149
-2016
-3742
-5224
-6437
-7364
-7978
-8264
-8265
-8039
-7619
-7007
-6220
-5334
-4459
-3664
-2943
-2205
-1338
-265
1010
2421
3856
5163
6213
6928
7286
7244
6772
5867
4578
2999
1267
-465
-2061
-3403
-4412
-5064
-5396
-5502
-5474
-5368
-5221
-5055
-4870
-4604
-4177
-3569
-2828
-2016
-1126
-114
1067
2393
3783
5129
6313
7238
7850
8151
8157
7869
7281
6402
5286
4037
2751
1476
214
-1004
-2108
-3031
-3759
-4330
-4752
-5007
-5068
-4950
-4685
-4295
-3779
-3157
-2456
-1690
-874
-43
739
1400
1888
2198
2375
2486
2567
2594
2498
2226
1799
1285
757
245
-259
-783
-1329
-1859
-2350
-2818
-3265
-3633
-3828
-3805
-3586
-3233
-2790
-2273
-1696
-1071
-408
288
992
1637
2148
2510
2783
3048
3317
3525
3596
3508
3291
2964
2563
2143
1754
1368
934
459
3
-364
-612
-737
-762
-690
-509
-206
196
646
1096
1486
1777
1944
2014
2019
1958
1797
1517
1128
687
248
-160
-537
-892
-1245
-1643
-2101
-2593
-3059
-3487
-3877
-4212
-4435
-4499
-4401
-4152
-3743
-3151
-2380
-1470
-488
472
1292
1898
2288
2523
2670
2766
2789
2705
2508
2230
1905
1550
1179
794
376
-119
-706
-1339
-1940
-2461
-2881
-3173
-3293
-3236
-3037
-2726
-2297
-1730
-1052
-319
424
1147
1805
2359
2812
3210
3579
3921
4203
4379
4422
4338
4133
3813
3412
2957
2414
1716
880
0
-842
-1649
-2435
-3181
-3825
-4321
-4667
-4885
-4977
-4903
-4647
-4250
-3784
-3274
-2704
-2081
-1439
-809
-167
517
1231
1911
2503
3000
3432
3801
4040
4072
3885
3540
3111
2609
2025
1379
708
11
-731
-1485
-2179
-2764
-3257
-3661
-3936
-4023
-3924
-3693
-3380
-3009
-2577
-2096
-1571
-1003
-395
242
876
1465
1986
2450
2891
3311
3679
3942
4032
3921
3603
3100
2467
1797
1156
540
-76
-661
-1136
-1462
-1648
-1736
-1754
-1741
-1729
-1736
-1753
-1743
-1654
-1453
-1168
-834
-447
41
627
1256
1882
2508
3142
3729
4184
4459
4542
4453
4209
3827
3327
2728
2061
1365
667
-20
-678
-1287
-1847
-2365
-2808
-3131
-3322
-3436
-3534
-3628
-3674
-3628
-3496
-3283
-2979
-2584
-2143
-1699
-1252
-773
-260
242
669
975
1155
1227
1225
1162
1047
908
786
678
542
347
107
-164
-469
-801
-1142
-1475
-1795
-2094
-2326
-2434
-2360
-2093
-1684
-1190
-632
19
778
1573
2312
2941
3460
3857
4113
4234
4250
4181
4014
3719
3295
2770
2198
1617
1054
531
63
-354
-757
-1190
-1670
-2199
-2740
-3245
-3660
-3941
-4070
-4048
-3926
-3765
-3591
-3343
-2933
-2332
-1623
-904
-240
336
786
1102
1329
1506
1623
1626
1505
1312
1111
927
728
476
159
-212
-605
-982
-1299
-1549
-1740
-1861
-1874
-1753
-1522
-1210
-833
-385
138
720
1314
1852
2280
2601
2869
3126
3393
3650
3873
4015
4010
3825
3512
3185
2917
2683
2399
1995
1451
815
173
-407
-927
-1436
-1958
-2472
-2923
-3272
-3507
-3628
-3627
-3478
-3194
-2824
-2416
-1989
-1558
-1152
-796
-469
-124
235
531
687
703
652
608
590
575
527
436
318
175
-25
-304
-618
-880
-1037
-1090
-1075
-1002
-874
-678
-406
-58
346
760
1152
1521
1875
2205
2477
2671
2774
2770
2651
2444
2192
1920
1616
1269
900
554
254
-27
-328
-668
-1015
-1324
-1566
-1747
-1896
-2019
-2101
-2128
-2110
-2071
-2012
-1911
-1729
-1437
-1039
-588
-179
102
232
254
236
210
166
93
4
-91
-201
-321
-404
-431
-439
-480
-578
-723
-878
-988
-1027
-1015
-979
-897
-724
-465
-157
159
470
788
1130
1486
1781
1948
1981
1916
1775
1582
1391
1251
1133
964
709
397
81
-199
-429
-611
-768
-922
-1090
-1256
-1399
-1489
-1518
-1474
-1352
-1163
-926
-658
-341
36
467
899
1255
1493
1605
1626
1599
1569
1571
1622
1706
1771
1751
1601
1325
979
636
344
91
-161
-429
-718
-1028
-1339
-1589
-1711
-1681
-1531
-1308
-1030
-694
-293
131
491
715
797
784
721
636
561
511
446
301
59
-233
-505
-721
-885
-1025
-1183
-1382
-1619
-1866
-2085
-2224
-2254
-2202
-2112
-1992
-1807
-1555
-1275
-1015
-770
-496
-161
241
694
1182
1670
2100
2432
2673
2847
2951
2974
2940
2904
2910
2947
2948
2840
2612
2304
1966
1609
1235
859
491
136
-209
-520
-750
-859
-850
-760
-622
-460
-308
-217
-189
-196
-214
-266
-380
-558
-770
-998
-1216
-1415
-1594
-1762
-1916
-2046
-2155
-2266
-2404
-2579
-2770
-2914
-2954
-2879
-2740
-2598
-2486
-2402
-2315
-2166
-1929
-1611
-1236
-833
-427
-26
412
924
1504
2087
2599
3005
3309
3516
3616
3614
3515
3331
3079
2801
2528
2247
1941
1635
1398
1269
1215
1174
1114
1043
964
853
689
475
246
19
-197
-393
-540
-606
-584
-511
-432
-360
-289
-240
-259
-347
-489
-676
-921
-1210
-1507
-1802
-2102
-2401
-2686
-2943
-3149
-3271
-3289
-3233
-3150
-3048
-2882
-2620
-2308
-2013
-1742
-1412
-946
-354
297
931
1502
2006
2458
2875
3267
3619
3889
3997
3892
3607
3241
2878
2540
2214
1911
1637
1386
1126
849
577
341
151
-8
-156
-295
-414
-511
-593
-658
-692
-681
-640
-602
-570
-497
-329
-66
224
462
606
644
560
345
25
-345
-744
-1191
-1681
-2155
-2536
-2800
-2956
-3020
-2981
-2861
-2691
-2507
-2307
-2079
-1823
-1543
-1227
-837
-349
222
805
1350
1844
2307
2735
3112
3407
3589
3629
3537
3364
3158
2937
2695
2410
2081
1725
1373
1034
691
344
15
-260
-479
-681
-921
-1206
-1477
-1661
-1739
-1724
-1645
-1533
-1405
-1255
-1070
-880
-707
-528
-312
-84
78
133
72
-93
-356
-688
-1033
-1355
-1661
-1970
-2269
-2509
-2646
-2668
-2585
-2402
-2130
-1798
-1443
-1088
-724
-356
11
377
751
1125
1480
1798
2086
2347
2581
2769
2889
2939
2919
2843
2698
2473
2166
1796
1386
940
459
-23
-443
-729
-867
-909
-940
-1002
-1059
-1047
-947
-787
-594
-374
-155
27
151
233
297
337
337
284
171
10
-167
-307
-391
-451
-553
-726
-939
-1135
-1275
-1360
-1399
-1389
-1341
-1255
-1137
-983
-787
-542
-240
100
426
686
852
945
1009
1081
1174
1253
1279
1262
1246
1269
1318
1358
1366
1320
1183
933
607
296
63
-94
-216
-336
-476
-625
-746
-784
-741
-667
-604
-542
-462
-381
-316
-271
-232
-198
-176
-162
-128
-40
78
153
122
-13
-201
-397
-573
-720
-830
-879
-848
-753
-643
-534
-398
-216
-4
205
430
692
985
1236
1369
1365
1265
1150
1059
999
959
922
850
702
477
232
28
-109
-209
-318
-465
-637
-794
-898
-928
-889
-795
-685
-574
-445
-262
-34
184
366
524
660
726
691
588
464
327
158
-38
-240
-438
-638
-834
-1009
-1161
-1293
-1407
-1485
-1523
-1528
-1522
-1507
-1461
-1345
-1131
-826
-470
-109
240
594
966
1324
1595
1741
1797
1826
1857
1859
1807
1694
1532
1306
1022
703
388
89
-191
-456
-707
-933
-1133
-1311
-1475
-1595
-1641
-1602
-1506
-1375
-1205
-990
-741
-457
-127
238
596
893
1081
1151
1121
1027
895
741
578
405
198
-48
-310
-549
-736
-866
-955
-1027
-1109
-1202
-1289
-1340
-1305
-1147
-873
-560
-281
-31
248
579
940
1284
1594
1873
2103
2256
2293
2209
2028
1804
1593
1407
1210
968
683
394
124
-114
-305
-470
-664
-919
-1198
-1435
-1587
-1655
-1640
-1528
-1323
-1039
-701
-327
55
414
718
947
1115
1265
1416
1533
1557
1468
1297
1063
768
444
142
-120
-375
-653
-928
-1173
-1356
-1458
-1474
-1447
-1418
-1370
-1259
-1061
-776
-419
-20
353
653
883
1081
1284
1484
1653
1758
1785
1752
1671
1554
1395
1186
914
570
188
-171
-462
-695
-921
-1173
-1441
-1678
-1853
-1962
-2020
-2042
-2050
-2072
-2077
-1996
-1773
-1427
-1033
-660
-341
-73
157
366
565
747
874
916
875
795
723
650
563
457
350
247
104
-112
-407
-716
-954
-1085
-1143
-1179
-1185
-1122
-996
-857
-714
-523
-259
59
383
685
943
1157
1345
1521
1672
1780
1820
1768
1612
1398
1191
1024
873
707
526
354
192
19
-172
-332
-412
-441
-502
-630
-759
-805
-737
-603
-444
-286
-122
23
126
193
273
405
567
702
767
781
773
751
692
568
369
106
-185
-447
-624
-689
-679
-651
-669
-715
-739
-684
-561
-427
-316
-227
-144
-85
-73
-92
-95
-71
-49
-56
-52
10
129
250
309
288
217
153
137
173
249
340
415
440
427
413
427
442
419
370
332
323
321
292
235
171
132
139
180
214
216
195
160
105
33
-20
-37
-39
-73
-143
-229
-315
-395
-449
-448
-403
-362
-360
-370
-326
-216
-96
-27
-24
-57
-96
-141
-193
-264
-356
-445
-500
-511
-510
-550
-670
-849
-1019
-1106
-1112
-1073
-1031
-1004
-999
-997
-955
-857
-733
-623
-515
-363
-166
28
184
317
463
644
864
1106
1324
1454
1469
1376
1224
1060
919
801
684
550
396
213
7
-189
-358
-498
-617
-693
-692
-598
-443
-287
-154
-14
178
394
576
694
794
906
1006
1058
1055
1001
869
657
427
285
272
318
308
177
-50
-317
-596
-872
-1096
-1204
-1199
-1172
-1198
-1266
-1300
-1226
-1034
-762
-468
-197
29
207
354
499
664
831
961
1025
1020
982
960
967
977
936
824
650
451
278
157
89
36
-14
-51
-57
-33
-1
11
1
-1
31
93
145
176
202
239
307
410
557
708
806
811
725
596
454
299
101
-146
-383
-538
-596
-629
-734
-922
-1134
-1296
-1408
-1485
-1517
-1469
-1362
-1249
-1148
-1020
-831
-602
-389
-221
-98
3
94
170
224
251
265
279
306
365
440
482
444
330
199
99
19
-66
-153
-219
-252
-285
-347
-447
-543
-571
-490
-348
-239
-218
-249
-248
-177
-45
111
267
398
481
519
541
580
619
624
572
469
326
171
37
-60
-138
-216
-284
-311
-285
-237
-195
-157
-88
41
234
452
635
725
732
723
755
817
839
777
632
463
356
358
444
513
487
350
164
-1
-106
-171
-239
-351
-490
-603
-631
-584
-508
-457
-440
-439
-441
-442
-445
-442
-439
-447
-452
-400
-250
-46
104
134
68
5
18
109
207
241
199
134
91
70
38
-19
-67
-59
16
117
226
344
473
589
666
693
667
605
529
491
524
627
749
825
809
695
527
372
267
192
107
-8
-138
-273
-393
-474
-501
-508
-539
-605
-655
-631
-540
-458
-443
-466
-486
-490
-517
-560
-574
-537
-472
-425
-414
-434
-457
-454
-415
-345
-272
-242
-285
-398
-521
-574
-510
-364
-228
-173
-183
-185
-114
23
165
258
301
324
346
368
409
493
637
831
1048
1244
1346
1313
1163
959
761
614
526
467
394
301
206
125
70
46
40
-9
-149
-362
-577
-725
-780
-761
-708
-667
-657
-654
-627
-575
-530
-519
-541
-588
-642
-658
-592
-458
-331
-265
-262
-292
-312
-271
-169
-57
-30
-113
-259
-412
-551
-683
-764
-744
-622
-465
-336
-253
-205
-187
-197
-199
-143
-9
169
339
469
564
649
742
824
860
839
801
791
806
811
809
824
862
855
755
590
441
357
327
310
275
211
133
77
71
110
160
203
234
247
241
235
240
253
264
283
334
413
466
436
320
171
37
-49
-84
-73
-57
-72
-137
-233
-329
-397
-413
-407
-433
-527
-649
-712
-667
-545
-404
-290
-216
-184
-169
-120
7
198
394
541
634
688
712
702
650
582
533
527
548
576
594
586
506
336
118
-58
-127
-122
-122
-189
-322
-480
-599
-622
-544
-418
-319
-284
-306
-353
-395
-408
-404
-424
-496
-599
-675
-685
-633
-546
-449
-378
-350
-382
-458
-542
-608
-635
-635
-617
-607
-607
-607
-584
-538
-497
-480
-475
-443
-376
-295
-212
-129
-42
63
215
428
640
782
834
837
831
814
765
661
510
363
273
242
208
104
-81
-296
-456
-519
-507
-484
-480
-464
-419
-358
-315
-291
-264
-215
-123
22
207
363
426
387
296
222
208
228
235
210
184
186
212
238
271
319
372
396
380
363
390
456
499
442
286
123
45
59
107
135
151
177
216
264
318
368
386
356
329
366
492
664
815
898
899
833
725
587
432
281
156
56
-45
-150
-271
-403
-531
-617
-636
-587
-485
-369
-271
-195
-114
-29
25
40
51
77
84
44
-5
-12
16
34
12
-44
-118
-199
-277
-343
-394
-446
-523
-617
-683
-686
-646
-601
-558
-510
-466
-456
-476
-478
-403
-244
-53
80
111
65
9
0
52
147
253
354
437
510
578
639
668
651
580
480
362
214
28
-156
-266
-297
-311
-364
-448
-523
-558
-517
-373
-148
72
194
205
140
63
9
-15
-26
-51
-92
-147
-205
-230
-184
-81
-2
1
-43
-63
-42
-37
-112
-294
-520
-700
-777
-758
-685
-590
-504
-462
-475
-513
-524
-469
-357
-224
-105
-26
9
22
62
157
295
423
490
484
445
423
433
453
455
443
422
383
318
245
216
245
306
372
438
493
506
458
378
309
296
347
426
468
426
324
232
201
238
299
332
300
216
123
91
126
171
174
151
143
152
145
120
96
76
27
-71
-204
-338
-430
-445
-379
-272
-175
-136
-182
-286
-384
-415
-376
-288
-170
-70
-33
-84
-176
-247
-242
-135
64
288
458
540
553
545
537
523
470
351
192
62
-4
-40
-77
-101
-85
-47
-31
-58
-119
-202
-265
-245
-128
23
108
89
6
-75
-109
-89
-45
-20
-9
14
57
81
72
52
47
40
13
-28
-53
-62
-91
-174
-304
-431
-509
-516
-455
-354
-249
-177
-148
-144
-129
-102
-106
-197
-370
-559
-720
-834
-898
-891
-827
-757
-742
-796
-867
-879
-776
-582
-374
-217
-117
-23
100
257
418
527
536
433
263
90
-36
-90
-63
42
205
365
448
414
325
290
378
548
714
819
867
873
816
698
588
574
659
748
759
673
532
402
324
300
282
235
172
130
103
53
-46
-172
-281
-345
-358
-332
-306
-324
-385
-449
-461
-386
-230
-56
57
72
36
21
62
156
280
383
416
378
310
247
198
168
142
94
10
-77
-118
-115
-113
-143
-158
-98
22
112
112
42
-57
-153
-215
-223
-181
-115
-23
107
264
383
416
371
307
261
218
153
82
53
60
45
-39
-173
-290
-343
-324
-252
-177
-148
-187
-245
-281
-289
-310
-366
-433
-475
-462
-413
-365
-367
-419
-479
-499
-476
-448
-428
-382
-273
-123
11
113
211
333
446
493
437
285
91
-92
-227
-327
-431
-540
-604
-589
-515
-441
-387
-328
-223
-69
105
250
326
310
238
174
158
155
111
16
-76
-92
0
175
370
511
544
474
346
257
272
393
524
565
495
395
372
436
519
539
463
332
212
164
190
239
245
187
106
71
126
245
343
345
256
152
103
132
208
269
231
47
-234
-485
-607
-599
-547
-544
-622
-747
-865
-948
-988
-968
-875
-729
-581
-451
-336
