542
381
193
84
98
193
300
327
207
-44
-311
-463
-442
-283
-69
109
195
180
111
51
55
124
215
274
273
204
96
24
41
118
177
176
130
59
-10
-48
-28
23
72
104
127
152
180
215
249
256
203
98
-14
-108
-186
-239
-235
-178
-143
-198
-319
-417
-423
-339
-211
-94
-38
-58
-112
-143
-124
-84
-39
1
39
56
43
8
-24
-35
-48
-82
-122
-117
-68
-26
-56
-163
-293
-391
-433
-437
-427
-420
-420
-428
-440
-435
-385
-270
-132
-29
6
-6
-17
-3
68
195
345
433
405
270
94
-46
-119
-125
-88
-34
19
58
89
114
138
137
94
24
-36
-73
-124
-214
-326
-406
-427
-393
-335
-290
-270
-270
-262
-225
-134
7
140
186
135
59
31
52
89
126
157
192
237
286
306
302
320
379
427
409
321
187
23
-134
-248
-291
-286
-263
-237
-198
-126
-34
32
24
-49
-129
-154
-139
-134
-170
-215
-213
-140
-27
65
102
90
57
21
-14
-54
-94
-115
-98
-51
-1
39
89
151
199
217
234
272
314
320
296
294
338
402
454
484
476
395
249
92
-15
-64
-82
-84
-64
-4
98
219
310
337
301
243
207
201
217
223
205
170
144
135
113
58
-11
-64
-96
-128
-149
-117
-35
34
29
-39
-126
-204
-272
-321
-360
-389
-392
-370
-352
-355
-341
-259
-121
24
114
128
103
104
158
230
275
273
219
122
21
-19
12
64
98
112
116
115
117
141
172
189
182
155
130
105
49
-78
-269
-448
-542
-531
-459
-396
-392
-454
-538
-574
-517
-378
-209
-66
20
22
-62
-178
-238
-187
-69
32
56
8
-62
-97
-67
9
107
187
223
172
37
-132
-276
-334
-282
-138
12
60
-23
-150
-200
-120
56
245
378
412
350
230
120
74
106
188
264
267
177
35
-103
-206
-277
-289
-225
-126
-79
-124
-184
-169
-51
108
235
281
233
110
-17
-92
-118
-127
-147
-192
-287
-404
-457
-382
-211
-31
94
134
81
-36
-132
-135
-17
190
417
577
633
621
604
598
593
578
542
487
413
309
139
-60
-173
-101
118
351
475
442
287
91
-12
69
293
476
444
182
-156
-375
-366
-146
140
309
261
46
-186
-289
-197
50
311
430
339
110
-110
-212
-165
-5
175
237
94
-182
-389
-379
-170
80
205
156
14
-87
-98
-65
-53
-89
-157
-235
-281
-263
-198
-124
-84
-89
-134
-187
-229
-255
-278
-289
-271
-202
-70
97
214
195
39
-154
-274
-280
-219
-163
-179
-284
-468
-672
-776
-683
-411
-137
-53
-225
-531
-760
-773
-576
-299
-102
-83
-214
-377
-455
-427
-349
-281
-233
-157
-28
112
160
68
-110
-256
-293
-223
-73
125
303
364
274
147
146
325
552
644
510
244
30
14
181
392
489
424
291
225
290
409
437
295
58
-122
-110
79
340
524
534
383
190
115
194
360
520
640
706
693
575
372
126
-53
-51
168
448
563
416
93
-215
-376
-345
-180
-10
32
-87
-279
-416
-427
-311
-143
-28
-28
-132
-247
-301
-267
-164
-29
93
178
243
300
301
212
56
-100
-239
-363
-437
-400
-245
-53
78
107
85
88
156
234
231
97
-94
-219
-182
-25
116
107
-61
-283
-429
-423
-275
-69
93
150
129
99
103
138
169
154
61
-53
-75
58
244
313
187
-29
-164
-134
-24
4
-102
-234
-249
-152
-61
-58
-112
-108
20
204
275
116
-174
-375
-355
-189
-35
45
111
216
313
303
135
-128
-333
-329
-125
88
90
-136
-413
-557
-524
-340
-45
243
353
231
36
-53
6
124
218
214
88
-86
-177
-142
-34
80
127
16
-307
-696
-891
-741
-369
-29
109
59
-38
-49
32
107
104
83
143
273
352
256
-28
-393
-613
-493
-45
455
663
424
-131
-659
-817
-472
164
687
824
601
251
-25
-152
-132
-16
152
308
405
399
291
130
-16
-56
69
346
620
713
558
242
-86
-310
-354
-216
34
276
408
392
223
-22
-196
-160
62
300
367
209
-107
-439
-621
-537
-258
-37
-83
-359
-636
-717
-534
-208
42
28
-204
-364
-188
307
817
1024
819
361
-84
-307
-255
-28
199
289
209
9
-209
-379
-467
-456
-299
14
386
611
525
178
-208
-400
-332
-98
141
233
141
-38
-141
-111
-33
23
74
145
152
23
-202
-416
-554
-556
-380
-62
234
333
202
-70
-319
-409
-246
123
535
765
680
311
-123
-350
-268
-9
181
193
33
-234
-505
-624
-483
-150
253
600
761
607
191
-206
-334
-171
135
421
548
411
72
-233
-336
-252
-123
-26
-1
-51
-145
-229
-278
-320
-352
-361
-359
-393
-463
-483
-368
-112
181
369
363
169
-95
-261
-235
-79
47
30
-102
-218
-214
-104
21
61
11
-94
-209
-283
-241
-42
222
413
446
374
266
157
23
-118
-195
-173
-84
-14
17
-7
-91
-247
-444
-579
-543
-311
-26
101
6
-152
-141
86
366
512
453
300
224
316
464
481
351
216
202
268
325
305
160
-82
-269
-241
-9
294
609
920
1103
985
594
177
-70
-133
-71
111
343
515
573
562
524
404
173
-123
-387
-500
-368
-12
361
528
456
309
230
199
109
-79
-255
-261
-97
54
18
-170
-327
-349
-252
-125
-46
-83
-216
-323
-306
-192
-69
38
127
131
-32
-284
-450
-436
-314
-167
-31
46
-4
-164
-347
-495
-582
-526
-287
-7
94
-2
-108
-107
-67
-77
-114
-123
-116
-123
-136
-155
-195
-239
-217
-107
-15
-80
-289
-469
-494
-391
-296
-270
-313
-413
-528
-578
-500
-324
-130
21
121
145
66
-125
-344
-467
-416
-231
-53
16
-19
-48
3
138
307
467
551
513
393
287
273
340
438
450
253
-141
-506
-588
-388
-143
-53
-117
-220
-244
-115
140
354
348
153
-6
42
247
428
466
381
279
262
327
372
327
214
107
-9
-143
-231
-195
-67
20
-18
-179
-398
-555
-528
-301
-3
205
278
263
232
248
341
469
563
609
651
671
593
436
357
456
642
733
666
496
316
169
55
-52
-147
-161
-26
219
398
354
70
-262
-425
-346
-167
-87
-156
-270
-295
-225
-133
-94
-98
-111
-116
-128
-192
-327
-433
-355
-66
229
295
139
-11
16
156
214
87
-137
-279
-238
-76
57
73
15
-13
31
113
168
158
112
94
150
252
344
397
386
273
87
-73
-151
-218
-349
-488
-530
-441
-307
-244
-306
-436
-520
-526
-544
-660
-833
-915
-836
-628
-402
-265
-261
-337
-375
-321
-220
-150
-138
-179
-276
-407
-487
-454
-321
-178
-111
-171
-350
-533
-585
-472
-302
-137
57
282
430
409
309
287
386
533
666
792
899
957
973
955
882
744
634
644
743
790
697
499
283
103
19
66
202
315
332
287
242
263
376
536
600
487
314
267
338
313
50
-345
-654
-730
-564
-290
-152
-292
-611
-886
-1041
-1141
-1202
-1159
-1055
-1041
-1141
-1221
-1161
-995
-806
-671
-639
-672
-620
-365
2
274
373
398
471
614
800
985
1080
1034
947
1020
1305
1626
1792
1781
1719
1700
1707
1681
1604
1561
1643
1811
1906
1822
1646
1551
1635
1846
2018
1918
1357
350
-808
-1682
-2022
-1959
-1888
-2125
-2648
-3146
-3337
-3216
-3051
-3154
-3562
-3945
-3866
-3237
-2421
-1825
-1467
-1058
-380
498
1357
2001
2330
2340
2078
1623
1064
510
47
-374
-907
-1638
-2426
-3037
-3383
-3522
-3512
-3348
-3046
-2653
-2140
-1431
-525
441
1320
2101
2897
3800
4749
5557
6065
6306
6457
6608
6654
6435
5987
5516
5154
4813
4237
3179
1544
-457
-2302
-3448
-3855
-4074
-4724
-5860
-6962
-7460
-7145
-6246
-5291
-4811
-4883
-4995
-4522
-3359
-1915
-611
424
1298
2208
3319
4567
5565
5891
5467
4618
3739
3007
2367
1628
588
-880
-2666
-4457
-5857
-6593
-6676
-6444
-6340
-6485
-6530
-5967
-4616
-2796
-1111
-21
545
1168
2406
4202
5950
7140
7783
8168
8474
8712
8845
8780
8364
7536
6437
5337
4452
3823
3243
2326
771
-1342
-3543
-5284
-6260
-6526
-6443
-6476
-6857
-7356
-7446
-6766
-5448
-4066
-3291
-3351
-3721
-3494
-2251
-507
842
1414
1630
2195
3406
4892
5921
5985
5178
4070
3189
2678
2345
1868
931
-622
-2576
-4390
-5623
-6266
-6613
-6854
-6935
-6714
-6153
-5320
-4330
-3258
-2131
-975
193
1380
2664
4052
5382
6392
6944
7206
7502
7992
8466
8532
7996
7048
6097
5401
4893
4302
3436
2305
1024
-329
-1789
-3414
-5099
-6468
-7131
-7104
-6895
-7006
-7398
-7565
-7087
-6057
-4982
-4340
-4194
-4130
-3620
-2481
-1015
303
1254
2015
2905
4016
5096
5754
5765
5189
4318
3510
2940
2469
1761
613
-827
-2203
-3284
-4132
-4939
-5774
-6495
-6867
-6767
-6257
-5496
-4599
-3610
-2564
-1507
-453
610
1686
2730
3668
4421
5008
5605
6376
7205
7751
7774
7365
6806
6352
6088
5848
5303
4249
2891
1716
1025
594
-171
-1661
-3561
-4965
-5169
-4462
-3969
-4547
-5896
-6825
-6449
-5045
-3782
-3622
-4433
-5159
-4844
-3458
-1748
-420
408
1073
1985
3298
4796
5946
6295
5860
5103
4531
4308
4180
3692
2546
904
-721
-1938
-2784
-3569
-4501
-5533
-6421
-6871
-6732
-6125
-5370
-4718
-4179
-3599
-2834
-1847
-689
501
1543
2390
3189
4082
5044
5934
6628
7073
7278
7300
7189
6940
6566
6154
5738
5221
4500
3646
2867
2221
1462
222
-1560
-3378
-4444
-4440
-3956
-4032
-5129
-6655
-7512
-7147
-6050
-5272
-5400
-6024
-6186
-5332
-3749
-2109
-811
172
1063
2092
3415
4923
6159
6608
6171
5319
4710
4640
4783
4440
3140
1107
-897
-2253
-3011
-3686
-4638
-5748
-6680
-7177
-7148
-6648
-5943
-5400
-5140
-4891
-4258
-3104
-1607
-109
1082
1850
2407
3115
4111
5147
5878
6194
6268
6388
6731
7180
7342
6958
6250
5696
5470
5304
4887
4137
3076
1672
38
-1468
-2488
-3047
-3533
-4379
-5728
-7218
-8151
-8062
-7313
-6819
-7063
-7521
-7305
-6160
-4625
-3310
-2323
-1363
-82
1663
3706
5592
6860
7368
7370
7281
7371
7608
7610
6869
5232
3202
1565
577
-275
-1616
-3438
-5162
-6325
-7019
-7646
-8370
-8903
-8832
-8124
-7156
-6270
-5395
-4266
-2844
-1355
18
1304
2602
3915
5137
6154
6940
7600
8252
8886
9354
9518
9313
8754
8001
7327
6885
6482
5736
4455
2770
934
-904
-2675
-4302
-5664
-6667
-7308
-7763
-8277
-8868
-9162
-8735
-7702
-6706
-6236
-6086
-5630
-4485
-2785
-947
673
1985
3187
4552
6140
7687
8781
9135
8778
8049
7370
6865
6216
4958
2985
706
-1317
-2852
-4116
-5437
-6918
-8359
-9482
-10126
-10264
-9931
-9233
-8387
-7581
-6756
-5602
-3912
-1918
-132
1191
2341
3748
5434
6976
8003
8522
8789
9036
9324
9554
9523
9090
8251
7131
5928
4869
4037
3221
2094
602
-968
-2369
-3686
-5066
-6343
-7144
-7329
-7165
-7060
-7238
-7576
-7631
-6953
-5608
-4309
-3724
-3726
-3522
-2534
-923
715
1945
2789
3630
4803
6240
7480
8065
7896
7233
6456
5831
5355
4711
3468
1482
-847
-2849
-4151
-4983
-5879
-7109
-8432
-9356
-9602
-9292
-8767
-8283
-7860
-7283
-6212
-4455
-2284
-350
875
1592
2479
3979
5861
7414
8086
7961
7687
7861
8447
8884
8704
7958
7023
6164
5402
4625
3736
2651
1384
121
-868
-1561
-2300
-3401
-4705
-5675
-5947
-5654
-5248
-5103
-5241
-5278
-4762
-3694
-2667
-2284
-2461
-2551
-2082
-1197
-309
427
1145
2004
3029
4144
5205
6001
6358
6225
5715
5023
4298
3499
2429
989
-643
-2108
-3214
-4110
-5118
-6370
-7603
-8406
-8615
-8404
-8004
-7491
-6861
-6145
-5327
-4245
-2791
-1144
297
1319
2123
3086
4361
5729
6821
7403
7525
7444
7450
7629
7783
7614
7037
6279
5581
4895
4010
2938
1974
1322
834
248
-498
-1296
-2100
-2884
-3542
-3959
-4141
-4141
-4051
-4093
-4439
-4820
-4684
-3965
-3346
-3451
-3983
-4080
-3317
-2077
-958
-182
466
1303
2462
3754
4781
5252
5173
4757
4210
3647
3061
2278
1087
-451
-1922
-2946
-3607
-4365
-5513
-6823
-7771
-8047
-7793
-7406
-7124
-6864
-6358
-5441
-4198
-2892
-1734
-715
341
1553
2843
4041
5055
5916
6657
7253
7650
7823
7818
7698
7473
7111
6642
6149
5623
4900
3897
2819
2006
1578
1348
1031
415
-572
-1767
-2712
-3022
-2833
-2713
-3055
-3735
-4339
-4473
-3997
-3254
-2941
-3393
-4048
-4036
-3204
-2189
-1537
-1192
-806
-126
931
2253
3481
4208
4310
4026
3713
3556
3398
2843
1620
-52
-1574
-2521
-3085
-3816
-4967
-6223
-7089
-7386
-7288
-7052
-6797
-6473
-5960
-5193
-4201
-3043
-1751
-410
825
1883
2881
3987
5148
6095
6587
6661
6580
6612
6801
6972
6909
6603
6266
6061
5836
5273
4342
3419
2823
2442
1959
1320
678
-2
-879
-1814
-2381
-2439
-2386
-2685
-3336
-4012
-4396
-4333
-3910
-3563
-3749
-4382
-4828
-4646
-4051
-3488
-3059
-2541
-1766
-714
526
1725
2577
2944
3023
3096
3234
3243
2853
1934
655
-544
-1265
-1550
-1879
-2691
-3929
-5099
-5739
-5792
-5590
-5522
-5686
-5787
-5440
-4596
-3594
-2776
-2165
-1532
-662
488
1777
2976
3920
4617
5204
5789
6355
6778
6971
7004
7037
7125
7164
6992
6512
5756
4910
4216
3753
3374
2925
2387
1738
807
-456
-1698
-2449
-2717
-2978
-3593
-4443
-5162
-5463
-5238
-4677
-4310
-4574
-5244
-5542
-4977
-3843
-2822
-2306
-2158
-1926
-1159
224
1770
2810
3043
2806
2699
2996
3416
3396
2591
1235
-34
-752
-1080
-1609
-2711
-4152
-5387
-6085
-6333
-6409
-6479
-6503
-6349
-5948
-5314
-4489
-3472
-2277
-1006
205
1319
2416
3537
4610
5512
6195
6711
7126
7462
7711
7896
8059
8186
8164
7820
7076
6085
5143
4386
3655
2776
1812
940
112
-891
-2049
-2985
-3403
-3461
-3544
-3833
-4214
-4506
-4526
-4164
-3612
-3407
-3873
-4627
-4906
-4436
-3674
-3189
-3039
-2861
-2292
-1206
228
1578
2381
2560
2486
2597
2934
3127
2757
1734
393
-724
-1337
-1709
-2402
-3637
-5024
-5970
-6249
-6117
-5981
-6020
-6056
-5745
-4939
-3829
-2730
-1774
-863
140
1272
2446
3523
4406
5086
5643
6182
6734
7208
7459
7463
7349
7251
7151
6928
6451
5646
4562
3476
2733
2417
2222
1786
1049
197
-627
-1380
-1932
-2175
-2241
-2440
-2894
-3460
-3940
-4170
-4057
-3782
-3850
-4567
-5497
-5868
-5489
-4934
-4753
-4844
-4698
-3963
-2694
-1243
-51
615
866
1092
1598
2287
2710
2434
1487
408
-230
-370
-548
-1292
-2540
-3683
-4178
-4092
-3983
-4261
-4711
-4744
-4075
-3035
-2151
-1578
-1041
-248
786
1801
2592
3147
3584
4020
4548
5224
5952
6477
6628
6566
6649
7018
7427
7535
7215
6581
5789
4981
4302
3789
3301
2667
1915
1200
590
22
-579
-1236
-1929
-2572
-3052
-3407
-3829
-4411
-4942
-5167
-5181
-5394
-5964
-6544
-6657
-6265
-5694
-5180
-4649
-3949
-3020
-1867
-547
748
1728
2254
2479
2712
3066
3300
3051
2276
1346
659
223
-278
-1087
-2085
-2925
-3371
-3511
-3596
-3724
-3759
-3582
-3285
-3012
-2748
-2349
-1763
-1064
-357
327
1005
1742
2553
3398
4208
4942
5553
6003
6350
6720
7132
7368
7223
6753
6186
5624
5027
4420
3885
3361
2693
1872
1096
472
-147
-968
-1985
-2917
-3465
-3612
-3711
-4205
-5145
-6063
-6371
-6040
-5672
-5837
-6387
-6667
-6333
-5652
-5024
-4478
-3800
-2863
-1744
-591
428
1196
1715
2114
2550
3039
3405
3388
2871
2013
1110
378
-184
-742
-1455
-2306
-3067
-3546
-3742
-3839
-3971
-4123
-4147
-3910
-3385
-2669
-1932
-1309
-783
-170
692
1761
2850
3841
4717
5459
6034
6496
6960
7429
7740
7713
7368
6923
6548
6199
5730
5117
4457
3798
3097
2322
1516
745
34
-660
-1390
-2105
-2649
-2974
-3283
-3831
-4574
-5164
-5325
-5180
-5131
-5428
-5883
-6107
-5931
-5537
-5115
-4620
-3923
-3048
-2129
-1232
-371
422
1090
1628
2113
2575
2875
2759
2161
1350
675
242
-135
-662
-1393
-2206
-2893
-3295
-3423
-3446
-3507
-3568
-3445
-3038
-2452
-1887
-1417
-946
-330
483
1404
2260
2912
3419
3965
4633
5273
5691
5901
6127
6497
6853
6948
6753
6454
6152
5765
5203
4544
3929
3396
2860
2248
1575
910
262
-391
-1047
-1670
-2259
-2849
-3480
-4136
-4707
-5019
-5063
-5116
-5485
-6106
-6572
-6631
-6428
-6242
-6074
-5717
-5022
-4053
-2969
-1956
-1139
-499
137
936
1815
2437
2509
2099
1627
1419
1386
1170
581
-198
-849
-1261
-1600
-2030
-2494
-2819
-2919
-2839
-2640
-2347
-1985
-1586
-1152
-655
-36
675
1316
1734
2011
2431
3145
3972
4611
5024
5465
6110
6742
7003
6875
6681
6611
6446
5953
5265
4713
4347
3895
3173
2320
1522
739
-133
-981
-1614
-2066
-2607
-3429
-4449
-5345
-5770
-5708
-5635
-6073
-6922
-7488
-7337
-6832
-6594
-6640
-6414
-5542
-4199
-2815
-1627
-655
212
1131
2183
3260
4054
4316
4073
3634
3328
3218
3062
2549
1600
467
-467
-1027
-1363
-1729
-2214
-2691
-2992
-3078
-3021
-2916
-2768
-2493
-1984
-1227
-388
294
748
1184
1865
2790
3712
4416
4926
5446
6108
6796
7225
7251
7067
6965
6937
6684
6051
5230
4480
3840
3193
2475
1663
685
-471
-1613
-2462
-2960
-3370
-4013
-4921
-5807
-6333
-6393
-6204
-6169
-6539
-7094
-7254
-6725
-5886
-5354
-5155
-4713
-3572
-1900
-241
967
1636
2011
2467
3183
3967
4444
4385
3861
3158
2554
2096
1550
651
-574
-1780
-2590
-2956
-3170
-3545
-4059
-4378
-4269
-3866
-3477
-3182
-2807
-2230
-1510
-736
57
788
1339
1770
2314
3104
3991
4716
5188
5528
5947
6518
7075
7358
7304
7077
6781
6306
5546
4628
3789
3103
2446
1674
753
-284
-1347
-2263
-2838
-3091
-3320
-3862
-4736
-5582
-6012
-5954
-5758
-5853
-6314
-6716
-6583
-5934
-5263
-4947
-4784
-4250
-3102
-1633
-366
407
809
1210
1863
2681
3339
3545
3269
2708
2116
1633
1212
703
-27
-933
-1796
-2376
-2654
-2843
-3130
-3409
-3400
-3010
-2477
-2094
-1894
-1668
-1226
-572
163
846
1407
1908
2492
3245
4100
4888
5489
5897
6236
6645
7133
7509
7550
7227
6695
6089
5433
4710
3959
3237
2558
1899
1203
369
-666
-1733
-2480
-2722
-2729
-2980
-3686
-4598
-5259
-5397
-5150
-4982
-5238
-5794
-6150
-5995
-5503
-5073
-4829
-4552
-3942
-2947
-1781
-768
-90
337
769
1395
2145
2734
2859
2478
1861
1405
1263
1200
805
-64
-1125
-1880
-2131
-2090
-2161
-2462
-2750
-2725
-2313
-1742
-1274
-1067
-1024
-888
-453
215
842
1294
1652
2079
2636
3283
3946
4537
5055
5528
5967
6319
6543
6591
6372
5816
5041
4341
3904
3585
3044
2174
1266
623
153
-445
-1178
-1731
-1961
-2139
-2617
-3389
-4135
-4547
-4618
-4625
-4907
-5532
-6180
-6438
-6210
-5829
-5620
-5548
-5267
-4520
-3398
-2260
-1407
-832
-283
464
1351
2103
2459
2414
2178
1986
1905
1785
1430
783
15
-604
-943
-1110
-1311
-1607
-1864
-1926
-1800
-1646
-1610
-1689
-1728
-1536
-1064
-454
91
514
913
1407
2021
2712
3428
4129
4794
5404
5939
6371
6662
6771
6678
6394
5970
5474
4997
4584
4185
3677
2993
2191
1356
554
-157
-678
-1017
-1345
-1863
-2611
-3430
-4080
-4411
-4554
-4853
-5501
-6204
-6469
-6160
-5671
-5439
-5445
-5258
-4478
-3181
-1875
-1041
-653
-251
536
1596
2486
2882
2828
2587
2368
2211
2036
1725
1193
455
-330
-950
-1305
-1481
-1663
-1942
-2251
-2453
-2504
-2481
-2439
-2319
-2012
-1504
-933
-488
-214
43
507
1253
2152
3003
3688
4223
4702
5203
5722
6174
6442
6421
6075
5475
4802
4230
3804
3439
3014
2457
1758
957
128
-616
-1134
-1380
-1563
-2035
-2934
-3951
-4616
-4726
-4567
-4635
-5188
-5937
-6334
-6145
-5684
-5406
-5374
-5236
-4640
-3587
-2375
-1347
-637
-168
296
966
1835
2610
2922
2681
2182
1839
1806
1832
1512
702
-309
-1052
-1329
-1331
-1395
-1687
-2119
-2474
-2576
-2414
-2122
-1869
-1692
-1463
-1035
-415
240
782
1215
1669
2247
2944
3640
4239
4736
5212
5719
6215
6602
6762
6613
6172
5588
5077
4763
4544
4166
3452
2447
1354
407
-216
-526
-783
-1332
-2266
-3341
-4160
-4499
-4441
-4352
-4576
-5142
-5699
-5864
-5566
-5070
-4709
-4566
-4367
-3729
-2595
-1348
-443
38
361
821
1465
2136
2600
2702
2432
1962
1538
1279
1046
568
-234
-1150
-1852
-2198
-2308
-2448
-2778
-3178
-3363
-3192
-2769
-2284
-1842
-1469
-1142
-771
-239
455
1162
1685
1985
2233
2655
3289
3963
4491
4852
5145
5460
5778
5979
5942
5646
5199
4749
4383
4054
3614
2947
2065
1083
190
-418
-687
-843
-1213
-1883
-2619
-3141
-3359
-3365
-3350
-3508
-3934
-4497
-4921
-4987
-4721
-4366
-4139
-3987
-3591
-2742
-1640
-771
-407
-380
-275
108
634
1007
1081
898
571
183
-181
-462
-708
-1027
-1482
-2003
-2464
-2729
-2748
-2593
-2428
-2368
-2372
-2272
-1941
-1414
-865
-424
-76
278
698
1176
1669
2149
2630
3134
3651
4146
4631
5113
5567
5924
6131
6180
6080
5849
5506
5081
4647
4236
3785
3157
2334
1475
807
398
104
-269
-753
-1215
-1602
-2016
-2516
-2959
-3188
-3242
-3356
-3663
-4094
-4427
-4504
-4317
-3988
-3630
-3258
-2830
-2362
-1957
-1680
-1464
-1207
-917
-675
-514
-382
-283
-297
-505
-863
-1245
-1557
-1802
-2039
-2309
-2591
-2787
-2806
-2631
-2375
-2197
-2156
-2140
-1982
-1612
-1096
-524
54
607
1108
1534
1916
2329
2863
3484
4052
4443
4720
5042
5477
5928
6222
6257
6049
5712
5350
4999
4616
4156
3600
2960
2283
1664
1199
847
476
1
-450
-716
-784
-852
-1091
-1502
-1922
-2196
-2290
-2318
-2461
-2805
-3262
-3610
-3681
-3485
-3192
-2974
-2887
-2866
-2819
-2667
-2410
-2118
-1866
-1665
-1451
-1200
-983
-949
-1168
-1564
-1950
-2176
-2208
-2134
-2065
-2037
-1996
-1861
-1622
-1330
-1055
-809
-576
-345
-136
63
320
703
1185
1640
1931
2037
2062
2138
2351
2681
3099
3538
3922
4126
4090
3909
3769
3795
3915
3930
3683
3188
2604
2101
1763
1586
1473
1276
851
256
-231
-351
-150
40
-31
-334
-636
-773
-751
-690
-737
-971
-1351
-1758
-2102
-2348
-2489
-2545
-2616
-2813
-3108
-3350
-3422
-3331
-3171
-3032
-2980
-3005
-3017
-2933
-2750
-2544
-2359
-2211
-2093
-2004
-1871
-1580
-1073
-465
12
219
232
294
552
935
1243
1339
1254
1133
1082
1067
987
815
662
638
754
906
1052
1238
1508
1837
2130
2344
2461
2526
2595
2713
2869
3018
3121
3112
2962
2750
2655
2735
2874
2878
2725
2521
2391
2322
2164
1825
1329
854
433
19
-417
-805
-1053
-1248
-1489
-1852
-2256
-2581
-2739
-2749
-2758
-2885
-3135
-3406
-3518
-3391
-3063
-2747
-2606
-2625
-2685
-2638
-2406
-1947
-1382
-934
-758
-775
-774
-597
-255
114
377
501
563
602
618
569
511
523
628
716
607
245
-247
-644
-799
-691
-378
-23
193
209
214
454
951
1515
1956
2185
2226
2158
2132
2183
2252
2257
2220
2162
2079
1996
1965
2059
2203
2349
2302
2018
1464
903
531
406
323
6
-523
-1133
-1576
-1829
-1893
-1883
-1923
-2082
-2318
-2525
-2632
-2656
-2652
-2709
-2790
-2738
-2434
-1895
-1395
-1125
-1157
-1258
-1215
-933
-529
-129
165
272
195
112
213
473
674
690
627
631
728
765
602
199
-247
-513
-501
-368
-307
-400
-590
-684
-498
-51
433
653
668
627
729
959
1242
1544
1749
1860
1842
1758
1600
1362
1178
1196
1452
1776
1886
1696
1213
661
329
331
583
698
475
-49
-647
-1009
-1121
-998
-828
-704
-731
-1020
-1373
-1651
-1659
-1596
-1561
-1580
-1581
-1489
-1309
-1103
-991
-1051
-1081
-957
-671
-389
-221
-158
-252
-361
-331
-49
402
769
918
759
462
270
371
715
1088
1245
1117
765
415
218
219
362
561
776
864
787
597
522
683
942
1225
1419
1600
1594
1350
987
753
895
1228
1535
1508
1108
548
57
-105
-23
171
236
15
-385
-749
-839
-719
-682
-822
-1059
-1070
-892
-752
-901
-1387
-1853
-2183
-2126
-1947
-1633
-1486
-1553
-1791
-1984
-1909
-1673
-1318
-1003
-782
-828
-1083
-1294
-1226
-906
-486
-154
59
32
-34
-34
194
501
757
972
1054
1086
990
951
899
824
696
628
682
758
741
556
346
266
486
945
1335
1387
995
537
322
509
885
1181
1251
1064
779
564
590
807
1045
1086
943
710
534
394
262
120
9
24
179
413
402
116
-356
-650
-738
-664
-532
-508
-699
-1104
-1419
-1549
-1507
-1388
-1116
-862
-798
-1001
-1200
-1282
-1234
-1036
-686
-294
-154
-234
-375
-353
-218
41
318
514
461
293
182
183
195
178
269
424
567
516
378
211
173
230
419
560
566
372
183
188
379
635
794
932
1026
1137
1148
1154
1138
1165
1132
1055
916
811
696
652
596
571
537
528
628
644
565
247
-49
-280
-350
-347
-295
-247
-289
-465
-729
-937
-1059
-1106
-1147
-1161
-1204
-1289
-1461
-1598
-1671
-1559
-1298
-952
-702
-692
-851
-1018
-1021
-868
-626
-416
-279
-270
-308
-414
-470
-469
-299
-80
91
97
-41
-236
-393
-512
-633
-777
-794
-602
-249
27
75
-69
-176
-87
225
554
781
832
833
896
1075
1309
1446
1427
1257
1073
938
970
1070
1151
1003
733
479
395
407
396
318
161
-24
-206
-250
-125
112
242
232
93
-23
-75
-41
34
-10
-75
-162
-138
-196
-265
-314
-232
-214
-250
-357
-381
-443
-496
-531
-549
-609
-780
-869
-832
-684
-616
-730
-944
-1094
-1039
-700
-412
-262
-452
-561
-566
-472
-432
-410
-262
-84
58
171
280
423
539
679
822
824
820
769
870
880
907
903
932
955
994
1085
1167
1138
1014
826
696
651
729
882
927
883
729
731
785
863
899
891
892
868
942
1050
1020
822
585
422
334
162
80
-148
-390
-747
-902
-872
-795
-736
-764
-709
-752
-795
-972
-1162
-1393
-1445
-1233
-905
-806
-1004
-1346
-1526
-1529
-1372
-1151
-1074
-1125
-1270
-1229
-1091
-960
-884
-904
-905
-955
-872
-754
-567
-380
-196
-189
-359
-558
-439
-80
405
645
662
460
302
292
439
648
770
809
743
744
760
858
889
940
912
902
896
977
1044
1065
1088
1222
1390
1420
1235
952
750
650
655
584
413
83
-230
-406
-393
-189
-19
36
-217
-488
-627
-460
-211
-30
33
-72
-242
-379
-295
-146
-120
-305
-571
-823
-979
-1027
-853
-642
-468
-512
-652
-822
-950
-918
-760
-469
-309
-321
-495
-612
-592
-388
-160
16
42
32
70
150
338
472
665
688
750
763
868
918
953
961
930
853
724
661
574
529
488
552
549
466
271
123
21
18
91
226
371
397
309
155
105
142
164
100
-17
-97
-71
67
267
406
410
303
119
22
52
236
323
162
-205
-557
-693
-671
-574
-582
-688
-951
-1177
-1389
-1474
-1524
-1485
-1439
-1432
-1389
-1295
-1068
-862
-650
-548
-470
-401
-180
113
335
340
166
98
240
607
882
954
743
430
207
260
512
727
705
447
163
19
108
284
375
285
115
-12
12
84
189
206
208
282
472
762
976
1067
1030
948
856
777
692
684
705
746
647
368
-6
-349
-485
-499
-377
-260
-168
-196
-358
-561
-751
-854
-918
-995
-1101
-1169
-1111
-903
-769
-768
-955
-1074
-1054
-895
-652
-471
-363
-383
-430
-389
-262
-28
180
324
391
372
381
397
434
401
278
198
240
410
573
604
524
336
189
169
277
441
460
387
233
147
130
123
159
238
421
596
717
767
819
870
979
1051
1134
1104
1007
809
594
445
361
308
193
-14
-279
-504
-640
-649
-602
-494
-436
-447
-569
-718
-842
-865
-855
-834
-877
-976
-1086
-1202
-1207
-1103
-840
-552
-372
-352
-437
-450
-383
-268
-218
-214
-238
-215
-179
-106
-94
-102
-119
-39
148
352
500
523
519
536
591
622
592
537
523
603
747
875
889
815
734
746
813
896
938
955
911
849
879
1004
1187
1251
1267
1227
1190
1139
1014
822
556
350
242
188
155
58
-72
-233
-370
-458
-576
-685
-789
-860
-948
-1097
-1266
-1438
-1546
-1606
-1585
-1501
-1343
-1206
-1142
-1192
-1301
-1372
-1327
-1123
-869
-708
-683
-755
-801
-768
-669
-555
-546
-543
-537
-468
-461
-505
-501
-404
-218
-36
139
280
347
341
277
263
334
474
589
610
560
459
413
461
638
825
940
990
1012
1065
1137
1215
1218
1096
941
858
921
1007
1036
930
738
544
444
468
549
607
581
474
322
182
83
10
-36
-6
139
302
279
-18
-431
-735
-836
-862
-909
-1038
-1144
-1161
-1034
-862
-778
-867
-1051
-1167
-1127
-934
-668
-426
-331
-418
-624
-760
-723
-476
-139
146
260
203
123
66
78
97
180
297
395
419
389
392
441
509
528
452
318
215
225
338
493
635
723
753
761
821
956
1085
1163
1168
1150
1116
1089
1116
1188
1305
1382
1327
1087
683
312
80
26
-17
-191
-473
-749
-849
-805
-718
-766
-972
-1247
-1422
-1407
-1253
-1046
-938
-945
-1074
-1166
-1191
-1077
-925
-777
-761
-848
-974
-1002
-903
-729
-585
-582
-702
-899
-998
-940
-724
-437
-195
-33
-4
-74
-186
-224
-93
142
380
522
546
455
283
146
105
162
261
351
402
363
258
148
106
170
292
455
609
764
870
861
719
498
323
273
371
553
694
699
538
308
129
106
243
399
465
357
174
-48
-231
-339
-389
-427
-513
-588
-610
-583
-521
-434
-313
-248
-241
-276
-280
-235
-130
84
309
484
493
403
279
239
333
506
635
662
588
468
305
125
-3
-52
12
148
326
442
399
212
6
-40
67
238
346
387
372
303
210
185
304
585
839
921
728
395
138
94
312
573
717
614
394
184
64
55
87
88
-36
-196
-294
-278
-237
-234
-268
-352
-472
-573
-519
-302
-108
-97
-238
-358
-328
-228
-165
-226
-394
-586
-722
-725
-621
-480
-334
-251
-209
-267
-397
-597
-780
-820
-697
-496
-403
-472
-625
-669
-540
-290
-130
-119
-266
-476
-652
-643
-415
-154
-57
-151
-299
-434
-475
-389
-205
-87
-126
-197
-205
-142
-109
-70
66
270
432
485
482
491
500
519
569
665
759
791
748
626
524
477
524
547
499
394
300
274
299
354
398
369
255
35
-148
-188
-37
126
133
-22
-237
-359
-368
-247
-74
99
161
83
-68
-145
-59
164
408
505
372
84
-124
-135
7
117
110
-35
-264
-441
-472
-328
-132
24
69
5
-128
-204
-184
-88
3
54
63
32
8
-3
37
108
196
246
235
187
104
46
51
161
294
375
410
420
436
458
517
568
560
472
328
199
145
176
210
153
12
-116
-155
-64
50
67
-122
-381
-498
-420
-266
-193
-169
-185
-237
-311
-342
-322
-311
-310
-277
-243
-274
-313
-241
-99
-79
-234
-407
-456
-444
-409
-303
-136
-104
-243
-397
-395
-370
-421
-539
-609
-651
-667
-628
-555
-512
-520
-484
-393
-309
-304
-302
-295
-250
-199
-66
89
174
155
143
259
442
600
669
709
702
652
588
592
679
745
707
563
438
396
443
525
575
552
419
258
166
183
215
132
-28
-165
-230
-263
-251
-109
135
286
242
100
14
10
16
57
138
197
126
-37
-146
-154
-140
-210
-329
-452
-511
-502
-402
-274
-217
-279
-406
-476
-481
-424
-339
-228
-171
-193
-292
-368
-408
-365
-252
-66
134
269
318
300
302
336
388
414
425
430
400
327
260
272
321
354
365
429
532
588
517
396
343
428
579
645
560
352
176
88
76
75
63
68
100
108
43
-108
-248
-307
-273
-194
-132
-100
-114
-149
-196
-193
-114
9
60
5
-108
-217
-320
-425
-485
-462
-396
-336
-314
-317
-320
-321
-331
-369
-402
-399
-381
-387
-410
-397
-333
-247
-179
-118
-40
51
69
-50
-252
-362
-272
-24
199
295
258
190
131
131
219
399
576
638
565
447
402
460
576
649
635
519
367
236
193
266
397
464
404
261
164
172
277
350
287
34
-293
-510
-513
-347
-189
-148
-237
-383
-498
-525
-440
-291
-162
-112
-146
-239
-356
-437
-435
-360
-310
-364
-510
-652
-696
-617
-449
-261
-128
-107
-223
-419
-613
-707
-693
-602
-512
-462
-439
-404
-321
-200
-78
-9
9
31
131
287
401
403
318
237
229
292
405
510
587
641
700
753
757
707
667
703
798
872
827
670
457
305
249
281
341
374
328
190
31
-59
-23
73
192
267
287
237
175
158
169
181
157
77
-53
-198
-285
-298
-255
-194
-143
-115
-112
-136
-201
-289
-363
-387
-391
-384
-376
-389
-454
-567
-654
-665
-606
-538
-520
-588
-715
-802
-749
-521
-217
35
115
31
-137
-247
-226
-89
78
168
145
50
0
87
299
504
580
509
402
341
364
438
546
636
654
576
461
390
395
425
453
450
402
304
180
89
61
123
232
329
357
333
309
316
375
474
546
511
368
217
121
60
-4
-79
-144
-204
-266
-331
-379
-393
-397
-437
-553
-686
-749
-726
-697
-745
-836
-927
-988
-1035
-1053
-1008
-881
-689
-533
-513
-625
-758
-784
-691
-532
-383
-285
-251
-272
-302
-298
-249
-172
-105
-56
-11
65
201
387
586
736
824
838
792
722
706
781
896
959
921
786
601
443
374
407
495
608
687
690
633
600
651
738
787
753
657
536
424
325
223
101
-34
-167
-260
-274
-213
-147
-153
-244
-380
-505
-587
-616
-582
-503
-429
-436
-544
-697
-783
-717
-537
-344
-262
-307
-418
-519
-575
-603
-612
-598
-548
-462
-355
-271
-231
-220
-210
-167
-79
59
215
369
507
635
749
829
872
875
839
793
758
741
716
666
618
581
537
473
421
418
438
425
376
331
347
427
527
586
548
431
312
263
294
335
320
191
-27
-254
-374
-357
-262
-204
-247
-364
-468
-481
-432
-389
-416
-499
-647
-821
-972
-1040
-1013
-935
-850
-806
-807
-801
-732
-622
-548
-529
-530
-530
-559
-619
-670
-664
-634
-634
-687
-749
-758
-680
-502
-245
25
237
364
436
499
595
749
915
992
950
852
770
699
587
428
255
109
3
-68
-105
-118
-108
-64
28
177
327
429
463
460
437
411
394
402
432
461
467
433
396
402
458
499
471
382
282
222
217
236
213
102
-72
-254
-386
-465
-503
-534
-579
-657
-761
-850
-875
-819
-702
-579
-490
-451
-428
-364
-257
-169
-152
-190
-240
-295
-325
-303
-209
-95
20
128
239
332
404
467
504
493
441
418
467
571
638
605
459
277
136
121
224
386
485
443
280
85
-41
-56
40
200
351
433
453
451
461
456
404
334
305
343
400
411
357
237
104
8
-28
-18
10
31
10
-39
-45
24
101
105
16
-134
-319
-510
-677
-772
-793
-757
-720
-710
-719
-728
-730
-768
-852
-960
-1029
-1017
-932
-818
-713
-624
-550
-505
-460
-359
-174
36
166
170
104
73
152
329
543
707
757
679
524
406
380
432
487
496
439
334
245
248
366
527
619
586
477
410
456
591
717
753
700
612
547
532
560
592
531
324
14
-249
-360
-342
-323
-398
-562
-724
-796
-772
-714
-703
-773
-908
-1038
-1100
-1065
-984
-944
-989
-1096
-1187
-1191
-1114
-1015
-952
-923
-903
-864
-782
-630
-412
-188
-31
29
22
35
152
406
727
994
1142
1185
1195
1257
1420
1659
1861
1917
1806
1593
1419
1372
1457
1583
1687
1744
1730
1612
1412
1227
1146
1163
1192
1167
1077
946
773
544
300
117
38
-7
-143
-461
-908
-1329
-1577
-1639
-1621
-1637
-1727
-1865
-2009
-2107
-2100
-1992
-1860
-1809
-1841
-1871
-1831
-1715
-1547
-1343
-1162
-1057
-1030
-987
-859
-646
-402
-209
-127
-168
-235
-182
59
423
762
969
1033
1045
1124
1340
1633
1872
1958
1923
1872
1880
1955
2040
2067
1974
1780
1574
1443
1405
1394
1353
1261
1116
911
651
392
175
-5
-200
-437
-725
-1063
-1443
-1819
-2133
-2340
-2427
-2414
-2351
-2299
-2272
-2225
-2079
-1815
-1523
-1340
-1336
-1458
-1585
-1635
-1575
-1410
-1188
-995
-919
-984
-1115
-1174
-1050
-766
-451
-227
-129
-105
-81
7
156
336
514
695
862
1020
1191
1398
1633
1871
2111
2333
2526
2690
2866
3069
3242
3290
3172
2942
2731
2613
2583
2530
2332
1949
1467
1058
829
754
717
584
292
-119
-541
-870
-1104
-1297
-1536
-1829
-2147
-2391
-2522
-2524
-2442
-2306
-2137
-1962
-1794
-1634
-1461
-1292
-1178
-1140
-1158
-1182
-1199
-1217
-1242
-1266
-1274
-1260
-1216
-1132
-1005
-837
-666
-532
-441
-349
-198
16
232
389
477
551
625
668
663
668
744
885
1038
1165
1276
1377
1463
1554
1682
1879
2114
2311
2406
2374
2268
2162
2127
2160
2204
2180
2025
1757
1445
1171
975
829
667
430
109
-276
-680
-1061
-1384
-1643
-1861
-2060
-2228
-2353
-2437
-2485
-2478
-2388
-2227
-2049
-1931
-1892
-1907
-1914
-1859
-1737
-1575
-1432
-1320
-1234
-1173
-1130
-1093
-1029
-940
-851
-803
-805
-837
-858
-834
-751
-601
-383
-136
58
151
169
191
269
399
538
664
781
918
1106
1340
1582
1781
1935
2077
2264
2519
2838
3144
3322
3310
3170
3037
2974
2955
2920
2826
2650
2404
2113
1803
1481
1155
829
483
98
-295
-641
-915
-1181
-1506
-1902
-2307
-2622
-2780
-2784
-2711
-2617
-2533
-2469
-2413
-2313
-2125
-1869
-1624
-1465
-1420
-1486
-1601
-1669
-1626
-1503
-1400
-1379
-1404
-1392
-1308
-1161
-978
-772
-570
-409
-288
-172
-32
114
231
306
376
490
645
775
845
881
935
1047
1252
1554
1882
2155
2362
2544
2723
2862
2932
2927
2870
2804
2758
2725
2659
2552
2451
2398
2359
2271
2092
1831
1520
1178
836
489
105
-371
-916
-1449
-1891
-2228
-2483
-2672
-2830
-2994
-3150
-3233
-3189
-3037
-2842
-2663
-2516
-2390
-2281
-2192
-2113
-2013
-1905
-1817
-1759
-1680
-1564
-1456
-1395
-1356
-1292
-1177
-1009
-809
-643
-538
-460
-362
-248
-166
-116
-83
-18
115
348
652
951
1178
1318
1421
1549
1741
1999
2280
2521
2679
2759
2811
2882
2977
3079
3160
3211
3189
3057
2841
2614
2437
2282
2120
1939
1733
1475
1154
785
376
-54
-476
-849
-1179
-1495
-1805
-2101
-2356
-2551
-2651
-2635
-2526
-2401
-2322
-2284
-2247
-2171
-2057
-1952
-1911
-1955
-2046
-2111
-2118
-2088
-2068
-2062
-2059
-2034
-1976
-1889
-1778
-1657
-1501
-1288
-1022
-748
-503
-301
-146
-27
90
245
451
688
932
1160
1370
1582
1807
2036
2237
2415
2587
2759
2919
3048
3150
3216
3247
3248
3233
3227
3234
3240
3210
3113
2940
2698
2422
2131
1831
1501
1117
680
218
-231
-631
-973
-1260
-1518
-1761
-2011
-2245
-2439
-2546
-2547
-2469
-2366
-2288
-2251
-2245
-2251
-2262
-2264
-2227
-2127
-2009
-1962
-2037
-2174
-2256
-2225
-2099
-1948
-1822
-1749
-1709
-1643
-1513
-1328
-1129
-966
-870
-830
-794
-688
-497
-252
-6
204
377
548
778
1095
1468
1818
2097
2308
2479
2654
2856
3066
3243
3353
3409
3438
3481
3545
3607
3601
3494
3301
3075
2843
2595
2310
1981
1655
1348
1037
684
297
-69
-401
-707
-1003
-1275
-1510
-1707
-1877
-2015
-2098
-2109
-2076
-2061
-2121
-2262
-2426
-2547
-2598
-2611
-2624
-2670
-2787
-2965
-3115
-3152
-3089
-2997
-2914
-2839
-2786
-2750
-2677
-2496
-2197
-1864
-1596
-1446
-1332
-1143
-815
-391
40
409
693
888
1042
1236
1542
1947
2346
2616
2735
2805
2941
3164
3410
3615
3740
3779
3755
3720
3710
3732
3760
3748
3658
3474
3224
2933
2614
2282
1953
1637
1318
976
603
215
-165
-507
-815
-1104
-1394
-1669
-1884
-1999
-2028
-2050
-2162
-2389
-2636
-2777
-2773
-2713
-2709
-2791
-2913
-3005
-3037
-3013
-2979
-2978
-3017
-3073
-3089
-3017
-2827
-2559
-2292
-2108
-2005
-1890
-1682
-1389
-1091
-832
-583
-303
-8
276
557
878
1239
1563
1783
1896
1983
2138
2404
2745
3085
3367
3559
3635
3601
3519
3473
3506
3601
3700
3729
3629
3413
3151
2899
2670
2450
2213
1925
1572
1177
773
372
-19
-361
-635
-860
-1090
-1336
-1551
-1690
-1746
-1766
-1776
-1790
-1809
-1853
-1933
-2045
-2174
-2299
-2403
-2483
-2561
-2665
-2828
-3042
-3245
-3355
-3331
-3205
-3039
-2906
-2844
-2827
-2741
-2491
-2105
-1709
-1418
-1222
-1028
-767
-453
-139
135
366
552
713
895
1159
1511
1900
2251
2522
2733
2901
3045
3155
3244
3335
3437
3536
3601
3624
3602
3533
3409
3239
3029
2772
2467
2125
1785
1474
1198
918
604
267
-39
-288
-497
-715
-976
-1260
-1505
-1630
-1619
-1532
-1482
-1537
-1693
-1879
-2011
-2082
-2141
-2248
-2392
-2535
-2671
-2805
-2906
-2935
-2895
-2819
-2737
-2671
-2643
-2624
-2541
-2381
-2187
-1987
-1743
-1449
-1161
-923
-718
-504
-266
-2
280
573
867
1160
1454
1744
2049
2370
2677
2926
3110
3250
3352
3414
3478
3603
3787
3942
3967
3821
3536
3206
2931
2743
2571
2305
1912
1488
1140
902
706
497
239
-69
-382
-626
-753
-840
-969
-1129
-1238
-1284
-1330
-1427
-1550
-1652
-1708
-1732
-1769
-1889
-2101
-2317
-2431
-2432
-2401
-2411
-2490
-2609
-2723
-2774
-2726
-2590
-2405
-2223
-2066
-1946
-1854
-1761
-1609
-1366
-1063
-767
-525
-327
-118
173
546
943
1280
1543
1763
1964
2151
2341
2569
2837
3082
3226
3245
3185
3108
3021
2903
2738
2516
2233
1899
1560
1278
1080
926
734
455
107
-250
-570
-846
-1087
-1297
-1450
-1500
-1453
-1361
-1278
-1191
-1071
-910
-752
-659
-667
-772
-914
-1038
-1128
-1230
-1406
-1684
-2005
-2276
-2411
-2408
-2333
-2269
-2249
-2215
-2084
-1893
-1806
-1933
-2150
-2252
-2159
-1889
-1439
-794
-53
638
1246
1853
2489
3055
3460
3697
3816
3814
3692
3495
3329
3323
3474
3588
3382
2755
1853
895
36
-627
-1067
-1357
-1599
-1869
-2201
-2580
-2843
-2755
-2271
-1632
-1162
-903
-684
-339
158
808
1577
2309
2820
3060
3148
3154
3030
2705
2184
1504
731
-29
-678
-1207
-1704
-2196
-2622
-2893
-3020
-3038
-2940
-2702
-2356
-1979
-1624
-1321
-1060
-759
-285
428
1297
2132
2785
3268
3691
4135
4590
4993
5236
5149
4643
3792
2766
1626
382
-898
-2094
-3166
-4128
-4939
-5516
-5831
-5917
-5797
-5508
-5132
-4744
-4338
-3888
-3392
-2834
-2136
-1256
-230
861
1968
3042
4007
4749
5187
5309
5128
4610
3727
2576
1316
49
-1152
-2165
-2876
-3306
-3543
-3630
-3569
-3372
-3065
-2668
-2220
-1765
-1315
-847
-304
372
1234
2285
3457
4610
5594
6360
6950
7403
7658
7620
7223
6422
5186
3573
1762
-33
-1677
-3156
-4493
-5687
-6699
-7497
-8063
-8412
-8538
-8441
-8135
-7653
-7006
-6183
-5213
-4143
-2975
-1655
-161
1472
3160
4741
6003
6844
7283
7333
6946
6135
5000
3647
2146
596
-855
-2097
-3080
-3823
-4342
-4645
-4714
-4556
-4216
-3754
-3202
-2536
-1717
-708
481
1796
3153
4497
5802
7038
8134
9018
9667
10069
10215
10066
9587
8701
7377
5650
3640
1488
-677
-2770
-4724
-6452
-7852
-8877
-9568
-10020
-10279
-10297
-9970
-9293
-8364
-7288
-6113
-4848
-3459
-1896
-158
1685
3529
5238
6624
7520
7849
7669
7083
6171
4954
3429
1665
-217
-2063
-3727
-5069
-6010
-6593
-6916
-7031
-6908
-6516
-5876
-5025
-3981
-2764
-1409
26
1508
3034
4625
6259
7816
9118
10060
10679
11067
11238
11103
10535
9464
7900
5966
3802
1527
-780
-3033
-5167
-7127
-8819
-10125
-10969
-11378
-11408
-11112
-10507
-9620
-8490
-7187
-5780
-4295
-2711
-1019
744
2516
4246
5865
7280
8367
8961
8921
8249
7091
5608
3868
1898
-243
-2411
-4404
-6027
-7200
-7946
-8327
-8387
-8178
-7737
-7070
-6131
-4899
-3425
-1837
-262
1270
2823
4458
6157
7850
9421
10723
11632
12146
12322
12179
11660
10680
9180
7177
4787
2195
-398
-2866
-5127
-7125
-8779
-10042
-10891
-11337
-11381
-11075
-10495
-9715
-8740
-7573
-6230
-4727
-3049
-1197
776
2798
4775
6600
8133
9249
9843
9836
9217
8053
6453
4527
2401
206
-1951
-3968
-5724
-7120
-8099
-8651
-8774
-8522
-7983
-7248
-6352
-5263
-3953
-2453
-860
747
2361
4035
5777
7500
9049
10318
11285
11945
12232
12033
11296
10061
8427
6501
4370
2123
-181
-2492
-4750
-6825
-8555
-9845
-10697
-11142
-11209
-10948
-10401
-9604
-8558
-7308
-5910
-4400
-2741
-931
999
2950
4823
6513
7932
8955
9471
9407
8783
7644
6073
4178
2081
-85
-2188
-4078
-5668
-6909
-7794
-8318
-8492
-8340
-7919
-7295
-6506
-5546
-4412
-3105
-1631
11
1761
3510
5176
6740
8204
9523
10615
11413
11832
11779
11183
10062
8515
6663
4591
2361
47
-2258
-4477
-6490
-8189
-9493
-10382
-10849
-10921
-10658
-10101
-9271
-8234
-7100
-5935
-4682
-3228
-1510
407
2361
4199
5818
7166
8215
8937
9286
9171
8494
7220
5434
3332
1139
-932
-2758
-4304
-5619
-6716
-7547
-8013
-8058
-7713
-7087
-6307
-5446
-4503
-3437
-2227
-886
567
2107
3686
5240
6725
8101
9278
10169
10712
10873
10599
9866
8720
7250
5524
3591
1525
-567
-2594
-4486
-6182
-7606
-8696
-9429
-9804
-9862
-9649
-9222
-8587
-7733
-6681
-5513
-4279
-2962
-1500
128
1910
3760
5515
6990
8071
8734
8984
8772
8058
6883
5346
3559
1633
-289
-2057
-3559
-4754
-5637
-6208
-6458
-6404
-6106
-5652
-5104
-4489
-3796
-3025
-2175
-1243
-184
1045
2429
3878
5276
6564
7721
8705
9416
9759
9694
9227
8378
7163
5661
3974
2197
382
-1433
-3200
-4839
-6227
-7260
-7947
-8395
-8723
-8926
-8941
-8703
-8203
-7462
-6545
-5535
-4454
-3234
-1795
-132
1659
3439
5052
6384
7353
7915
8049
7772
7130
6177
4962
3561
2078
649
-633
-1744
-2704
-3512
-4124
-4525
-4747
-4848
-4871
-4842
-4754
-4568
-4209
-3605
-2720
-1581
-291
1041
2366
3688
4974
6128
7044
7670
8000
8061
7883
7475
6812
5902
4784
3522
2150
701
-793
-2267
-3664
-4939
-6082
-7072
-7898
-8553
-9022
-9259
-9196
-8794
-8084
-7163
-6127
-5002
-3737
-2318
-799
736
2239
3645
4867
5824
6488
6888
7082
7082
6811
6229
5408
4467
3449
2340
1184
66
-970
-1923
-2775
-3474
-3988
-4337
-4553
-4637
-4557
-4291
-3844
-3215
-2400
-1446
-454
493
1401
2336
3383
4544
5694
6646
7290
7646
7794
7796
7632
7242
6544
5536
4267
2831
1294
-276
-1821
-3294
-4680
-5970
-7144
-8135
-8848
-9186
-9132
-8742
-8125
-7368
-6513
-5566
-4547
-3494
-2427
-1323
-138
1133
2464
3780
4996
6022
6797
7282
7457
7315
6858
6113
5109
3907
2584
1226
-84
-1263
-2254
-3033
-3594
-3945
-4137
-4239
-4273
-4195
-3992
-3689
-3319
-2868
-2287
-1524
-580
489
1631
2823
4045
5237
6325
7222
7865
8205
8224
7908
7285
6401
5291
3971
2480
916
-625
-2079
-3412
-4587
-5571
-6340
-6901
-7284
-7507
-7560
-7445
-7216
-6909
-6496
-5921
-5153
-4225
-3183
-2075
-933
214
1319
2342
3260
4075
4739
5159
5245
5010
4533
3878
3074
2179
1279
444
-309
-974
-1548
-2014
-2360
-2593
-2753
-2871
-2948
-2939
-2812
-2552
-2162
-1656
-1057
-405
278
1013
1819
2660
3459
4155
4711
5091
5251
5191
4961
4617
4182
3619
2867
1925
925
34
-660
-1188
-1624
-1991
-2286
-2494
-2593
-2573
-2477
-2378
-2296
-2178
-1972
-1695
-1377
-1058
-791
-640
-592
-554
-454
-309
-203
-201
-342
-619
-975
-1300
-1516
-1619
-1666
-1712
-1778
-1865
-1954
-1962
-1795
-1435
-1005
-663
-448
-245
76
528
1027
1472
1818
2076
2248
2334
2364
2412
2505
2574
2521
2316
2011
1685
1410
1195
991
724
355
-98
-580
-987
-1228
-1287
-1228
-1134
-1019
-842
-544
-112
428
1022
1602
2129
2593
3016
3367
3568
3572
3404
3131
2808
2462
2119
1769
1372
904
387
-153
-741
-1406
-2127
-2824
-3433
-3950
-4401
-4788
-5077
-5226
-5220
-5042
-4689
-4154
-3453
-2628
-1720
-764
215
1161
1996
2664
3170
3541
3786
3884
3819
3590
3219
2752
2242
1722
1206
706
210
-293
-815
-1369
-1958
-2565
-3118
-3565
-3876
-4035
-4022
-3850
-3551
-3108
-2486
-1715
-923
-205
452
1107
1784
2432
2968
3315
3490
3556
3548
3447
3243
2997
2750
2437
1927
1216
502
-39
-462
-978
-1689
-2468
-3123
-3541
-3759
-3864
-3915
-3893
-3748
-3488
-3150
-2734
-2181
-1467
-659
134
845
1472
2045
2608
3163
3682
4073
4243
4161
3893
3545
3188
2811
2351
1750
1016
221
-552
-1233
-1785
-2183
-2447
-2630
-2787
-2923
-2987
-2929
-2746
-2487
-2191
-1845
-1424
-937
-434
58
548
1042
1521
1952
2311
2600
2813
2940
2962
2848
2573
2138
1621
1117
664
223
-255
-758
-1235
-1630
-1915
-2098
-2207
-2267
-2289
-2278
-2229
-2125
-1926
-1594
-1140
-621
-87
468
1083
1760
2464
3145
3768
4276
4612
4737
4656
4398
4004
3500
2888
2172
1391
611
-129
-815
-1451
-2041
-2585
-3037
-3347
-3506
-3571
-3603
-3615
-3577
-3440
-3190
-2839
-2421
-1936
-1380
-782
-195
365
929
1493
2002
2380
2591
2625
2505
2249
1876
1418
914
411
-84
-582
-1076
-1537
-1932
-2244
-2481
-2666
-2839
-3003
-3110
-3077
-2856
-2474
-2001
-1499
-979
-407
250
982
1721
2393
2977
3458
3796
3942
3890
3693
3413
3083
2705
2274
1784
1242
667
101
-410
-851
-1243
-1629
-2021
-2403
-2736
-2993
-3157
-3231
-3230
-3153
-2957
-2572
-1983
-1256
-501
196
777
1219
1543
1828
2125
2384
2509
2452
2249
1951
1627
1332
1105
903
664
348
-24
-400
-720
-950
-1099
-1217
-1351
-1496
-1609
-1618
-1496
-1246
-906
-519
-110
335
833
1370
1893
2354
2708
2910
2925
2767
2498
2186
1839
1449
1016
560
103
-338
-731
-1035
-1220
-1323
-1424
-1571
-1748
-1905
-2019
-2084
-2092
-2030
-1880
-1635
-1316
-943
-512
-5
557
1086
1491
1712
1765
1717
1624
1501
1330
1104
823
484
107
-265
-572
-788
-935
-1063
-1203
-1346
-1467
-1553
-1594
-1576
-1472
-1268
-969
-587
-158
263
635
957
1245
1498
1694
1806
1829
1759
1584
1323
1038
793
586
358
79
-220
-494
-729
-944
-1155
-1368
-1585
-1793
-1985
-2133
-2198
-2161
-2029
-1803
-1481
-1080
-625
-141
365
876
1364
1769
2039
2176
2230
2223
2121
1913
1653
1412
1193
938
622
273
-51
-308
-506
-678
-864
-1059
-1234
-1361
-1455
-1537
-1590
-1550
-1383
-1120
-808
-451
-52
349
716
1047
1337
1527
1559
1440
1252
1074
916
738
483
138
-279
-708
-1076
-1337
-1502
-1612
-1721
-1861
-2024
-2157
-2187
-2104
-1942
-1742
-1518
-1253
-915
-480
39
608
1176
1687
2090
2395
2635
2843
3003
3082
3048
2897
2665
2432
2250
2085
1870
1561
1193
830
519
258
12
-236
-480
-704
-922
-1137
-1308
-1356
-1227
-952
-635
-370
-182
-34
95
208
296
354
359
288
131
-100
-359
-595
-798
-1008
-1259
-1539
-1812
-2062
-2279
-2480
-2680
-2895
-3083
-3188
-3182
-3073
-2896
-2665
-2385
-2033
-1589
-1062
-486
101
685
1260
1806
2286
2673
2973
3219
3428
3582
3631
3512
3227
2858
2528
2300
2148
1988
1763
1470
1157
872
634
444
298
194
115
43
-28
-81
-83
-8
145
333
502
639
770
907
1034
1109
1085
924
635
254
-186
-652
-1106
-1531
-1960
-2416
-2870
-3244
-3501
-3648
-3721
-3742
-3716
-3618
-3412
-3087
-2688
-2305
-2017
-1825
-1634
-1347
-935
-445
67
575
1056
1475
1812
2089
2356
2622
2847
2964
2921
2702
2340
1940
1615
1414
1266
1083
830
572
392
314
304
304
287
244
178
105
52
53
112
210
315
417
523
649
806
989
1160
1278
1326
1279
1107
796
420
58
-277
-648
-1106
-1630
-2155
-2614
-2970
-3195
-3267
-3201
-3047
-2847
-2615
-2331
-1982
-1570
-1142
-759
-454
-221
-31
157
392
684
993
1254
1437
1552
1625
1681
1743
1800
1807
1703
1478
1178
866
588
371
215
87
-45
-176
-290
-387
-477
-541
-541
-455
-306
-132
14
120
212
319
444
563
659
726
776
819
869
920
938
875
694
404
57
-293
-621
-915
-1143
-1282
-1332
-1331
-1309
-1254
-1137
-940
-685
-414
-154
76
256
358
379
363
402
583
909
1269
1528
1656
1729
1820
1926
1984
1922
1711
1391
1048
721
393
38
-316
-622
-847
-1001
-1121
-1221
-1263
-1204
-1085
-998
-1003
-1070
-1120
-1094
-986
-845
-735
-670
-631
-585
-509
-386
-204
7
189
290
313
276
183
31
-165
-384
-616
-866
-1104
-1272
-1316
-1229
-1042
-797
-535
-270
-7
240
443
582
652
668
642
589
535
520
593
752
912
991
963
894
857
873
898
857
717
492
234
-16
-237
-434
-624
-821
-1002
-1141
-1217
-1231
-1188
-1098
-990
-904
-868
-875
-884
-874
-865
-890
-942
-968
-926
-813
-661
-494
-333
-193
-81
16
113
209
314
433
547
614
621
626
699
860
1056
1221
1336
1436
1547
1660
1732
1748
1733
1707
1682
1650
1614
1577
1537
1492
1417
1307
1182
1064
943
818
710
630
541
401
205
-14
-229
-422
-570
-666
-741
-827
-913
-962
-966
-939
-922
-930
-966
-1021
-1108
-1248
-1432
-1621
-1757
-1833
-1875
-1915
-1958
-1960
-1865
-1675
-1435
-1222
-1079
-981
-862
-662
-385
-77
209
467
716
984
1273
1552
1776
1903
1931
1891
1838
1798
1759
1677
1524
1296
1017
748
553
443
377
322
256
173
75
1
-10
29
65
67
37
-11
-43
-31
38
131
199
213
169
97
25
-42
-122
-252
-449
-705
-987
-1261
-1516
-1749
-1963
-2142
-2277
-2370
-2412
-2384
-2266
-2091
-1906
-1743
-1587
-1395
-1126
-768
-352
47
360
569
717
890
1142
1455
1724
1847
1810
1689
1568
1491
1452
1395
1248
988
693
458
319
255
204
115
-30
-189
-306
-354
-340
-277
-174
-56
50
143
257
431
673
943
1173
1303
1332
1310
1287
1253
1147
936
639
309
-20
-332
-606
-839
-1040
-1217
-1379
-1525
-1662
-1763
-1788
-1711
-1553
-1358
-1147
-925
-693
-441
-162
148
473
799
1108
1371
1561
1668
1712
1710
1679
1628
1550
1422
1225
958
638
291
-45
-326
-545
-728
-913
-1089
-1216
-1279
-1291
-1271
-1220
-1112
-929
-684
-419
-177
20
181
322
467
615
743
826
847
811
724
594
432
259
87
-88
-284
-512
-781
-1074
-1336
-1504
-1559
-1553
-1529
-1500
-1451
-1340
-1143
-870
-574
-306
-76
131
344
577
826
1052
1227
1361
1482
1578
1601
1559
1490
1427
1347
1216
1028
794
546
299
74
-134
-329
-523
-712
-869
-950
-938
-863
-773
-717
-707
-738
-769
-750
-654
-494
-321
-187
-99
-14
124
296
416
412
301
165
55
-22
-90
-160
-234
-309
-386
-473
-568
-657
-713
-716
-657
-558
-456
-380
-323
-262
-170
-21
186
415
620
783
913
999
1027
1003
964
949
967
1010
1049
1040
961
835
722
660
663
702
735
715
632
529
451
421
417
412
375
304
214
144
105
74
-9
-156
-319
-417
-430
-411
-430
-514
-620
-694
-707
-676
-633
-604
-597
-578
-495
-350
-215
-158
-187
-261
-331
-358
-333
-283
-249
-238
-229
-219
-214
-221
-241
-277
-312
-330
-347
-382
-439
-499
-545
-564
-554
-522
-484
-450
-430
-417
-394
-344
-267
-159
-14
164
347
495
606
707
813
899
913
844
729
617
524
436
331
203
56
-103
-240
-330
-362
-365
-383
-443
-541
-633
-674
-622
-478
-294
-138
-40
26
105
222
374
543
690
788
832
824
775
699
628
587
556
478
309
70
-174
-371
-518
-640
-766
-898
-1027
-1137
-1217
-1266
-1265
-1186
-1016
-779
-515
-244
26
274
472
614
717
802
883
959
1031
1086
1102
1069
1007
957
928
898
832
717
559
375
184
-5
-190
-362
-495
-554
-535
-475
-419
-364
-295
-208
-115
-15
80
157
214
265
329
407
474
496
459
394
348
332
302
219
89
-45
-162
-267
-380
-531
-740
-985
-1196
-1312
-1331
-1295
-1234
-1159
-1067
-959
-822
-652
-469
-291
-127
30
184
333
465
560
608
613
600
593
608
627
629
599
532
430
297
166
60
-33
-131
-233
-319
-389
-438
-429
-335
-192
-74
-8
30
83
168
282
404
495
541
569
624
712
799
832
788
694
582
461
320
182
82
13
-74
-210
-371
-507
-589
-605
-568
-487
-377
-248
-133
-60
-21
9
45
80
117
155
178
187
196
218
236
220
151
53
-24
-61
-99
-183
-299
-406
-490
-577
-685
-792
-857
-863
-838
-814
-787
-738
-663
-610
-597
-601
-565
-472
-356
-263
-217
-196
-153
-40
147
360
534
617
611
540
446
361
307
269
205
89
-49
-142
-165
-132
-66
28
139
233
293
344
447
624
833
1008
1114
1152
1135
1091
1064
1067
1071
1043
982
886
746
566
384
233
105
-23
-175
-344
-507
-625
-682
-691
-690
-711
-749
-776
-767
-714
-628
-514
-393
-290
-224
-185
-168
-165
-179
-200
-210
-194
-160
-140
-176
-272
-383
-454
-466
-439
-400
-356
-311
-274
-250
-229
-187
-103
16
152
290
417
522
595
659
727
795
848
902
959
986
959
906
874
873
864
797
639
406
159
-39
-172
-270
-365
-468
-577
-682
-774
-840
-868
-839
-753
-633
-527
-457
-417
-387
-364
-362
-384
-417
-434
-419
-371
-304
-241
-201
-186
-192
-214
-255
-317
-383
-440
-484
-540
-622
-709
-753
-723
-625
-498
-372
-254
-132
6
157
328
532
752
957
1113
1205
1227
1219
1233
1284
1338
1340
1274
1156
1032
939
879
821
728
588
407
194
-22
-197
-289
-287
-234
-186
-171
-175
-177
-185
-220
-276
-317
-318
-293
-286
-331
-423
-519
-576
-594
-586
-568
-562
-610
-731
-888
-1020
-1102
-1146
-1164
-1152
-1118
-1091
-1081
-1060
-985
-851
-709
-626
-628
-659
-636
-514
-320
-111
73
212
316
415
552
746
977
1197
1343
1385
1353
1325
1353
1408
1429
1392
1312
1207
1066
884
672
453
237
52
-65
-102
-99
-117
-173
-240
-268
-247
-192
-133
-72
7
112
218
301
348
349
310
244
187
156
138
94
10
-92
-194
-293
-388
-469
-542
-617
-690
-751
-800
-833
-829
-777
-702
-639
-590
-522
-416
-260
-75
92
201
250
285
336
406
477
541
583
600
604
604
594
553
479
396
340
327
339
325
251
112
-61
-230
-379
-501
-603
-669
-677
-631
-547
-449
-357
-296
-272
-255
-203
-103
9
95
149
181
186
167
156
194
277
358
380
330
224
80
-77
-220
-316
-361
-391
-439
-500
-543
-553
-528
-474
-401
-333
-266
-175
-27
167
369
550
687
761
751
659
529
418
335
255
161
68
-7
-67
-122
-164
-177
-171
-176
-216
-274
-322
-340
-336
-333
-349
-381
-401
-387
-337
-264
-172
-83
-23
-1
8
32
75
124
171
204
221
239
282
352
418
434
376
266
145
62
46
87
153
190
188
155
116
86
82
118
179
249
311
356
383
408
465
567
668
718
707
667
642
640
639
594
490
370
298
295
317
295
201
47
-138
-334
-521
-669
-747
-747
-685
-614
-595
-646
-712
-719
-644
-530
-429
-366
-338
-342
-384
-447
-481
-448
-359
-273
-242
-276
-329
-333
-264
-156
-89
-112
-229
-389
-517
-550
-477
-346
-215
-121
-67
-44
-31
0
80
211
359
463
488
453
421
443
518
588
591
517
417
373
420
531
634
679
658
591
504
405
315
248
205
152
54
-84
-232
-367
-489
-583
-632
-635
-634
-670
-738
-802
-829
-823
-800
-755
-680
-572
-455
-348
-269
-233
-238
-262
-271
-255
-226
-209
-227
-269
-314
-344
-356
-346
-315
-265
-215
-187
-190
-193
-163
-99
-26
38
101
171
253
340
417
464
485
507
537
561
571
573
575
552
495
442
434
460
482
499
529
582
631
665
701
753
811
830
781
665
526
407
330
279
227
158
81
9
-47
-75
-51
31
134
209
239
244
247
250
237
187
100
-6
-111
-194
-225
-192
-118
-60
-34
-21
15
45
15
-85
-207
-287
-330
-380
-463
-551
-614
-658
-697
-716
-668
-541
-379
-252
-193
-184
-186
-174
-154
-159
-195
-219
-190
-127
-96
-117
-153
-161
-132
-79
-25
12
21
22
38
79
134
185
231
265
272
236
169
103
73
85
108
103
47
-33
-102
-131
-112
-52
22
82
122
145
149
121
70
14
-45
-95
-120
-110
-81
-61
-62
-94
-151
-219
-282
-340
-396
-454
-509
-557
-593
-622
-655
-681
-680
-626
-528
-400
-258
-111
35
162
261
324
345
348
366
417
478
504
483
431
378
326
256
162
62
-28
-107
-163
-170
-114
-21
61
115
165
256
392
525
595
