50
54
50
17
-68
-186
-297
-350
-340
-302
-260
-206
-127
-55
-31
-74
-159
-235
-263
-238
-195
-160
-127
-79
-25
-11
-65
-149
-179
-113
-19
-6
-115
-267
-339
-282
-149
-47
-44
-135
-249
-296
-229
-57
147
291
318
250
174
162
216
274
289
273
262
287
356
450
521
534
493
419
322
222
173
203
280
346
383
403
406
362
254
112
-29
-131
-157
-93
10
85
123
166
224
236
170
80
64
156
309
434
439
295
56
-156
-237
-203
-159
-169
-178
-99
50
157
181
163
148
139
123
121
127
120
89
45
0
-43
-57
-11
80
139
87
-95
-338
-548
-634
-561
-352
-106
70
133
123
90
58
32
10
-13
-49
-68
-49
-14
-26
-119
-252
-369
-451
-522
-611
-692
-698
-582
-391
-227
-161
-177
-200
-173
-73
51
144
176
166
125
31
-109
-252
-365
-439
-481
-485
-449
-383
-290
-192
-100
-12
75
165
251
305
293
235
185
144
49
-148
-382
-542
-568
-527
-505
-524
-550
-552
-520
-443
-324
-186
-45
114
303
468
545
530
468
407
394
462
588
697
698
600
458
339
266
220
177
124
83
89
146
218
273
324
391
449
475
478
503
541
538
446
263
48
-137
-253
-311
-347
-399
-471
-522
-516
-449
-359
-314
-334
-366
-313
-166
-2
104
172
239
283
278
256
284
370
432
373
195
16
-49
1
83
160
225
269
245
147
43
4
44
108
136
102
39
-1
-6
-16
-26
13
150
322
423
423
412
479
587
611
485
268
95
28
31
24
-17
-53
-54
-25
16
64
113
155
196
231
236
196
114
14
-73
-123
-170
-295
-529
-799
-974
-1013
-960
-889
-846
-855
-933
-1047
-1126
-1112
-987
-808
-614
-427
-217
13
195
257
183
55
-29
-41
-15
-26
-118
-270
-403
-431
-326
-135
34
94
54
27
113
303
492
586
584
551
556
612
667
632
482
257
34
-149
-278
-345
-377
-413
-462
-526
-614
-724
-768
-655
-424
-187
-49
-23
-64
-106
-92
-20
80
166
220
230
219
225
273
349
424
452
388
248
128
150
297
447
486
390
211
41
4
147
384
568
645
639
586
507
415
292
114
-88
-229
-228
-105
33
48
-99
-297
-395
-318
-101
168
368
398
269
114
44
68
134
203
210
95
-101
-237
-203
-52
73
112
104
115
167
242
310
316
221
59
-74
-106
-64
-41
-78
-126
-100
24
196
336
385
317
168
44
25
107
182
188
131
47
-42
-117
-138
-115
-109
-177
-296
-399
-447
-474
-511
-529
-482
-368
-227
-100
-31
-30
-64
-91
-126
-182
-219
-168
-1
236
474
605
566
387
196
72
26
13
-26
-137
-282
-345
-277
-194
-243
-409
-560
-615
-607
-587
-576
-566
-569
-570
-539
-456
-336
-223
-163
-166
-197
-145
58
352
549
524
341
161
64
35
21
-8
-57
-128
-215
-277
-228
4
368
692
817
713
485
259
122
66
23
-51
-114
-111
-66
-53
-98
-133
-112
-48
9
37
18
-61
-180
-269
-275
-205
-109
-43
-15
12
66
115
87
-45
-193
-256
-192
-53
71
106
3
-168
-245
-100
198
435
467
311
114
28
132
385
650
799
821
773
710
619
490
346
241
210
269
406
572
726
825
837
733
600
557
623
665
575
378
174
51
46
127
145
-18
-309
-535
-567
-446
-286
-193
-240
-408
-580
-607
-474
-299
-203
-182
-178
-153
-118
-116
-167
-305
-496
-665
-743
-741
-735
-731
-657
-502
-329
-221
-166
-156
-200
-251
-246
-186
-149
-163
-216
-280
-311
-254
-161
-148
-218
-244
-128
48
140
78
-79
-241
-319
-279
-157
-32
21
29
46
99
145
147
118
93
77
58
24
-32
-137
-273
-362
-321
-161
7
95
102
87
76
73
108
208
330
364
278
144
23
-70
-125
-103
-85
-190
-397
-511
-423
-245
-139
-107
-70
-2
79
161
235
228
129
21
4
100
255
466
687
842
841
707
548
403
282
204
210
234
146
-108
-423
-641
-663
-523
-360
-312
-417
-573
-655
-597
-418
-189
17
165
268
316
297
245
277
426
568
562
414
260
183
200
261
297
215
32
-100
-36
222
519
676
588
288
-13
-67
159
460
628
683
741
837
895
857
722
513
300
165
136
124
34
-152
-375
-558
-639
-574
-390
-167
-21
4
-39
-67
-61
-45
21
172
367
454
346
69
-275
-560
-690
-651
-490
-286
-82
64
89
-20
-221
-408
-492
-423
-234
-29
91
113
96
55
-63
-265
-462
-564
-595
-588
-549
-498
-523
-614
-591
-310
99
307
107
-427
-976
-1210
-999
-554
-242
-254
-497
-738
-791
-556
-117
256
317
104
-133
-250
-298
-358
-378
-230
131
581
865
821
552
363
464
770
985
887
476
-13
-318
-286
23
408
670
719
621
476
349
226
69
-120
-273
-279
-120
101
266
331
331
307
279
232
136
31
-15
-3
-34
-129
-212
-232
-262
-372
-550
-719
-746
-533
-109
281
392
172
-184
-400
-314
53
517
847
906
724
458
254
201
316
531
674
596
294
-87
-392
-537
-527
-420
-304
-229
-200
-204
-214
-231
-262
-347
-425
-344
-44
341
579
598
433
186
3
59
376
724
851
705
435
250
292
533
765
777
570
298
135
142
311
543
668
566
242
-158
-498
-664
-624
-432
-242
-178
-219
-271
-311
-413
-595
-770
-847
-838
-836
-911
-1006
-995
-814
-583
-470
-526
-661
-776
-838
-799
-594
-232
173
484
594
478
236
84
171
460
771
935
861
554
163
-121
-180
-118
-123
-313
-600
-767
-707
-509
-360
-289
-147
175
597
880
853
541
165
-13
89
358
602
682
542
189
-250
-603
-720
-577
-254
112
348
356
194
31
-19
10
29
7
-50
-136
-211
-215
-136
-63
-61
-91
-62
19
67
9
-120
-204
-139
85
308
350
160
-119
-326
-380
-272
-84
51
27
-110
-215
-203
-72
121
253
189
-51
-243
-194
38
210
149
-115
-396
-482
-312
-32
141
142
81
56
46
53
160
446
785
978
943
755
546
407
355
349
325
291
280
288
276
226
162
107
87
123
174
152
41
-53
-58
-38
-97
-204
-227
-117
45
119
40
-138
-243
-149
73
198
116
-59
-175
-206
-225
-218
-190
-208
-379
-674
-935
-997
-788
-390
19
289
440
571
717
777
703
536
380
313
337
390
358
228
81
-35
-160
-349
-525
-578
-466
-240
-23
74
44
30
154
338
366
157
-159
-412
-569
-688
-815
-945
-1054
-1130
-1174
-1201
-1240
-1307
-1348
-1234
-906
-490
-220
-218
-392
-543
-501
-207
200
477
519
539
808
1296
1697
1781
1640
1515
1540
1693
1867
1947
1864
1668
1469
1305
1144
999
985
1156
1444
1689
1775
1686
1488
1252
963
545
-57
-796
-1524
-2082
-2383
-2478
-2525
-2675
-2928
-3142
-3177
-3041
-2866
-2780
-2803
-2837
-2742
-2409
-1843
-1181
-601
-185
149
531
993
1372
1386
941
294
-157
-292
-359
-667
-1253
-1870
-2242
-2306
-2201
-2070
-1885
-1501
-854
-46
738
1442
2114
2787
3370
3803
4149
4567
5117
5653
5927
5820
5482
5213
5184
5259
5049
4164
2569
741
-648
-1260
-1371
-1582
-2314
-3500
-4618
-5077
-4685
-3918
-3545
-3881
-4411
-4353
-3479
-2324
-1604
-1564
-1763
-1449
-273
1300
2354
2380
1694
1038
849
1000
1029
556
-463
-1733
-2816
-3452
-3719
-3952
-4459
-5178
-5622
-5292
-4230
-3024
-2196
-1716
-1153
-162
1215
2606
3570
3999
4275
4903
5912
6785
7044
6748
6340
6130
6056
5849
5330
4555
3797
3280
2866
2064
526
-1436
-2953
-3440
-3221
-3178
-3845
-4880
-5458
-5058
-3957
-3047
-3054
-3815
-4376
-3963
-2757
-1645
-1266
-1459
-1539
-963
228
1460
2040
1708
862
262
384
990
1294
668
-786
-2282
-3074
-3127
-3079
-3529
-4419
-5106
-5033
-4205
-3118
-2202
-1499
-794
67
1039
2010
2910
3748
4522
5182
5728
6258
6786
7029
6663
5868
5298
5321
5524
5194
4169
2982
2220
1808
1119
-258
-1910
-2979
-3124
-2901
-3160
-4138
-5297
-5834
-5441
-4528
-3881
-3897
-4243
-4271
-3724
-2842
-1975
-1318
-919
-626
-74
938
2105
2820
2778
2262
1809
1698
1668
1174
-30
-1551
-2677
-3110
-3209
-3518
-4112
-4557
-4454
-3868
-3210
-2721
-2247
-1498
-468
559
1381
2092
2885
3781
4652
5379
5909
6225
6371
6461
6522
6410
5944
5201
4500
4133
4077
4040
3688
2828
1516
91
-1024
-1691
-2203
-2949
-3954
-4909
-5500
-5638
-5387
-4951
-4610
-4502
-4409
-4010
-3297
-2585
-2072
-1614
-919
76
1135
1920
2293
2406
2494
2612
2579
2223
1553
726
-146
-1031
-1881
-2605
-3214
-3803
-4394
-4842
-4991
-4821
-4465
-4065
-3598
-2869
-1775
-537
451
1086
1681
2569
3686
4644
5178
5333
5341
5371
5473
5585
5586
5304
4657
3832
3211
3008
3004
2788
2205
1385
426
-684
-1801
-2602
-2966
-3176
-3555
-4111
-4609
-4802
-4572
-4042
-3623
-3608
-3722
-3424
-2689
-2089
-1967
-2004
-1714
-987
32
1206
2355
3177
3449
3251
2885
2569
2237
1586
439
-938
-2009
-2535
-2859
-3464
-4341
-5010
-5054
-4517
-3768
-3104
-2487
-1682
-636
402
1226
1958
2837
3783
4414
4543
4432
4511
4852
5110
5005
4685
4508
4559
4497
3995
3128
2321
1888
1801
1800
1601
934
-297
-1738
-2709
-2866
-2621
-2677
-3325
-4212
-4715
-4451
-3650
-3039
-3142
-3664
-3793
-3122
-2067
-1307
-1088
-1026
-534
640
2118
3192
3461
3142
2774
2723
2903
2858
2175
889
-476
-1425
-1939
-2406
-3102
-3926
-4518
-4612
-4259
-3803
-3499
-3179
-2437
-1211
70
1021
1742
2532
3390
4041
4354
4491
4646
4796
4765
4497
4163
3973
3888
3675
3136
2319
1465
873
660
701
791
769
389
-603
-1926
-2725
-2442
-1639
-1409
-2115
-3060
-3400
-2992
-2417
-2336
-2904
-3628
-3839
-3356
-2644
-2263
-2315
-2428
-2133
-1252
-32
1064
1723
1926
1829
1633
1526
1536
1427
902
-39
-1067
-1835
-2277
-2594
-2980
-3406
-3627
-3433
-2870
-2217
-1728
-1374
-881
-71
926
1789
2361
2728
3028
3315
3569
3699
3551
3096
2596
2380
2465
2578
2540
2456
2497
2577
2434
2007
1672
1834
2451
3067
3228
2741
1759
796
400
550
650
225
-629
-1569
-2318
-2698
-2799
-3140
-4142
-5349
-5805
-5230
-4388
-4106
-4372
-4465
-3762
-2273
-629
501
975
1207
1654
2348
2941
3025
2539
1874
1528
1522
1363
645
-464
-1437
-1940
-2071
-2188
-2511
-2909
-3016
-2594
-1779
-1022
-685
-658
-429
303
1211
1731
1760
1716
1964
2483
3035
3414
3499
3306
3087
3155
3553
3969
4039
3715
3309
3221
3584
4136
4389
3941
2825
1612
1010
1083
1099
344
-1042
-2346
-3164
-3644
-4113
-4758
-5618
-6538
-7141
-7122
-6566
-5855
-5269
-4711
-3867
-2560
-976
479
1525
2205
2806
3569
4440
5042
4999
4321
3451
2813
2388
1810
815
-449
-1572
-2268
-2576
-2761
-3036
-3393
-3631
-3555
-3188
-2763
-2479
-2299
-2046
-1604
-991
-252
546
1253
1699
1882
2059
2500
3160
3685
3871
3941
4253
4778
5152
5158
4960
4847
4904
4990
4806
3996
2462
708
-478
-845
-995
-1666
-2962
-4414
-5501
-5998
-6086
-6277
-6893
-7508
-7337
-6250
-5020
-4376
-4171
-3664
-2390
-557
1239
2558
3428
4152
4919
5646
6136
6188
5705
4798
3798
2964
2212
1234
-147
-1716
-2987
-3658
-3915
-4238
-4836
-5438
-5604
-5201
-4488
-3851
-3434
-2979
-2159
-985
145
907
1373
1825
2407
3062
3728
4365
4920
5358
5742
6121
6415
6459
6145
5514
4796
4257
3974
3769
3439
2815
1755
353
-892
-1503
-1709
-2237
-3414
-4752
-5578
-5693
-5429
-5294
-5586
-6054
-6105
-5444
-4508
-3844
-3410
-2690
-1418
140
1596
2809
3870
4807
5488
5815
5891
5843
5580
4896
3830
2657
1637
759
-153
-1266
-2526
-3691
-4547
-5121
-5574
-5948
-6132
-5996
-5585
-5057
-4520
-3852
-2894
-1733
-693
93
926
2149
3597
4711
5166
5204
5303
5614
5922
5954
5695
5320
4944
4525
3973
3302
2600
1929
1329
817
264
-636
-2002
-3374
-4008
-3704
-3137
-3155
-3904
-4768
-5077
-4696
-4076
-3811
-4105
-4536
-4511
-3909
-3176
-2698
-2363
-1772
-750
535
1794
2848
3635
4179
4570
4907
5116
4917
4164
3080
2043
1164
228
-947
-2245
-3351
-4031
-4358
-4621
-5008
-5361
-5330
-4831
-4183
-3769
-3573
-3188
-2310
-1136
-126
535
1132
1985
3047
3964
4498
4740
4940
5202
5425
5517
5515
5496
5442
5286
4984
4534
3964
3313
2655
2101
1709
1270
419
-801
-1727
-1789
-1326
-1266
-2060
-3243
-3993
-3897
-3272
-2888
-3268
-4064
-4406
-3937
-3220
-2921
-2949
-2650
-1610
-46
1496
2592
3148
3342
3478
3820
4369
4745
4506
3612
2478
1511
668
-360
-1681
-3000
-3945
-4466
-4852
-5374
-5948
-6212
-5931
-5314
-4824
-4585
-4207
-3310
-2075
-1020
-318
398
1472
2752
3767
4262
4427
4642
5063
5498
5662
5495
5213
5045
5001
4872
4463
3785
3049
2482
2164
1962
1511
445
-1069
-2181
-2165
-1398
-1063
-1791
-3026
-3754
-3592
-2984
-2690
-3127
-3990
-4455
-4049
-3163
-2637
-2730
-2888
-2416
-1225
178
1298
2062
2716
3412
4081
4482
4391
3756
2828
1974
1289
492
-690
-2110
-3312
-4014
-4389
-4814
-5430
-5998
-6193
-5921
-5378
-4836
-4388
-3824
-2861
-1566
-385
355
872
1617
2699
3793
4548
4902
5058
5251
5531
5729
5662
5355
5014
4786
4600
4219
3471
2466
1565
1063
918
809
369
-519
-1486
-1863
-1416
-777
-783
-1469
-2096
-2109
-1687
-1392
-1626
-2347
-3070
-3254
-2871
-2456
-2432
-2571
-2299
-1448
-424
292
673
1052
1631
2207
2474
2391
2151
1880
1544
1040
287
-693
-1691
-2390
-2671
-2778
-3092
-3722
-4369
-4635
-4437
-4074
-3878
-3861
-3715
-3102
-1999
-796
37
449
881
1715
2784
3559
3769
3668
3712
4070
4471
4521
4112
3534
3177
3173
3312
3243
2789
2110
1618
1612
1980
2291
2165
1582
910
645
923
1272
1084
330
-419
-704
-660
-680
-989
-1536
-2114
-2451
-2444
-2340
-2483
-2843
-3011
-2718
-2137
-1567
-1066
-501
174
871
1469
1887
2073
2020
1800
1457
955
255
-543
-1292
-1966
-2682
-3473
-4177
-4569
-4578
-4376
-4256
-4326
-4332
-3925
-3106
-2273
-1755
-1485
-1157
-612
26
559
920
1198
1530
1989
2537
3024
3310
3410
3472
3615
3830
4050
4192
4188
4075
4005
4064
4138
4038
3700
3203
2656
2179
1862
1662
1421
1031
514
-98
-756
-1324
-1725
-2144
-2849
-3732
-4348
-4449
-4250
-4065
-3914
-3626
-3093
-2342
-1441
-490
332
882
1184
1393
1567
1585
1352
899
276
-499
-1305
-1898
-2227
-2540
-3066
-3674
-4058
-4124
-4078
-4123
-4234
-4222
-3964
-3531
-3053
-2597
-2154
-1720
-1244
-655
52
755
1354
1895
2485
3131
3728
4212
4640
5093
5520
5790
5884
5941
6045
6063
5805
5314
4829
4519
4294
3903
3132
2111
1303
1052
1101
810
-116
-1345
-2257
-2520
-2354
-2395
-3068
-4024
-4473
-4128
-3526
-3265
-3316
-3237
-2796
-2111
-1411
-862
-525
-304
-28
363
733
893
741
306
-273
-819
-1222
-1534
-1926
-2499
-3132
-3582
-3754
-3790
-3881
-4011
-4018
-3797
-3467
-3230
-3126
-2992
-2680
-2204
-1618
-901
-38
864
1685
2417
3136
3848
4502
5067
5556
5931
6114
6103
6050
6097
6192
6146
5870
5443
4997
4578
4175
3702
2995
1988
938
256
-24
-348
-1055
-1921
-2501
-2700
-2774
-2936
-3241
-3624
-3879
-3782
-3435
-3279
-3536
-3887
-3907
-3593
-3228
-2930
-2577
-2136
-1742
-1506
-1343
-1163
-1040
-1088
-1269
-1479
-1731
-2065
-2375
-2544
-2636
-2782
-2936
-2945
-2794
-2646
-2636
-2699
-2649
-2412
-2104
-1849
-1599
-1241
-772
-233
385
1090
1807
2464
3065
3648
4216
4737
5183
5547
5826
5999
6077
6080
5966
5595
4976
4367
4009
3809
3523
3094
2606
2054
1402
842
571
485
256
-210
-700
-1006
-1099
-1099
-1233
-1703
-2362
-2787
-2773
-2673
-2894
-3368
-3657
-3538
-3179
-2871
-2708
-2577
-2345
-1983
-1583
-1243
-1031
-911
-771
-571
-444
-506
-671
-800
-928
-1163
-1456
-1676
-1809
-1948
-2139
-2344
-2477
-2462
-2292
-2014
-1682
-1312
-932
-537
-89
454
1062
1665
2207
2663
3054
3415
3736
3942
3983
3892
3804
3833
3953
3966
3750
3440
3251
3194
3118
3006
2949
2920
2715
2288
1879
1717
1680
1446
937
362
-82
-412
-702
-1021
-1464
-2019
-2497
-2775
-3056
-3563
-4151
-4465
-4436
-4319
-4286
-4199
-3868
-3353
-2867
-2469
-2022
-1457
-928
-645
-629
-732
-762
-613
-400
-436
-938
-1674
-2178
-2268
-2232
-2389
-2704
-2846
-2651
-2301
-2061
-1967
-1820
-1454
-869
-209
362
772
1110
1523
2036
2506
2769
2825
2862
3095
3548
4023
4337
4498
4649
4872
5139
5334
5336
5116
4823
4618
4444
4045
3289
2421
1792
1457
1144
654
48
-497
-893
-1127
-1284
-1599
-2222
-3029
-3688
-4057
-4247
-4423
-4629
-4802
-4877
-4777
-4454
-3923
-3290
-2708
-2223
-1756
-1237
-760
-495
-474
-527
-482
-352
-312
-486
-826
-1180
-1457
-1694
-1964
-2268
-2513
-2625
-2617
-2546
-2398
-2107
-1651
-1109
-588
-126
309
795
1375
2004
2540
2903
3178
3569
4173
4861
5381
5619
5715
5835
5939
5876
5641
5366
5085
4731
4295
3854
3408
2833
2108
1457
1103
948
665
161
-330
-610
-766
-976
-1319
-1828
-2485
-3087
-3425
-3613
-3952
-4468
-4849
-4863
-4637
-4413
-4233
-3930
-3373
-2664
-2015
-1598
-1431
-1398
-1287
-1009
-773
-868
-1298
-1723
-1900
-1948
-2143
-2536
-2906
-3032
-2910
-2682
-2433
-2187
-1982
-1815
-1568
-1110
-508
36
426
773
1238
1842
2441
2874
3142
3387
3715
4091
4405
4558
4540
4471
4496
4603
4642
4497
4179
3762
3313
2890
2534
2189
1796
1386
1102
1003
924
631
147
-261
-438
-538
-799
-1278
-1864
-2389
-2747
-2956
-3161
-3421
-3626
-3626
-3455
-3275
-3165
-3026
-2721
-2286
-1888
-1636
-1468
-1280
-1087
-1007
-1143
-1474
-1820
-1976
-1923
-1847
-1886
-1932
-1820
-1565
-1363
-1322
-1317
-1132
-729
-328
-123
-37
193
684
1304
1851
2210
2396
2489
2612
2812
3002
3074
3034
3020
3121
3277
3386
3445
3525
3619
3643
3550
3369
3131
2864
2632
2491
2371
2101
1634
1179
996
1047
979
579
42
-277
-310
-263
-333
-562
-919
-1319
-1647
-1888
-2181
-2617
-3048
-3240
-3195
-3133
-3185
-3235
-3124
-2875
-2629
-2461
-2380
-2405
-2543
-2693
-2716
-2589
-2429
-2333
-2287
-2221
-2084
-1859
-1563
-1259
-1009
-800
-563
-272
-24
104
196
417
776
1082
1199
1181
1202
1321
1475
1572
1607
1689
1907
2223
2484
2603
2647
2732
2892
3083
3248
3354
3333
3139
2828
2537
2339
2175
1941
1587
1156
805
676
742
811
768
679
621
540
342
41
-321
-750
-1245
-1741
-2179
-2575
-2960
-3310
-3591
-3809
-3967
-4012
-3884
-3599
-3268
-3011
-2848
-2685
-2422
-2094
-1813
-1622
-1457
-1249
-1042
-905
-846
-788
-640
-397
-138
24
76
69
85
151
236
272
239
231
360
604
825
949
1015
1084
1159
1237
1359
1542
1754
1960
2200
2489
2751
2891
2938
2997
3068
3056
2937
2831
2817
2816
2718
2541
2361
2171
1913
1606
1341
1148
974
772
579
429
272
6
-407
-879
-1293
-1641
-2024
-2543
-3151
-3686
-3983
-4026
-3967
-3963
-4022
-3979
-3705
-3245
-2768
-2404
-2130
-1853
-1517
-1161
-856
-627
-440
-254
-82
19
22
-22
-68
-118
-180
-224
-235
-244
-273
-280
-212
-58
153
377
575
755
960
1250
1624
1985
2187
2194
2142
2181
2308
2420
2471
2481
2478
2481
2489
2477
2461
2499
2611
2670
2547
2273
2041
1975
1981
1847
1472
984
593
379
219
-62
-483
-880
-1122
-1307
-1635
-2147
-2667
-3013
-3151
-3190
-3265
-3424
-3560
-3543
-3362
-3164
-3042
-2941
-2733
-2393
-2030
-1713
-1390
-983
-586
-395
-466
-609
-601
-414
-213
-168
-301
-442
-429
-287
-223
-345
-508
-480
-210
131
383
532
684
905
1177
1423
1596
1731
1917
2177
2401
2444
2319
2187
2193
2339
2519
2618
2586
2468
2370
2339
2306
2189
2001
1830
1708
1584
1404
1146
840
535
271
19
-299
-665
-969
-1172
-1409
-1821
-2293
-2605
-2671
-2637
-2650
-2686
-2640
-2466
-2262
-2167
-2232
-2337
-2304
-2067
-1754
-1546
-1493
-1472
-1363
-1168
-981
-870
-829
-828
-851
-874
-847
-721
-527
-350
-248
-201
-126
24
256
556
885
1165
1345
1471
1637
1856
2055
2197
2334
2527
2739
2863
2824
2677
2550
2501
2483
2412
2254
2048
1868
1787
1770
1696
1495
1232
1055
977
897
714
473
300
230
155
-46
-339
-595
-728
-833
-1077
-1496
-1892
-2036
-1966
-1930
-2072
-2268
-2349
-2323
-2312
-2378
-2470
-2485
-2382
-2200
-2043
-1986
-2000
-1986
-1868
-1681
-1525
-1452
-1398
-1275
-1097
-951
-870
-780
-583
-280
32
257
391
533
766
1066
1326
1457
1519
1634
1872
2105
2169
2070
1982
2035
2132
2091
1873
1620
1492
1518
1584
1565
1368
1061
826
844
1027
1065
794
399
203
253
333
233
-48
-381
-651
-812
-889
-971
-1147
-1416
-1662
-1781
-1790
-1797
-1884
-2023
-2121
-2087
-1953
-1830
-1813
-1857
-1840
-1679
-1425
-1212
-1127
-1107
-1013
-792
-528
-357
-327
-373
-356
-203
28
203
252
239
296
481
729
898
901
824
834
1023
1275
1426
1436
1437
1559
1789
1977
1972
1796
1602
1542
1600
1669
1673
1614
1536
1492
1513
1548
1503
1369
1209
1074
927
783
702
696
675
526
256
-54
-286
-411
-485
-618
-843
-1072
-1185
-1174
-1159
-1249
-1395
-1489
-1481
-1409
-1327
-1290
-1328
-1360
-1273
-1057
-859
-762
-701
-571
-372
-187
-64
-1
3
-62
-163
-201
-125
-12
-26
-228
-484
-586
-474
-301
-235
-275
-274
-138
77
255
333
351
410
584
841
1039
1058
934
830
877
1010
1086
1014
857
736
721
768
755
604
379
223
208
246
183
-24
-274
-436
-465
-406
-351
-402
-616
-932
-1186
-1231
-1094
-983
-1094
-1392
-1606
-1509
-1134
-757
-611
-707
-828
-723
-339
118
320
142
-199
-333
-110
266
494
445
229
40
30
193
363
355
111
-219
-465
-542
-539
-560
-670
-832
-965
-992
-905
-791
-736
-698
-537
-210
133
310
347
427
699
1084
1399
1488
1417
1359
1439
1556
1534
1327
1076
939
913
881
728
481
272
240
385
593
685
586
331
60
-102
-108
10
156
203
38
-313
-636
-622
-177
435
736
465
-155
-532
-264
457
984
847
186
-413
-435
111
766
997
663
54
-349
-287
115
469
444
18
-543
-882
-810
-447
-189
-356
-882
-1334
-1336
-969
-604
-581
-865
-1189
-1245
-924
-392
34
123
-112
-363
-298
213
883
1225
990
363
-107
-103
310
680
665
240
-306
-577
-404
40
300
22
-663
-1244
-1160
-397
523
911
525
-283
-899
-800
-7
997
1459
1027
-27
-987
-1163
-420
784
1598
1439
473
-534
-792
-108
983
1709
1447
354
-933
-1532
-1092
-21
835
754
-197
-1348
-1851
-1413
-442
247
108
-737
-1608
-1866
-1347
-500
59
-91
-792
-1478
-1582
-950
-74
432
205
-408
-823
-628
81
802
1067
702
71
-315
-200
238
577
590
264
-135
-353
-232
159
564
777
671
373
72
-15
194
589
912
896
544
209
225
667
1219
1572
1516
1089
553
258
419
829
1117
1015
608
161
-100
-69
151
408
494
383
179
17
-17
0
112
327
655
875
770
358
-117
-276
-63
325
454
119
-501
-992
-1032
-735
-361
-204
-276
-572
-922
-1156
-1040
-625
-163
-49
-357
-915
-1240
-1078
-528
-16
69
-209
-605
-724
-543
-215
3
49
59
124
270
454
557
544
348
176
83
127
188
232
300
318
339
236
213
142
136
23
-81
-206
-259
-283
-238
-147
47
253
368
352
248
257
411
763
1052
1133
866
522
257
272
366
482
362
51
-397
-772
-997
-1058
-987
-847
-763
-859
-1100
-1404
-1531
-1428
-1038
-713
-633
-902
-1160
-1183
-861
-414
-39
95
-11
-207
-349
-299
-142
114
341
439
284
-40
-221
-65
331
643
621
316
-65
-190
-7
383
713
849
770
517
221
38
131
445
768
836
615
264
54
84
326
654
946
1089
1011
806
650
742
1022
1270
1256
1039
809
689
608
546
533
561
486
231
-127
-400
-545
-590
-627
-700
-828
-1004
-1086
-1070
-940
-888
-862
-866
-757
-612
-474
-458
-610
-838
-978
-863
-626
-454
-420
-448
-444
-434
-368
-252
-156
-151
-228
-211
-88
100
188
124
1
-108
-94
-67
-4
11
32
60
157
285
336
326
287
343
426
618
849
1110
1190
1103
931
861
959
1178
1399
1435
1248
888
590
476
606
779
854
678
389
101
-64
-149
-276
-404
-516
-511
-566
-719
-949
-1082
-1058
-922
-754
-642
-657
-793
-925
-926
-768
-575
-471
-513
-660
-812
-923
-960
-923
-776
-579
-417
-386
-427
-472
-447
-394
-313
-251
-236
-296
-342
-267
-71
121
216
173
93
43
185
443
713
795
695
570
500
562
618
715
809
935
995
967
860
746
643
620
617
654
559
422
202
43
-29
-9
89
113
214
323
455
371
102
-151
-267
-241
-242
-310
-446
-609
-670
-592
-431
-304
-335
-443
-655
-835
-860
-657
-306
-132
-188
-450
-663
-678
-523
-327
-334
-492
-674
-660
-481
-286
-191
-211
-201
-125
46
201
341
423
502
517
495
490
622
828
928
788
546
431
546
797
924
874
633
420
275
298
428
558
568
408
221
141
242
487
726
809
706
491
377
366
517
639
690
575
392
275
261
345
315
177
-88
-274
-380
-377
-382
-431
-617
-885
-1150
-1235
-1146
-954
-852
-903
-1056
-1195
-1184
-1071
-891
-783
-773
-812
-794
-664
-477
-380
-367
-487
-565
-545
-382
-192
-158
-196
-258
-186
-70
76
189
297
372
416
368
279
173
142
185
285
404
472
423
258
77
17
154
410
669
757
678
511
414
486
722
1018
1190
1123
878
635
548
616
700
730
645
513
302
95
-71
-114
-84
-73
-175
-382
-615
-744
-724
-652
-667
-830
-1004
-1093
-1046
-960
-887
-878
-887
-839
-715
-550
-402
-310
-331
-475
-612
-563
-299
39
238
240
126
46
80
156
178
140
79
53
20
-19
-112
-249
-356
-365
-222
-36
132
154
52
-80
-109
-15
107
252
415
635
763
795
704
631
600
712
894
1052
1057
919
785
673
651
599
569
414
170
-107
-250
-215
-129
-103
-165
-252
-317
-366
-402
-387
-311
-162
-8
123
208
244
247
210
181
197
263
363
357
299
162
113
108
159
184
134
-15
-259
-487
-624
-625
-560
-509
-544
-623
-708
-701
-663
-567
-499
-463
-471
-471
-403
-333
-318
-347
-344
-227
-86
36
75
103
180
325
507
652
760
820
850
803
710
598
533
448
340
235
209
242
220
127
-21
-105
-126
-63
33
100
89
35
66
237
436
556
505
379
226
162
206
276
284
162
27
-117
-229
-395
-574
-746
-897
-999
-1103
-1148
-1191
-1180
-1155
-1087
-1015
-963
-924
-868
-788
-721
-696
-665
-569
-415
-240
-87
43
132
132
70
-15
14
187
441
621
640
544
470
454
465
407
330
277
271
307
361
441
477
458
413
389
417
480
522
488
313
123
61
219
478
636
611
455
270
175
194
390
585
688
603
487
452
477
498
423
289
96
-121
-299
-450
-510
-527
-467
-395
-386
-440
-550
-598
-564
-386
-148
73
122
64
-51
-84
-79
-67
-60
-68
9
121
271
317
248
99
-43
-88
-81
-68
-135
-222
-270
-218
-165
-143
-213
-256
-230
-94
103
277
390
402
359
335
376
494
598
613
472
245
77
76
206
329
346
242
63
-52
-23
177
369
435
315
105
-88
-226
-329
-445
-556
-651
-687
-708
-734
-778
-807
-814
-841
-838
-765
-608
-479
-459
-493
-551
-526
-461
-314
-180
-74
-34
-41
-48
-9
107
259
389
382
251
29
-94
-124
-78
-61
-94
-176
-312
-420
-505
-508
-473
-360
-218
-101
-43
-12
44
159
272
409
466
515
511
508
487
456
459
488
527
556
470
293
35
-86
-33
122
231
175
30
-123
-132
-35
58
2
-136
-270
-268
-247
-198
-212
-171
-104
-45
-28
-58
-24
29
110
173
256
315
393
458
568
628
637
584
514
437
362
303
333
359
342
154
-79
-271
-332
-309
-296
-338
-419
-472
-460
-381
-271
-145
-38
27
24
3
-13
19
63
140
226
341
499
599
589
428
251
221
293
532
714
850
783
532
261
78
155
334
384
208
-174
-447
-554
-480
-367
-324
-288
-274
-225
-191
-193
-179
-122
15
156
270
329
307
142
-65
-212
-172
-61
42
73
32
-72
-227
-342
-316
-192
-72
-81
-221
-457
-737
-966
-1037
-968
-806
-748
-817
-1052
-1247
-1263
-1066
-770
-524
-369
-332
-367
-392
-330
-238
-161
-133
-73
18
126
133
61
-57
3
212
489
582
499
348
259
226
182
176
193
282
279
216
61
-76
-138
-128
-9
69
114
102
110
205
297
408
442
493
640
857
1079
1114
1001
799
610
512
476
541
624
683
671
596
570
543
510
371
193
44
-83
-146
-252
-321
-425
-471
-484
-473
-469
-507
-530
-550
-508
-492
-451
-466
-404
-361
-232
-105
55
157
188
187
154
167
178
200
120
6
-97
-82
-42
1
-33
-94
-183
-265
-290
-289
-281
-278
-233
-115
-13
24
8
-18
8
25
146
286
451
493
485
436
420
410
424
418
404
365
329
312
356
467
548
529
394
232
95
17
10
78
135
116
-17
-136
-210
-279
-377
-484
-484
-465
-462
-537
-661
-754
-837
-743
-597
-436
-482
-669
-822
-838
-684
-595
-573
-621
-585
-441
-259
-81
-15
-4
-15
38
142
222
228
135
7
-81
-71
-28
37
34
72
29
60
-6
8
-61
-30
-44
-54
-164
-267
-257
-127
116
287
419
398
407
408
527
623
745
783
821
855
950
1081
1073
978
750
675
656
710
640
443
253
86
35
-120
-280
-519
-622
-647
-618
-669
-811
-960
-1054
-1003
-904
-807
-863
-947
-1007
-881
-695
-497
-425
-466
-565
-658
-654
-593
-477
-371
-275
-216
-212
-266
-290
-252
-66
104
265
296
311
292
284
317
392
604
803
948
868
714
618
746
1054
1320
1341
1088
775
688
815
1058
1120
1075
918
831
853
936
1023
931
823
699
718
738
774
705
489
139
-189
-340
-260
-130
-50
-223
-512
-864
-1072
-1081
-959
-768
-726
-792
-1017
-1145
-1122
-857
-608
-461
-531
-655
-785
-757
-546
-251
-45
-93
-241
-401
-439
-493
-503
-511
-399
-291
-199
-233
-352
-466
-493
-401
-305
-249
-201
-164
-98
-113
-135
-171
-139
-51
13
131
256
440
498
428
327
305
420
547
591
571
394
266
107
215
418
680
769
620
416
223
222
261
333
271
106
-213
-422
-504
-334
-190
-44
-22
-112
-336
-659
-863
-907
-670
-315
-34
-19
-268
-495
-523
-321
-57
70
123
77
96
80
154
177
196
63
-65
-183
-179
-135
-159
-211
-371
-429
-525
-517
-500
-401
-249
-134
-28
17
72
128
193
310
386
472
523
621
715
748
761
713
747
752
827
803
737
577
467
437
461
489
432
373
249
209
199
316
447
489
416
237
139
88
132
169
181
74
-143
-364
-470
-415
-293
-187
-159
-235
-333
-362
-236
-47
51
48
-59
-123
-159
-137
-67
-28
-33
-140
-246
-295
-326
-339
-376
-395
-464
-609
-723
-752
-667
-574
-479
-328
-187
-123
-229
-367
-422
-282
-33
174
209
85
-11
-24
59
118
146
129
46
-5
-33
25
108
206
306
289
250
215
261
276
201
144
168
262
355
411
483
460
348
230
275
432
486
382
222
159
98
19
-68
-65
-31
-39
-107
-231
-375
-454
-370
-203
-143
-227
-282
-319
-416
-566
-550
-426
-425
-569
-639
-508
-350
-270
-240
-236
-315
-473
-584
-667
-733
-757
-622
-401
-240
-188
-192
-220
-260
-268
-207
-129
-124
-212
-327
-386
-378
-326
-256
-157
-67
41
166
303
356
301
263
331
509
673
838
972
1039
973
839
717
662
687
824
951
978
904
901
991
1030
932
812
810
875
866
751
601
481
409
376
374
353
280
130
-62
-216
-217
-88
81
130
118
74
81
55
-3
-122
-266
-403
-523
-603
-695
-781
-861
-878
-827
-745
-678
-638
-604
-550
-524
-502
-510
-497
-490
-489
-528
-629
-728
-742
-626
-509
-471
-512
-500
-414
-266
-101
57
195
288
385
455
500
468
419
369
346
334
315
282
228
186
189
256
368
456
485
444
381
326
323
352
366
321
253
191
150
107
81
82
94
82
40
-28
-117
-212
-264
-231
-192
-205
-311
-411
-476
-491
-460
-416
-424
-566
-733
-773
-641
-493
-459
-499
-516
-499
-458
-383
-245
-107
-43
-67
-121
-143
-75
37
134
156
175
239
316
382
410
438
429
423
444
483
486
427
342
265
203
187
199
238
261
286
341
415
499
520
485
380
262
141
22
-81
-154
-198
-212
-214
-158
-98
-16
16
35
20
-3
-28
-54
-43
-13
26
-8
-98
-209
-275
-335
-394
-439
-438
-382
-315
-242
-211
-187
-174
-137
-110
-125
-161
-188
-165
-127
-97
-77
-53
11
80
151
193
224
232
221
206
167
115
42
30
86
220
333
398
394
339
286
237
243
274
315
327
296
275
240
195
102
-6
-50
5
141
255
311
338
379
429
447
416
383
386
442
484
471
386
264
149
31
-84
-249
-455
-682
-853
-902
-850
-744
-658
-574
-478
-370
-287
-260
-248
-260
-253
-278
-299
-342
-397
-463
-549
-605
-641
-608
-546
-486
-448
-436
-391
-323
-228
-172
-179
-259
-344
-375
-320
-205
-73
35
91
90
59
45
82
150
210
242
257
272
318
387
462
476
434
382
379
434
476
497
458
427
372
347
355
413
481
484
442
381
355
322
282
239
235
245
234
172
109
64
33
-25
-72
-95
-73
-56
-49
-51
-66
-66
-68
-24
40
141
202
221
175
97
-28
-189
-351
-473
-523
-506
-466
-440
-469
-516
-546
-525
-471
-401
-310
-199
-79
-11
-2
-41
-68
-89
-118
-161
-192
-177
-120
-16
113
226
249
159
31
-42
-8
86
202
268
285
260
266
313
377
436
436
412
378
407
475
537
561
549
521
476
428
401
409
454
482
484
455
424
413
441
500
491
359
118
-63
-116
-58
-21
-51
-116
-143
-137
-165
-246
-362
-437
-478
-501
-549
-614
-674
-723
-743
-734
-699
-679
-712
-771
-831
-851
-844
-807
-763
-718
-679
-655
-651
-663
-677
-675
-652
-598
-541
-483
-427
-348
-259
-190
-146
-137
-139
-157
-143
-69
89
266
393
431
419
419
448
500
534
561
592
646
689
695
691
689
683
630
547
444
322
178
42
-58
-109
-82
12
157
285
405
523
634
705
702
665
619
601
598
585
535
424
256
74
-62
-125
-161
-231
-350
-464
-517
-503
-463
-439
-438
-457
-459
-431
-363
-299
-253
-245
-251
-266
-263
-230
-163
-70
16
60
29
-34
-65
-6
126
264
346
345
307
288
298
297
262
236
235
240
217
192
192
184
119
3
-83
-87
-27
32
49
31
-9
-29
-18
44
121
180
226
273
343
383
382
325
277
254
239
185
94
42
62
125
124
34
-116
-237
-283
-246
-169
-116
-138
-204
-254
-266
-295
-385
-492
-523
-461
-389
-374
-418
-488
-551
-592
-567
-495
-416
-362
-321
-280
-289
-336
-384
-372
-316
-264
-225
-198
-165
-158
-179
-201
-173
-54
113
254
284
225
166
180
270
361
420
431
433
436
448
476
513
530
497
431
377
365
353
288
167
54
14
23
39
27
5
-15
-55
-125
-203
-219
-192
-178
-246
-357
-443
-466
-434
-387
-330
-265
-176
-99
-53
-44
-17
20
35
-7
-69
-83
-31
55
108
107
67
31
13
-7
-25
-39
-13
57
150
225
246
262
304
385
434
425
384
343
303
228
136
49
17
18
46
54
39
-11
-67
-104
-88
-22
53
107
142
193
265
337
339
238
68
-64
-128
-118
-96
-62
-42
-5
54
131
195
215
194
153
118
88
22
-106
-266
-388
-436
-416
-354
-273
-200
-163
-159
-192
-235
-266
-237
-148
-52
1
12
25
59
76
81
76
62
18
-50
-86
-79
-29
48
156
262
305
260
164
87
70
108
153
143
106
73
84
87
83
90
145
241
345
417
414
349
266
222
209
211
214
230
232
197
111
2
-103
-189
-249
-265
-253
-244
-289
-388
-483
-528
-520
-525
-549
-585
-594
-602
-623
-680
-742
-779
-761
-695
-602
-511
-441
-409
-414
-419
-394
-303
-194
-112
-99
-126
-137
-98
-40
-8
-12
4
64
149
189
136
17
-97
-127
-77
4
64
92
93
80
74
75
84
85
95
139
225
329
418
478
519
551
560
532
466
396
345
352
417
503
556
536
484
451
484
574
690
786
809
754
651
560
508
464
389
280
177
109
72
59
86
146
194
181
106
31
-15
-29
-53
-88
-145
-228
-329
-415
-468
-511
-558
-611
-660
-704
-719
-677
-571
-434
-314
-248
-254
-288
-279
-198
-76
26
94
110
79
7
-40
-17
53
121
126
82
0
-78
-126
-140
-138
-149
-163
-134
-39
104
234
289
269
197
136
116
146
200
242
251
245
250
285
332
353
300
204
128
121
130
96
34
-15
-26
-49
-90
-153
-218
-275
-306
-267
-177
-74
-35
-57
-110
-152
-186
-225
-270
-296
-310
-331
-365
-374
-336
-276
-235
-228
-233
-235
-229
-213
-196
-218
-285
-364
-382
-329
-249
-197
-205
-255
-311
-319
-285
-251
-234
-198
-121
-28
32
42
15
-14
-32
-66
-129
-192
-177
-83
33
107
138
157
178
205
217
201
174
156
162
181
212
270
359
471
543
519
392
238
148
170
268
372
411
380
331
322
364
417
449
447
445
457
463
431
358
291
243
208
183
187
226
264
279
264
235
189
125
59
25
34
60
64
22
-35
-89
-142
-214
-270
-262
-182
-76
-16
-23
-81
-139
-166
-155
-118
-77
-56
-87
-172
-272
-342
-367
-365
-348
-315
-262
-200
-152
-144
-176
-207
-178
-70
61
150
149
79
-27
-108
-140
-110
-42
35
72
48
10
18
93
187
253
278
262
213
138
77
33
-2
-33
-47
-32
-2
31
59
66
33
-43
-137
-226
-301
-349
-358
-335
-309
-284
-251
-208
-163
-112
-56
-20
-22
-73
-143
-214
-262
-290
-310
-298
-240
-141
-55
-22
-64
-163
-270
-315
-277
-192
-138
-148
-193
-218
-190
-143
-100
-90
-103
-133
-156
-150
-121
-99
-122
-179
-248
-294
-295
-244
-172
-113
-83
-58
-39
-29
-37
-50
-50
-36
20
114
236
332
377
360
293
189
97
81
174
326
449
499
490
475
485
518
540
516
452
387
348
341
355
394
436
431
364
277
235
246
271
304
346
385
377
315
233
175
160
155
116
7
-134
-252
-312
-342
-383
-434
-457
-419
-340
-274
-253
-260
-264
-262
-266
-264
-246
-216
-184
-137
-62
14
46
29
4
12
41
78
115
176
246
308
351
373
379
370
352
338
322
294
248
200
190
230
323
435
556
668
743
728
614
464
335
253
201
171
146
95
11
-80
-154
-203
-247
-285
-328
-355
-375
-419
-508
-624
-706
-736
-754
-805
-867
-869
-810
-755
-759
-819
-892
-952
-973
-944
-873
-806
-764
-754
-767
-781
-755
-655
-523
-412
-356
-326
-287
-227
-162
-105
-49
9
68
133
212
309
396
474
566
700
842
946
976
959
927
905
891
869
848
829
827
830
820
780
709
648
626
640
651
606
494
333
185
88
39
-5
-60
-124
-192
-257
-315
-348
-353
-347
-351
-381
-444
-533
-630
-693
-716
-709
-693
-670
-651
-655
-692
-731
-733
-670
-571
-473
-418
-410
-423
-409
-335
-229
-117
-47
4
29
69
141
260
401
526
622
687
745
814
919
1047
1150
1190
1176
1141
1099
1040
968
908
866
811
724
637
607
640
679
664
579
461
344
228
90
-70
-220
-342
-440
-512
-562
-576
-584
-603
-651
-706
-741
-757
-765
-773
-780
-802
-857
-927
-959
-950
-922
-908
-880
-828
-754
-706
-697
-706
-678
-577
-416
-261
-163
-115
-62
41
172
284
328
315
292
308
372
442
486
522
609
766
950
1099
1186
1234
1226
1152
1034
910
773
584
384
256
245
273
242
96
-142
-398
-588
-670
-692
-734
-841
-994
-1131
-1202
-1190
-1132
-1085
-1084
-1090
-1063
-986
-874
-760
-657
-580
-519
-473
-440
-414
-371
-314
-263
-224
-182
-112
-26
49
115
212
375
579
773
912
1004
1071
1146
1234
1320
1372
1395
1392
1365
1306
1225
1126
998
833
657
512
405
299
171
40
-81
-202
-335
-426
-419
-338
-293
-361
-506
-658
-776
-849
-866
-843
-818
-810
-790
-722
-614
-521
-497
-554
-673
-808
-911
-937
-888
-786
-658
-490
-283
-66
131
294
443
620
898
1297
1740
2105
2340
2483
2568
2581
2521
2438
2402
2417
2450
2459
2423
2311
2111
1815
1407
859
167
-608
-1387
-2097
-2681
-3083
-3279
-3301
-3219
-3075
-2894
-2697
-2517
-2387
-2302
-2229
-2105
-1897
-1591
-1204
-761
-275
222
683
1034
1207
1165
917
488
-99
-803
-1535
-2196
-2695
-2993
-3073
-2928
-2566
-2014
-1354
-686
-97
395
806
1174
1541
1961
2487
3139
3903
4708
5477
6114
6506
6535
6169
5463
4484
3278
1924
544
-766
-1949
-2961
-3761
-4372
-4849
-5205
-5410
-5459
-5384
-5229
-4985
-4607
-4056
-3336
-2475
-1458
-248
1135
2555
3819
4766
5288
5338
4931
4133
3018
1656
159
-1327
-2634
-3631
-4254
-4534
-4557
-4401
-4122
-3772
-3408
-3060
-2739
-2387
-1893
-1154
-152
1077
2492
4037
5571
6934
8041
8855
9298
9273
8739
7749
6405
4828
3136
1437
-198
-1722
-3103
-4305
-5306
-6145
-6879
-7547
-8102
-8453
-8532
-8302
-7756
-6875
-5642
-4054
-2174
-127
1937
3865
5497
6703
7423
7624
7284
6431
5177
3685
2116
626
-691
-1843
-2873
-3758
-4446
-4932
-5277
-5502
-5585
-5482
-5179
-4662
-3896
-2822
-1426
220
2017
3872
5687
7306
8617
9561
10114
10199
9788
8926
7690
6145
4382
2562
807
-841
-2393
-3844
-5176
-6375
-7421
-8300
-9004
-9519
-9791
-9734
-9277
-8372
-7025
-5268
-3165
-826
1578
3836
5760
7196
8051
8300
7982
7191
6041
4672
3194
1682
194
-1187
-2395
-3420
-4289
-5024
-5622
-6090
-6402
-6517
-6393
-6006
-5313
-4254
-2823
-1075
917
3069
5252
7267
8956
10240
11093
11451
11237
10455
9188
7565
5694
3721
1783
-51
-1792
-3461
-5026
-6460
-7754
-8913
-9888
-10628
-11061
-11090
-10638
-9684
-8258
-6402
-4163
-1652
940
3373
5437
7003
8007
8417
8250
7615
6654
5494
4211
2882
1578
341
-835
-1962
-3052
-4107
-5149
-6146
-7002
-7559
-7703
-7404
-6661
-5454
-3787
-1749
510
2842
5114
7195
8935
10249
11105
11511
11434
10866
9858
8489
6825
4956
3026
1134
-711
-2518
-4236
-5818
-7254
-8551
-9659
-10521
-11083
-11273
-10979
-10128
-8744
-6910
-4704
-2192
461
3016
5235
6983
8210
8884
8983
8548
7700
6572
5268
3884
2536
1276
82
-1110
-2322
-3551
-4780
-5962
-7006
-7791
-8194
-8128
-7557
-6465
-4873
-2859
-587
1790
4163
6420
8382
9883
10888
11418
11464
10971
10010
8712
7205
5505
3664
1773
-83
-1897
-3688
-5402
-6987
-8397
-9627
-10619
-11322
-11673
-11588
-10943
-9704
-7956
-5817
-3364
-717
1896
4225
6116
7530
8435
8779
8542
7838
6849
5720
4510
3274
2081
935
-225
-1466
-2807
-4225
-5644
-6945
-7991
-8665
-8871
-8537
-7622
-6148
-4207
-1936
509
2990
5356
7464
9187
10465
11306
11700
11591
10954
9909
8593
7070
5342
3478
1571
-314
-2158
-3950
-5683
-7331
-8824
-10090
-11069
-11700
-11897
-11574
-10695
-9317
-7536
-5418
-3041
-555
1831
3958
5726
7069
7934
8315
8263
7847
7144
6218
5137
3972
2760
1479
67
-1499
-3174
-4822
-6310
-7555
-8526
-9131
-9226
-8713
-7616
-6034
-4075
-1839
553
2967
5264
7330
9063
10387
11265
11696
11670
11186
10313
9163
7799
6215
4452
2603
757
-1086
-2924
-4714
-6379
-7871
-9158
-10190
-10908
-11252
-11142
-10515
-9387
-7846
-5982
-3875
-1626
624
2740
4603
6118
7236
7941
8247
8191
7820
7152
6220
5072
3769
2321
735
-950
-2675
-4352
-5893
-7199
-8205
-8834
-9013
-8688
-7849
-6500
-4695
-2586
-377
1787
3854
5774
7484
8884
9921
10602
10978
11016
10647
9873
8775
7423
5837
4073
2191
247
-1721
-3632
-5421
-7050
-8487
-9674
-10549
-11085
-11267
-11083
-10511
-9551
-8219
-6554
-4622
-2529
-387
1699
3647
5373
6787
7798
8357
8473
8169
7464
6409
5088
3578
1925
197
-1519
-3156
-4657
-5984
-7100
-7946
-8438
-8506
-8153
-7386
-6200
-4630
-2783
-776
1303
3364
5325
7090
8573
9710
10518
11001
11117
10805
10094
9069
7793
6303
4656
2927
1151
-661
-2498
-4309
-6022
-7570
-8918
-10014
-10799
-11234
-11318
-11032
-10329
-9170
-7545
-5511
-3202
-815
1505
3662
5569
7109
8190
8777
8889
8567
7853
6796
5480
3998
2414
763
-905
-2514
-3989
-5276
-6347
-7184
-7756
-8018
-7925
-7439
-6529
-5229
-3637
-1874
0
1939
3875
5698
7302
8619
9621
10308
10683
10744
10478
9882
8951
7712
6209
4512
2698
829
-1078
-3031
-4976
-6801
-8402
-9726
-10736
-11405
-11724
-11672
-11207
-10309
-8993
-7270
-5181
-2827
-389
1964
4106
5940
7389
8401
8948
9049
8720
7992
6909
5571
4086
2543
992
-521
-1988
-3395
-4693
-5808
-6669
-7225
-7427
-7260
-6752
-5930
-4804
-3401
-1774
-10
1793
3559
5234
6763
8068
9099
9815
10210
10294
10104
9622
8824
7730
6386
4824
3053
1122
-916
-2991
-5015
-6891
-8527
-9833
-10762
-11297
-11428
-11126
-10396
-9312
-7954
-6380
-4631
-2759
-837
1046
2813
4414
5794
6868
7542
7782
7610
7077
6227
5104
3759
2249
649
-933
-2363
-3535
-4411
-5041
-5485
-5755
-5819
-5678
-5354
-4858
-4180
-3317
-2285
-1111
171
1543
2993
4483
5902
7123
8071
8747
9159
9273
9037
8454
7587
6489
5169
3638
1940
129
-1725
-3499
-5060
-6355
-7384
-8121
-8499
-8510
-8213
-7685
-6991
-6191
-5323
-4394
-3410
-2398
-1381
-349
700
1738
2689
3510
4175
4658
4877
4759
4309
3619
2780
1824
775
-309
-1315
-2156
-2805
-3278
-3552
-3576
-3351
-2953
-2462
-1910
-1311
-705
-122
416
915
1392
1881
2410
2980
3593
4222
4822
5317
5629
5682
5429
4874
4077
3121
2080
1015
-15
-933
-1641
-2084
-2314
-2432
-2460
-2368
-2178
-1987
-1869
-1807
-1762
-1734
-1743
-1762
-1730
-1615
-1451
-1271
-1088
-906
-754
-645
-543
-399
-230
-99
-50
-60
-76
-83
-99
-138
-160
-99
63
271
447
584
734
939
1169
1326
1342
1251
1148
1068
967
818
654
522
421
304
130
-91
-298
-462
-623
-834
-1073
-1262
-1332
-1256
-1028
-656
-175
356
865
1301
1655
1957
2200
2336
2297
2055
1645
1139
619
134
-290
-635
-888
-1077
-1263
-1448
-1581
-1646
-1704
-1849
-2098
-2402
-2693
-2941
-3082
-3037
-2755
-2266
-1610
-810
93
1015
1862
2541
2986
3190
3200
3046
2711
2219
1659
1130
676
305
7
-219
-390
-572
-860
-1280
-1777
-2267
-2697
-3032
-3250
-3341
-3296
-3067
-2624
-1995
-1236
-372
576
1515
2304
2820
3051
3049
2886
2608
2284
1971
1696
1434
1158
903
715
592
462
263
15
-227
-441
-635
-820
-982
-1101
-1156
-1140
-1026
-768
-353
163
692
1183
1619
1982
2250
2369
2307
2089
1793
1484
1176
870
566
265
-37
-370
-774
-1247
-1707
-2074
-2340
-2536
-2659
-2671
-2525
-2213
-1803
-1370
-938
-472
3
416
727
976
1192
1350
1427
1425
1396
1365
1315
1194
974
669
312
-64
-427
-761
-1076
-1386
-1659
-1826
-1830
-1671
-1414
-1137
-885
-633
-351
-36
294
628
963
1309
1677
2050
2381
2635
2829
2966
3015
2932
2700
2331
1852
1298
699
105
-429
-882
-1278
-1644
-1962
-2192
-2333
-2380
-2355
-2269
-2157
-2030
-1896
-1766
-1634
-1464
-1203
-845
-417
31
481
913
1286
1542
1644
1598
1432
1154
758
265
-251
-714
-1107
-1462
-1787
-2064
-2286
-2465
-2600
-2663
-2631
-2526
-2387
-2232
-2021
-1716
-1312
-827
-279
341
1027
1759
2484
3119
3605
3898
3980
3873
3627
3283
2863
2390
1908
1456
1062
737
482
282
111
-55
-249
-495
-797
-1121
-1439
-1689
-1809
-1783
-1681
-1575
-1466
-1297
-1005
-582
-80
402
798
1093
1299
1396
1388
1321
1237
1139
986
756
467
178
-76
-301
-538
-803
-1076
-1346
-1606
-1829
-1954
-1955
-1837
-1611
-1307
-985
-714
-474
-209
102
405
633
779
871
949
1040
1154
1268
1362
1466
1614
1799
1934
1953
1853
1684
1484
1256
986
650
269
-128
-523
-921
-1296
-1591
-1769
-1823
-1802
-1750
-1683
-1561
-1358
-1082
-770
-467
-194
37
236
394
510
588
661
750
851
924
935
882
790
690
599
507
381
195
-21
-200
-304
-359
-414
-486
-553
-605
-650
-697
-732
-734
-696
-612
-470
-277
-74
83
182
250
326
420
539
663
758
786
737
609
417
169
-87
-300
-465
-631
-828
-1015
-1146
-1205
-1199
-1121
-988
-858
-783
-760
-756
-750
-734
-697
-635
-569
-492
-386
-236
-45
196
497
814
1093
1301
1451
1553
1606
1603
1536
1403
1224
1038
873
723
570
420
290
187
68
-90
-259
-383
-447
-484
-524
-560
-559
-493
-388
-309
-268
-218
-106
38
121
111
30
-69
-169
-273
-385
-485
-541
-539
-487
-410
-325
-238
-154
-85
-65
-121
-237
-393
-565
-725
-824
-831
-753
-614
-421
-182
86
373
685
1001
1282
1474
1557
1572
1565
1551
1521
1486
1468
1451
1393
1284
1145
997
839
688
561
440
288
91
-120
-298
-419
-493
-554
-598
-596
-549
-506
-497
-522
-575
-659
-752
-822
-881
-932
-957
-919
-823
-689
-539
-388
-248
-157
-168
-307
-524
-752
-987
-1243
-1491
-1675
-1764
-1759
-1683
-1575
-1457
-1308
-1091
-809
-511
-233
35
316
598
842
1031
1200
1389
1587
1750
1833
1825
1741
1628
1523
1430
1327
1192
1030
859
707
574
434
267
101
-37
-159
-313
-506
-692
-791
-778
-692
-591
-492
-368
-208
-32
121
241
316
342
303
224
127
36
-48
-132
-236
-390
-607
-871
-1126
-1313
-1411
-1438
-1424
-1383
-1312
-1211
-1081
-934
-789
-653
-509
-340
-143
67
271
457
615
747
874
1017
1169
1296
1367
1394
1397
1394
1388
1404
1448
1459
1350
1103
802
536
321
127
-56
-230
-384
-528
-651
-742
-789
-777
-693
-537
-336
-139
23
159
295
438
562
620
597
525
449
403
373
317
201
32
-143
-295
-426
-560
-699
-823
-913
-960
-964
-931
-869
-797
-735
-678
-593
-442
-230
-4
187
337
466
600
737
849
912
934
939
915
833
700
574
479
382
247
72
-128
-352
-582
-777
-908
-989
-1065
-1154
-1232
-1266
-1243
-1155
-994
-778
-562
-380
-225
-68
88
221
304
320
283
259
315
458
622
757
860
940
975
928
803
627
425
215
15
-160
-319
-453
-534
-511
-372
-158
56
242
439
673
908
1084
1194
1280
1375
1459
1502
1485
1426
1351
1259
1124
941
726
488
203
-160
-616
-1155
-1713
-2202
-2548
-2753
-2852
-2872
-2805
-2620
-2321
-1968
-1638
-1356
-1098
-856
-648
-478
-321
-151
33
238
452
652
803
899
952
970
957
893
764
562
318
83
-106
-242
-329
-356
-306
-178
2
211
434
642
810
950
1081
1212
1330
1447
1588
1739
1852
1895
1881
1836
1765
1636
1399
1037
589
114
-358
-814
-1228
-1584
-1884
-2130
-2294
-2351
-2306
-2207
-2114
-2048
-1983
-1889
-1779
-1668
-1547
-1392
-1199
-985
-762
-521
-237
107
455
722
876
964
1043
1094
1089
1012
898
781
692
635
604
618
702
845
1004
1152
1273
1346
1343
1289
1215
1151
1111
1135
1232
1357
1445
1485
1514
1533
1504
1387
1180
905
588
250
-80
-397
-712
-1036
-1334
-1542
-1644
-1690
-1739
-1816
-1877
-1863
-1752
-1611
-1530
-1531
-1566
-1578
-1540
-1439
-1290
-1134
-1008
-908
-807
-697
-594
-513
-451
-399
-352
-298
-205
-42
179
406
595
748
891
1037
1172
1286
1386
1485
1585
1667
1717
1727
1724
1750
1804
1831
1767
1577
1281
917
545
208
-88
-377
-678
-968
-1175
-1258
-1227
-1149
-1089
-1055
-1028
-979
-930
-912
-930
-956
-960
-939
-899
-851
-800
-730
-634
-528
-465
-475
-557
-684
-826
-952
-1044
-1103
-1143
-1149
-1099
-983
-809
-580
-293
34
374
704
1014
1291
1521
1689
1793
1857
1924
2017
2131
2239
2313
2336
2297
2209
2068
1848
1522
1116
696
322
-2
-296
-568
-800
-971
-1083
-1149
-1200
-1262
-1331
-1378
-1356
-1245
-1077
-902
-750
-597
-419
-228
-53
83
160
163
78
-75
-255
-424
-555
-646
-700
-732
-737
-718
-681
-613
-504
-361
-218
-88
52
231
464
731
993
1219
1428
1657
1896
2084
2183
2209
2169
2047
1830
1554
1287
1071
898
715
475
156
-237
-659
-1032
-1311
-1526
-1750
-1992
-2181
-2242
-2162
-2000
-1817
-1635
-1427
-1161
-840
-493
-159
144
379
494
452
280
34
-221
-438
-599
-727
-853
-991
-1115
-1193
-1209
-1169
-1097
-1002
-877
-698
-468
-216
31
269
507
748
993
1255
1557
1896
2203
2369
2362
2260
2174
2120
2027
1822
1504
1145
807
509
218
-84
-381
-646
-859
-1026
-1175
-1327
-1491
-1628
-1697
-1667
-1525
-1291
-1018
-753
-523
-333
-202
-133
-112
-120
-159
-251
-403
-588
-768
-924
-1051
-1159
-1249
-1299
-1265
-1131
-919
-677
-468
-312
-184
-27
193
452
699
915
1146
1431
1743
1987
2110
2123
2065
1965
1846
1746
1680
1614
1488
1280
1032
791
568
358
161
-24
-201
-387
-586
-772
-904
-957
-943
-890
-801
-671
-506
-340
-194
-65
58
184
289
333
275
123
-87
-292
-446
-550
-630
-732
-856
-982
-1084
-1153
-1177
-1152
-1083
-980
-853
-705
-522
-279
41
415
802
1164
1491
1794
2055
2233
2279
2205
2063
1908
1753
1589
1395
1168
920
661
380
68
-255
-554
-811
-1058
-1329
-1636
-1942
-2174
-2255
-2170
-1978
-1743
-1492
-1211
-888
-530
-172
127
319
411
438
426
375
297
213
118
-12
-178
-341
-471
-586
-717
-875
-1052
-1236
-1404
-1507
-1512
-1414
-1220
-929
-560
-169
199
545
894
1258
1607
1895
2075
2126
2086
2004
1916
1826
1724
1622
1514
1374
1187
978
793
611
370
33
-344
-683
-941
-1111
-1217
-1285
-1336
-1357
-1336
-1285
-1225
-1149
-1019
-845
-679
-565
-482
-400
-324
-285
-285
-297
-297
-273
-232
-194
-186
-214
-254
-283
-301
-333
-387
-443
-483
-504
-506
-463
-343
-146
99
362
603
785
902
992
1083
1163
1206
1226
1233
1220
1199
1200
1234
1264
1257
1201
1097
939
738
526
336
185
81
-5
-109
-249
-385
-466
-484
-459
-416
-354
-273
-198
-142
-111
-112
-170
-285
-397
-448
-429
-382
-346
-337
-353
-387
-432
-489
-541
-550
-490
-387
-304
-275
-290
-302
-284
-217
-108
25
161
288
435
590
699
700
609
487
384
302
223
137
61
19
13
21
44
95
142
117
-6
-183
-353
-473
-512
-474
-406
-372
-384
-408
-414
-411
-404
-370
-303
-226
-177
-170
-199
-257
-334
-385
-364
-271
-162
-109
-127
-177
-204
-191
-158
-129
-109
-72
5
113
219
312
406
498
535
479
356
247
199
194
184
157
133
117
99
84
105
171
262
350
420
450
409
305
182
62
-75
-249
-424
-553
-619
-657
-691
-703
-672
-606
-571
-633
-792
-963
-1041
-1008
-929
-855
-761
-615
-441
-289
-162
-41
88
228
380
536
688
835
979
1094
1160
1150
1072
971
917
945
1019
1075
1072
1023
953
891
841
780
675
515
347
241
238
318
418
468
440
367
311
293
292
271
212
90
-93
-293
-438
-490
-500
-550
-671
-824
-946
-1017
-1048
-1055
-1047
-1043
-1053
-1069
-1047
-967
-848
-738
-663
-609
-557
-477
-351
-172
17
177
314
433
521
553
551
549
566
603
653
696
699
648
563
473
393
308
217
145
100
64
10
-41
-48
23
147
281
393
487
566
622
638
618
573
506
431
357
275
162
11
-155
-308
-436
-528
-594
-666
-792
-962
-1131
-1247
-1309
-1313
-1255
-1143
-995
-833
-658
-477
-283
-82
99
220
290
371
506
647
725
716
648
537
395
253
137
34
-89
-232
-370
-480
-555
-576
-539
-473
-426
-402
-360
-261
-105
63
194
275
343
451
604
749
833
843
802
733
668
614
543
414
238
46
-122
-236
-277
-301
-381
-530
-667
-723
-702
-662
-630
-589
-499
-345
-160
22
183
335
474
595
690
757
795
794
770
743
728
717
663
541
358
156
-31
-183
-294
-372
-431
-477
-523
-558
-562
-515
-428
-353
-320
-319
-307
-279
-244
-193
-104
21
154
275
370
432
465
475
446
367
267
212
214
210
146
22
-131
-278
-389
-447
-461
-442
-378
-256
-98
66
231
380
498
588
683
790
866
883
840
761
671
598
557
508
396
210
11
-144
-265
-387
-524
-647
-708
-698
-664
-675
-742
-810
-820
-772
-697
-619
-565
-546
-548
-523
-452
-341
-213
-109
-72
-114
-182
-229
-241
-229
-221
-247
-322
-426
-525
-622
-708
-737
-682
-568
-455
-371
-304
-221
-88
125
386
626
786
890
991
1097
1176
1203
1206
1196
1174
1132
1070
988
883
780
690
628
579
503
358
149
-48
-193
-299
-399
-479
-500
-448
-343
-238
-177
-165
-177
-200
-243
-338
-466
-592
-675
-715
-730
-729
-715
-707
-736
-803
-878
-936
-968
-966
-907
-784
-626
-491
-443
-492
-565
-568
-461
-299
-151
-56
-1
56
143
272
405
515
599
683
761
807
815
810
823
854
893
923
929
921
928
962
978
930
826
733
703
713
717
682
627
568
512
467
444
439
424
378
304
206
88
-11
-45
-21
16
42
62
60
18
-58
-126
-160
-172
-191
-244
-326
-406
-437
-402
-326
-256
-220
-218
-229
-228
-211
-194
-181
-177
-184
-225
-292
-357
-396
-408
-412
-417
-439
-475
-491
-461
-392
-326
-301
-326
-380
-427
-431
-370
-278
-194
-144
-119
-108
-106
-85
-43
-3
-8
-73
-175
-267
-304
-278
-213
-150
-116
-125
-164
-208
-232
-237
-233
-227
-214
-190
-144
-72
15
104
168
195
182
143
105
97
114
112
59
-27
-97
-134
-153
-156
-136
-108
-92
-85
-62
0
98
212
291
298
218
106
18
-4
45
148
270
367
409
413
416
438
457
443
386
295
213
175
171
160
138
141
167
166
105
23
-20
-15
-2
-18
-61
-89
-68
-24
0
-2
28
125
256
357
389
359
297
236
170
71
-78
-235
-336
-360
-331
-267
-161
-33
54
41
-36
-102
-131
-160
-203
-228
-205
-129
-25
70
133
186
260
347
397
388
358
359
396
437
461
468
457
433
402
374
344
299
224
128
48
7
-4
-28
-74
-128
-168
-188
-196
-194
-184
-172
-163
-162
-172
-199
-245
-299
-356
-400
-404
-354
-266
-193
-168
-192
-244
-306
-359
-409
-460
-494
-495
-478
-486
-516
-537
-532
-533
-562
-596
-589
-525
-447
-397
-362
-263
-64
152
263
249
217
250
335
408
432
411
367
339
353
402
439
431
392
345
296
243
201
197
227
247
218
143
62
4
-53
-141
-252
-330
-333
-287
-234
-199
-178
-173
-167
-122
-42
29
45
15
-22
-35
-46
-89
-163
-222
-225
-190
-168
-188
-232
-273
-302
-335
-371
-375
-314
-202
-86
-3
48
75
89
120
204
334
452
497
466
406
365
362
384
410
415
401
381
374
398
467
581
697
739
672
528
390
301
269
256
227
175
120
90
92
121
150
154
131
119
158
227
260
206
88
-27
-104
-139
-157
-183
-239
-307
