-246
-323
-379
-385
-328
-215
-61
64
106
66
-8
-81
-142
-178
-183
-149
-78
18
99
128
108
73
63
101
171
238
269
274
269
274
295
321
331
309
276
262
276
281
252
192
120
32
-68
-144
-136
-62
12
56
102
201
322
399
383
299
207
164
182
225
255
272
309
378
435
443
413
394
401
409
383
320
245
167
98
49
37
51
84
129
187
231
248
264
290
306
257
143
3
-100
-141
-125
-92
-76
-92
-115
-113
-77
-36
-13
-10
-3
21
46
60
48
30
17
25
49
85
118
133
118
68
0
-71
-112
-106
-56
-18
-19
-39
-35
-5
5
-11
-53
-99
-141
-161
-158
-157
-179
-217
-242
-250
-257
-280
-306
-327
-359
-408
-468
-523
-574
-620
-647
-647
-621
-587
-560
-547
-536
-508
-455
-386
-312
-249
-204
-175
-146
-108
-57
-4
32
26
-12
-54
-80
-89
-98
-116
-143
-155
-126
-50
32
78
77
58
60
87
102
75
26
8
61
161
253
282
230
125
15
-53
-80
-89
-104
-125
-134
-100
-14
84
134
113
56
21
35
99
192
286
365
424
461
481
499
510
492
433
372
360
399
445
452
418
370
332
314
299
278
245
217
216
265
344
404
396
314
203
111
65
60
82
122
175
240
288
301
264
179
56
-76
-159
-171
-135
-91
-31
59
156
210
198
140
52
-43
-116
-142
-135
-130
-127
-102
-54
-33
-65
-115
-125
-100
-67
-45
-37
-60
-119
-184
-226
-245
-262
-276
-270
-233
-165
-62
50
127
125
50
-40
-93
-94
-66
-48
-56
-74
-79
-71
-84
-140
-229
-316
-352
-311
-226
-173
-217
-347
-475
-525
-498
-457
-459
-503
-553
-555
-489
-396
-327
-295
-276
-259
-246
-227
-186
-145
-145
-192
-240
-239
-174
-56
75
163
177
124
47
-29
-89
-121
-114
-57
43
166
279
366
418
431
417
388
360
341
316
272
201
139
113
117
106
65
25
13
19
19
17
29
85
169
235
234
164
73
-2
-39
-32
20
99
180
249
312
355
353
274
134
5
-39
13
99
153
162
173
214
244
206
104
8
-28
-4
33
46
19
-38
-72
-49
12
69
102
129
147
142
109
71
52
70
112
117
47
-37
-31
68
144
117
14
-81
-129
-135
-121
-119
-137
-158
-150
-124
-88
-41
33
103
124
93
54
60
100
121
71
-32
-120
-131
-68
19
78
79
57
60
82
69
-7
-94
-125
-78
10
90
142
165
147
66
-68
-195
-243
-198
-116
-78
-124
-232
-343
-405
-400
-355
-316
-314
-351
-385
-384
-326
-211
-69
28
8
-98
-190
-195
-151
-113
-104
-109
-133
-158
-148
-89
-24
-6
-27
-36
7
92
181
247
271
243
182
122
90
81
87
112
166
229
260
235
182
134
96
55
27
46
101
156
172
146
102
66
42
-3
-90
-192
-255
-235
-153
-51
27
64
53
0
-76
-147
-185
-177
-123
-52
-13
-45
-138
-239
-303
-335
-346
-347
-294
-148
85
308
400
345
224
131
103
119
157
202
245
287
310
286
215
115
31
-21
-39
-40
-30
-20
-17
-13
24
92
154
162
119
75
63
85
103
83
47
61
166
323
453
512
487
385
250
158
147
183
191
153
98
49
15
-6
-18
-26
-40
-54
-67
-56
-8
57
108
108
56
-27
-93
-116
-98
-74
-76
-118
-200
-292
-349
-326
-238
-144
-97
-105
-146
-184
-192
-166
-135
-113
-91
-79
-102
-175
-279
-379
-457
-489
-463
-388
-303
-226
-151
-84
-48
-77
-142
-192
-151
-14
149
233
213
181
212
285
291
194
36
-85
-116
-50
53
134
180
223
248
179
-13
-253
-399
-370
-179
54
200
189
90
1
-15
31
93
135
104
-6
-171
-324
-408
-425
-416
-426
-432
-402
-334
-275
-257
-262
-259
-212
-123
-17
66
106
106
96
99
127
181
277
394
470
463
415
406
441
482
505
524
537
538
509
440
339
240
172
97
-23
-193
-329
-353
-248
-83
46
103
108
101
87
83
75
51
-15
-110
-221
-325
-378
-325
-162
21
117
76
-60
-211
-285
-251
-148
-83
-110
-197
-247
-229
-160
-105
-95
-122
-153
-131
-43
96
227
307
329
316
292
238
156
77
87
223
410
520
486
382
308
324
387
417
382
324
311
343
356
279
131
32
73
209
276
186
-2
-164
-256
-308
-336
-348
-345
-340
-328
-298
-244
-201
-173
-151
-99
-23
36
34
-28
-95
-106
-59
0
33
36
19
-13
-54
-130
-255
-409
-507
-518
-461
-388
-319
-279
-294
-356
-424
-445
-395
-294
-223
-230
-312
-386
-426
-434
-434
-405
-350
-271
-158
-19
74
50
-46
-101
-43
60
149
200
233
217
147
57
14
47
154
266
295
196
44
-24
51
211
318
294
151
37
81
299
546
662
577
357
143
67
138
242
259
190
148
222
403
558
550
348
72
-133
-207
-174
-84
20
117
191
219
169
43
-95
-152
-61
126
300
347
288
194
135
112
86
44
-10
-59
-111
-189
-268
-320
-327
-304
-264
-211
-141
-72
-40
-85
-192
-296
-361
-377
-359
-284
-156
1
126
157
75
-64
-137
-91
41
184
294
337
290
175
46
-54
-105
-89
-2
141
280
349
310
173
21
-82
-104
-113
-142
-169
-120
16
153
183
57
-137
-287
-296
-195
-91
-86
-178
-259
-215
-32
172
251
129
-124
-362
-454
-344
-105
116
195
116
-36
-155
-196
-179
-164
-181
-200
-177
-99
17
116
113
-41
-255
-345
-227
1
147
132
1
-150
-246
-255
-164
-10
153
241
220
118
32
50
169
289
289
180
71
52
102
146
137
103
95
134
172
165
103
39
23
88
194
238
175
58
-49
-136
-209
-192
-50
152
282
266
128
-26
-76
7
145
260
309
246
68
-127
-196
-127
9
135
213
183
47
-89
-125
-81
-44
-48
-56
-36
-3
-16
-127
-297
-417
-406
-315
-223
-138
-36
70
145
168
107
-55
-254
-332
-234
-53
70
106
87
16
-98
-197
-198
-101
54
176
183
19
-243
-479
-554
-410
-74
299
491
383
47
-292
-406
-213
135
388
373
122
-185
-329
-191
125
361
364
206
73
84
240
430
476
282
-15
-160
-54
165
319
353
277
120
-35
-75
29
147
167
107
53
24
3
-15
-28
-63
-74
16
160
187
24
-161
-191
-49
108
155
43
-132
-231
-197
-107
-33
41
111
95
-45
-197
-257
-217
-138
-30
74
119
118
110
78
-62
-287
-431
-384
-201
-29
75
128
145
118
52
-14
-58
-80
-98
-149
-245
-376
-483
-508
-411
-214
6
180
273
269
188
97
82
126
133
87
46
44
12
-89
-238
-386
-465
-391
-214
-132
-250
-382
-272
40
248
136
-185
-418
-342
3
374
522
381
109
-69
-32
142
275
307
310
385
487
514
398
143
-156
-337
-225
118
425
431
141
-230
-456
-477
-329
-49
299
528
424
9
-468
-732
-667
-302
230
646
700
382
-66
-359
-363
-87
280
490
392
113
-93
-78
56
96
-37
-187
-158
42
224
270
211
131
92
121
193
157
-52
-313
-387
-213
87
332
388
230
-17
-150
-85
84
245
385
442
313
-5
-310
-435
-386
-249
-52
171
304
261
85
-110
-207
-130
102
347
441
357
182
16
-112
-189
-209
-171
-101
-68
-126
-258
-346
-292
-131
-6
-27
-166
-292
-299
-181
-8
181
361
475
417
216
28
20
185
370
413
243
-46
-254
-262
-145
-69
-85
-130
-178
-245
-331
-393
-425
-424
-384
-319
-262
-248
-270
-327
-417
-478
-434
-255
-90
-97
-289
-459
-384
-60
275
355
123
-220
-418
-378
-223
-127
-128
-162
-171
-157
-118
-51
20
4
-149
-391
-558
-479
-168
169
272
78
-241
-423
-315
75
566
903
880
555
221
144
329
562
650
559
438
416
471
424
180
-115
-222
-81
115
116
-100
-346
-429
-348
-218
-88
79
287
459
533
560
653
863
1109
1217
1044
622
180
-10
149
475
668
547
193
-157
-349
-388
-376
-348
-280
-123
90
249
213
-85
-530
-869
-819
-334
341
782
733
258
-311
-600
-419
104
606
783
590
230
-68
-189
-214
-293
-484
-657
-647
-455
-222
-119
-220
-466
-659
-615
-347
-51
85
31
-110
-193
-139
-1
112
160
215
331
452
470
330
49
-283
-538
-606
-491
-300
-149
-113
-226
-459
-695
-765
-562
-143
299
528
407
22
-367
-527
-414
-153
117
303
360
320
231
128
-5
-149
-234
-200
-71
66
121
23
-194
-385
-426
-317
-158
6
155
222
182
118
195
454
776
982
983
809
611
530
551
514
309
60
-17
127
320
359
203
-20
-166
-218
-283
-452
-679
-819
-786
-659
-635
-803
-1019
-1038
-830
-639
-692
-942
-1164
-1214
-1119
-994
-951
-962
-886
-626
-318
-164
-171
-137
75
365
569
640
676
787
1020
1321
1594
1791
1971
2191
2379
2391
2173
1855
1626
1593
1711
1856
1934
1940
1881
1706
1312
629
-312
-1376
-2355
-3062
-3417
-3513
-3532
-3623
-3776
-3814
-3535
-2929
-2244
-1783
-1638
-1605
-1423
-1038
-653
-447
-291
154
1015
1945
2430
2261
1675
1098
792
734
676
441
82
-240
-462
-644
-758
-643
-156
643
1520
2251
2817
3377
4004
4537
4793
4883
5152
5803
6559
6694
5446
2792
-154
-1865
-1822
-1105
-1328
-3083
-5446
-6877
-6586
-5196
-4135
-4194
-4729
-4475
-3036
-1320
-482
-705
-1022
-323
1514
3446
4257
3688
2539
1747
1508
1324
683
-463
-1854
-3242
-4531
-5644
-6457
-6887
-6974
-6832
-6524
-5970
-4991
-3482
-1577
416
2220
3758
5088
6324
7529
8632
9413
9655
9405
8990
8731
8576
7953
6191
3262
125
-1997
-2759
-3037
-3981
-5844
-7813
-8801
-8432
-7326
-6482
-6275
-6094
-5094
-3266
-1486
-521
-212
259
1437
3083
4475
5069
4895
4362
3748
2975
1913
692
-503
-1765
-3300
-4978
-6357
-7135
-7409
-7444
-7356
-7014
-6144
-4609
-2650
-743
860
2275
3697
5125
6481
7764
8921
9774
10155
10076
9704
9244
8822
8249
6918
4322
849
-2178
-3636
-3702
-3681
-4749
-6889
-8907
-9446
-8206
-6279
-5121
-5057
-5016
-3829
-1581
517
1496
1621
2018
3426
5401
6776
6791
5740
4528
3760
3289
2534
1064
-1030
-3265
-5113
-6316
-6956
-7361
-7853
-8432
-8678
-8118
-6709
-4881
-3055
-1319
444
2251
3971
5511
6906
8248
9529
10567
11061
10817
9962
8970
8336
8063
7452
5571
2235
-1470
-3896
-4377
-3957
-4396
-6385
-8833
-9939
-8947
-6926
-5714
-5997
-6594
-5824
-3448
-890
378
366
342
1432
3578
5693
6644
6168
4936
3850
3250
2768
1758
-126
-2607
-4914
-6388
-6997
-7289
-7814
-8608
-9196
-8954
-7609
-5467
-3199
-1337
101
1462
3016
4706
6261
7510
8529
9508
10417
10886
10547
9563
8628
8212
7840
6356
3226
-555
-3172
-3789
-3483
-4131
-6443
-9223
-10556
-9648
-7592
-6279
-6488
-7081
-6359
-4041
-1522
-218
-42
283
1767
4185
6395
7371
7015
6052
5245
4785
4302
3277
1412
-1139
-3756
-5725
-6782
-7301
-7878
-8708
-9371
-9190
-7877
-5820
-3746
-2089
-710
818
2723
4794
6586
7816
8610
9339
10195
10942
11135
10568
9572
8795
8488
7925
5924
2261
-1611
-3807
-3986
-3722
-4809
-7424
-9957
-10518
-8750
-6283
-5230
-5997
-6867
-5947
-3247
-512
780
851
1147
2749
5303
7411
7941
7028
5757
5032
4774
4221
2760
404
-2316
-4750
-6479
-7500
-8155
-8810
-9465
-9704
-9034
-7367
-5169
-3119
-1566
-289
1172
3005
4946
6607
7847
8798
9628
10374
10895
10937
10305
9192
8163
7544
6760
4771
1381
-2109
-4097
-4441
-4581
-5913
-8312
-10321
-10571
-9078
-7319
-6835
-7562
-7802
-6160
-3180
-681
283
386
1060
3007
5607
7547
7964
7136
6058
5397
4873
3753
1698
-895
-3300
-5032
-6129
-6954
-7850
-8798
-9433
-9324
-8348
-6780
-5072
-3532
-2155
-725
901
2589
4086
5347
6561
7861
9133
10156
10769
10837
10286
9358
8568
8085
7217
5047
1716
-1373
-2955
-3294
-3849
-5683
-8336
-10188
-9970
-8117
-6529
-6658
-7831
-7974
-5968
-2832
-477
271
259
983
3129
5944
7930
8241
7362
6445
6101
5915
4998
2893
92
-2394
-3972
-4941
-5969
-7299
-8535
-9090
-8662
-7473
-6114
-5049
-4182
-3039
-1410
420
2051
3426
4772
6265
7840
9257
10317
10938
11087
10747
10107
9586
9267
8388
6044
2518
-625
-2178
-2641
-3558
-5752
-8503
-10250
-10043
-8512
-7387
-7773
-8833
-8662
-6482
-3562
-1754
-1465
-1411
-104
2626
5517
7099
6994
6155
5803
6224
6533
5635
3357
652
-1372
-2522
-3566
-5218
-7334
-9088
-9775
-9374
-8489
-7818
-7480
-6889
-5414
-3155
-860
913
2312
3864
5820
7915
9654
10740
11267
11531
11662
11607
11340
10799
9555
7121
3856
1023
-536
-1427
-2935
-5494
-8263
-10005
-10145
-9269
-8692
-9208
-10088
-9789
-7808
-5323
-3771
-3223
-2496
-565
2409
5261
6862
7062
6694
6683
7185
7514
6795
4756
2058
-253
-1731
-2937
-4665
-6942
-8986
-10042
-9989
-9327
-8703
-8376
-7926
-6646
-4375
-1830
135
1443
2774
4711
7107
9274
10653
11274
11590
11942
12247
12242
11732
10472
8185
5139
2339
599
-462
-1960
-4407
-7182
-9218
-9888
-9498
-9092
-9570
-10613
-10861
-9399
-6891
-4843
-3934
-3339
-1711
1329
4722
6939
7444
7130
7313
8356
9302
8840
6627
3670
1330
-2
-1161
-3144
-5911
-8384
-9539
-9374
-8783
-8620
-8879
-8780
-7566
-5287
-2819
-1021
120
1440
3616
6379
8771
10154
10778
11365
12208
12903
12921
12169
10826
8927
6547
4147
2278
836
-879
-3372
-6300
-8734
-9892
-9879
-9726
-10448
-11793
-12366
-11193
-8941
-7111
-6290
-5562
-3675
-453
2973
5247
6079
6430
7399
8992
10102
9625
7590
5114
3324
2258
945
-1423
-4480
-7021
-8223
-8394
-8482
-9070
-9861
-9990
-8831
-6615
-4300
-2664
-1499
108
2672
5671
8100
9502
10329
11264
12405
13229
13297
12636
11424
9654
7432
5226
3463
1889
-171
-2968
-5935
-8205
-9311
-9586
-9945
-11103
-12619
-13107
-11772
-9482
-7804
-7141
-6378
-4305
-993
2361
4593
5579
6181
7357
9143
10556
10482
8866
6788
5399
4643
3399
820
-2565
-5403
-6876
-7391
-7938
-9026
-10232
-10569
-9435
-7273
-5222
-3918
-2843
-1001
1800
4724
6855
8150
9282
10713
12128
12954
13010
12488
11422
9780
7854
6157
4730
3053
682
-2190
-4891
-6782
-7758
-8478
-9803
-11757
-13204
-13054
-11547
-10039
-9355
-8921
-7480
-4601
-1119
1690
3354
4468
5971
8097
10099
10898
10153
8625
7441
6910
6209
4324
1243
-1907
-3975
-4882
-5570
-6883
-8722
-10169
-10352
-9173
-7455
-6194
-5542
-4551
-2329
779
3521
5261
6609
8394
10480
11987
12492
12390
12098
11467
10306
8914
7672
6365
4508
2016
-686
-3096
-4861
-6048
-7291
-9249
-11569
-12970
-12730
-11609
-10881
-10744
-10206
-8356
-5410
-2382
-71
1573
3189
5291
7667
9506
10137
9743
9104
8702
8177
6848
4556
1874
-462
-2175
-3522
-4908
-6525
-8184
-9411
-9749
-9160
-8150
-7287
-6547
-5311
-3177
-548
1814
3710
5563
7601
9461
10790
11677
12262
12268
11552
10549
9768
8978
7551
5293
2651
241
-1556
-2893
-4531
-7122
-10155
-12170
-12451
-11938
-12021
-12736
-12787
-11176
-8366
-5623
-3687
-2179
-287
2312
5064
7052
7855
7984
8288
8987
9376
8628
6729
4498
2721
1377
-145
-2207
-4448
-6264
-7471
-8294
-8840
-8968
-8628
-7969
-7018
-5609
-3709
-1527
767
3128
5359
7129
8462
9747
11056
11803
11609
10963
10586
10361
9575
7860
5556
3251
1382
-98
-1875
-4570
-7700
-9923
-10671
-10858
-11608
-12725
-13025
-11841
-9797
-7942
-6598
-5156
-2979
-144
2620
4631
5827
6735
7849
9003
9482
8844
7489
6193
5230
4147
2472
322
-1726
-3300
-4556
-5879
-7248
-8143
-8133
-7409
-6521
-5676
-4573
-2863
-588
1802
3774
5189
6490
8166
9958
10998
10976
10584
10569
10673
10128
8643
6645
4746
3293
2051
292
-2428
-5490
-7726
-8800
-9544
-10815
-12339
-13056
-12387
-10865
-9389
-8198
-6792
-4730
-2133
438
2442
3758
4802
6079
7504
8372
8180
7256
6348
5739
5013
3713
1935
182
-1250
-2496
-3872
-5438
-6883
-7724
-7739
-7177
-6476
-5756
-4656
-2796
-337
2004
3589
4602
5845
7634
9183
9674
9437
9432
9798
9825
9057
7709
6190
4805
3621
2180
-124
-3069
-5533
-6908
-7838
-9234
-10968
-12097
-12005
-10995
-9782
-8737
-7641
-6051
-3795
-1230
962
2389
3389
4615
6137
7281
7471
6962
6437
6156
5738
4794
3443
2082
841
-457
-1933
-3458
-4854
-6011
-6737
-6803
-6262
-5529
-4895
-4098
-2650
-553
1535
2996
3982
5084
6389
7372
7856
8254
8759
8870
8289
7380
6569
5777
4771
3398
1529
-736
-2844
-4377
-5683
-7349
-9286
-10721
-11148
-10762
-10123
-9466
-8645
-7411
-5729
-3748
-1784
-159
1119
2416
3954
5346
6067
6173
6212
6391
6333
5628
4471
3364
2484
1478
54
-1571
-2928
-3903
-4698
-5315
-5458
-5059
-4468
-3920
-3130
-1717
141
1765
2796
3634
4770
5968
6656
6921
7354
7996
8277
8006
7547
7096
6429
5371
3894
2001
-75
-1863
-3286
-4849
-6847
-8739
-9760
-9876
-9715
-9670
-9492
-8771
-7474
-5854
-4115
-2459
-1040
251
1706
3269
4449
4957
5146
5477
5843
5727
4951
3935
3092
2294
1142
-352
-1725
-2676
-3402
-4124
-4668
-4713
-4321
-3869
-3451
-2728
-1428
169
1483
2323
3042
3928
4774
5343
5835
6484
7013
7109
6985
6978
6878
6238
5019
3516
1977
546
-769
-2283
-4294
-6483
-8037
-8607
-8707
-8985
-9374
-9304
-8486
-7190
-5829
-4584
-3393
-2079
-542
1025
2254
3006
3544
4137
4669
4797
4368
3635
3004
2562
1953
849
-545
-1680
-2366
-2917
-3572
-4082
-4080
-3622
-3091
-2646
-2060
-1073
228
1461
2383
3057
3674
4233
4780
5475
6285
6735
6553
6160
6079
6161
5799
4774
3368
1940
643
-541
-1883
-3662
-5710
-7271
-7828
-7765
-7921
-8495
-8829
-8302
-7027
-5613
-4445
-3449
-2282
-812
739
1993
2803
3347
3875
4395
4647
4398
3776
3160
2702
2142
1219
133
-680
-1078
-1326
-1624
-1867
-1858
-1647
-1392
-1113
-674
37
983
1963
2737
3166
3299
3348
3697
4549
5523
5912
5606
5303
5545
5980
5871
4960
3536
2061
870
-51
-1216
-3051
-5147
-6472
-6702
-6703
-7415
-8528
-8920
-8078
-6677
-5573
-4862
-4029
-2726
-1148
283
1276
1875
2360
2992
3639
3864
3427
2708
2289
2219
1945
1052
-149
-983
-1240
-1338
-1669
-2093
-2208
-1927
-1495
-1167
-927
-527
267
1298
2096
2349
2280
2391
3026
4041
4871
5018
4685
4574
4966
5339
5060
4113
2891
1750
758
-270
-1709
-3608
-5396
-6356
-6578
-6855
-7628
-8353
-8235
-7223
-5988
-5048
-4297
-3376
-2163
-832
395
1345
2024
2573
3106
3473
3453
3076
2680
2493
2340
1825
852
-139
-636
-664
-742
-1171
-1679
-1778
-1386
-877
-633
-575
-260
546
1485
2052
2215
2405
2865
3513
4162
4672
4897
4882
4931
5194
5375
5048
4179
3036
1862
704
-490
-1853
-3389
-4835
-5796
-6254
-6604
-7116
-7501
-7305
-6510
-5522
-4632
-3771
-2785
-1653
-510
507
1317
1963
2523
2982
3235
3238
3072
2865
2641
2270
1601
714
-39
-386
-472
-680
-1115
-1461
-1404
-1041
-721
-581
-369
206
1038
1689
1939
2029
2302
2791
3359
3915
4370
4547
4468
4413
4560
4669
4350
3508
2381
1283
312
-667
-1885
-3324
-4657
-5534
-6010
-6413
-6893
-7181
-6962
-6236
-5304
-4417
-3573
-2612
-1476
-337
567
1198
1724
2250
2660
2794
2686
2459
2174
1778
1235
564
-96
-506
-567
-530
-749
-1200
-1460
-1263
-870
-710
-787
-669
-88
657
1091
1230
1473
1984
2479
2796
3103
3547
3931
4063
4044
4043
3983
3647
2980
2079
1055
-26
-1077
-2082
-3123
-4225
-5168
-5702
-5816
-5780
-5756
-5587
-4999
-4032
-3061
-2371
-1827
-1088
-101
826
1372
1594
1770
2070
2351
2386
2101
1655
1248
897
472
-69
-495
-613
-569
-715
-1091
-1350
-1184
-732
-385
-302
-227
113
663
1129
1435
1761
2228
2676
2930
3070
3283
3588
3842
3958
3935
3791
3515
3112
2531
1686
593
-540
-1557
-2546
-3620
-4579
-5082
-5105
-5007
-5060
-5087
-4717
-3870
-2887
-2114
-1565
-989
-235
596
1259
1600
1687
1748
1931
2115
2041
1623
1093
705
500
337
165
0
-169
-396
-622
-718
-636
-479
-328
-110
268
644
667
529
827
1866
2866
2900
2132
1645
2266
3662
4745
4641
3552
2623
2723
3279
3052
1713
110
-985
-1631
-2227
-2985
-3888
-4745
-5223
-5240
-5064
-4948
-4758
-4215
-3354
-2497
-1878
-1401
-823
-77
637
1043
1118
1111
1279
1548
1551
1113
513
135
27
-42
-225
-495
-774
-948
-952
-876
-913
-1049
-1024
-695
-265
-19
21
137
521
1118
1712
2151
2404
2575
2873
3393
3893
4013
3761
3514
3457
3257
2533
1356
200
-625
-1230
-1895
-2759
-3718
-4514
-4899
-4806
-4489
-4250
-4076
-3634
-2789
-1889
-1367
-1171
-856
-167
632
1065
1000
785
855
1229
1497
1323
838
415
243
203
103
-155
-490
-682
-597
-416
-425
-617
-700
-526
-287
-170
-57
261
725
1102
1406
1840
2418
2837
2963
3039
3362
3831
4048
3792
3251
2812
2575
2314
1697
689
-414
-1196
-1550
-1820
-2393
-3187
-3696
-3608
-3184
-2877
-2826
-2756
-2375
-1698
-1025
-628
-460
-270
127
631
974
979
771
654
747
780
456
-82
-374
-266
-134
-353
-793
-1037
-939
-750
-733
-884
-999
-931
-672
-303
40
223
258
405
908
1654
2221
2382
2344
2529
3054
3617
3760
3350
2674
2119
1802
1518
999
182
-675
-1255
-1490
-1660
-2013
-2479
-2737
-2612
-2269
-2065
-2126
-2211
-1965
-1381
-864
-749
-876
-743
-169
440
520
45
-442
-449
-121
-32
-510
-1235
-1615
-1428
-1035
-940
-1235
-1542
-1444
-987
-611
-680
-1093
-1390
-1196
-549
125
397
260
156
528
1346
2162
2543
2491
2378
2522
2859
3016
2752
2208
1774
1663
1681
1464
895
265
-78
-89
-67
-283
-692
-1026
-1095
-988
-946
-1064
-1177
-1084
-822
-622
-588
-572
-410
-189
-129
-314
-591
-760
-778
-798
-940
-1107
-1067
-808
-601
-669
-890
-945
-757
-571
-649
-906
-1020
-839
-541
-381
-348
-251
31
406
719
922
1099
1398
1876
2415
2795
2895
2771
2635
2614
2673
2631
2369
1917
1466
1193
1136
1145
1037
760
416
163
55
5
-142
-440
-746
-856
-753
-672
-851
-1171
-1260
-961
-625
-726
-1289
-1848
-1983
-1733
-1483
-1502
-1722
-1911
-1928
-1791
-1574
-1399
-1378
-1530
-1684
-1630
-1344
-1061
-1029
-1207
-1306
-1086
-599
-143
67
96
250
667
1197
1590
1805
1991
2220
2440
2527
2444
2236
2021
1897
1850
1751
1535
1288
1194
1255
1274
1114
890
802
840
793
533
120
-283
-535
-595
-552
-673
-1096
-1644
-1861
-1602
-1199
-1196
-1667
-2153
-2147
-1645
-1155
-1156
-1636
-2114
-2107
-1602
-1089
-1054
-1484
-1892
-1826
-1287
-701
-479
-637
-800
-658
-270
75
272
450
752
1143
1514
1798
2003
2129
2148
2045
1912
1884
1981
2070
1967
1677
1387
1315
1445
1576
1586
1546
1488
1331
1083
956
1001
939
475
-234
-749
-802
-563
-441
-782
-1616
-2557
-3014
-2611
-1579
-707
-760
-1719
-2687
-2651
-1468
-31
504
-300
-1788
-2769
-2515
-1361
-327
-215
-954
-1747
-1774
-880
289
873
556
-134
-322
408
1632
2450
2329
1532
870
1012
1908
2855
3045
2315
1266
711
995
1730
2206
1978
1356
1005
1192
1513
1533
1306
1106
1011
886
657
352
33
-186
-302
-402
-659
-1049
-1389
-1471
-1281
-1089
-1196
-1595
-1903
-1867
-1622
-1564
-1830
-2242
-2450
-2297
-1979
-1910
-2256
-2672
-2621
-1975
-1190
-783
-874
-1068
-942
-379
327
799
841
624
449
634
1194
1859
2226
2024
1434
884
847
1323
1904
2058
1668
1079
804
1089
1687
2127
2042
1519
928
675
808
1061
1126
982
812
613
146
-648
-1392
-1558
-1072
-396
-168
-655
-1554
-2170
-1963
-1030
-105
-26
-937
-2105
-2599
-2145
-1379
-1007
-1281
-1848
-2287
-2341
-2001
-1432
-864
-506
-424
-526
-557
-289
244
767
1000
1010
1005
1068
1059
942
983
1387
2058
2511
2443
1950
1539
1590
2041
2455
2497
2207
1855
1612
1454
1243
957
788
902
1103
870
-51
-1166
-1668
-1216
-306
189
-173
-1142
-1976
-2080
-1412
-464
15
-283
-1156
-1940
-2268
-2118
-1788
-1572
-1637
-1919
-2070
-1907
-1525
-1257
-1152
-1027
-707
-342
-211
-389
-627
-650
-325
261
884
1105
766
282
362
1122
1916
2167
1796
1333
1190
1646
2421
2866
2496
1498
777
929
1806
2501
2350
1394
407
19
257
558
494
47
-481
-831
-912
-745
-562
-536
-827
-1265
-1615
-1652
-1378
-1103
-1168
-1671
-2218
-2286
-1774
-1095
-815
-1125
-1735
-2129
-1938
-1309
-613
-199
-20
-10
-95
-248
-354
-183
309
970
1343
1225
777
523
717
1245
1706
1864
1767
1617
1566
1599
1713
1964
2278
2382
2064
1421
864
620
679
738
550
76
-415
-672
-710
-759
-948
-1171
-1347
-1403
-1376
-1238
-1159
-1193
-1357
-1472
-1484
-1464
-1521
-1635
-1702
-1682
-1710
-1847
-1926
-1741
-1242
-815
-672
-824
-838
-551
-54
310
418
418
440
573
743
924
1016
1057
1115
1314
1497
1598
1615
1660
1747
1733
1674
1626
1744
1949
2078
2015
1745
1465
1201
1082
984
873
584
127
-400
-847
-1011
-889
-646
-668
-1080
-1680
-2053
-2068
-1770
-1534
-1480
-1679
-1790
-1687
-1486
-1506
-1782
-1979
-1798
-1305
-846
-640
-650
-686
-622
-387
-81
168
164
64
-20
158
510
976
1326
1456
1413
1374
1495
1648
1709
1656
1663
1859
2101
2219
2060
1772
1573
1550
1673
1698
1588
1219
764
405
337
456
404
-13
-722
-1344
-1604
-1400
-1033
-885
-1163
-1607
-1828
-1686
-1426
-1337
-1489
-1755
-1966
-2030
-1891
-1603
-1314
-1179
-1269
-1484
-1573
-1368
-931
-570
-422
-370
-213
8
179
271
358
530
806
1169
1401
1380
1236
1337
1812
2377
2672
2535
2121
1696
1508
1660
1966
2166
2030
1662
1274
1078
966
795
469
135
-146
-293
-405
-525
-768
-1067
-1265
-1335
-1333
-1509
-1736
-1926
-1880
-1743
-1624
-1602
-1648
-1720
-1876
-2139
-2422
-2488
-2235
-1760
-1325
-1078
-1039
-1045
-940
-668
-361
-178
-114
-96
70
317
662
977
1271
1402
1435
1448
1599
1767
1928
2049
2192
2268
2311
2360
2447
2422
2172
1736
1295
1086
1142
1300
1257
901
324
-198
-537
-646
-694
-756
-958
-1243
-1534
-1649
-1571
-1440
-1448
-1661
-1907
-2016
-1943
-1756
-1606
-1481
-1408
-1443
-1494
-1515
-1335
-1066
-804
-690
-739
-812
-681
-309
102
266
207
131
275
569
974
1308
1577
1730
1787
1794
1814
1962
2218
2416
2459
2302
2145
2094
2249
2451
2491
2289
1898
1493
1121
916
778
629
296
-174
-667
-1028
-1147
-1114
-1132
-1380
-1735
-1965
-2003
-1934
-1911
-1922
-2013
-2125
-2165
-2008
-1713
-1503
-1479
-1533
-1496
-1343
-1197
-1056
-884
-682
-555
-632
-764
-845
-686
-332
139
543
724
747
807
1032
1319
1530
1685
1838
2018
2139
2172
2068
1969
1979
2163
2260
2177
1954
1826
1764
1635
1350
921
555
302
193
-39
-496
-1070
-1420
-1398
-1219
-1234
-1556
-1989
-2325
-2444
-2414
-2246
-2137
-2135
-2267
-2295
-2124
-1830
-1635
-1675
-1777
-1747
-1474
-1164
-1008
-1028
-1085
-1034
-837
-554
-272
-151
-131
-98
91
401
754
1092
1345
1499
1621
1764
1906
1975
2047
2196
2431
2647
2730
2706
2634
2679
2715
2639
2286
1829
1364
1032
821
710
570
263
-177
-632
-919
-1050
-1073
-1115
-1232
-1434
-1606
-1664
-1566
-1471
-1498
-1682
-1902
-2008
-1964
-1810
-1694
-1631
-1638
-1589
-1568
-1540
-1503
-1337
-1096
-940
-906
-870
-668
-332
63
408
693
857
959
1058
1229
1462
1774
2106
2424
2592
2659
2611
2541
2527
2646
2789
2698
2311
1801
1443
1305
1275
1176
921
579
301
90
-108
-374
-598
-765
-877
-1015
-1172
-1350
-1531
-1707
-1835
-1893
-1831
-1692
-1547
-1508
-1585
-1736
-1840
-1848
-1781
-1743
-1763
-1741
-1650
-1453
-1312
-1174
-1079
-899
-689
-497
-376
-283
-94
282
753
1167
1369
1468
1632
1911
2224
2402
2446
2384
2340
2347
2457
2581
2617
2387
1931
1410
1062
873
727
493
268
97
-18
-242
-591
-956
-1141
-1134
-1081
-1172
-1417
-1679
-1855
-1891
-1816
-1668
-1593
-1674
-1864
-2014
-2039
-1936
-1766
-1643
-1660
-1733
-1702
-1543
-1407
-1366
-1311
-1126
-874
-651
-443
-217
43
274
496
663
766
886
1104
1459
1785
1978
2030
2127
2414
2855
3159
3066
2621
2184
1995
2006
1957
1761
1524
1321
1194
1002
766
454
157
-93
-325
-539
-788
-1004
-1208
-1323
-1395
-1429
-1476
-1473
-1459
-1488
-1620
-1715
-1689
-1552
-1384
-1255
-1191
-1300
-1550
-1770
-1741
-1417
-976
-631
-477
-494
-569
-564
-339
37
404
588
659
734
953
1311
1756
2129
2291
2256
2153
2170
2302
2499
2588
2526
2348
2183
2071
1937
1718
1433
1145
835
467
79
-222
-360
-374
-415
-612
-945
-1258
-1412
-1429
-1423
-1458
-1539
-1641
-1733
-1743
-1702
-1641
-1693
-1822
-2038
-2196
-2188
-1937
-1603
-1401
-1400
-1467
-1444
-1346
-1209
-1097
-985
-904
-806
-623
-290
127
480
665
730
786
967
1246
1546
1740
1883
2024
2160
2233
2223
2190
2133
2012
1810
1531
1238
1002
933
990
1030
906
656
349
44
-259
-489
-599
-614
-638
-740
-919
-1098
-1213
-1196
-1103
-1049
-1132
-1314
-1434
-1424
-1298
-1140
-1035
-1087
-1272
-1448
-1440
-1279
-1080
-998
-1048
-1197
-1267
-1164
-906
-672
-516
-399
-175
115
433
673
845
960
1048
1215
1474
1802
2006
2083
2063
2106
2210
2315
2312
2222
2099
1971
1694
1286
933
844
908
819
523
182
-33
-158
-281
-388
-511
-630
-756
-832
-860
-922
-1010
-1087
-1030
-911
-808
-883
-1036
-1204
-1206
-1079
-885
-746
-715
-728
-804
-920
-1082
-1141
-1029
-775
-546
-427
-405
-329
-131
144
366
520
667
872
1093
1264
1369
1402
1407
1402
1446
1546
1645
1661
1543
1330
1124
957
913
913
943
838
616
322
104
15
11
-43
-211
-453
-688
-846
-960
-991
-1012
-998
-1012
-1000
-1051
-1123
-1235
-1288
-1333
-1375
-1384
-1337
-1230
-1155
-1127
-1161
-1193
-1257
-1269
-1231
-1048
-843
-711
-695
-702
-564
-260
154
453
571
504
506
586
803
970
1108
1187
1332
1497
1531
1317
1002
860
950
1141
1222
1168
929
632
363
326
419
538
486
297
61
-169
-382
-606
-733
-692
-538
-461
-546
-690
-730
-661
-577
-535
-551
-623
-734
-814
-866
-912
-973
-944
-817
-666
-635
-712
-742
-620
-358
-168
-99
-186
-202
-136
120
436
763
942
962
887
832
902
1090
1326
1481
1478
1378
1284
1279
1342
1377
1329
1179
994
836
744
722
697
564
319
57
-37
-18
27
-79
-266
-477
-545
-529
-490
-533
-631
-709
-754
-721
-618
-495
-428
-517
-679
-844
-968
-1027
-1073
-1056
-1129
-1242
-1379
-1273
-959
-562
-276
-171
-158
-235
-259
-159
85
314
391
385
458
628
847
983
1087
1084
1020
878
738
670
697
857
988
1048
897
687
511
502
565
554
413
172
-23
-196
-324
-482
-577
-571
-514
-520
-647
-752
-713
-540
-391
-365
-471
-556
-598
-553
-586
-662
-812
-905
-935
-811
-653
-533
-547
-632
-676
-719
-656
-598
-452
-398
-331
-316
-255
-177
-23
208
413
517
526
576
799
1113
1377
1424
1300
1103
908
866
934
1126
1121
925
564
308
224
278
353
340
226
17
-181
-282
-240
-152
-131
-253
-422
-574
-592
-542
-446
-378
-353
-386
-535
-689
-826
-874
-932
-1004
-1017
-972
-807
-666
-582
-551
-454
-242
-80
-21
-87
-113
-78
68
261
424
480
505
525
596
600
594
625
714
891
954
941
729
572
525
672
821
800
618
383
307
343
425
402
300
197
196
220
192
65
-18
75
259
433
403
291
81
-81
-240
-345
-409
-362
-243
-165
-212
-345
-431
-435
-344
-258
-246
-405
-578
-646
-505
-253
4
207
243
117
-121
-279
-254
-78
128
224
190
143
169
288
401
419
372
198
60
-48
1
66
142
104
-27
-238
-431
-487
-488
-454
-497
-542
-572
-552
-521
-454
-425
-410
-451
-407
-264
-68
-6
-66
-123
-64
68
82
-48
-317
-506
-544
-474
-438
-475
-463
-381
-305
-280
-264
-214
-217
-249
-227
-81
122
271
288
179
30
-9
120
369
568
630
512
298
95
19
192
502
834
948
804
493
206
171
275
401
382
281
104
-62
-118
13
198
258
156
11
17
183
434
498
328
31
-82
37
248
236
-14
-322
-402
-206
59
210
140
-32
-197
-250
-215
-146
-35
83
126
-4
-268
-489
-565
-420
-208
-62
-137
-249
-241
-95
46
146
277
422
505
476
338
150
26
-7
13
1
0
-42
-163
-331
-403
-336
-124
200
498
496
157
-246
-428
-328
-66
306
547
479
169
41
253
531
602
477
274
-44
-390
-542
-464
-370
-338
-275
-120
-75
-135
-185
-139
-95
-97
-40
48
56
-90
-245
-323
-334
-306
-225
-132
-94
-53
75
224
278
247
192
72
-118
-240
-214
-169
-181
-146
37
188
153
19
-21
0
-58
-185
-228
-148
-13
98
151
142
98
56
34
44
92
122
64
-42
-93
-83
-80
-98
-118
-210
-380
-487
-370
-148
-57
-134
-214
-188
-152
-174
-249
-353
-481
-553
-464
-233
-2
125
150
137
121
162
232
310
331
337
316
274
196
162
194
232
192
105
58
60
101
169
287
381
401
335
255
218
224
248
276
348
458
551
578
556
518
437
311
220
206
198
107
-11
-47
-31
-43
-102
-121
-124
-179
-278
-371
-373
-358
-338
-389
-492
-607
-693
-655
-507
-268
-123
-95
-105
-48
29
36
31
87
191
259
273
239
167
85
80
126
107
-7
-131
-142
-86
-15
0
-50
-104
-104
11
165
297
307
172
-45
-183
-150
44
269
432
435
319
203
198
264
269
180
34
-97
-214
-295
-323
-352
-440
-579
-645
-608
-546
-552
-575
-534
-398
-194
5
143
166
139
119
131
147
187
260
349
345
213
23
-68
22
203
339
321
195
32
-61
-40
73
177
158
15
-147
-225
-179
-54
118
287
405
447
413
324
183
28
-60
-24
86
143
84
-50
-162
-224
-237
-255
-310
-429
-553
-614
-598
-552
-491
-385
-246
-133
-98
-131
-169
-150
-37
142
285
360
357
328
251
159
98
88
111
88
38
-34
-51
-17
78
191
262
237
78
-148
-321
-332
-186
-7
88
93
72
77
112
157
155
80
-44
-120
-103
-18
56
76
37
-34
-133
-223
-260
-250
-252
-338
-469
-565
-545
-417
-276
-209
-247
-351
-408
-338
-90
167
279
218
142
183
294
409
482
531
514
424
329
329
435
576
662
643
505
322
189
160
177
143
69
62
221
457
585
506
301
134
68
99
192
313
423
456
431
393
380
349
239
53
-162
-310
-363
-309
-227
-164
-172
-276
-442
-611
-689
-674
-623
-595
-595
-579
-542
-503
-505
-525
-529
-486
-414
-347
-314
-311
-275
-157
32
228
326
273
83
-143
-293
-331
-251
-84
143
372
557
669
705
669
610
560
531
492
441
401
374
363
358
386
416
393
293
185
181
310
496
618
612
502
348
187
33
-133
-298
-448
-535
-548
-523
-508
-517
-549
-615
-713
-816
-899
-992
-1094
-1154
-1096
-923
-709
-545
-517
-631
-804
-904
-878
-781
-698
-653
-590
-477
-328
-217
-173
-174
-169
-150
-124
-54
78
253
391
471
520
570
634
676
663
584
534
655
955
1307
1511
1515
1386
1234
1128
1060
1018
969
920
878
871
897
912
866
700
445
174
-9
-77
-78
-52
-34
-25
-56
-126
-229
-333
-413
-454
-469
-477
-492
-502
-520
-562
-664
-797
-922
-982
-1000
-1004
-1004
-994
-979
-992
-1011
-988
-896
-761
-635
-536
-476
-441
-402
-333
-234
-124
-17
70
145
218
344
516
714
869
954
1008
1095
1257
1383
1389
1271
1159
1133
1170
1216
1240
1252
1234
1172
1072
971
881
798
695
577
438
311
245
283
390
458
407
252
76
-37
-49
-26
-55
-193
-368
-513
-631
-789
-1032
-1318
-1583
-1751
-1816
-1798
-1758
-1757
-1826
-1951
-2043
-2036
-1934
-1820
-1744
-1694
-1636
-1548
-1420
-1253
-1068
-927
-862
-861
-867
-820
-709
-560
-434
-347
-300
-272
-259
-240
-207
-137
-1
222
494
724
880
977
1091
1231
1394
1531
1628
1701
1800
1970
2182
2367
2452
2452
2429
2423
2405
2337
2218
2088
1990
1952
1932
1857
1669
1402
1143
938
789
645
496
322
110
-172
-488
-767
-961
-1111
-1271
-1451
-1650
-1846
-1999
-2057
-2033
-2006
-2014
-2023
-1979
-1879
-1767
-1678
-1637
-1656
-1737
-1864
-1981
-2041
-1994
-1865
-1694
-1539
-1408
-1312
-1226
-1111
-946
-749
-525
-254
92
473
793
987
1068
1145
1289
1484
1669
1797
1865
1875
1854
1862
1920
2019
2061
2029
1920
1822
1787
1836
1932
1991
1945
1791
1636
1542
1506
1440
1341
1241
1172
1121
1060
991
882
732
557
382
214
21
-162
-303
-362
-383
-411
-483
-619
-805
-1036
-1286
-1519
-1671
-1723
-1718
-1753
-1872
-2076
-2303
-2511
-2639
-2666
-2618
-2543
-2469
-2362
-2208
-1997
-1735
-1431
-1117
-875
-768
-813
-933
-1012
-975
-840
-720
-681
-731
-807
-844
-789
-648
-474
-306
-135
66
290
525
761
979
1134
1212
1245
1269
1309
1376
1464
1549
1591
1568
1487
1377
1274
1197
1179
1222
1302
1374
1391
1346
1254
1179
1155
1162
1135
1052
960
918
937
999
1073
1125
1111
1019
872
698
533
407
348
341
340
305
220
85
-87
-251
-367
-403
-387
-372
-406
-505
-653
-816
-954
-1053
-1101
-1130
-1169
-1254
-1366
-1468
-1529
-1560
-1588
-1604
-1589
-1500
-1339
-1117
-876
-648
-482
-410
-422
-502
-628
-768
-862
-873
-819
-716
-572
-426
-314
-236
-136
-15
100
206
317
454
565
647
728
854
1008
1140
1221
1241
1232
1223
1267
1344
1422
1468
1482
1463
1398
1304
1211
1170
1173
1193
1172
1093
968
848
775
742
712
660
589
505
396
267
144
61
9
-59
-183
-373
-582
-782
-947
-1082
-1150
-1132
-1024
-899
-830
-862
-982
-1124
-1251
-1313
-1331
-1317
-1295
-1263
-1213
-1145
-1063
-981
-940
-999
-1160
-1344
-1426
-1330
-1087
-793
-531
-322
-170
-94
-105
-191
-278
-312
-283
-244
-240
-276
-327
-372
-400
-395
-355
-273
-150
4
177
350
534
718
873
957
956
888
773
661
589
572
583
595
577
515
402
264
151
88
67
63
65
96
176
294
415
489
509
482
457
470
536
642
764
873
950
1010
1086
1175
1226
1204
1142
1098
1079
1044
965
880
837
845
848
794
677
525
396
323
305
320
358
414
441
412
330
238
144
40
-78
-203
-328
-474
-628
-793
-925
-1009
-1052
-1095
-1199
-1360
-1524
-1614
-1603
-1530
-1450
-1411
-1416
-1451
-1473
-1445
-1381
-1322
-1298
-1284
-1245
-1165
-1063
-948
-830
-708
-599
-517
-443
-324
-106
182
472
681
812
870
864
785
651
549
545
664
832
953
977
921
844
783
747
723
714
737
799
890
970
1018
1046
1082
1128
1162
1154
1086
972
837
707
589
512
483
488
469
393
291
202
136
72
4
-72
-165
-290
-408
-485
-509
-534
-616
-741
-847
-906
-970
-1081
-1202
-1281
-1314
-1330
-1328
-1300
-1265
-1251
-1265
-1299
-1345
-1389
-1416
-1421
-1409
-1352
-1235
-1086
-990
-987
-1040
-1061
-996
-858
-696
-574
-529
-537
-507
-371
-138
105
300
438
527
569
585
615
682
754
799
814
859
998
1227
1456
1595
1631
1631
1638
1659
1682
1713
1752
1777
1795
1808
1817
1794
1763
1778
1871
1992
2068
2083
2066
2031
1935
1749
1471
1159
888
732
688
660
537
291
-3
-255
-444
-615
-793
-962
-1089
-1144
-1120
-1048
-984
-987
-1074
-1241
-1457
-1676
-1832
-1876
-1843
-1803
-1817
-1871
-1943
-2018
-2096
-2181
-2255
-2288
-2227
-2064
-1867
-1717
-1656
-1641
-1601
-1473
-1256
-1010
-804
-656
-529
-383
-211
-28
143
290
409
522
620
708
806
955
1147
1321
1443
1521
1569
1571
1526
1442
1348
1265
1237
1272
1339
1380
1365
1304
1220
1145
1099
1069
1026
975
960
982
1003
997
952
859
692
469
248
81
-17
-73
-115
-172
-241
-323
-438
-600
-777
-889
-911
-890
-897
-948
-1024
-1076
-1074
-1060
-1122
-1310
-1550
-1707
-1681
-1501
-1296
-1193
-1198
-1192
-1077
-880
-713
-701
-849
-1024
-1058
-909
-711
-586
-531
-466
-365
-263
-191
-124
-43
67
195
311
375
369
337
370
506
659
704
628
571
656
878
1125
1301
1351
1288
1184
1146
1208
1271
1221
1073
964
1016
1231
1529
1773
1812
1619
1400
1399
1613
1781
1696
1410
1076
853
854
1076
1318
1350
1207
1129
1232
1342
1209
762
144
-452
-897
-1153
-1285
-1376
-1459
-1490
-1437
-1330
-1243
-1205
-1175
-1119
-1058
-1074
-1194
-1394
-1603
-1748
-1780
-1734
-1713
-1733
-1693
-1509
-1269
-1140
-1206
-1406
-1624
-1792
-1897
-1988
-2096
-2163
-2078
-1781
-1363
-983
-723
-523
-305
-92
61
145
207
281
402
628
981
1399
1794
2116
2348
2468
2491
2454
2392
2291
2098
1830
1537
1290
1098
979
989
1174
1472
1723
1809
1723
1562
1434
1403
1397
1290
1023
699
467
383
375
341
206
-53
-407
-794
-1157
-1498
-1867
-2293
-2700
-2965
-3051
-3036
-2984
-2878
-2687
-2460
-2287
-2206
-2192
-2196
-2154
-2011
-1752
-1420
-1062
-691
-318
-9
175
237
249
238
162
2
-181
-283
-271
-175
-45
106
278
475
675
849
991
1132
1342
1650
2038
2437
2789
3089
3387
3690
3920
3966
3799
3482
3122
2817
2639
2605
2640
2637
2518
2272
1918
1477
936
277
-482
-1285
-2080
-2820
-3415
-3802
-3982
-4016
-3948
-3812
-3634
-3429
-3213
-3043
-2958
-2915
-2801
-2545
-2128
-1562
-890
-167
583
1374
2183
2921
3439
3615
3404
2883
2191
1438
668
-111
-859
-1488
-1900
-2078
-2135
-2189
-2295
-2445
-2634
-2810
-2895
-2835
-2638
-2288
-1745
-1013
-151
788
1772
2698
3423
3869
4089
4204
4317
4446
4514
4441
4233
3970
3713
3471
3206
2862
2375
1732
983
192
-573
-1242
-1751
-2100
-2341
-2538
-2732
-2919
-3069
-3175
-3289
-3473
-3715
-3932
-3999
-3835
-3445
-2924
-2353
-1761
-1175
-678
-360
-233
-236
-243
-155
91
462
912
1399
1904
2361
2677
2792
2723
2513
2142
1554
772
-87
-909
-1657
-2304
-2800
-3112
-3273
-3320
-3236
-2985
-2618
-2200
-1795
-1427
-1125
-882
-628
-294
147
678
1320
2113
3019
3892
4597
5094
5430
5646
5774
5829
5785
5589
5228
4742
4216
3723
3276
2796
2182
1405
553
-240
-889
-1384
-1783
-2127
-2435
-2693
-2901
-3072
-3240
-3463
-3748
-4033
-4229
-4296
-4225
-4017
-3688
-3278
-2843
-2429
-2090
-1858
-1760
-1800
-1955
-2148
-2272
-2234
-1985
-1550
-992
-402
160
639
1006
1244
1338
1248
949
504
22
-427
-839
-1183
-1403
-1454
-1348
-1135
-860
-570
-278
20
329
588
738
786
813
908
1106
1432
1912
2567
3343
4128
4809
5314
5620
5752
5779
5724
5548
5181
4643
4037
3472
2970
2483
1976
1458
946
432
-99
-633
-1146
-1636
-2152
-2722
-3299
-3767
-4014
-4029
-3866
-3615
-3309
-2964
-2602
-2271
-2001
-1791
-1632
-1536
-1494
-1501
-1549
-1608
-1625
-1557
-1435
-1320
-1247
-1222
-1249
-1319
-1412
-1503
-1593
-1660
-1685
-1649
-1532
-1305
-973
-601
-269
-24
128
197
206
189
171
152
102
16
-76
-121
-96
-12
123
286
457
615
790
1015
1269
1486
1624
1733
1880
2091
2322
2510
2624
2664
2672
2665
2649
2590
2507
2438
2390
2315
2160
1941
1689
1429
1149
864
580
270
-89
-463
-769
-964
-1058
-1078
-1053
-1047
-1140
-1349
-1598
-1796
-1881
-1852
-1763
-1677
-1623
-1576
-1495
-1372
-1220
-1086
-1000
-977
-999
-1044
-1082
-1093
-1071
-1041
-1025
-1016
-984
-940
-916
-913
-898
-842
-757
-668
-585
-496
-389
-266
-123
18
115
108
-5
-170
-329
-471
-609
-714
-725
-604
-345
16
416
785
1112
1418
1698
1904
2008
2044
2056
2056
2046
2069
2170
2322
2447
2494
2483
2444
2373
2244
2038
1741
1325
798
208
-357
-805
-1080
-1191
-1216
-1233
-1276
-1320
-1355
-1403
-1484
-1592
-1686
-1748
-1785
-1809
-1795
-1690
-1460
-1115
-696
-255
156
495
742
896
958
946
873
780
694
615
512
365
226
178
259
409
532
569
517
401
241
64
-106
-250
-343
-363
-333
-268
-149
78
387
673
838
887
876
813
688
500
290
83
-77
-151
-120
-29
41
28
-73
-196
-274
-286
-279
-322
-458
-679
-938
-1195
-1421
-1609
-1745
-1823
-1851
-1849
-1815
-1723
-1573
-1417
-1331
-1350
-1449
-1564
-1658
-1723
-1762
-1758
-1667
-1449
-1099
-676
-294
-51
57
133
297
593
962
1290
1497
1591
1657
1758
1890
2001
2062
2089
2098
2094
2099
2153
2240
2278
2204
2042
1878
1747
1636
1516
1372
1219
1082
1000
967
947
889
776
617
443
298
221
198
151
19
-191
-419
-626
-818
-1003
-1161
-1271
-1327
-1327
-1277
-1207
-1159
-1161
-1194
-1234
-1298
-1396
-1496
-1556
-1590
-1633
-1683
-1688
-1619
-1458
-1223
-989
-858
-874
-971
-1053
-1058
-987
-866
-724
-574
-407
-202
39
290
497
644
776
940
1131
1288
1372
1389
1365
1315
1240
1165
1119
1110
1099
1053
1004
1011
1091
1196
1288
1350
1365
1305
1186
1061
961
882
803
716
642
615
661
772
901
999
1048
1065
1053
991
855
651
417
189
-21
-226
-457
-730
-1019
-1265
-1429
-1520
-1564
-1592
-1627
-1688
-1746
-1768
-1756
-1762
-1830
-1972
-2136
-2254
-2281
-2211
-2065
-1857
-1624
-1406
-1245
-1158
-1150
-1186
-1211
-1177
-1092
-989
-904
-835
-754
-610
-419
-240
-121
-38
58
186
316
403
445
476
530
598
656
712
807
968
1182
1418
1644
1833
1964
2022
2020
1976
1919
1865
1825
1804
1804
1809
1803
1786
1768
1739
1665
1531
1359
1188
1034
906
789
657
482
265
39
-145
-267
-342
-402
-442
-457
-456
-476
-545
-664
-818
-986
-1142
-1280
-1422
-1583
-1736
-1835
-1864
-1826
-1727
-1578
-1406
-1235
-1066
-912
-783
-690
-615
-541
-475
-433
-414
-369
-242
-23
241
478
654
765
834
871
877
843
763
663
558
467
366
254
176
192
312
468
602
690
769
857
958
1060
1165
1268
1351
1370
1305
1173
1018
888
793
732
677
619
554
501
463
424
357
256
141
32
-74
-200
-351
-502
-617
-695
-761
-848
-961
-1086
-1184
-1227
-1215
-1195
-1222
-1323
-1472
-1627
-1742
-1800
-1805
-1774
-1711
-1601
-1442
-1256
-1062
-863
-680
-552
-512
-551
-605
-610
-562
-506
-470
-440
-403
-369
-333
-261
-138
11
130
192
209
203
190
160
113
88
143
313
555
792
960
1050
1097
1157
1240
1288
1240
1110
978
914
936
1012
1102
1146
1120
1040
965
929
912
875
818
777
761
732
658
565
485
421
360
313
302
322
336
295
180
17
-135
-244
-319
-394
-489
-589
-652
-660
-631
-613
-642
-724
-838
-949
-1018
-1006
-902
-741
-585
-467
-410
-405
-419
-413
-374
-303
-193
-36
134
271
362
426
472
496
498
480
437
366
299
263
260
281
297
274
177
28
-85
-101
-12
119
230
278
273
254
246
238
200
120
19
-71
-111
-90
-30
23
43
39
29
8
-34
-95
-154
-188
-184
-157
-148
-184
-247
-296
-314
-297
-237
-133
-21
45
50
25
1
-27
-68
-123
-178
-220
-249
-259
-224
-113
44
161
154
5
-230
-465
-619
-675
-669
-669
-681
-671
-609
-508
-413
-342
-283
-190
-54
75
126
92
39
34
67
71
10
-93
-180
-231
-228
-147
25
247
417
474
430
359
328
364
431
457
403
300
207
171
200
258
290
257
184
122
113
151
208
262
295
299
247
130
-33
-191
-319
-399
-427
-396
-310
-201
-82
31
132
207
266
301
283
192
46
-85
-153
-152
-127
-104
-73
-15
41
45
-13
-83
-125
-142
-159
-186
-205
-202
-168
-100
-23
50
131
241
360
435
446
412
353
272
198
185
263
409
569
694
755
759
747
766
829
903
945
931
873
811
772
760
753
730
684
619
551
479
373
198
-30
-250
-405
-495
-578
-703
-860
-984
-1040
-1049
-1053
-1070
-1100
-1143
-1186
-1208
-1195
-1147
-1075
-1008
-981
-1009
-1064
-1092
-1065
-1009
-944
-859
-739
-609
-507
-459
-465
-518
-584
-630
-643
-643
-647
-640
-598
-515
-398
-223
16
272
459
532
536
548
617
737
870
963
1002
998
975
960
975
1039
1131
1218
1260
1253
1211
1149
1067
952
813
672
556
495
500
542
567
553
536
554
592
596
534
410
262
147
108
126
142
103
-7
-167
-345
-498
-616
-719
-834
-927
-944
-873
-773
-724
-767
-889
-1021
-1086
-1049
-958
-899
-929
-1025
-1105
-1096
-994
-865
-766
-707
-645
-538
-385
-211
-80
-40
-116
-273
-417
-452
-342
-139
56
181
236
268
327
425
510
509
407
285
245
323
486
692
898
1058
1157
1214
1260
1289
1287
1252
1218
1220
1259
1302
1321
1303
1233
1090
888
686
540
465
436
406
351
293
263
265
259
200
54
-174
-402
-526
-506
-426
-406
-500
-684
-860
-951
-926
-839
-784
-808
-888
-935
-903
-813
-737
-726
-783
-881
-965
-983
-900
-746
-586
-478
-447
-460
-473
-470
-470
-493
-533
-559
-543
-487
-416
-358
-307
-238
-147
-49
44
126
178
185
176
195
268
389
520
624
686
723
757
811
900
1021
1146
1217
1211
1158
1090
1001
870
718
588
507
470
458
450
425
376
292
194
103
43
-3
-68
-167
-277
-364
-428
-494
-590
-706
-804
-843
-801
-700
-596
-544
-562
-622
-699
-785
-896
-1038
-1189
-1315
-1369
-1338
-1239
-1082
-881
-672
-534
-505
-555
-619
-652
-647
-606
-531
-419
-256
-34
204
397
505
547
579
647
768
923
1078
1186
1212
1168
1110
1077
1059
1028
963
890
853
885
990
1113
1187
1169
1064
904
735
593
480
366
229
88
-6
-27
1
15
-20
-105
-193
-251
-253
-202
-133
-111
-170
-271
-357
-430
-526
-643
-719
-705
-610
-480
-342
-219
-150
-160
-247
-360
-442
-457
-416
-367
-330
-281
-199
-94
-4
43
41
3
-26
-18
33
101
162
204
231
257
313
405
497
535
506
426
320
237
225
283
344
347
288
199
115
56
16
-28
-83
-132
-156
-146
-112
-81
-80
-100
-100
-61
0
72
148
207
230
235
236
213
133
16
-100
-202
-306
-415
-495
-533
-558
-607
-680
-744
-779
-793
-797
-792
-783
-768
-725
-635
-525
-458
-474
-562
-658
-700
-668
-578
-463
-353
-255
-158
-70
-23
-47
-120
-190
-221
-190
-82
81
234
320
345
350
370
399
424
446
472
508
556
628
737
868
982
1030
995
905
809
753
756
812
864
853
768
664
599
576
554
505
452
446
510
601
647
608
502
365
229
116
12
-113
-284
-463
-579
-590
-530
-478
-493
-575
-683
-772
-827
-845
-835
-825
-850
-905
-932
-882
-778
-680
-648
-677
-719
-693
-564
-386
-260
-231
-247
-233
-162
-74
-11
9
-11
-42
-31
61
206
352
460
509
493
408
305
241
252
309
378
438
494
565
667
806
933
985
927
794
647
537
497
521
559
531
418
285
207
186
167
115
53
22
36
63
75
47
-32
-158
-302
-419
-472
-445
-367
-297
-277
-312
-384
-475
-567
-633
-644
-594
-517
-455
-433
-441
-462
-480
-480
-455
-412
-379
-381
-421
-476
-506
-487
-433
-391
-402
-446
-461
-412
-326
-261
-233
-208
-148
-54
44
124
186
238
290
337
367
371
362
368
394
424
455
505
582
656
674
598
451
270
102
-18
-55
-17
44
81
97
120
153
194
217
212
180
145
116
93
62
27
6
21
75
144
185
165
75
-68
-188
-214
-128
-12
55
36
-47
-155
-230
-229
-175
-134
-154
-181
-136
-4
148
252
291
304
314
340
363
339
240
101
9
22
107
171
147
45
-70
-138
-138
-77
12
65
32
-67
-161
-200
-176
-104
-19
5
-71
-189
-242
-184
-55
78
157
158
91
21
5
54
107
126
127
170
258
326
308
204
58
-97
-227
-304
-321
-306
-283
-256
-218
-173
-126
-81
-56
-75
-146
-223
-258
-233
-182
-160
-182
-227
-269
-277
-234
-147
-62
-28
-28
-9
57
151
217
198
60
-144
-285
-268
-108
99
273
360
342
247
153
130
181
248
265
204
98
26
62
187
305
331
253
137
59
60
134
234
306
321
287
229
148
26
-129
-260
-299
-233
-116
-35
-20
-57
-78
-62
-25
-7
-37
-122
-240
-339
-399
-419
-411
-362
-276
-174
-85
-33
-47
-148
-324
-511
-619
-606
-523
-458
-458
-495
-532
-544
-514
-416
-264
-123
-61
-93
-187
-293
-369
-370
-315
-259
-228
-192
-86
100
326
509
591
580
519
462
428
429
449
459
441
414
410
439
485
537
577
595
597
612
665
735
780
757
679
590
528
501
490
492
