54
76
127
117
26
-72
-100
-67
-26
9
69
150
179
90
-95
-264
-332
-309
-294
-331
-375
-378
-374
-430
-517
-544
-490
-441
-480
-572
-604
-517
-360
-227
-163
-155
-197
-286
-397
-459
-411
-264
-108
-48
-116
-242
-320
-299
-214
-112
-23
46
75
55
21
21
76
129
124
85
91
172
264
297
270
230
194
137
51
-12
0
72
122
90
19
3
81
174
183
94
6
18
113
194
202
152
96
45
-1
-7
63
189
313
374
357
299
271
309
362
353
272
174
95
18
-82
-182
-257
-292
-305
-295
-249
-181
-134
-154
-219
-273
-280
-250
-203
-128
-17
88
115
45
-39
-70
-32
29
88
134
147
108
4
-121
-188
-147
-28
71
99
82
88
130
173
172
122
64
37
55
95
144
183
188
134
15
-120
-205
-215
-174
-131
-87
-54
-42
-39
-5
75
147
165
131
98
116
183
256
285
293
336
411
426
313
139
57
115
212
195
41
-133
-188
-118
-52
-63
-90
-27
128
273
353
378
375
339
253
151
66
20
-13
-67
-127
-174
-197
-223
-253
-263
-257
-261
-294
-338
-339
-278
-203
-176
-177
-111
43
180
172
13
-155
-180
-38
121
132
-24
-199
-263
-243
-249
-331
-410
-401
-314
-224
-208
-281
-414
-526
-549
-490
-420
-387
-390
-392
-360
-292
-214
-160
-130
-89
-29
-5
-58
-139
-143
-49
20
-51
-207
-271
-171
-39
-35
-136
-175
-58
130
235
199
109
76
132
211
223
172
146
212
326
377
333
283
314
428
550
596
523
365
230
206
299
416
464
416
319
248
222
225
212
191
205
258
285
217
104
43
68
90
32
-85
-152
-93
57
167
137
-7
-167
-275
-334
-365
-356
-273
-125
-4
9
-52
-55
49
183
244
223
173
149
174
240
325
397
418
352
207
45
-71
-168
-288
-398
-396
-251
-83
-14
-55
-105
-81
8
93
111
88
112
215
298
250
95
-12
7
79
85
26
-3
39
110
132
84
1
-79
-130
-154
-170
-178
-160
-105
-49
-25
-13
24
91
148
172
165
130
78
34
48
108
134
47
-107
-175
-86
22
-68
-366
-608
-572
-317
-117
-143
-353
-559
-614
-488
-295
-200
-267
-415
-507
-476
-337
-169
-57
-27
-40
-37
0
36
39
17
-12
-74
-183
-251
-173
-3
55
-96
-308
-388
-288
-140
-84
-165
-292
-297
-130
79
157
103
51
88
189
273
297
235
126
54
65
110
137
172
260
340
289
115
-22
-2
112
163
103
-31
-174
-272
-255
-114
37
102
99
123
170
160
85
41
78
117
31
-188
-412
-460
-244
127
394
361
112
-77
-10
216
363
290
101
15
137
374
559
626
637
649
656
588
414
217
126
195
316
362
309
242
198
126
-11
-146
-151
-1
199
302
250
116
43
118
276
357
264
87
-12
14
49
-30
-162
-206
-133
-44
-54
-173
-345
-519
-633
-660
-611
-525
-382
-143
130
303
304
205
95
-3
-107
-220
-343
-450
-454
-339
-231
-294
-475
-576
-500
-364
-336
-421
-520
-518
-414
-275
-175
-136
-104
-15
109
196
213
195
147
53
-66
-125
-77
40
135
141
41
-128
-274
-320
-273
-210
-143
-6
224
447
536
443
195
-92
-226
-93
194
374
321
150
60
96
135
63
-99
-201
-158
-41
-8
-105
-203
-171
-57
-24
-109
-196
-208
-219
-326
-492
-571
-459
-175
158
387
444
379
299
232
118
-68
-251
-282
-120
153
395
529
569
557
537
521
522
532
541
541
531
507
468
436
417
406
383
329
229
110
45
87
198
250
160
-16
-139
-161
-144
-171
-253
-330
-319
-172
27
130
108
84
140
194
186
166
170
99
-118
-396
-541
-441
-142
150
215
-6
-322
-466
-354
-123
32
43
-71
-224
-318
-287
-187
-163
-279
-463
-574
-542
-405
-258
-180
-149
-111
-42
21
66
90
57
-71
-264
-422
-425
-245
45
310
443
416
281
167
176
275
328
244
51
-205
-464
-629
-589
-343
-10
279
451
480
371
194
41
-14
30
147
286
375
356
228
57
-86
-179
-214
-173
-36
150
305
379
368
251
10
-291
-489
-488
-368
-274
-250
-223
-151
-38
76
134
62
-133
-315
-354
-271
-186
-151
-135
-137
-212
-345
-417
-352
-219
-152
-196
-278
-304
-177
100
391
499
375
146
-37
-147
-227
-293
-316
-232
-30
214
360
331
195
46
-71
-163
-196
-115
66
240
293
247
235
374
610
755
615
162
-358
-605
-423
-16
309
396
317
162
-7
-139
-219
-283
-359
-355
-167
174
496
654
627
506
384
324
333
367
362
260
64
-141
-235
-154
29
161
114
-87
-261
-197
110
391
360
37
-258
-265
1
298
384
214
-28
-127
-60
41
107
170
211
141
-1
-56
31
118
55
-173
-459
-625
-515
-172
112
103
-134
-380
-515
-536
-394
-122
122
181
124
99
137
155
143
157
228
338
431
432
277
33
-161
-220
-215
-229
-250
-208
-131
-113
-175
-255
-284
-254
-168
-53
35
75
82
58
-43
-201
-279
-209
-91
-78
-179
-273
-280
-193
-93
-72
-159
-256
-259
-197
-143
-87
30
154
180
158
209
343
382
217
-34
-143
-4
272
431
266
-155
-509
-518
-230
53
95
-79
-288
-380
-314
-145
50
155
72
-195
-474
-517
-221
275
677
777
604
334
119
-10
-78
-96
-52
48
162
227
192
84
-23
-112
-216
-345
-399
-316
-169
-72
-56
-82
-172
-331
-426
-296
13
258
271
101
-102
-236
-227
-15
298
511
496
360
247
186
147
197
384
555
476
160
-77
-11
247
456
492
388
176
-16
-28
149
339
404
379
273
18
-342
-582
-524
-242
76
316
443
452
350
221
152
175
239
288
361
492
609
529
177
-282
-577
-521
-156
300
583
528
216
-150
-389
-459
-374
-173
11
69
-30
-172
-293
-341
-266
-69
135
179
39
-191
-389
-473
-405
-229
-64
-20
-70
-125
-146
-170
-198
-195
-140
-82
-102
-214
-359
-434
-437
-443
-522
-627
-680
-695
-711
-691
-548
-279
-24
77
2
-153
-253
-233
-146
-110
-186
-275
-223
2
260
364
267
87
-37
-60
-39
-38
-47
-40
-5
66
211
426
541
393
15
-333
-424
-205
262
778
1064
885
370
-100
-267
-196
-97
-21
36
48
-17
-104
-167
-233
-286
-288
-253
-258
-244
-121
28
7
-168
-248
-117
96
175
114
-14
-101
-147
-146
-84
44
189
214
91
-86
-206
-275
-310
-253
-38
221
364
322
228
226
392
638
764
588
141
-260
-323
-23
351
535
478
356
327
405
488
502
453
400
383
387
337
216
188
416
852
1204
1247
981
612
364
308
348
342
289
255
261
211
46
-164
-246
-172
-112
-232
-467
-612
-659
-672
-606
-334
61
262
123
-151
-256
-136
34
105
47
-121
-291
-302
-98
118
82
-239
-689
-1070
-1283
-1259
-1005
-636
-353
-269
-305
-285
-162
-105
-266
-591
-777
-618
-173
188
166
-185
-466
-337
150
545
440
-130
-678
-694
-116
690
1158
1012
382
-303
-636
-476
5
446
569
416
170
-53
-267
-391
-275
53
359
401
155
-226
-524
-583
-356
17
243
95
-344
-704
-710
-461
-236
-148
-118
-69
-19
5
36
120
301
526
626
453
80
-190
-159
123
406
523
448
269
93
-24
-80
-82
-52
-10
18
38
53
14
-107
-294
-464
-465
-147
440
944
997
656
327
245
279
256
253
349
394
174
-222
-470
-362
-34
184
93
-245
-563
-637
-421
-97
104
75
-114
-330
-448
-375
-106
168
235
79
-49
50
342
647
770
587
150
-257
-329
-101
147
207
165
162
219
248
195
87
-6
-52
-43
-10
61
112
82
-53
-174
-97
185
524
722
774
742
638
387
-8
-405
-637
-574
-240
133
250
30
-243
-258
25
341
405
199
-52
-170
-198
-267
-373
-499
-662
-758
-521
88
568
432
-232
-766
-771
-386
-16
173
237
269
234
38
-332
-672
-669
-236
332
570
330
-151
-486
-580
-554
-496
-348
-114
-1
-86
-202
-159
-42
-14
-75
-151
-253
-365
-331
-51
284
351
27
-448
-702
-481
155
865
1152
767
-30
-698
-893
-748
-574
-500
-473
-365
-136
193
447
417
129
-86
53
344
425
237
116
192
278
117
-251
-611
-726
-462
106
698
984
852
423
-54
-341
-367
-244
-166
-154
-105
-3
58
24
-5
60
272
590
886
943
718
433
336
352
225
-105
-325
-148
313
655
629
424
406
656
918
965
838
668
479
261
102
83
112
-18
-426
-950
-1230
-975
-304
358
635
492
85
-345
-528
-256
371
898
967
538
-42
-444
-421
-60
302
304
-50
-400
-479
-280
-71
-70
-323
-558
-430
67
492
366
-313
-1031
-1227
-730
80
614
548
48
-456
-656
-528
-238
1
117
152
142
54
-130
-245
-206
-70
10
-14
-87
-135
-80
65
188
164
6
-201
-397
-514
-454
-193
101
217
92
-281
-788
-1179
-1062
-400
364
731
640
399
204
38
-170
-325
-324
-129
123
225
67
-267
-548
-634
-494
-198
117
240
-33
-651
-1190
-1184
-580
179
649
742
650
552
515
508
416
189
-52
-124
-16
99
146
167
164
-3
-359
-711
-844
-695
-389
-25
294
536
646
582
386
171
135
282
449
417
187
-9
76
438
786
837
585
251
-5
-158
-197
-75
153
377
530
667
824
957
938
656
179
-268
-463
-376
-158
8
5
-124
-239
-209
-106
-82
-196
-319
-305
-159
47
207
263
210
113
30
-69
-216
-383
-565
-765
-936
-914
-595
-102
313
472
399
206
-35
-324
-571
-592
-289
182
505
479
126
-310
-548
-455
-138
200
499
816
1110
1187
887
314
-226
-467
-324
62
444
581
417
88
-208
-372
-405
-343
-209
-42
110
210
227
92
-209
-500
-520
-221
125
224
40
-240
-419
-403
-232
-68
-76
-266
-477
-540
-429
-246
-115
-69
-61
-41
-7
-6
-65
-175
-287
-324
-198
91
360
375
97
-236
-366
-278
-167
-171
-236
-222
-73
113
216
186
105
93
158
177
53
-112
-140
-7
140
158
13
-200
-334
-309
-247
-327
-533
-633
-446
-82
257
482
659
817
884
748
394
-59
-393
-465
-339
-187
-98
-31
32
-1
-201
-471
-635
-598
-463
-383
-440
-553
-579
-461
-263
-133
-114
-154
-159
-118
-46
73
254
475
668
788
820
765
660
581
606
757
973
1168
1286
1356
1455
1602
1698
1637
1452
1298
1256
1281
1304
1396
1637
1899
1823
1103
-142
-1467
-2450
-2984
-3133
-2952
-2535
-2094
-1843
-1838
-2012
-2307
-2621
-2739
-2467
-1826
-1053
-362
181
580
847
1004
1089
1134
1144
1129
1071
897
513
-105
-861
-1575
-2135
-2506
-2708
-2702
-2451
-2008
-1512
-1081
-685
-197
497
1385
2393
3444
4458
5270
5681
5639
5294
4899
4621
4520
4609
4857
5142
5144
4489
2961
696
-1873
-4165
-5660
-6141
-5810
-5169
-4666
-4522
-4737
-5185
-5629
-5756
-5305
-4156
-2401
-392
1341
2396
2785
2843
2933
3253
3837
4545
5052
4949
3979
2209
20
-2109
-3864
-5195
-6152
-6737
-6953
-6907
-6760
-6602
-6417
-6087
-5386
-4090
-2189
39
2152
3774
4722
5033
4928
4719
4723
5143
5975
6947
7636
7719
7144
6069
4720
3340
2216
1578
1523
1968
2603
2791
1836
-428
-3351
-5917
-7391
-7535
-6514
-4884
-3507
-3105
-3774
-4999
-6057
-6342
-5515
-3696
-1488
406
1582
2014
1907
1697
1941
3014
4784
6637
7762
7533
5842
3190
407
-1818
-3214
-3937
-4363
-4827
-5502
-6443
-7574
-8558
-8866
-8189
-6664
-4681
-2550
-535
1086
2153
2813
3408
4203
5257
6415
7399
7973
8144
8052
7780
7276
6540
5670
4797
4032
3448
3074
2864
2742
2518
1836
369
-1784
-4020
-5649
-6274
-5912
-4919
-3913
-3515
-4010
-5128
-6213
-6522
-5675
-3902
-1915
-462
171
231
249
666
1685
3274
5189
6934
7888
7630
6228
4204
2205
657
-398
-1217
-2161
-3483
-5184
-6939
-8194
-8496
-7841
-6649
-5455
-4609
-4187
-3895
-3181
-1661
477
2645
4340
5374
5746
5636
5444
5576
6098
6736
7086
6827
5783
4105
2351
1240
1161
1896
2779
3168
2822
1874
486
-1290
-3229
-4777
-5359
-4927
-4034
-3449
-3677
-4683
-5928
-6698
-6536
-5457
-3879
-2374
-1395
-1096
-1232
-1271
-718
519
2116
3671
4958
5849
6194
5944
5266
4405
3484
2410
997
-800
-2669
-4141
-5051
-5702
-6420
-7129
-7511
-7473
-7147
-6562
-5562
-4098
-2389
-743
612
1628
2471
3467
4745
6037
6944
7323
7280
6900
6248
5507
4953
4713
4680
4644
4403
3895
3251
2729
2494
2476
2420
1912
554
-1627
-3871
-5126
-4924
-3781
-2699
-2433
-3151
-4458
-5621
-5948
-5236
-3862
-2477
-1651
-1652
-2220
-2570
-1959
-365
1588
3334
4718
5730
6224
6057
5330
4364
3429
2506
1365
-84
-1605
-2867
-3837
-4804
-5957
-7007
-7445
-7123
-6408
-5670
-4912
-4025
-3059
-2074
-960
369
1811
3174
4274
4913
5036
4917
4947
5248
5625
5880
5901
5584
4904
4133
3660
3559
3479
3084
2480
2060
1986
1866
1066
-609
-2527
-3653
-3528
-2715
-2210
-2533
-3493
-4630
-5544
-5881
-5424
-4381
-3441
-3284
-3997
-4920
-5075
-3957
-1978
-37
1375
2486
3630
4681
5285
5370
5191
4936
4478
3534
2033
321
-1057
-1914
-2603
-3617
-4931
-5956
-6234
-6026
-5969
-6121
-5761
-4357
-2361
-744
131
696
1416
2235
2824
3080
3228
3575
4182
4735
4852
4516
4076
3804
3639
3483
3441
3625
3888
3969
3833
3765
4008
4354
4103
2720
592
-1101
-1500
-955
-543
-963
-2084
-3473
-4828
-5872
-6290
-6099
-5818
-6007
-6621
-7039
-6571
-5037
-2958
-1170
-28
977
2537
4568
6219
6802
6445
5790
5314
5006
4566
3818
2864
1797
416
-1529
-3798
-5577
-6191
-5806
-5275
-5214
-5394
-5205
-4563
-3998
-3800
-3523
-2586
-1094
296
1102
1407
1616
2105
2937
3808
4344
4559
4789
5211
5620
5803
5865
6063
6447
6795
6858
6598
6144
5530
4511
2835
746
-1038
-1955
-2199
-2498
-3416
-4929
-6613
-7972
-8657
-8591
-8116
-7788
-7864
-7956
-7396
-5907
-3897
-2028
-622
577
2035
3899
5811
7238
7937
8107
8082
7912
7334
6167
4614
3008
1453
-210
-2037
-3806
-5121
-5763
-5916
-6050
-6444
-6885
-7007
-6773
-6437
-6025
-5244
-3978
-2584
-1457
-563
432
1677
3026
4270
5250
5878
6237
6609
7184
7790
8067
7863
7356
6858
6582
6484
6286
5698
4690
3371
1705
-382
-2564
-4157
-4801
-4915
-5289
-6372
-7956
-9383
-9964
-9494
-8499
-7778
-7502
-7029
-5778
-3981
-2344
-1184
-222
1008
2738
4836
6845
8251
8864
8899
8657
8226
7542
6551
5281
3801
2208
601
-996
-2605
-4157
-5472
-6431
-7127
-7730
-8214
-8345
-7967
-7284
-6666
-6212
-5563
-4332
-2582
-784
681
1823
2896
4115
5478
6747
7640
8115
8420
8728
8915
8777
8406
8077
7842
7387
6427
5129
3983
3209
2396
929
-1256
-3476
-4966
-5671
-6277
-7355
-8670
-9473
-9342
-8537
-7584
-6815
-6309
-5982
-5635
-4952
-3663
-1735
488
2429
3761
4725
5815
7086
8059
8309
8016
7723
7673
7491
6553
4670
2360
379
-996
-2113
-3412
-4900
-6202
-7033
-7515
-8009
-8657
-9191
-9211
-8604
-7611
-6512
-5311
-3825
-2064
-325
1096
2261
3498
4990
6548
7756
8377
8555
8640
8781
8828
8599
8178
7750
7334
6812
6159
5460
4693
3674
2238
391
-1750
-3927
-5685
-6580
-6701
-6729
-7260
-8170
-8851
-8886
-8241
-7117
-5885
-5015
-4593
-4131
-3119
-1702
-476
264
842
1794
3356
5287
7017
7999
8066
7587
7087
6725
6199
5218
3910
2591
1315
-167
-2012
-3989
-5627
-6637
-7215
-7815
-8617
-9241
-9167
-8386
-7477
-6979
-6735
-6037
-4450
-2308
-331
1164
2416
3722
5031
6101
6885
7551
8236
8879
9276
9248
8793
8155
7604
7144
6550
5734
4871
4053
3059
1606
-287
-2308
-4102
-5456
-6288
-6659
-6765
-6888
-7205
-7613
-7737
-7239
-6226
-5228
-4688
-4420
-3858
-2755
-1506
-630
-111
570
1865
3675
5481
6790
7437
7563
7415
7216
6983
6491
5494
4071
2579
1244
-103
-1735
-3587
-5243
-6377
-7110
-7797
-8554
-9111
-9171
-8720
-7959
-7043
-6025
-4941
-3766
-2404
-840
770
2286
3746
5198
6465
7277
7606
7742
8023
8550
9116
9382
9190
8716
8233
7714
6872
5588
4152
2963
2047
966
-752
-3042
-5238
-6648
-7216
-7425
-7663
-7862
-7765
-7292
-6579
-5860
-5375
-5202
-5081
-4550
-3427
-2064
-984
-298
371
1413
2809
4234
5409
6236
6777
7151
7373
7176
6201
4475
2581
1136
168
-796
-2073
-3489
-4677
-5544
-6314
-7190
-8067
-8597
-8579
-8226
-7942
-7799
-7412
-6374
-4725
-2925
-1391
-183
959
2292
3824
5321
6540
7445
8165
8791
9230
9327
9101
8791
8626
8518
8083
7024
5452
3759
2261
1070
86
-983
-2462
-4264
-5757
-6351
-6206
-6090
-6450
-6886
-6700
-5749
-4587
-3873
-3843
-4192
-4321
-3773
-2598
-1316
-396
152
666
1441
2494
3627
4589
5232
5547
5613
5466
5037
4264
3251
2262
1453
711
-229
-1498
-2960
-4362
-5529
-6501
-7382
-8128
-8502
-8345
-7824
-7316
-6986
-6536
-5489
-3743
-1773
-166
1004
2154
3576
5054
6194
6902
7422
8001
8657
9170
9256
8808
8043
7307
6715
6073
5210
4242
3395
2717
2066
1283
258
-1009
-2283
-3136
-3395
-3400
-3654
-4236
-4754
-4839
-4498
-4082
-3982
-4323
-4805
-4925
-4482
-3790
-3281
-2990
-2566
-1709
-488
790
1875
2755
3560
4378
5106
5509
5397
4824
4056
3336
2645
1742
421
-1279
-3039
-4516
-5619
-6531
-7346
-7895
-7961
-7625
-7171
-6793
-6454
-5984
-5213
-4117
-2866
-1651
-467
790
2086
3189
3931
4398
4862
5523
6321
7009
7355
7310
7017
6709
6480
6203
5736
5229
4937
4844
4621
3973
2851
1390
-80
-1194
-1835
-2310
-2921
-3616
-4158
-4526
-4898
-5350
-5771
-6013
-6005
-5746
-5329
-4906
-4527
-4041
-3253
-2134
-806
662
2273
3893
5224
6054
6436
6494
6180
5375
4183
2958
2006
1264
371
-954
-2588
-4101
-5178
-5873
-6433
-6958
-7302
-7300
-6956
-6429
-5885
-5384
-4870
-4243
-3440
-2439
-1206
207
1536
2439
2869
3171
3716
4531
5386
6127
6763
7313
7746
8037
8180
8143
7904
7570
7265
6958
6447
5574
4328
2806
1212
-152
-1112
-1830
-2593
-3510
-4429
-5210
-5814
-6257
-6566
-6745
-6738
-6456
-5933
-5296
-4582
-3652
-2439
-1134
-31
813
1595
2462
3282
3822
4049
4117
4074
3747
2983
1841
594
-484
-1257
-1855
-2549
-3455
-4418
-5227
-5859
-6365
-6644
-6479
-5849
-5061
-4550
-4497
-4680
-4652
-4134
-3204
-2152
-1125
-46
1161
2365
3331
4017
4620
5363
6246
7087
7721
8129
8374
8477
8388
8080
7663
7297
6980
6528
5771
4692
3366
1890
419
-876
-1962
-2937
-3895
-4837
-5668
-6212
-6297
-5982
-5595
-5422
-5346
-5034
-4351
-3519
-2801
-2241
-1721
-1143
-479
213
804
1188
1418
1668
1969
2127
1930
1380
662
-72
-738
-1293
-1752
-2177
-2562
-2806
-2928
-3178
-3747
-4441
-4833
-4776
-4552
-4481
-4564
-4572
-4359
-3921
-3297
-2491
-1540
-470
695
1876
2887
3615
4187
4844
5650
6426
6984
7291
7461
7600
7702
7608
7160
6448
5788
5350
4934
4208
3148
2043
1139
409
-301
-1018
-1671
-2211
-2676
-3092
-3477
-3804
-4048
-4224
-4383
-4524
-4534
-4318
-3933
-3542
-3222
-2900
-2456
-1884
-1321
-923
-716
-551
-234
265
729
904
752
458
193
-36
-277
-542
-822
-1140
-1521
-1961
-2426
-2835
-3081
-3113
-3008
-2930
-2974
-3054
-2993
-2706
-2263
-1756
-1189
-505
316
1203
2044
2760
3375
3971
4560
5040
5349
5541
5713
5859
5917
5896
5845
5764
5638
5493
5350
5151
4824
4357
3786
3125
2365
1529
672
-168
-1043
-1984
-2900
-3621
-4116
-4481
-4782
-4981
-5056
-5045
-4969
-4828
-4648
-4478
-4268
-3893
-3310
-2658
-2118
-1697
-1198
-485
279
724
668
360
223
373
497
258
-294
-781
-946
-948
-1147
-1652
-2156
-2329
-2209
-2140
-2302
-2540
-2621
-2522
-2381
-2279
-2155
-1876
-1352
-615
150
750
1176
1627
2233
2878
3347
3608
3812
4068
4340
4572
4843
5265
5830
6374
6719
6794
6605
6205
5650
4990
4226
3340
2344
1269
131
-1022
-2039
-2805
-3383
-3940
-4492
-4904
-5136
-5315
-5524
-5626
-5448
-5028
-4592
-4257
-3894
-3348
-2672
-2049
-1517
-947
-268
374
767
850
760
695
748
830
763
493
180
-6
-141
-454
-1014
-1606
-2028
-2328
-2704
-3185
-3590
-3717
-3539
-3182
-2780
-2366
-1860
-1165
-328
445
984
1406
1986
2804
3655
4354
4993
5729
6492
7037
7275
7384
7561
7777
7856
7679
7231
6536
5669
4788
3951
3034
1937
818
-107
-921
-1844
-2816
-3522
-3877
-4156
-4610
-5178
-5675
-6013
-6139
-6024
-5775
-5607
-5484
-5124
-4393
-3581
-3034
-2675
-2147
-1275
-291
436
730
748
783
933
965
604
-83
-731
-1091
-1307
-1695
-2346
-3010
-3406
-3524
-3577
-3713
-3858
-3832
-3536
-3020
-2407
-1774
-1128
-439
306
1078
1826
2511
3138
3746
4341
4897
5392
5827
6180
6378
6393
6359
6480
6788
7053
7027
6645
5952
4997
3944
3077
2488
1934
1156
241
-584
-1282
-1992
-2758
-3511
-4199
-4764
-5130
-5313
-5477
-5706
-5873
-5808
-5529
-5171
-4768
-4235
-3556
-2863
-2258
-1672
-962
-162
474
723
680
681
884
1039
730
-124
-1075
-1570
-1515
-1382
-1668
-2340
-2936
-3097
-2920
-2739
-2710
-2673
-2376
-1779
-1091
-511
-11
542
1155
1693
2045
2274
2558
3020
3592
4059
4315
4520
4934
5552
6029
6068
5817
5703
5865
5958
5650
5070
4595
4279
3873
3262
2596
1975
1300
512
-331
-1169
-1977
-2638
-3074
-3439
-3977
-4643
-5125
-5267
-5228
-5185
-5085
-4817
-4419
-3987
-3519
-2977
-2389
-1848
-1360
-903
-500
-235
-151
-188
-276
-388
-529
-717
-969
-1288
-1616
-1845
-1908
-1846
-1762
-1694
-1593
-1418
-1218
-1059
-893
-616
-234
101
282
382
582
951
1372
1691
1887
2071
2327
2644
2959
3223
3471
3787
4169
4464
4524
4454
4517
4778
4982
4890
4591
4329
4133
3798
3251
2657
2136
1582
876
44
-832
-1691
-2404
-2846
-3135
-3543
-4101
-4534
-4670
-4689
-4808
-4946
-4883
-4597
-4267
-3995
-3725
-3373
-2920
-2378
-1795
-1298
-1014
-939
-964
-1005
-1036
-1024
-922
-760
-631
-603
-654
-738
-786
-740
-591
-416
-304
-261
-242
-226
-244
-291
-312
-267
-183
-125
-94
4
292
765
1275
1676
1972
2280
2707
3282
3947
4563
4996
5244
5424
5624
5751
5658
5405
5243
5248
5110
4547
3746
3097
2622
1949
957
-41
-701
-1089
-1481
-2064
-2825
-3655
-4398
-4926
-5276
-5602
-5953
-6152
-6026
-5622
-5135
-4687
-4273
-3828
-3297
-2647
-1904
-1200
-703
-479
-425
-370
-234
-80
-20
-70
-104
-1
173
220
65
-148
-230
-175
-115
-175
-345
-486
-479
-361
-314
-405
-516
-482
-284
1
330
722
1199
1731
2269
2758
3198
3652
4197
4810
5310
5543
5560
5626
5867
6113
6105
5802
5328
4758
4171
3678
3285
2741
1850
749
-248
-1061
-1836
-2663
-3504
-4299
-5036
-5627
-5992
-6151
-6239
-6314
-6293
-6049
-5576
-5004
-4493
-4045
-3526
-2829
-2030
-1324
-843
-574
-355
-22
447
856
987
837
627
538
503
313
-83
-455
-561
-490
-567
-929
-1343
-1486
-1335
-1173
-1241
-1463
-1554
-1353
-967
-594
-319
-51
359
1009
1803
2516
2989
3313
3737
4388
5114
5620
5805
5880
6109
6420
6477
6110
5522
4960
4434
3847
3222
2609
1905
999
-37
-969
-1697
-2297
-2883
-3509
-4197
-4960
-5703
-6288
-6648
-6832
-6879
-6761
-6442
-5940
-5312
-4622
-3927
-3245
-2511
-1645
-680
171
700
930
1111
1401
1679
1709
1458
1140
969
926
790
412
-96
-478
-670
-869
-1239
-1672
-1899
-1833
-1648
-1575
-1619
-1544
-1151
-504
106
503
776
1180
1852
2704
3528
4206
4793
5390
5993
6496
6779
6824
6756
6727
6721
6550
6097
5480
4835
4145
3366
2578
1884
1222
454
-455
-1412
-2341
-3221
-4017
-4679
-5234
-5774
-6295
-6646
-6715
-6591
-6432
-6261
-5956
-5386
-4571
-3688
-2976
-2463
-1938
-1189
-299
404
686
648
653
905
1226
1252
884
385
34
-188
-491
-932
-1303
-1397
-1328
-1422
-1823
-2301
-2503
-2315
-1929
-1625
-1487
-1325
-910
-246
422
913
1332
1921
2769
3675
4367
4769
5058
5450
5947
6346
6456
6294
6107
6100
6197
6118
5698
4991
4121
3217
2434
1858
1327
580
-452
-1535
-2421
-3086
-3686
-4314
-4911
-5389
-5726
-5947
-6077
-6178
-6322
-6465
-6426
-6042
-5343
-4519
-3737
-2985
-2137
-1162
-175
608
1042
1144
1138
1286
1589
1755
1520
990
505
251
72
-268
-762
-1151
-1242
-1142
-1148
-1421
-1826
-2093
-2078
-1877
-1628
-1348
-926
-342
276
780
1181
1639
2290
3109
3916
4550
4972
5292
5626
5998
6322
6439
6295
6022
5844
5776
5613
5169
4495
3738
2950
2082
1124
144
-786
-1615
-2313
-2888
-3420
-3983
-4578
-5116
-5504
-5697
-5715
-5627
-5534
-5500
-5451
-5220
-4718
-4041
-3356
-2723
-2096
-1413
-707
-77
388
695
945
1218
1501
1688
1689
1511
1234
937
609
207
-269
-723
-1057
-1250
-1393
-1563
-1736
-1837
-1855
-1843
-1791
-1620
-1255
-740
-199
277
705
1194
1800
2468
3096
3661
4188
4676
5082
5416
5706
5914
5927
5702
5353
5012
4693
4278
3711
3056
2428
1838
1179
359
-555
-1371
-1947
-2343
-2754
-3306
-3956
-4534
-4905
-5013
-4951
-4880
-4906
-4919
-4700
-4169
-3490
-2916
-2548
-2258
-1820
-1146
-390
149
313
216
142
268
540
756
742
475
80
-264
-475
-632
-881
-1248
-1625
-1892
-2037
-2117
-2175
-2209
-2202
-2130
-1965
-1702
-1360
-978
-577
-130
377
910
1406
1844
2269
2722
3217
3690
4053
4262
4405
4592
4803
4860
4611
4109
3610
3368
3388
3403
3061
2238
1165
255
-205
-296
-395
-827
-1594
-2340
-2717
-2658
-2430
-2341
-2461
-2606
-2538
-2179
-1631
-1059
-592
-285
-173
-214
-274
-168
145
497
622
416
33
-272
-387
-416
-525
-724
-884
-921
-947
-1130
-1456
-1707
-1701
-1506
-1352
-1392
-1510
-1495
-1272
-1006
-845
-754
-558
-198
194
441
525
637
918
1267
1407
1251
1054
1164
1666
2260
2552
2382
1971
1700
1807
2168
2405
2232
1686
1124
863
991
1289
1402
1089
386
-299
-567
-329
64
186
-126
-716
-1214
-1286
-795
-63
323
29
-653
-1026
-766
-123
297
159
-419
-1006
-1138
-735
-127
103
-279
-964
-1372
-1248
-830
-488
-426
-624
-998
-1365
-1514
-1367
-1079
-926
-1017
-1287
-1520
-1555
-1329
-953
-636
-548
-695
-906
-1007
-884
-555
-102
317
535
522
407
446
758
1205
1481
1356
907
451
325
565
875
879
497
0
-288
-222
56
345
455
346
71
-175
-196
117
567
819
655
224
-105
-22
479
1098
1398
1156
612
261
415
865
1230
1230
934
547
269
184
195
178
19
-321
-755
-1123
-1228
-1065
-758
-472
-360
-448
-650
-695
-494
-217
-117
-227
-385
-479
-496
-424
-227
97
420
629
680
704
788
912
927
757
557
493
574
554
277
-189
-632
-855
-865
-671
-432
-314
-446
-720
-845
-719
-386
-66
116
59
-115
-148
106
465
642
583
458
451
587
805
959
930
691
341
82
-56
-78
-118
-131
-110
-122
-249
-534
-721
-731
-600
-554
-655
-743
-712
-466
-204
-37
-47
-122
-135
-109
-48
-24
17
45
15
-75
-220
-248
-182
-27
72
134
206
313
430
473
446
313
207
118
65
-112
-413
-701
-772
-554
-245
-96
-221
-499
-661
-615
-350
-65
88
43
-141
-227
-195
-16
173
365
414
268
-28
-174
-33
285
528
571
525
396
233
-6
-220
-377
-440
-411
-387
-395
-404
-306
-137
12
73
109
187
375
560
639
528
353
268
289
352
397
390
314
107
-74
-40
232
555
654
518
168
-165
-362
-289
-90
59
46
-143
-353
-529
-577
-498
-274
54
296
369
205
-51
-298
-432
-414
-369
-299
-260
-162
-96
-114
-170
-127
139
485
822
1020
1095
960
636
305
189
344
550
564
358
95
17
98
267
344
325
254
201
219
209
217
277
472
618
580
340
89
-37
-18
124
275
387
341
128
-204
-490
-561
-431
-232
-145
-228
-439
-734
-971
-1105
-1075
-1007
-953
-940
-886
-755
-635
-575
-606
-585
-547
-478
-486
-513
-505
-433
-292
-209
-179
-230
-264
-267
-194
-34
213
420
447
262
47
-1
157
354
454
380
242
142
174
271
398
488
505
417
285
304
485
739
828
745
566
438
387
412
507
673
798
749
481
169
-2
73
241
369
361
288
195
80
-78
-260
-414
-506
-570
-669
-799
-921
-924
-847
-737
-688
-687
-691
-668
-592
-501
-443
-456
-518
-563
-558
-508
-466
-501
-594
-687
-639
-488
-327
-279
-344
-381
-370
-242
-180
-196
-354
-459
-392
-145
141
297
320
263
296
462
766
1051
1250
1312
1243
1054
860
845
978
1069
945
688
513
512
653
815
878
877
886
979
1050
999
880
787
760
686
526
348
246
248
291
318
315
278
301
349
423
392
253
15
-251
-491
-636
-705
-763
-886
-1079
-1282
-1465
-1541
-1493
-1343
-1216
-1205
-1311
-1435
-1459
-1368
-1223
-1152
-1189
-1298
-1385
-1393
-1318
-1166
-975
-779
-592
-379
-87
227
513
668
750
703
625
540
592
732
837
828
675
530
437
480
512
447
292
198
276
483
696
840
871
907
892
906
864
869
901
945
1031
1155
1373
1554
1581
1427
1205
1090
1088
1124
1080
885
555
176
-148
-398
-628
-852
-997
-1035
-1021
-1114
-1291
-1520
-1709
-1848
-1903
-1876
-1835
-1825
-1874
-1926
-1887
-1704
-1422
-1123
-835
-568
-399
-382
-464
-457
-277
80
395
551
484
346
300
392
553
603
519
352
203
90
-31
-154
-287
-358
-341
-224
-112
-84
-121
-96
72
380
691
882
929
892
900
1007
1222
1483
1691
1767
1665
1446
1255
1199
1279
1358
1324
1160
934
735
569
408
229
66
-33
-89
-160
-309
-507
-695
-825
-907
-973
-976
-939
-856
-809
-779
-734
-718
-706
-729
-628
-448
-209
-36
26
39
48
104
145
143
142
132
62
-53
-119
-54
-4
-98
-335
-599
-763
-765
-595
-369
-254
-326
-504
-681
-743
-649
-401
-120
101
211
265
306
405
581
810
1020
1135
1103
957
852
905
1051
1039
808
502
392
505
716
779
620
277
-71
-343
-485
-484
-352
-226
-264
-438
-615
-678
-679
-626
-578
-564
-590
-602
-546
-497
-543
-664
-781
-798
-718
-552
-363
-176
-41
4
-70
-256
-444
-554
-555
-529
-536
-537
-468
-383
-389
-548
-724
-769
-636
-418
-231
-165
-212
-319
-369
-335
-239
-114
40
245
448
591
605
540
501
559
642
660
613
588
623
700
748
740
657
570
550
632
721
703
588
516
582
710
726
562
306
108
32
53
93
121
155
204
240
194
94
27
35
83
75
31
-75
-214
-401
-515
-505
-420
-368
-411
-497
-555
-568
-519
-497
-489
-471
-332
-90
115
233
260
325
377
384
291
144
73
136
346
558
688
669
562
457
416
477
578
661
602
418
191
58
112
332
596
710
601
385
220
204
275
367
378
296
120
-88
-268
-359
-340
-287
-256
-297
-376
-457
-513
-525
-541
-579
-646
-714
-781
-857
-894
-856
-756
-718
-814
-980
-1062
-1010
-940
-990
-1153
-1278
-1236
-1062
-887
-760
-643
-492
-355
-246
-166
-118
-103
-98
-58
47
231
444
605
655
625
502
341
234
329
538
656
507
198
-61
-135
-58
52
125
162
202
301
469
646
761
802
816
841
904
1003
1100
1088
944
755
644
627
591
511
455
484
568
631
668
636
527
338
139
-37
-199
-352
-525
-724
-909
-1007
-974
-907
-893
-909
-851
-698
-578
-592
-678
-710
-662
-596
-562
-527
-450
-334
-162
-3
119
177
221
299
351
373
371
432
504
519
401
176
-80
-235
-235
-153
-141
-253
-426
-557
-588
-530
-430
-338
-215
-36
219
467
675
798
887
915
894
827
823
944
1110
1238
1241
1186
1044
888
800
821
922
948
924
781
550
268
26
-126
-308
-485
-627
-679
-681
-702
-727
-786
-885
-987
-1039
-923
-699
-480
-458
-609
-769
-760
-573
-331
-155
-94
-79
-68
0
58
122
209
299
310
108
-189
-460
-578
-601
-638
-757
-945
-1073
-1074
-962
-829
-697
-536
-358
-158
-40
11
5
54
197
332
390
325
289
324
469
625
749
800
795
751
672
597
570
593
592
495
370
289
281
236
77
-181
-479
-666
-722
-600
-464
-352
-338
-389
-476
-561
-596
-617
-662
-722
-737
-636
-472
-307
-155
60
354
625
759
759
726
719
761
750
693
520
335
142
21
-36
-58
-84
-174
-278
-368
-400
-411
-372
-310
-221
-191
-190
-207
-192
-177
-143
-66
46
179
267
282
184
73
95
314
621
865
960
940
853
766
655
549
411
329
274
226
113
-64
-206
-293
-269
-215
-101
-22
-8
-120
-336
-540
-693
-690
-621
-513
-446
-446
-395
-305
-103
49
162
160
107
86
134
230
262
210
110
-23
-129
-213
-227
-164
-66
64
131
206
269
351
370
308
205
129
116
150
199
209
99
-125
-375
-526
-547
-480
-353
-232
-149
-35
168
432
570
543
443
382
351
369
427
511
492
336
141
-34
-78
-44
143
349
489
456
269
14
-219
-356
-393
-384
-393
-488
-637
-757
-787
-736
-694
-657
-656
-642
-563
-398
-173
-32
47
27
-63
-204
-281
-174
54
268
392
434
444
412
371
380
414
439
360
254
87
-83
-316
-522
-677
-671
-543
-349
-240
-322
-482
-619
-498
-279
-23
35
-70
-325
-593
-688
-547
-217
76
238
311
380
446
484
446
459
484
589
647
678
675
613
530
450
474
567
562
463
195
-61
-301
-351
-193
-2
124
39
-17
-22
66
109
59
-6
-2
92
186
188
109
15
-30
36
140
272
368
498
630
664
583
367
190
94
144
245
179
-61
-438
-622
-612
-463
-376
-412
-482
-590
-702
-849
-876
-677
-311
19
77
-100
-373
-519
-442
-225
31
125
111
36
96
303
495
602
562
549
573
641
683
566
327
27
-118
-112
9
166
275
261
43
-183
-304
-189
-55
47
-33
-195
-437
-730
-1010
-1252
-1193
-910
-452
-121
46
166
278
510
658
758
714
611
492
312
104
-107
-188
-126
-40
-42
-159
-312
-344
-234
-2
70
-90
-464
-773
-919
-858
-722
-585
-521
-503
-480
-430
-363
-309
-228
-132
-55
-86
-178
-213
-125
11
79
54
-20
-50
6
214
493
727
792
646
440
261
231
228
135
-79
-316
-347
-255
-131
-168
-309
-385
-402
-275
-189
-54
65
213
370
401
368
296
432
718
1012
1121
999
744
452
263
186
294
458
641
626
423
151
-40
68
271
589
650
515
195
-71
-90
-102
-134
-311
-401
-347
-271
-184
-261
-342
-449
-422
-246
-72
26
-83
-167
-200
-155
-122
-175
-210
-229
-117
20
61
40
-19
83
139
179
130
54
-11
-132
-121
-120
-9
23
22
-77
-232
-283
-249
-96
-6
100
162
232
231
183
127
79
109
176
312
402
376
287
239
306
402
478
601
626
552
318
200
232
329
375
287
188
43
-65
-137
-137
-117
-157
-230
-288
-282
-329
-459
-640
-715
-617
-452
-327
-399
-614
-877
-972
-794
-519
-305
-304
-296
-265
-215
-214
-205
-93
-89
-164
-375
-464
-549
-553
-528
-481
-417
-395
-244
-129
-40
-141
-282
-410
-427
-283
-54
197
235
95
-177
-296
-141
183
464
453
319
200
255
374
491
607
685
752
766
721
620
432
310
208
250
329
419
503
494
493
338
217
90
57
19
-58
-155
-264
-347
-364
-342
-266
-218
-175
-139
-139
-93
-138
-137
-223
-226
-204
-99
5
42
4
-57
-57
7
55
62
50
94
186
232
252
249
340
423
497
481
393
290
214
203
175
97
-18
-119
-194
-203
-173
-95
-35
18
36
22
-2
0
87
245
387
444
453
557
709
756
618
436
435
612
860
937
827
555
266
65
-34
-91
-206
-372
-459
-448
-439
-563
-833
-1042
-1119
-960
-690
-396
-261
-373
-593
-763
-753
-679
-612
-623
-671
-756
-778
-684
-450
-209
-94
-97
-157
-191
-192
-105
61
194
173
20
-198
-404
-574
-589
-445
-242
-103
-73
-87
-135
-161
-186
-225
-283
-252
-82
128
235
192
107
60
134
376
729
1022
1062
809
415
140
190
459
713
792
772
740
652
554
496
522
457
292
98
-4
-32
-23
16
-20
-209
-525
-720
-718
-597
-543
-522
-512
-561
-671
-725
-561
-340
-214
-224
-212
-171
-88
36
211
288
170
-47
-187
-153
-6
210
360
356
167
-16
-86
-68
-109
-208
-277
-255
-127
30
123
74
-7
46
281
574
788
872
856
779
708
685
667
592
448
355
395
559
717
825
882
886
819
735
705
698
634
527
475
463
416
230
-19
-258
-306
-232
-171
-311
-541
-643
-561
-400
-326
-355
-466
-585
-642
-620
-582
-600
-675
-740
-795
-819
-787
-647
-470
-347
-268
-203
-139
-156
-243
-354
-435
-437
-349
-216
-146
-210
-340
-429
-409
-289
-149
-39
-34
-117
-218
-275
-290
-284
-215
-67
58
113
154
292
503
643
653
529
389
280
285
326
350
294
234
238
281
337
349
383
384
391
384
383
357
241
87
-57
-82
-23
52
96
122
160
191
203
177
112
10
-76
-120
-137
-171
-217
-268
-316
-414
-517
-593
-545
-391
-215
-102
-49
48
125
84
-167
-448
-617
-651
-654
-685
-703
-688
-644
-592
-522
-410
-271
-142
-103
-138
-212
-288
-349
-370
-259
-76
121
213
251
273
300
338
373
451
509
532
499
498
604
776
895
833
642
474
502
690
893
939
829
607
352
120
13
67
155
168
71
8
14
89
144
146
92
20
-6
1
35
76
139
182
171
110
75
69
67
-4
-123
-239
-304
-288
-251
-216
-225
-258
-332
-452
-585
-663
-642
-566
-500
-453
-397
-299
-186
-113
-108
-187
-273
-318
-274
-166
-26
114
207
230
218
199
203
169
120
99
171
294
381
401
374
332
263
162
53
-52
-141
-205
-203
-125
-47
-58
-166
-286
-364
-405
-413
-401
-375
-369
-379
-386
-361
-292
-191
-91
2
75
139
175
165
136
105
131
181
241
252
227
142
7
-209
-424
-554
-526
-397
-277
-191
-155
-137
-181
-215
-199
-92
10
32
-35
-110
-85
48
215
289
238
110
0
-41
31
192
382
493
485
416
343
309
288
284
264
202
79
-76
-177
-160
-14
183
323
347
279
179
108
57
76
151
265
324
298
234
187
192
229
294
349
352
265
137
29
-16
-19
38
175
334
417
363
237
132
108
146
176
161
113
85
75
19
-73
-127
-68
58
133
105
-32
-195
-355
-454
-478
-401
-248
-103
-49
-106
-193
-235
-214
-201
-239
-335
-410
-427
-349
-209
-66
1
-44
-146
-238
-236
-161
-49
6
-35
-156
-292
-348
-318
-202
-83
-43
-117
-248
-333
-356
-331
-276
-192
-96
-13
47
71
62
47
66
111
151
175
192
205
196
174
155
177
231
277
291
304
387
517
597
522
291
-1
-268
-472
-620
-713
-759
-765
-717
-622
-500
-412
-382
-385
-335
-163
93
323
399
326
186
71
18
-26
-92
-148
-126
-19
89
140
170
211
234
165
39
-7
92
282
413
423
338
217
135
93
92
87
60
25
-12
-60
-139
-182
-109
97
318
411
345
186
37
-69
-133
-147
-86
25
123
169
180
189
202
223
236
242
254
293
318
268
142
35
-4
-15
-36
-34
25
93
130
134
146
142
94
-16
-146
-234
-241
-184
-128
-119
-150
-178
-162
-118
-84
-98
-148
-205
-246
-257
-266
-292
-321
-284
-157
-3
94
101
58
18
-10
-38
-87
-149
-198
-218
-174
-86
5
33
-42
-168
-262
-184
48
306
370
215
-34
-208
-239
-151
20
185
285
295
279
287
320
341
310
215
101
30
64
166
242
194
63
-27
16
164
314
379
330
197
37
-79
-139
-150
-140
-144
-178
-216
-187
-70
75
151
107
-5
-98
-103
-36
40
77
61
-10
-105
-197
-232
-181
-42
99
142
51
-87
-159
-119
-5
88
59
-108
-305
-411
-404
-389
-426
-511
-571
-603
-605
-587
-515
-388
-246
-174
-183
-216
-183
-79
24
65
23
-36
-55
8
125
262
376
460
515
552
602
664
696
626
440
218
78
66
125
125
-1
-213
-377
-413
-346
-252
-165
-86
-43
-69
-144
-180
-130
-45
-1
-1
26
122
271
413
492
466
333
155
35
41
146
260
301
238
66
-147
-291
-268
-108
51
99
27
-86
-176
-187
-88
87
202
139
-73
-279
-351
-308
-241
-231
-256
-272
-220
-94
100
310
472
556
583
601
618
666
742
820
816
690
456
199
0
-75
-23
106
219
254
211
140
80
30
-3
-13
22
75
119
107
43
-29
-46
-11
8
-14
-29
31
122
141
25
-144
-223
-157
-24
35
-48
-238
-436
-575
-636
-632
-596
-569
-601
-675
-729
-708
-633
-553
-512
-507
-529
-519
-430
-254
-85
-26
-135
-368
-622
-773
-736
-543
-301
-153
-139
-201
-229
-145
34
208
271
209
103
20
-16
-27
-9
12
4
-2
32
117
208
279
312
300
242
177
144
163
221
266
269
239
229
276
376
490
568
580
541
474
404
335
290
279
273
218
91
-72
-234
-345
-398
-376
-336
-307
-298
-285
-259
-222
-173
-120
-83
-78
-82
-52
28
95
44
-147
-361
-465
-421
-306
-194
-119
-76
-40
30
117
178
157
113
108
186
286
338
305
227
163
122
112
141
232
360
497
645
790
871
827
688
566
546
630
739
788
740
617
463
342
293
333
390
398
353
318
339
383
396
346
240
110
-6
-85
-121
-141
-209
-368
-572
-714
-749
-740
-748
-754
-713
-643
-613
-658
-767
-867
-918
-907
-888
-894
-930
-956
-949
-904
-837
-768
-703
-617
-491
-352
-241
-177
-149
-166
-224
-284
-258
-133
44
202
345
485
608
668
654
630
644
720
803
892
1000
1139
1228
1167
948
695
540
519
559
606
637
636
577
465
375
364
419
472
483
461
388
236
8
-200
-314
-356
-433
-587
-766
-889
-929
-949
-1004
-1115
-1215
-1230
-1153
-1052
-1000
-1011
-1052
-1102
-1160
-1225
-1266
-1245
-1135
-971
-818
-721
-674
-630
-540
-412
-284
-195
-128
-40
84
216
333
426
499
541
587
693
886
1132
1350
1485
1515
1479
1414
1380
1382
1437
1505
1535
1458
1267
1042
885
849
881
909
886
821
763
741
755
765
718
613
492
414
356
276
160
40
-64
-177
-329
-519
-727
-911
-1042
-1104
-1163
-1285
-1478
-1656
-1752
-1770
-1766
-1781
-1811
-1836
-1798
-1676
-1482
-1274
-1111
-1025
-1006
-987
-895
-717
-515
-339
-177
12
213
393
536
669
827
1017
1237
1458
1639
1747
1772
1752
1717
1699
1687
1642
1529
1379
1268
1228
1206
1148
1052
959
867
733
568
426
356
315
270
225
216
195
82
-156
-466
-747
-911
-936
-909
-942
-1080
-1272
-1461
-1609
-1718
-1784
-1827
-1878
-1978
-2142
-2314
-2397
-2346
-2202
-2025
-1841
-1645
-1440
-1230
-1032
-877
-759
-645
-508
-363
-196
26
292
556
795
1052
1340
1616
1809
1894
1917
1942
2004
2071
2112
2124
2104
2055
1988
1940
1898
1830
1727
1635
1589
1564
1501
1345
1106
837
614
452
308
144
-31
-203
-398
-629
-873
-1082
-1246
-1382
-1496
-1587
-1652
-1707
-1770
-1857
-1952
-2026
-2054
-2048
-2023
-1989
-1945
-1877
-1765
-1604
-1439
-1318
-1234
-1116
-921
-707
-568
-518
-497
-436
-329
-187
-27
150
354
610
933
1270
1537
1699
1806
1922
2060
2184
2279
2347
2391
2386
2334
2268
2229
2217
2200
2173
2157
2155
2131
2041
1885
1699
1521
1358
1195
1034
880
720
535
317
79
-202
-556
-958
-1323
-1558
-1688
-1824
-2042
-2290
-2421
-2375
-2232
-2140
-2147
-2173
-2116
-1975
-1838
-1761
-1736
-1744
-1784
-1845
-1891
-1895
-1865
-1818
-1760
-1673
-1603
-1596
-1636
-1544
-1150
-527
50
346
364
271
238
418
839
1344
1660
1677
1572
1576
1770
2053
2322
2515
2627
2697
2788
2890
2864
2611
2213
1903
1779
1723
1567
1318
1114
1026
996
904
691
368
8
-286
-448
-489
-522
-656
-916
-1256
-1606
-1926
-2161
-2261
-2223
-2130
-2081
-2102
-2149
-2165
-2132
-2055
-1936
-1777
-1620
-1542
-1607
-1773
-1888
-1793
-1518
-1228
-1067
-1006
-943
-842
-693
-515
-315
-177
-135
-107
47
348
645
825
933
1150
1518
1936
2274
2483
2596
2694
2867
3124
3334
3382
3294
3198
3153
3136
3069
2893
2558
2114
1723
1464
1243
884
435
88
-109
-345
-774
-1293
-1703
-1930
-2039
-2124
-2226
-2344
-2390
-2278
-2028
-1742
-1504
-1301
-1156
-1092
-1054
-936
-757
-726
-950
-1289
-1491
-1555
-1618
-1690
-1630
-1440
-1378
-1533
-1637
-1337
-750
-335
-299
-434
-487
-468
-404
-169
236
638
988
1532
2315
2838
2742
2305
2179
2486
2917
3331
3728
3853
3377
2621
2254
2329
2231
1689
1108
739
256
-595
-1439
-1910
-2163
-2469
-2683
-2544
-2254
-2243
-2629
-3162
-3576
-3698
-3400
-2741
-2048
-1611
-1317
-842
-112
549
803
608
210
-119
-233
-165
-92
-203
-551
-998
-1360
-1575
-1678
-1629
-1334
-853
-437
-241
-211
-280
-459
-592
-350
389
1292
1992
2421
2740
3027
3302
3616
3974
4306
4599
4911
5161
5076
4479
3560
2699
2138
1706
1006
-212
-1650
-2696
-3028
-2924
-2867
-3010
-3227
-3421
-3596
-3766
-3905
-3978
-3861
-3439
-2788
-2129
-1538
-864
-63
678
1184
1537
1845
2020
1908
1509
932
196
-671
-1474
-2007
-2257
-2387
-2461
-2411
-2189
-1872
-1585
-1389
-1255
-1092
-817
-365
278
1076
1944
2773
3472
3977
4303
4575
4933
5428
5995
6478
6683
6402
5564
4312
2949
1708
597
-532
-1705
-2804
-3738
-4577
-5380
-5998
-6270
-6220
-6043
-5819
-5455
-4896
-4252
-3675
-3169
-2624
-1924
-1013
101
1277
2348
3200
3846
4247
4290
3896
3141
2230
1326
454
-461
-1492
-2571
-3457
-3889
-3854
-3649
-3556
-3574
-3448
-3006
-2314
-1553
-852
-175
606
1619
2840
4085
5184
6113
6956
7702
8292
8672
8755
8372
7445
6154
4785
3414
1922
218
-1585
-3307
-4844
-6165
-7266
-8087
-8579
-8711
-8549
-8189
-7685
-7015
-6145
-5124
-4022
-2831
-1486
1
1508
2929
4217
5288
5990
6210
5966
5318
4309
3030
1666
364
-873
-2115
-3360
-4510
-5432
-6034
-6314
-6321
-6078
-5530
-4657
-3522
-2214
-800
677
2146
3553
4870
6086
7197
8187
9048
9769
10338
10679
10643
10084
8999
7490
5678
3644
1462
-789
-3034
-5159
-7005
-8443
-9466
-10147
-10507
-10475
-10018
-9221
-8218
-7061
-5735
-4224
-2577
-889
785
2446
4090
5606
6816
7600
7914
7726
7026
5852
4333
2601
769
-1120
-3026
-4875
-6539
-7891
-8858
-9374
-9413
-8971
-8095
-6849
-5331
-3646
-1863
-11
1847
3618
5243
6744
8135
9370
10395
11195
11728
11871
11508
10617
9266
7521
5447
3130
671
-1847
-4292
-6514
-8383
-9854
-10881
-11412
-11433
-11013
-10226
-9114
-7751
-6251
-4648
-2872
-896
1144
3040
4711
6202
7551
8652
9320
9434
9010
8137
6857
5192
3212
1053
-1160
-3311
-5271
-6927
-8226
-9145
-9639
-9668
-9237
-8381
-7117
-5469
-3497
-1340
820
2851
4710
6397
7896
9180
10251
11089
11635
11788
11468
10627
9280
7498
5410
3136
767
-1650
-4045
-6326
-8390
-10154
-11540
-12443
-12756
-12465
-11663
-10479
-9007
-7302
-5429
-3439
-1386
716
2858
4984
6958
8582
9711
10294
10355
9920
9005
7623
5831
3786
1703
-290
-2200
-4075
-5852
-7377
-8507
-9214
-9527
-9438
-8900
-7902
-6498
-4750
-2682
-388
1957
4190
6246
8110
9712
10975
11868
12387
12445
11923
10815
9280
7481
5463
3197
708
-1864
-4333
-6566
-8526
-10209
-11564
-12506
-12988
-13020
-12623
-11773
-10456
-8734
-6704
-4430
-1985
529
2998
5332
7414
9103
10281
10869
10822
10199
9159
7849
6286
4447
2406
332
-1601
-3318
-4828
-6154
-7268
-8107
-8627
-8794
-8563
-7904
-6801
-5261
-3303
-990
1537
4050
6345
8329
10010
11385
12384
12893
12813
12138
10986
9503
7777
5832
3727
1520
-760
-3084
-5354
-7470
-9395
-11103
-12487
-13378
-13674
-13378
-12550
-11291
-9728
-7950
-5921
-3591
-1013
1646
4205
6494
8355
9695
10490
10750
10476
9703
8514
6994
5207
3217
1121
-969
-2960
-4819
-6512
-7954
-9022
-9662
-9862
-9581
-8772
-7490
-5862
-3953
-1777
633
3139
5570
7776
9654
11143
12233
12916
13143
12830
11977
10670
9010
7060
4894
2612
291
-2034
-4358
-6637
-8774
-10625
-12076
-13055
-13562
-13613
-13253
-12486
-11302
-9715
-7764
-5497
-2979
-320
2332
4841
7065
8880
10182
10899
11003
10534
9578
8227
6540
4573
2417
196
-1953
-3938
-5702
-7200
-8352
-9112
-9492
-9534
-9226
-8501
-7299
-5652
-3660
-1434
949
3401
5792
8003
9951
11569
12791
13554
13784
13432
12532
11181
9480
7479
5247
2877
488
-1848
-4092
-6251
-8301
-10179
-11767
-12938
-13568
-13607
-13083
-12119
-10839
-9287
-7401
-5119
-2525
193
2830
5252
7351
9060
10302
11003
11115
10672
9772
8515
6951
5095
2982
726
-1508
-3612
-5558
-7290
-8675
-9596
-10029
-10021
-9627
-8880
-7780
-6305
-4464
-2327
-5
2382
4720
6935
8950
10673
12007
12897
13300
13171
12514
11378
9840
7983
5924
3759
1517
-816
-3195
-5520
-7678
-9589
-11198
-12456
-13311
-13691
-13534
-12817
-11598
-9988
-8052
-5805
-3290
-643
1972
4416
6574
8342
9660
10504
10861
10703
10039
8918
7399
5541
3432
1214
-984
-3072
-4998
-6697
-8090
-9105
-9709
-9923
-9782
-9295
-8431
-7201
-5670
-3901
-1907
286
2579
4852
7008
8977
10669
11997
12878
13264
13093
12364
11097
9387
7342
5128
2888
669
-1577
-3865
-6103
-8165
-9940
-11359
-12367
-12951
-13135
-12934
-12299
-11169
-9562
-7572
-5295
-2823
-240
2354
4850
7107
8977
10339
11117
11282
10870
9953
8613
6947
5074
3112
1137
-795
-2635
-4331
-5816
-6997
-7823
-8311
-8508
-8435
-8109
-7545
-6742
-5666
-4288
-2620
-689
1451
3715
5975
8059
9796
11085
11940
12408
12483
12097
11183
9778
7982
5899
3617
1258
-1034
-3189
-5252
-7235
-9031
-10478
-11513
-12141
-12364
-12178
-11608
-10676
-9387
-7784
-5934
-3872
-1635
655
2868
4936
6804
8363
9495
10145
10287
9896
8995
7668
6032
4195
2270
370
-1401
-2973
-4306
-5371
-6176
-6724
-6997
-6978
-6710
-6281
-5745
-5077
-4234
-3208
-2019
-671
848
2541
4359
6176
7807
9092
9971
10473
10634
10458
9905
8932
7522
5738
3701
1540
-643
-2743
-4652
-6274
-7549
-8473
-9096
-9465
-9616
-9551
-9269
-8769
-8080
-7206
-6170
-4997
-3713
-2296
-728
958
2673
4304
5707
6754
7378
7571
7339
6700
5724
4510
3177
1805
457
-779
-1792
-2517
-2989
-3281
-3450
-3538
-3556
-3485
-3272
-2913
-2429
-1880
-1329
-816
-307
268
950
1733
2574
3411
4199
4918
5537
5985
6182
6104
5764
5210
4478
3612
2666
1700
746
-203
-1122
-1960
-2702
-3355
-3914
-4329
-4595
-4771
-4931
-5072
-5137
-5064
-4846
-4497
-4039
-3474
-2781
-1961
-1096
-311
334
882
1366
1777
2089
2317
2465
2484
2322
2003
1649
1359
1141
938
721
528
422
417
476
544
589
561
386
49
-382
-804
-1182
-1510
-1773
-1938
-1986
-1924
-1756
-1485
-1103
-616
-67
507
1132
1847
2630
3365
3943
4328
4553
4650
4606
4390
4014
3504
2880
2151
1344
512
-276
-962
-1536
-2042
-2544
-3067
-3607
-4125
-4572
-4892
-5066
-5095
-4959
-4619
-4061
-3322
-2444
-1484
-507
429
1312
2146
2915
3571
4058
4352
4460
4410
4195
3802
3247
2608
1960
1334
719
86
-593
-1348
-2186
-3046
-3811
-4387
-4796
-5101
-5308
-5340
-5131
-4666
-3965
-3049
-1949
-694
667
2048
3341
4466
5357
5949
6210
6202
6000
5626
5062
4385
3715
3108
2505
1830
1080
315
-367
-922
-1390
-1853
-2345
-2823
-3231
-3538
-3738
-3806
-3711
-3450
-3042
-2519
-1895
-1195
-452
308
1053
1716
2224
2525
2595
2442
2108
1653
1142
646
222
-141
-516
-954
-1433
-1895
-2301
-2640
-2909
-3120
-3286
-3411
-3471
-3423
-3251
-2970
-2593
-2121
-1556
-927
-259
427
1094
1698
2212
2611
2851
2901
2786
2597
2411
2216
1923
1470
927
461
205
129
83
-53
-239
-350
-294
-79
251
643
1052
1446
1829
2221
2635
3028
3322
3488
3574
3610
3546
3308
2890
2340
1693
960
151
-717
-1609
-2453
-3190
-3790
-4256
-4586
-4780
-4846
-4785
-4589
-4247
-3774
-3206
-2574
-1904
-1242
-619
-40
526
1074
1567
1986
2339
2643
2882
3036
3071
2949
2648
2182
1572
825
-34
-934
-1755
-2435
-2997
-3509
-3951
-4219
-4216
-3934
-3453
-2857
-2179
-1411
-535
412
1345
2165
2838
3410
3942
4447
4865
5118
5169
5056
4835
4525
4102
3580
3019
2450
1827
1106
312
-490
-1267
-2025
-2753
-3390
-3855
-4096
-4134
-4046
-3912
-3781
-3650
-3435
-3040
-2454
-1771
-1070
-376
315
982
1586
2064
2389
2579
2693
2746
2687
2457
2031
1453
814
178
-448
-1074
-1688
-2261
-2759
-3137
-3373
-3492
-3522
-3447
-3222
-2848
-2389
-1928
-1476
-1014
-547
-95
346
807
1281
1736
2130
2444
2673
2832
2948
3015
3002
2872
2606
2234
1800
1341
863
359
-173
-708
-1205
-1613
-1907
-2098
-2181
-2146
-1967
-1693
-1405
-1157
-933
-667
-323
80
490
876
1249
1635
2040
2420
2725
2921
3015
2997
2848
2554
2131
1647
1182
797
474
147
-231
-626
-947
-1139
-1210
-1238
-1291
-1367
-1418
-1409
-1364
-1322
-1315
-1338
-1348
-1278
-1081
-763
-380
-2
328
604
831
991
1052
1017
905
736
536
315
65
-244
-589
-903
-1111
-1191
-1188
-1175
-1214
-1313
-1433
-1523
-1556
-1552
-1556
-1588
-1613
-1567
-1418
-1159
-816
-402
61
553
1052
1543
2013
2412
2697
2846
2893
2877
2828
2745
2603
2388
2128
1877
1649
1403
1087
713
348
57
-167
-391
-652
-926
-1149
-1301
-1406
-1495
-1576
-1628
-1642
-1600
-1472
-1262
-1013
-781
-583
-409
-264
-179
-171
-229
-300
-334
-305
-226
-120
-14
37
-32
-216
-427
-594
-742
-969
-1285
-1613
-1870
-2034
-2117
-2098
-1962
-1703
-1326
-830
-238
377
911
1306
1585
1827
2067
2261
2355
2351
2300
2251
2213
2173
2108
2005
1881
1759
1656
1549
1374
1056
589
59
-414
-751
-969
-1153
-1377
-1618
-1778
-1790
-1674
-1512
-1371
-1260
-1148
-1015
-883
-777
-703
-653
-620
-587
-520
-386
-209
-55
20
29
-2
-93
-273
-499
-689
-817
-911
-977
-991
-948
-849
-690
-456
-158
177
496
759
969
1173
1398
1647
1894
2108
2271
2384
2435
2394
2252
2070
1926
1826
1710
1543
1356
1190
1019
791
485
123
-268
-678
-1084
-1440
-1689
-1803
-1806
-1740
-1642
-1524
-1383
-1215
-1029
-836
-628
-401
-184
-16
96
168
201
176
103
-1
-131
-293
-480
-649
-788
-913
-1058
-1221
-1366
-1464
-1514
-1531
-1496
-1381
-1179
-907
-588
-246
117
499
887
1227
1476
1643
1776
1891
1958
1952
1903
1869
1874
1886
1858
1779
1664
1500
1259
924
518
60
-424
-913
-1376
-1786
-2112
-2339
-2468
-2505
-2444
-2295
-2059
-1735
-1335
-901
-492
-146
118
307
449
564
653
716
769
804
777
661
479
283
84
-123
-306
-420
-485
-595
-797
-1009
-1134
-1167
-1150
-1064
-859
-550
-208
133
491
881
1271
1607
1834
1923
1879
1762
1638
1553
1501
1439
1334
1186
1027
873
706
491
200
-168
-584
-1002
-1375
-1686
-1938
-2140
-2292
-2375
-2370
-2252
-2022
-1706
-1361
-1037
-730
-395
-14
351
607
725
756
770
792
807
839
938
1122
1321
1465
1550
1588
1546
1394
1183
992
821
609
344
105
-17
-7
104
278
506
784
1087
1389
1670
1928
2143
2287
2312
2201
1985
1705
1375
1004
635
308
-11
-367
-747
-1081
-1349
-1600
-1885
-2213
-2538
-2809
-2999
-3113
-3179
-3213
-3207
-3131
-2970
-2728
-2420
-2062
-1671
-1283
-937
-654
-436
-276
-168
-107
-72
-28
64
215
374
466
460
406
394
470
600
702
726
695
687
750
860
977
1075
1166
1265
1396
1565
1739
1884
2016
2176
2350
2471
2477
2381
2239
2088
1900
1620
1235
783
317
-131
-537
-888
-1188
-1445
-1663
-1849
-2012
-2148
-2234
-2254
-2228
-2192
-2168
-2159
-2160
-2165
-2144
-2072
-1936
-1754
-1549
-1333
-1123
-915
-705
-486
-261
-41
165
337
455
492
442
330
244
270
417
610
785
936
1083
1220
1318
1362
1355
1335
1339
1358
1337
1247
1143
1112
1187
1298
1342
1303
1242
1227
1250
1251
1168
978
695
367
57
-198
-407
-595
-755
-871
-953
-1008
-1009
-927
-785
-664
-640
-733
-880
-1004
-1068
-1094
-1114
-1124
-1130
-1142
-1147
-1098
-967
-756
-493
-212
39
231
375
518
665
779
843
900
1001
1142
1289
1421
1544
1651
1723
1743
1721
1657
1533
1344
1109
846
556
241
-66
-332
-560
-792
-1043
-1277
-1427
-1447
-1368
-1248
-1125
-986
-834
-695
-585
-491
-400
-320
-269
-249
-241
-235
-246
-311
-437
-597
-733
-810
-838
-854
-913
-1030
-1199
-1386
-1530
-1555
-1419
-1168
-905
-685
-471
-201
155
590
1073
1538
1933
2242
2466
2615
2684
2684
2626
2522
2374
2184
1963
1740
1521
1272
962
599
218
-175
-588
-1002
-1392
-1738
-2036
-2266
-2417
-2478
-2421
-2225
-1930
-1623
-1367
-1131
-829
-433
-3
348
557
614
554
420
256
97
-72
-273
-520
-773
-978
-1100
-1148
-1143
-1114
-1082
-1051
-1001
-899
-735
-533
-345
-185
-19
210
522
893
1275
1641
1980
2276
2508
2657
2738
2773
2773
2728
2607
2390
2076
1694
1283
875
477
76
-337
-763
-1172
-1525
-1777
-1924
-2000
-2030
-2015
-1947
-1839
-1700
-1521
-1275
-974
-683
-453
-259
-31
252
524
680
671
544
366
173
-43
-266
-464
-613
-714
-779
-805
-783
-713
-608
-467
-283
-76
112
257
396
582
833
1113
1389
1643
1867
2050
2178
2247
2260
2214
2105
1934
1701
1404
1072
747
463
208
-71
-393
-740
-1051
-1278
-1415
-1498
-1579
-1660
-1700
-1661
-1561
-1440
-1318
-1184
-1019
-825
-622
-445
-310
-204
-130
-117
-197
-354
-536
-713
-893
-1083
-1250
-1337
-1322
-1219
-1059
-861
-645
-420
-185
76
367
655
905
1100
1252
1384
1515
1640
1742
1793
1791
1766
1738
1695
1606
1464
1270
1019
704
364
52
-207
-441
-658
-854
-1023
-1188
-1343
-1428
-1401
-1281
-1135
-1001
-879
-734
-554
-352
-163
-14
89
156
197
216
187
97
-22
-138
-246
-387
-593
-845
-1074
-1224
-1291
-1330
-1372
-1385
-1312
-1131
-878
-594
-273
103
509
883
1188
1453
1708
1965
2183
2320
2341
2248
2090
1911
1737
1558
1344
1070
749
416
75
-283
-650
-976
-1218
-1369
-1458
-1537
-1626
-1697
-1697
-1593
-1390
-1116
-807
-512
-261
-47
168
391
591
732
803
805
727
591
448
344
265
162
10
-166
-326
-454
-563
-688
-820
-905
-889
-799
-692
-564
-352
-21
357
695
968
1205
1457
1733
1993
2170
2230
2188
2086
1965
1846
1732
1595
1411
1188
968
753
487
122
-314
-735
-1093
-1410
-1716
-1990
-2168
-2213
-2138
-1991
-1819
-1662
-1523
-1366
-1160
-921
-694
-510
-365
-225
-75
70
172
206
188
148
105
43
-68
-237
-426
-580
-660
-686
-716
-782
-871
-931
-914
-807
-632
-414
-175
73
333
607
869
1073
1215
1326
1426
1501
1531
1530
1521
1520
1507
1449
1324
1134
906
681
493
345
213
71
-84
-248
-424
-620
-818
-979
-1085
-1162
-1250
-1343
-1388
-1340
-1206
-1042
-892
-783
-671
-515
-309
-116
3
43
45
32
-9
-68
-121
-159
-181
-169
-108
-32
9
10
7
39
104
191
296
412
512
555
527
455
399
378
358
305
245
232
277
347
395
419
436
477
543
622
698
747
740
656
521
377
247
126
7
-92
-146
-153
-152
-181
-253
-348
-434
-486
-469
-389
-286
-213
-193
-188
-168
-132
-100
-77
-50
-13
31
81
123
145
159
186
242
331
449
566
617
576
470
357
256
172
104
57
28
15
20
30
29
16
10
25
52
70
64
28
-52
-175
-309
-418
-493
-574
-683
-803
-908
-981
-1028
-1053
-1042
-975
-849
-686
-543
-450
-398
-342
-256
-150
-50
23
62
80
94
113
135
159
181
199
214
234
255
258
245
237
250
277
296
302
308
339
397
463
524
575
614
623
593
555
539
540
519
475
431
402
375
321
230
99
-58
-196
-290
-346
-398
-483
-612
-768
-917
-1028
-1087
-1120
-1154
-1185
-1183
-1137
-1081
-1049
-1027
-977
-876
-741
-593
-436
-254
-57
130
286
415
540
670
794
883
922
918
895
885
901
919
885
764
570
340
129
-24
-82
-67
-16
35
85
139
192
258
362
518
713
906
1062
1159
1197
1199
1180
1141
1062
934
777
614
447
265
72
-124
-320
-502
-646
-741
-824
-926
-1029
-1095
-1115
-1118
-1104
-1042
-905
-718
-533
-389
-276
-169
-50
80
202
308
386
449
507
546
536
471
368
265
180
107
18
-106
-251
-384
-494
-586
-652
-676
-661
-619
-549
-442
-316
-193
-74
57
195
304
369
410
456
493
483
406
279
149
53
-3
-36
-66
-102
-150
-212
-294
-376
-431
-443
-426
-404
-396
-406
-424
-421
-380
-318
-260
-202
-119
-4
133
272
391
475
525
545
530
476
381
276
193
138
84
7
-75
-126
-145
-167
-235
-344
-459
-529
-532
-480
-396
-307
-242
-217
-217
-188
-117
-13
101
218
334
452
578
686
741
721
646
547
443
341
230
102
-34
-166
-285
-381
-431
-429
-389
-318
-206
-42
151
343
506
621
684
709
724
746
766
767
749
720
667
561
410
271
175
118
67
27
-14
-89
-218
-376
-520
-635
-702
-703
-654
-617
-633
-676
-699
-688
-637
-536
-387
-226
-104
-53
-81
-161
-259
-343
-395
-406
-387
-372
-385
-411
-411
-364
-285
-225
-195
-173
-125
-58
-9
-6
-36
-62
-58
-25
35
118
219
330
449
588
765
946
1081
1134
1140
1150
1170
1165
1091
941
728
494
288
141
41
-49
-153
-251
-311
-322
-309
-310
-341
-387
-415
-412
-401
-413
-443
-457
-441
-416
-408
-397
-349
-253
-153
-92
-92
-146
-231
-312
-365
-383
-382
-382
-392
-419
-469
-538
-594
-606
-556
-461
-349
-255
-185
-116
-12
135
292
414
484
520
551
591
632
652
644
621
597
573
530
466
404
350
293
211
132
95
110
133
125
94
80
91
92
57
-2
-41
-34
-4
-11
-91
-236
-407
-554
-644
-654
-597
-521
-468
-451
-437
-396
-335
-272
-228
-201
-196
-202
-217
-225
-225
-234
-257
-296
-318
-305
-252
-169
-78
-11
5
-10
-13
22
88
165
238
299
348
380
391
389
407
466
550
632
697
739
772
795
813
817
790
739
677
612
535
433
308
165
8
-138
-239
-282
-286
-271
-236
-194
-159
-136
-109
-69
-13
46
90
107
87
37
-27
-86
-127
-139
-120
-79
-24
18
26
-15
-89
-168
-227
-264
-301
-347
-389
-395
-361
-316
-284
-250
-196
-128
-68
-20
22
54
76
84
89
93
87
55
18
17
76
162
229
260
280
310
342
350
314
237
129
-13
-193
-392
-558
-655
-691
-696
-687
-669
-647
-630
-617
-600
-557
-469
-338
-197
-93
-44
-34
-27
-3
34
56
39
-26
-113
-179
-194
-171
-145
-137
-140
-131
-98
-50
-2
28
36
29
41
101
199
296
360
396
417
422
403
368
348
363
402
428
416
376
338
331
358
385
362
270
146
34
-54
-127
-186
-223
-243
-254
-261
-276
-307
-335
-348
-354
-363
-346
-264
-131
1
92
150
187
233
303
377
389
300
149
10
-85
-151
-200
-209
-166
-109
-97
-139
-195
-213
-182
-116
-48
4
24
17
8
41
146
308
485
625
712
762
805
836
843
812
768
735
721
724
728
720
688
633
561
477
389
313
266
241
205
136
35
-73
-172
-246
-292
-318
-340
-370
-403
-432
-456
-490
-532
-572
-591
-583
-570
-594
-676
-785
-852
-839
-786
-756
-755
-733
-654
-547
-469
-439
-423
-378
-309
-257
-265
-330
-409
-457
-462
-430
-374
-315
-257
-214
-167
-93
9
118
200
248
269
277
279
278
268
253
243
236
224
204
184
179
211
293
407
513
565
540
447
340
266
220
136
8
-112
-163
-159
-148
-162
-196
-224
-224
-205
-187
-176
-155
-121
-110
-140
-185
-204
-189
-147
-100
-54
-21
6
29
45
59
74
98
113
99
65
28
3
-7
-5
1
-2
-9
-18
-17
-10
5
17
23
30
43
70
105
160
241
323
368
351
291
217
158
130
122
117
125
182
279
360
376
334
300
308
335
329
272
195
145
160
226
285
291
258
230
222
221
215
228
255
274
262
225
193
190
203
189
133
53
-4
5
79
163
209
208
205
234
298
370
408
366
251
116
-5
-129
-284
-463
-619
-725
-779
-791
-762
-693
-605
-542
-532
-548
-528
-445
-339
-275
-271
-287
-290
-273
-258
-262
-292
-319
-304
-238
-173
-165
-203
-240
-258
-285
-343
-424
-503
-551
-547
-486
-388
-280
-185
-111
-58
-8
50
136
248
362
440
474
498
536
580
594
561
494
403
297
186
97
49
37
40
41
24
-8
-51
-109
-196
-289
-352
-377
-382
-389
-396
-392
-394
-398
-394
-357
-295
-227
-150
-52
54
128
141
106
86
114
174
213
197
151
106
80
62
41
14
-18
-37
-28
18
78
136
198
285
396
507
595
638
622
557
496
472
480
480
476
493
549
611
620
552
435
330
276
264
271
283
293
285
246
189
135
102
95
118
151
158
119
41
-35
-81
-97
-108
-143
-217
-330
-463
-577
-633
-628
-585
-542
-515
-505
-493
-456
-371
-245
-131
-68
-56
-64
-80
-97
-111
-99
-66
-31
-36
-109
-232
-345
-401
-401
-393
-401
-415
-418
-411
-406
-385
-339
-283
-244
-233
-236
-232
-189
-91
48
189
301
368
395
403
409
405
368
305
244
208
189
172
141
95
45
14
12
31
46
49
70
122
181
200
157
94
66
103
171
211
201
166
160
193
236
245
219
177
136
105
85
80
76
54
-1
-89
-190
-280
-350
-412
-466
-509
-535
-560
-589
-623
-662
-700
-705
-642
-515
-389
-320
-310
-315
-302
-275
-238
-182
-101
-15
41
62
60
44
26
32
96
214
326
378
365
340
347
384
413
405
356
292
259
291
378
473
535
550
535
521
551
643
776
884
907
834
704
580
496
445
397
332
262
213
192
172
119
37
-37
-73
-80
-80
-95
-143
-223
-312
-387
-450
-523
-607
-669
-691
-691
-690
-681
-649
-593
-520
-425
-291
-139
-23
30
47
72
114
155
173
155
103
38
2
15
62
131
212
305
384
428
437
430
423
421
429
422
363
236
72
-74
-175
-235
-268
-295
-334
-393
-445
-463
-430
-365
-306
-284
-301
-316
-287
-216
-154
-147
-195
-252
-269
-231
-177
-153
-193
-287
-389
-465
-501
-509
-495
-455
-395
-316
-223
-133
-69
-32
7
68
152
242
328
401
451
482
513
556
600
624
606
550
485
442
441
464
476
444
362
250
152
97
85
68
0
-122
-241
-294
-276
-233
-211
-213
-208
-163
-96
-53
-68
-122
-181
-235
-282
-313
-317
-306
-294
-294
-304
-310
-306
-299
-307
-342
-380
-397
-374
-332
-279
-210
-126
-51
-17
-16
-23
-8
37
97
143
142
105
