49
-20
-55
-44
5
88
182
258
292
285
278
309
370
406
378
312
255
255
326
426
485
478
460
492
563
598
577
532
518
533
566
603
642
665
644
570
489
455
484
518
501
438
371
330
295
252
196
139
91
60
43
25
-4
-28
-23
8
27
6
-45
-81
-91
-103
-148
-233
-315
-359
-331
-244
-145
-98
-130
-192
-225
-232
-271
-378
-517
-643
-731
-784
-793
-743
-638
-542
-544
-656
-780
-797
-697
-573
-513
-536
-600
-657
-672
-635
-564
-488
-427
-380
-357
-370
-401
-409
-373
-313
-259
-218
-179
-152
-129
-79
22
129
156
64
-80
-171
-168
-121
-104
-138
-161
-121
-31
36
34
-14
-48
-33
3
32
51
90
153
223
286
341
392
437
480
541
608
640
618
580
579
622
656
632
555
482
462
492
536
573
605
615
588
515
414
313
255
270
359
479
572
606
567
468
343
248
211
236
301
373
408
374
279
174
106
98
143
223
300
328
276
179
110
121
179
206
170
97
34
12
23
55
72
61
43
49
83
121
121
53
-78
-208
-268
-258
-250
-307
-420
-525
-557
-509
-426
-383
-423
-520
-599
-614
-569
-508
-464
-440
-434
-448
-510
-633
-758
-814
-774
-691
-607
-540
-503
-488
-470
-430
-390
-376
-370
-346
-318
-319
-352
-385
-400
-382
-328
-261
-222
-228
-247
-266
-304
-360
-384
-350
-289
-229
-161
-80
-42
-94
-221
-347
-403
-374
-277
-171
-96
-64
-44
-10
33
78
127
196
274
338
354
318
254
209
216
285
386
463
484
451
396
351
336
349
382
414
454
516
581
580
481
355
309
371
475
540
543
505
457
415
381
380
447
582
726
808
806
741
645
540
450
411
422
442
419
358
311
324
400
496
577
610
580
505
416
358
343
363
400
440
463
437
340
186
49
-26
-37
-25
-5
33
82
102
51
-78
-247
-398
-497
-550
-593
-641
-706
-758
-769
-711
-609
-514
-471
-503
-583
-669
-703
-694
-682
-689
-701
-715
-747
-788
-823
-834
-832
-803
-724
-570
-375
-208
-136
-164
-231
-273
-268
-250
-238
-238
-250
-286
-344
-380
-364
-303
-234
-187
-181
-224
-284
-294
-213
-94
-2
45
93
122
91
3
-91
-173
-287
-437
-541
-493
-302
-82
40
50
40
89
185
258
285
309
360
410
418
385
340
271
173
78
42
87
182
292
394
457
444
365
275
228
236
270
289
264
188
98
57
136
337
578
737
811
853
912
942
916
866
860
904
914
806
574
326
168
155
250
373
426
380
278
224
257
336
372
340
284
257
270
300
301
212
0
-259
-420
-402
-264
-138
-113
-183
-294
-372
-374
-325
-296
-347
-432
-444
-318
-140
-79
-208
-406
-499
-426
-279
-191
-205
-279
-356
-437
-540
-640
-667
-609
-554
-587
-682
-743
-748
-747
-761
-727
-610
-478
-413
-402
-373
-294
-217
-183
-187
-235
-332
-460
-547
-551
-479
-377
-296
-267
-295
-332
-322
-270
-232
-226
-222
-182
-104
-24
56
127
178
189
188
229
320
380
345
245
183
224
338
428
421
346
316
384
478
484
421
398
453
505
497
510
638
821
876
742
563
547
710
913
981
881
703
600
642
726
701
503
244
47
1
113
322
486
473
273
17
-103
10
282
513
545
391
197
103
144
263
364
366
269
127
-13
-157
-307
-407
-423
-393
-405
-457
-479
-420
-310
-209
-132
-86
-98
-206
-378
-507
-514
-429
-368
-398
-477
-546
-607
-678
-709
-646
-525
-434
-443
-562
-740
-855
-813
-664
-552
-532
-525
-468
-418
-418
-408
-321
-215
-177
-187
-155
-56
1
-95
-340
-572
-634
-525
-397
-390
-496
-592
-562
-418
-249
-97
34
148
238
332
420
429
333
239
259
369
452
477
450
321
38
-301
-428
-213
171
362
216
-53
-110
93
323
386
334
316
389
478
470
363
292
398
596
681
589
487
479
464
352
264
379
666
909
906
635
288
112
202
430
633
776
843
723
367
-22
-128
124
485
634
451
85
-197
-242
-78
140
305
401
460
453
316
74
-110
-99
79
293
440
470
354
104
-162
-290
-215
-64
-49
-251
-523
-661
-599
-417
-209
-54
-43
-216
-483
-671
-655
-442
-159
11
-36
-232
-464
-672
-822
-816
-625
-385
-257
-260
-313
-358
-393
-420
-414
-353
-243
-149
-169
-340
-542
-596
-468
-326
-367
-556
-680
-587
-369
-252
-332
-477
-533
-510
-515
-512
-309
95
405
329
-32
-331
-378
-280
-170
-18
231
492
564
348
-27
-290
-224
119
452
469
167
-156
-244
-100
85
183
164
77
1
-24
-1
72
188
275
256
213
296
504
658
632
478
282
104
-26
-47
9
65
114
218
373
418
277
35
-114
-84
129
451
728
797
643
414
262
222
268
374
489
530
445
299
191
158
150
135
196
387
598
615
372
79
-9
153
381
477
401
223
27
-124
-168
-120
-74
-93
-121
-40
145
304
300
157
19
-16
32
93
172
278
355
309
94
-218
-514
-671
-640
-480
-346
-336
-403
-464
-543
-679
-759
-631
-294
46
244
278
171
-34
-188
-141
52
174
105
-51
-163
-220
-275
-335
-404
-490
-616
-740
-786
-703
-534
-407
-417
-525
-569
-469
-311
-249
-291
-309
-239
-146
-120
-166
-226
-253
-240
-227
-218
-167
-55
41
46
-12
-41
-22
-8
13
122
336
532
547
367
132
-36
-113
-121
-4
233
457
486
319
128
46
72
133
227
335
434
493
535
578
590
551
442
258
-6
-227
-194
102
370
318
15
-233
-248
-108
18
64
71
111
174
152
-32
-270
-343
-165
93
225
188
79
-34
-158
-289
-367
-270
34
403
543
305
-133
-405
-324
-27
256
444
571
614
494
237
-14
-105
-35
140
331
462
430
199
-119
-351
-366
-206
-10
96
126
154
189
165
126
197
380
473
323
30
-187
-207
-79
80
164
157
134
137
129
37
-116
-259
-336
-351
-356
-402
-470
-481
-457
-511
-682
-817
-766
-527
-209
82
262
253
69
-152
-241
-158
-26
14
-40
-87
-66
-8
33
51
-14
-167
-311
-298
-139
13
76
86
69
-17
-153
-232
-180
-63
0
-37
-97
-69
57
167
140
-1
-103
-69
70
196
224
144
13
-82
-93
-35
53
145
197
151
28
-63
-34
59
65
-83
-279
-351
-239
-32
126
142
30
-103
-140
-34
149
267
211
4
-177
-187
-53
37
-53
-242
-351
-257
11
298
392
170
-208
-387
-158
287
560
478
188
-47
-125
-93
18
253
552
735
654
391
153
86
157
225
182
82
56
103
88
-78
-282
-395
-410
-418
-413
-317
-117
93
198
211
202
231
261
244
200
187
229
268
240
103
-101
-301
-417
-426
-324
-145
36
96
-18
-192
-231
-20
323
585
624
461
172
-120
-265
-152
130
328
256
-32
-298
-345
-198
-56
-65
-180
-258
-266
-284
-321
-266
-18
317
492
370
97
-27
118
365
483
446
402
449
518
486
343
175
48
-63
-180
-225
-116
100
263
280
206
150
118
44
-110
-279
-349
-249
-42
77
-18
-277
-508
-575
-470
-262
-61
23
-73
-328
-614
-768
-679
-397
-109
27
1
-115
-273
-455
-576
-528
-334
-156
-125
-195
-240
-222
-219
-323
-521
-708
-744
-564
-214
134
294
204
2
-106
-39
117
241
337
455
549
490
286
116
106
138
31
-181
-267
-113
97
81
-156
-310
-159
141
255
130
24
156
430
634
694
653
518
278
41
-43
30
117
122
81
53
32
-41
-182
-299
-248
-7
261
348
218
-5
-181
-229
-140
46
222
291
199
-11
-238
-373
-359
-240
-100
27
191
395
520
438
197
6
19
181
324
331
207
65
-12
-8
10
-12
-101
-233
-316
-237
25
303
392
251
39
-61
7
186
387
514
495
322
111
2
48
182
328
467
574
597
514
369
224
130
153
319
552
695
622
371
87
-62
-19
148
305
349
241
17
-227
-370
-358
-244
-147
-144
-231
-358
-454
-531
-654
-858
-1052
-1118
-1048
-941
-888
-911
-997
-1107
-1191
-1183
-1069
-888
-727
-647
-635
-623
-521
-299
-19
167
152
-17
-181
-218
-160
-124
-166
-241
-214
-18
274
459
420
253
184
339
643
929
1110
1189
1202
1156
1087
1054
1081
1129
1137
1086
966
771
507
207
-104
-421
-700
-877
-937
-972
-1087
-1288
-1495
-1618
-1660
-1715
-1833
-1912
-1771
-1392
-983
-759
-741
-752
-625
-314
88
444
700
870
962
924
748
525
382
377
450
493
405
169
-129
-362
-458
-449
-356
-156
200
671
1146
1556
1938
2360
2751
2984
3088
3273
3654
4046
4157
3950
3687
3606
3611
3333
2541
1441
493
-69
-454
-1052
-1997
-3036
-3755
-3972
-3881
-3830
-3963
-4137
-4164
-4006
-3716
-3282
-2685
-2012
-1389
-805
-115
749
1622
2191
2246
1904
1522
1363
1341
1161
658
-44
-737
-1375
-2059
-2823
-3536
-4010
-4181
-4171
-4132
-4044
-3727
-3122
-2444
-1911
-1425
-674
446
1641
2518
2995
3366
3964
4812
5622
6148
6403
6524
6492
6194
5649
5086
4674
4253
3449
2089
442
-1040
-2107
-2854
-3542
-4355
-5253
-6018
-6472
-6634
-6625
-6442
-5956
-5097
-3995
-2911
-2012
-1278
-546
313
1319
2389
3392
4154
4474
4245
3601
2899
2399
2026
1470
575
-498
-1461
-2208
-2857
-3555
-4259
-4782
-4996
-4964
-4843
-4651
-4250
-3536
-2641
-1766
-960
-79
976
2129
3236
4261
5263
6207
6938
7322
7427
7423
7374
7180
6781
6272
5739
5037
3918
2408
918
-198
-1059
-2064
-3300
-4449
-5232
-5749
-6270
-6806
-7034
-6685
-5903
-5117
-4562
-4033
-3212
-2088
-936
76
1076
2237
3447
4354
4716
4626
4353
3999
3453
2657
1782
1014
290
-621
-1771
-2904
-3717
-4186
-4546
-4941
-5227
-5190
-4840
-4373
-3875
-3227
-2303
-1146
44
1065
1893
2712
3707
4818
5769
6393
6745
6982
7144
7124
6783
6125
5418
4958
4717
4246
3124
1444
-249
-1507
-2339
-3043
-3832
-4692
-5541
-6332
-6995
-7337
-7210
-6757
-6291
-5916
-5364
-4336
-2914
-1538
-529
250
1199
2475
3751
4567
4787
4664
4453
4148
3603
2827
1999
1235
437
-560
-1753
-2927
-3838
-4461
-4928
-5290
-5422
-5225
-4793
-4295
-3778
-3144
-2314
-1336
-342
585
1495
2488
3553
4547
5319
5848
6217
6524
6800
6964
6841
6334
5609
4996
4657
4368
3691
2405
763
-712
-1729
-2495
-3393
-4482
-5427
-5953
-6172
-6389
-6652
-6679
-6235
-5447
-4660
-4019
-3383
-2592
-1680
-729
302
1518
2855
4010
4636
4701
4521
4403
4286
3878
3066
2063
1116
260
-618
-1538
-2404
-3129
-3748
-4303
-4733
-4898
-4728
-4302
-3745
-3098
-2322
-1430
-533
291
1108
2036
3074
4053
4799
5274
5584
5848
6112
6323
6391
6216
5787
5271
4915
4766
4555
3918
2732
1236
-165
-1198
-1966
-2797
-3900
-5097
-6005
-6402
-6385
-6212
-6070
-5984
-5833
-5443
-4696
-3661
-2608
-1816
-1237
-490
738
2271
3554
4152
4128
3882
3724
3611
3291
2602
1634
623
-275
-1052
-1795
-2552
-3324
-4095
-4783
-5235
-5301
-5000
-4520
-4026
-3512
-2842
-1972
-1032
-214
501
1351
2484
3683
4549
4972
5237
5663
6206
6550
6462
5986
5332
4748
4423
4370
4321
3814
2586
903
-564
-1346
-1670
-2212
-3328
-4684
-5635
-5905
-5746
-5590
-5629
-5758
-5747
-5410
-4675
-3656
-2652
-1951
-1492
-792
550
2315
3764
4384
4331
4167
4197
4205
3793
2883
1820
988
455
-29
-738
-1764
-2942
-3945
-4497
-4590
-4482
-4419
-4396
-4197
-3648
-2804
-1875
-1030
-252
595
1613
2743
3796
4585
5056
5352
5686
6132
6527
6627
6342
5780
5155
4692
4481
4382
4068
3279
2009
570
-595
-1275
-1730
-2471
-3658
-4886
-5605
-5716
-5613
-5678
-5909
-6033
-5846
-5400
-4853
-4309
-3767
-3216
-2618
-1814
-653
735
1888
2439
2491
2489
2694
2890
2682
1988
1148
510
49
-504
-1248
-2006
-2593
-3019
-3323
-3433
-3277
-2983
-2755
-2610
-2324
-1723
-899
-66
698
1470
2282
3017
3553
3913
4246
4634
4999
5211
5260
5287
5387
5422
5143
4552
4045
4036
4427
4623
4077
2800
1301
140
-468
-740
-1095
-1859
-2987
-4071
-4686
-4810
-4839
-5175
-5830
-6380
-6397
-5850
-5162
-4748
-4580
-4235
-3330
-1901
-369
785
1353
1515
1670
2069
2626
2982
2834
2205
1474
1031
886
687
132
-685
-1433
-1882
-2065
-2167
-2329
-2524
-2558
-2254
-1662
-1027
-546
-189
195
712
1351
2030
2615
3016
3250
3490
3918
4553
5202
5563
5440
4972
4654
4911
5547
5858
5370
4289
3148
2222
1408
570
-315
-1270
-2385
-3571
-4496
-4957
-5215
-5718
-6494
-7061
-7010
-6544
-6188
-6117
-5971
-5331
-4181
-2825
-1515
-322
717
1527
2117
2619
3121
3494
3496
3081
2506
2076
1842
1575
1079
427
-170
-620
-1052
-1609
-2235
-2691
-2770
-2478
-1999
-1571
-1329
-1245
-1110
-708
-10
764
1345
1683
1991
2477
3114
3703
4137
4489
4815
5023
4994
4817
4776
5018
5368
5457
5023
4050
2787
1640
939
581
36
-1121
-2691
-4003
-4639
-4888
-5347
-6202
-7057
-7449
-7341
-7008
-6656
-6276
-5779
-5065
-4007
-2557
-931
476
1423
2056
2694
3451
4095
4338
4205
3997
3921
3872
3588
2956
2083
1171
342
-389
-1025
-1543
-1940
-2282
-2613
-2884
-3000
-2921
-2666
-2237
-1637
-929
-270
210
538
919
1527
2366
3265
4023
4531
4843
5087
5307
5450
5513
5624
5842
6000
5850
5281
4334
3151
1969
1070
486
-132
-1207
-2736
-4241
-5270
-5845
-6327
-6929
-7523
-7886
-7955
-7811
-7507
-7001
-6246
-5225
-3933
-2359
-635
927
2062
2817
3482
4236
4966
5436
5560
5421
5135
4727
4152
3359
2379
1308
251
-723
-1600
-2387
-3103
-3729
-4220
-4536
-4670
-4598
-4305
-3807
-3186
-2526
-1864
-1189
-444
395
1267
2096
2873
3652
4442
5197
5814
6182
6253
6184
6239
6461
6570
6241
5423
4281
3041
1895
943
63
-1007
-2383
-3859
-5082
-5896
-6479
-7082
-7727
-8205
-8331
-8095
-7608
-6970
-6259
-5467
-4450
-3039
-1284
482
1874
2805
3551
4402
5326
5987
6153
5909
5499
5039
4494
3791
2905
1832
642
-526
-1517
-2306
-3008
-3757
-4501
-4992
-5076
-4872
-4619
-4391
-4078
-3567
-2846
-1951
-939
116
1127
2049
2892
3711
4536
5325
6018
6574
6973
7172
7147
7020
6988
7110
7099
6519
5217
3554
2112
1189
545
-335
-1738
-3425
-4819
-5584
-5944
-6410
-7155
-7863
-8097
-7785
-7152
-6451
-5725
-4898
-3862
-2537
-936
747
2193
3251
4056
4841
5621
6219
6449
6296
5842
5168
4299
3291
2237
1216
215
-821
-1918
-3063
-4183
-5138
-5736
-5908
-5784
-5624
-5565
-5497
-5171
-4480
-3532
-2489
-1392
-216
967
1999
2806
3449
4043
4680
5391
6118
6660
6790
6488
6032
5801
5878
5937
5481
4334
2814
1449
498
-204
-1048
-2262
-3713
-4992
-5782
-6157
-6519
-7173
-7945
-8297
-7865
-6874
-5910
-5307
-4826
-4012
-2683
-1060
525
1842
2847
3667
4502
5407
6144
6394
6064
5388
4663
3994
3273
2380
1336
255
-817
-1909
-2982
-3894
-4518
-4880
-5105
-5305
-5510
-5649
-5532
-4990
-4089
-3100
-2213
-1363
-379
755
1885
2856
3654
4368
5076
5796
6465
6988
7248
7223
7003
6753
6611
6599
6587
6292
5450
4103
2678
1604
861
31
-1165
-2578
-3867
-4895
-5760
-6549
-7171
-7530
-7630
-7501
-7086
-6389
-5607
-4934
-4259
-3226
-1676
94
1620
2769
3755
4771
5704
6303
6437
6180
5672
5012
4222
3271
2168
998
-112
-1130
-2124
-3143
-4110
-4899
-5471
-5886
-6215
-6439
-6447
-6113
-5385
-4386
-3345
-2439
-1616
-670
521
1821
2958
3769
4348
4957
5712
6450
6909
7040
7009
6960
6878
6735
6554
6344
5973
5205
3922
2304
777
-342
-1155
-2108
-3500
-5143
-6517
-7307
-7646
-7892
-8222
-8542
-8644
-8391
-7736
-6779
-5747
-4796
-3763
-2299
-343
1669
3178
4082
4740
5510
6314
6784
6659
6029
5187
4362
3572
2682
1588
327
-949
-2097
-3028
-3770
-4441
-5149
-5871
-6411
-6553
-6210
-5525
-4777
-4144
-3544
-2740
-1609
-260
1045
2090
2859
3557
4388
5310
6042
6386
6455
6548
6825
7178
7356
7167
6588
5828
5235
4944
4574
3517
1719
-122
-1257
-1761
-2357
-3553
-5092
-6375
-7119
-7456
-7587
-7576
-7469
-7301
-6980
-6328
-5317
-4133
-2963
-1749
-305
1386
3019
4247
5022
5611
6249
6885
7269
7174
6535
5489
4332
3300
2388
1382
164
-1151
-2344
-3317
-4134
-4923
-5727
-6423
-6785
-6682
-6208
-5592
-4998
-4427
-3736
-2764
-1504
-166
993
1918
2769
3696
4654
5462
5983
6251
6416
6593
6764
6826
6708
6389
5869
5215
4610
4151
3578
2432
737
-843
-1703
-2123
-2938
-4469
-6067
-6905
-6932
-6793
-6965
-7280
-7316
-6913
-6212
-5341
-4338
-3272
-2247
-1198
70
1588
3071
4202
4960
5565
6150
6594
6669
6253
5400
4285
3110
2000
905
-336
-1749
-3131
-4231
-5018
-5661
-6279
-6816
-7129
-7134
-6829
-6282
-5616
-4958
-4327
-3573
-2504
-1135
269
1416
2291
3133
4123
5162
5948
6314
6396
6478
6683
6863
6779
6349
5700
5041
4509
4142
3825
3252
2122
570
-806
-1554
-1970
-2745
-4058
-5310
-5859
-5767
-5593
-5649
-5730
-5517
-4993
-4335
-3612
-2745
-1772
-851
1
1033
2391
3843
4980
5649
6004
6216
6271
6021
5398
4453
3318
2080
835
-323
-1384
-2464
-3638
-4772
-5612
-6018
-6117
-6180
-6364
-6531
-6428
-5935
-5168
-4307
-3470
-2625
-1638
-420
928
2181
3200
4020
4748
5415
5969
6326
6470
6425
6225
5907
5571
5329
5189
5043
4759
4348
3838
3130
2025
647
-549
-1258
-1787
-2622
-3726
-4535
-4720
-4604
-4668
-4937
-5012
-4698
-4190
-3773
-3421
-2962
-2360
-1693
-907
126
1297
2271
2878
3311
3750
4057
3952
3424
2685
1887
971
-61
-1042
-1824
-2504
-3263
-4078
-4743
-5094
-5203
-5282
-5495
-5751
-5800
-5500
-4974
-4440
-3941
-3319
-2374
-1091
326
1596
2592
3377
4068
4707
5256
5651
5872
5977
6061
6148
6156
6010
5743
5492
5312
5097
4703
4110
3333
2328
1155
133
-443
-777
-1359
-2335
-3246
-3636
-3611
-3660
-3988
-4358
-4515
-4469
-4349
-4113
-3649
-2988
-2316
-1707
-1015
-98
902
1680
2101
2320
2536
2736
2721
2350
1687
933
291
-189
-649
-1295
-2159
-3008
-3573
-3835
-3988
-4197
-4448
-4615
-4599
-4397
-4082
-3723
-3295
-2724
-1936
-938
166
1194
2024
2714
3403
4124
4767
5239
5561
5802
5966
5997
5904
5822
5844
5877
5689
5222
4692
4258
3689
2662
1350
360
-24
-241
-858
-1835
-2626
-3026
-3387
-4010
-4602
-4787
-4709
-4839
-5197
-5267
-4731
-3914
-3312
-2909
-2291
-1298
-272
499
1125
1833
2488
2768
2648
2430
2292
2059
1546
872
318
-102
-619
-1332
-2010
-2416
-2638
-2922
-3310
-3625
-3771
-3830
-3868
-3792
-3469
-2920
-2263
-1556
-769
63
810
1429
2061
2831
3622
4206
4545
4833
5196
5495
5543
5409
5362
5509
5627
5494
5156
4727
4088
3137
2129
1465
1049
362
-845
-2133
-2949
-3340
-3810
-4606
-5390
-5836
-6041
-6292
-6494
-6292
-5585
-4741
-4084
-3481
-2540
-1201
177
1300
2210
3078
3859
4381
4585
4568
4353
3896
3204
2447
1736
1005
115
-936
-1959
-2794
-3438
-4002
-4537
-5011
-5388
-5668
-5783
-5618
-5144
-4479
-3736
-2895
-1887
-758
332
1317
2273
3266
4156
4743
5017
5214
5519
5856
6024
5989
5936
5983
6009
5821
5382
4714
3805
2736
1772
1081
401
-671
-2116
-3382
-4028
-4262
-4634
-5313
-5935
-6167
-6079
-5921
-5725
-5342
-4719
-3964
-3144
-2139
-841
629
1973
3035
3902
4691
5317
5595
5497
5201
4829
4299
3488
2461
1402
399
-598
-1606
-2526
-3255
-3855
-4477
-5117
-5561
-5663
-5572
-5517
-5445
-5050
-4183
-3059
-1995
-1055
-94
987
2119
3175
4058
4716
5160
5503
5878
6265
6477
6382
6110
5946
5973
5997
5738
5075
4054
2846
1691
791
58
-831
-2061
-3362
-4254
-4626
-4854
-5331
-5957
-6343
-6289
-5994
-5694
-5371
-4861
-4164
-3417
-2565
-1367
213
1765
2856
3475
4006
4661
5236
5392
5071
4485
3778
2924
1899
851
-98
-1003
-1987
-2959
-3701
-4197
-4691
-5345
-5967
-6259
-6197
-6028
-5876
-5520
-4708
-3544
-2400
-1447
-516
582
1779
2881
3822
4643
5300
5687
5830
5909
6009
6030
5887
5682
5537
5394
5086
4564
3895
3039
1898
623
-338
-771
-1087
-1846
-3018
-3967
-4321
-4367
-4614
-5067
-5358
-5298
-5087
-4925
-4661
-4056
-3134
-2201
-1352
-385
851
2122
3082
3664
4085
4492
4793
4835
4606
4177
3540
2646
1634
754
70
-665
-1668
-2806
-3710
-4216
-4544
-4972
-5481
-5791
-5788
-5619
-5416
-5043
-4296
-3196
-1992
-873
204
1347
2496
3482
4256
4918
5507
5941
6183
6314
6421
6463
6342
6048
5688
5357
4988
4402
3484
2321
1168
278
-323
-916
-1818
-2991
-3979
-4410
-4424
-4521
-4925
-5358
-5432
-5102
-4602
-4056
-3418
-2697
-2036
-1435
-631
563
1869
2780
3116
3221
3483
3879
4045
3737
3086
2392
1783
1174
484
-296
-1183
-2182
-3124
-3738
-3955
-4058
-4405
-4990
-5417
-5340
-4881
-4421
-4125
-3765
-3065
-2024
-881
145
989
1731
2473
3274
4118
4841
5229
5235
5126
5180
5358
5357
5038
4585
4222
3952
3599
3068
2329
1423
449
-369
-892
-1266
-1824
-2684
-3554
-4043
-4092
-4002
-4036
-4190
-4263
-4140
-3800
-3288
-2642
-1987
-1465
-1072
-584
220
1244
2107
2504
2537
2554
2773
3041
3061
2691
2053
1351
727
220
-230
-752
-1450
-2225
-2847
-3165
-3315
-3554
-3940
-4245
-4230
-3941
-3581
-3244
-2795
-2131
-1314
-490
308
1143
2029
2876
3598
4175
4604
4869
5009
5124
5259
5286
5036
4565
4144
3957
3871
3592
3005
2217
1432
800
350
-58
-635
-1425
-2227
-2782
-3051
-3223
-3455
-3711
-3857
-3835
-3710
-3496
-3152
-2717
-2373
-2197
-1999
-1480
-606
327
960
1235
1378
1616
1944
2172
2151
1863
1409
891
403
1
-355
-831
-1519
-2271
-2817
-3083
-3279
-3588
-3925
-4058
-3952
-3755
-3533
-3169
-2572
-1861
-1206
-596
148
1112
2140
3001
3620
4093
4480
4759
4937
5068
5139
5043
4764
4438
4216
4052
3781
3348
2895
2492
1985
1238
420
-162
-503
-889
-1483
-2056
-2333
-2359
-2437
-2679
-2912
-2979
-2973
-3009
-2954
-2593
-2022
-1637
-1579
-1506
-986
-100
642
920
963
1185
1617
1929
1892
1649
1380
1044
543
-4
-401
-676
-1072
-1688
-2325
-2737
-2932
-3102
-3318
-3486
-3543
-3576
-3624
-3514
-3033
-2221
-1369
-687
-112
553
1345
2113
2695
3065
3336
3609
3896
4107
4151
4004
3739
3488
3355
3279
3095
2733
2345
2106
1960
1669
1073
326
-253
-477
-507
-644
-1005
-1420
-1717
-1936
-2195
-2479
-2655
-2687
-2686
-2748
-2791
-2687
-2427
-2115
-1778
-1308
-672
-20
437
675
828
1000
1144
1199
1181
1153
1089
866
425
-149
-685
-1071
-1336
-1609
-1986
-2448
-2876
-3147
-3202
-3055
-2792
-2523
-2297
-2065
-1722
-1223
-641
-75
457
1015
1589
2051
2314
2476
2719
3067
3332
3364
3237
3120
3029
2878
2659
2508
2476
2428
2173
1716
1295
1139
1224
1295
1132
709
204
-204
-392
-358
-222
-233
-592
-1189
-1634
-1587
-1179
-855
-944
-1334
-1674
-1715
-1411
-888
-328
62
213
241
378
713
1122
1390
1405
1197
848
491
260
204
143
-147
-720
-1362
-1805
-1964
-1979
-2056
-2253
-2486
-2646
-2701
-2609
-2358
-2010
-1720
-1550
-1404
-1157
-822
-496
-222
19
232
379
472
620
962
1489
1956
2065
1841
1641
1799
2207
2493
2446
2211
2013
1881
1702
1441
1207
1047
899
664
340
14
-282
-547
-766
-868
-852
-834
-960
-1200
-1349
-1198
-750
-191
296
600
737
769
839
1005
1217
1331
1291
1111
837
488
119
-189
-450
-735
-1108
-1495
-1812
-2038
-2228
-2373
-2414
-2339
-2253
-2279
-2375
-2387
-2228
-1963
-1766
-1683
-1677
-1614
-1438
-1149
-819
-578
-494
-557
-545
-334
119
605
990
1216
1366
1495
1620
1792
2022
2254
2359
2319
2232
2192
2172
2132
2028
1880
1610
1287
975
827
794
705
427
39
-168
-86
211
436
505
460
494
698
1017
1315
1487
1536
1496
1441
1381
1365
1334
1184
818
263
-268
-624
-753
-832
-1001
-1340
-1751
-2107
-2316
-2371
-2381
-2344
-2272
-2104
-1955
-1908
-1974
-2102
-2135
-2013
-1729
-1421
-1240
-1241
-1361
-1408
-1275
-894
-480
-175
-49
31
286
657
1082
1344
1545
1675
1800
1796
1714
1593
1547
1610
1696
1749
1629
1373
1045
853
835
882
817
648
523
493
569
652
792
939
1000
975
880
886
910
999
1070
1285
1474
1533
1225
663
67
-379
-583
-663
-721
-951
-1371
-1864
-2244
-2383
-2341
-2279
-2388
-2689
-3008
-3111
-2945
-2652
-2384
-2250
-2206
-2303
-2403
-2403
-2152
-1729
-1426
-1339
-1389
-1249
-906
-469
-157
68
292
637
1052
1380
1547
1515
1487
1527
1774
2079
2334
2323
2077
1661
1340
1235
1408
1689
1887
1857
1580
1241
1012
1009
1098
1215
1337
1482
1587
1600
1610
1677
1811
1884
1856
1724
1565
1389
1143
872
646
603
518
279
-235
-715
-1067
-1275
-1467
-1693
-1826
-1989
-2165
-2504
-2751
-2859
-2810
-2773
-2848
-2872
-2860
-2771
-2808
-2807
-2684
-2319
-1898
-1617
-1429
-1290
-990
-701
-344
-9
432
819
1093
1168
1185
1253
1443
1736
1978
2093
1928
1664
1408
1387
1491
1641
1675
1580
1363
1073
840
778
939
1178
1336
1313
1201
1189
1299
1478
1567
1609
1641
1666
1623
1455
1217
971
807
629
497
241
-13
-380
-660
-934
-1100
-1288
-1415
-1554
-1645
-1762
-1883
-2057
-2255
-2460
-2575
-2591
-2571
-2608
-2774
-2964
-3083
-3016
-2830
-2594
-2383
-2179
-2012
-1789
-1534
-1209
-878
-448
40
545
905
1165
1384
1597
1749
1824
1904
2058
2222
2332
2309
2238
2104
2029
1955
1931
1840
1643
1342
1033
931
1011
1153
1128
1055
1025
1112
1148
1194
1304
1445
1447
1223
978
892
966
986
823
588
390
230
-25
-300
-501
-507
-572
-720
-1051
-1322
-1503
-1631
-1822
-2078
-2216
-2234
-2259
-2465
-2714
-2868
-2829
-2800
-2860
-3015
-3142
-3071
-2843
-2497
-2172
-1881
-1551
-1200
-791
-378
50
468
910
1285
1615
1789
1943
2078
2217
2302
2263
2177
2133
2099
2004
1792
1595
1413
1228
1069
1015
1073
1069
968
815
748
814
937
1114
1206
1236
1166
1155
1167
1203
1196
1193
1142
967
714
480
461
530
658
644
513
204
-196
-514
-642
-590
-629
-851
-1219
-1504
-1677
-1805
-1928
-2064
-2167
-2353
-2525
-2731
-2851
-2941
-2929
-2817
-2604
-2297
-1960
-1550
-1070
-495
18
409
637
844
1047
1215
1318
1372
1477
1541
1544
1416
1309
1298
1337
1278
1016
714
512
455
398
308
230
200
144
64
105
312
617
772
867
926
1021
994
899
858
923
1046
1049
961
745
584
441
436
439
489
472
344
72
-282
-524
-667
-682
-771
-831
-1015
-1217
-1562
-1888
-2203
-2421
-2578
-2671
-2693
-2663
-2600
-2524
-2344
-2069
-1700
-1410
-1125
-868
-493
-70
360
654
850
995
1173
1321
1400
1393
1320
1240
1178
1149
1141
1128
1123
1038
888
639
445
323
292
244
124
-36
-115
7
302
670
903
1032
1032
1076
1038
982
939
1081
1281
1363
1215
1038
972
992
901
718
566
545
498
296
-27
-308
-472
-570
-635
-712
-813
-1001
-1266
-1524
-1751
-1879
-2017
-2080
-2127
-2080
-2043
-1966
-1744
-1365
-921
-640
-410
-173
182
488
751
973
1228
1393
1405
1246
1110
1074
1145
1160
1082
923
773
682
555
375
149
39
25
32
-53
-153
-250
-229
-130
89
295
413
402
368
354
401
439
524
599
667
630
511
373
276
273
240
209
89
24
-50
-122
-328
-609
-870
-994
-1026
-1085
-1193
-1314
-1390
-1476
-1587
-1701
-1743
-1728
-1690
-1674
-1642
-1556
-1399
-1166
-873
-544
-201
104
395
624
865
1057
1250
1338
1357
1262
1154
1076
1055
1065
1003
889
710
627
571
542
392
261
191
252
250
168
25
6
102
248
352
417
451
491
556
637
717
686
649
604
663
635
460
136
-108
-165
-66
1
-52
-266
-533
-772
-818
-709
-567
-627
-889
-1258
-1521
-1605
-1543
-1400
-1303
-1274
-1375
-1488
-1539
-1450
-1309
-1124
-964
-763
-533
-214
136
489
745
936
1024
1057
1037
1010
1030
1094
1174
1217
1139
913
595
392
396
593
741
735
555
385
394
598
849
968
924
837
805
915
1129
1342
1469
1442
1388
1290
1235
1120
991
773
548
300
78
-152
-323
-423
-472
-538
-677
-834
-987
-1094
-1206
-1308
-1364
-1379
-1361
-1364
-1365
-1370
-1357
-1343
-1359
-1374
-1405
-1337
-1196
-974
-832
-802
-853
-862
-721
-459
-177
17
141
257
362
450
523
628
691
662
505
361
311
399
548
639
656
597
603
636
708
743
753
744
717
722
744
764
753
709
696
701
692
659
582
484
329
147
-32
-220
-397
-562
-690
-762
-822
-849
-917
-968
-1042
-1123
-1209
-1263
-1237
-1154
-1051
-1008
-984
-940
-769
-596
-452
-482
-549
-599
-486
-312
-188
-190
-263
-245
-125
54
120
101
56
130
307
530
687
713
647
590
643
777
933
1036
1034
952
828
834
950
1161
1284
1322
1291
1280
1319
1345
1377
1336
1300
1216
1107
997
898
853
743
612
418
257
39
-198
-410
-571
-667
-822
-899
-965
-931
-950
-948
-957
-954
-1005
-1118
-1215
-1221
-1078
-898
-751
-733
-778
-878
-943
-948
-875
-780
-759
-836
-990
-1091
-1111
-1038
-985
-929
-883
-745
-544
-277
-60
106
177
259
371
516
629
619
627
631
763
800
868
885
1050
1264
1511
1640
1605
1496
1348
1339
1376
1532
1542
1463
1224
1039
830
634
418
305
236
175
42
-129
-338
-559
-784
-946
-1027
-1011
-937
-849
-820
-900
-1042
-1122
-1053
-932
-856
-885
-882
-866
-806
-806
-768
-741
-686
-685
-669
-728
-835
-1014
-1136
-1168
-1128
-1064
-1036
-997
-924
-796
-662
-542
-406
-209
94
396
617
679
685
724
841
1074
1333
1595
1743
1828
1824
1842
1834
1867
1885
1976
2029
1976
1758
1488
1299
1181
1104
961
773
493
234
19
-52
-109
-178
-382
-591
-752
-788
-757
-786
-789
-806
-688
-637
-581
-620
-661
-669
-647
-522
-502
-469
-620
-724
-888
-930
-952
-1000
-1135
-1432
-1729
-2009
-2042
-1982
-1799
-1690
-1571
-1471
-1364
-1225
-1098
-845
-564
-229
25
255
462
650
766
819
905
1057
1332
1545
1674
1613
1559
1588
1726
1858
1928
1933
1868
1736
1541
1392
1273
1213
1097
976
733
490
206
81
18
29
-35
-129
-238
-315
-331
-355
-330
-357
-317
-290
-209
-185
-164
-156
-73
-1
-3
-139
-358
-540
-700
-759
-816
-859
-989
-1153
-1263
-1306
-1297
-1275
-1222
-1180
-1206
-1280
-1352
-1362
-1278
-1080
-770
-487
-224
-38
178
353
539
717
904
1038
1119
1142
1205
1328
1506
1663
1715
1697
1568
1440
1250
1125
1002
950
873
736
568
392
279
160
81
14
14
-16
-38
-106
-136
-191
-213
-167
-63
41
33
19
-16
21
-39
-108
-243
-310
-361
-376
-414
-495
-655
-870
-1076
-1235
-1330
-1465
-1540
-1617
-1576
-1608
-1613
-1689
-1735
-1765
-1742
-1596
-1454
-1268
-1139
-939
-758
-517
-326
-105
36
183
305
409
511
549
667
774
945
1004
1017
989
928
904
776
728
633
735
860
972
885
669
540
590
840
1031
1083
986
857
850
866
914
886
799
760
667
772
801
895
770
594
421
308
374
392
408
226
74
-54
-114
-154
-267
-361
-517
-571
-641
-692
-760
-794
-741
-712
-696
-764
-817
-813
-778
-620
-471
-261
-140
-47
62
139
288
395
551
594
530
368
231
197
231
314
340
304
111
-93
-246
-275
-243
-236
-167
-136
-68
-123
-164
-160
-110
-65
-53
27
142
281
343
364
315
261
260
284
364
341
241
5
-246
-417
-539
-529
-528
-477
-557
-717
-874
-998
-1021
-1035
-941
-803
-642
-559
-565
-694
-849
-978
-969
-864
-697
-593
-565
-611
-635
-552
-423
-201
-47
113
180
217
232
284
330
360
383
407
475
450
392
294
253
273
246
189
122
152
229
310
327
332
387
520
702
835
846
745
654
701
901
1094
1187
1159
1153
1131
1088
962
823
696
539
402
300
249
221
150
72
33
90
180
219
116
-49
-281
-417
-364
-181
-52
-161
-379
-562
-610
-616
-640
-694
-736
-747
-716
-611
-456
-269
-175
-111
-74
-14
68
147
206
139
-9
-114
-104
-43
-14
-25
-32
-122
-346
-595
-697
-577
-444
-432
-500
-498
-314
-74
123
171
155
173
240
326
392
525
704
837
778
574
337
222
219
296
346
318
194
5
-186
-336
-374
-326
-216
-149
-113
-162
-263
-431
-525
-490
-344
-224
-203
-234
-292
-348
-423
-433
-405
-417
-478
-446
-254
-13
101
73
-25
-135
-231
-304
-333
-303
-229
-146
-118
-146
-206
-248
-200
-85
64
135
138
70
-21
-58
14
188
326
376
342
312
297
236
107
-34
-67
26
167
288
326
344
366
431
481
457
380
285
224
199
207
258
338
411
420
378
321
310
303
305
289
242
143
-6
-128
-204
-218
-232
-221
-200
-162
-142
-154
-172
-223
-279
-305
-252
-127
-51
-14
-9
33
62
42
-18
-96
-126
-89
12
119
183
169
94
-35
-168
-300
-325
-250
-136
-103
-116
-70
47
150
169
142
169
311
494
558
444
244
137
162
270
348
338
253
154
105
112
164
190
173
102
41
-6
-65
-108
-114
-64
-17
-25
-110
-247
-335
-349
-304
-283
-237
-184
-164
-222
-333
-408
-472
-508
-551
-581
-592
-578
-506
-413
-309
-295
-345
-418
-388
-271
-110
17
73
77
74
111
117
84
21
37
128
266
368
393
330
233
138
56
2
-7
38
85
115
122
134
150
180
207
220
214
171
119
54
28
34
58
96
122
150
115
55
23
81
189
246
230
179
123
43
-59
-153
-209
-274
-319
-342
-331
-326
-315
-280
-254
-258
-270
-237
-179
-148
-180
-256
-317
-315
-242
-164
-93
-19
82
160
154
80
-10
-19
64
217
358
409
373
291
247
245
259
264
237
216
200
203
215
241
276
296
303
333
404
472
490
429
332
212
116
86
128
204
227
178
92
29
34
40
6
-97
-220
-319
-351
-319
-291
-328
-463
-608
-718
-744
-698
-615
-509
-421
-350
-331
-332
-318
-236
-111
7
74
96
152
233
318
333
331
355
414
473
496
525
558
648
724
776
757
695
625
561
520
448
364
268
217
195
217
242
250
213
134
39
-50
-99
-94
-83
-97
-120
-114
-90
-101
-122
-137
-108
-81
-64
-96
-169
-276
-380
-424
-412
-381
-405
-469
-530
-558
-590
-646
-741
-853
-970
-1047
-1073
-1056
-1037
-1010
-1000
-987
-1001
-1002
-947
-812
-655
-594
-627
-657
-567
-368
-141
36
140
221
322
446
522
518
473
438
431
410
379
353
357
368
364
336
280
211
165
212
366
547
660
668
620
598
607
658
698
730
709
661
645
692
763
759
662
530
437
416
455
488
440
270
54
-105
-168
-184
-197
-226
-262
-347
-447
-545
-618
-650
-642
-560
-471
-423
-435
-451
-396
-284
-152
-45
15
15
-44
-100
-85
11
166
312
451
550
615
649
649
629
556
478
413
393
369
321
241
144
70
41
74
99
93
48
28
43
96
168
271
405
534
595
572
529
515
544
557
577
585
598
563
476
335
169
27
-71
-112
-136
-157
-226
-348
-538
-748
-918
-1006
-1027
-1028
-1021
-983
-906
-836
-802
-783
-741
-698
-705
-781
-873
-938
-940
-904
-835
-774
-735
-710
-668
-606
-561
-556
-569
-555
-509
-446
-397
-374
-348
-306
-245
-230
-244
-259
-226
-140
-48
21
42
59
103
197
317
442
551
626
690
771
899
1038
1146
1184
1145
1095
1058
1063
1054
1027
953
857
777
736
725
686
619
542
509
515
519
507
484
468
397
262
91
-65
-205
-372
-571
-767
-926
-1031
-1117
-1186
-1259
-1305
-1299
-1241
-1167
-1113
-1062
-999
-935
-895
-882
-892
-909
-911
-830
-666
-467
-318
-223
-150
-67
52
222
413
561
654
758
927
1119
1250
1291
1305
1357
1489
1674
1849
1957
2002
2028
2063
2080
2055
1993
1939
1922
1927
1865
1700
1441
1207
1040
930
793
595
356
119
-87
-294
-512
-765
-995
-1179
-1306
-1398
-1479
-1576
-1718
-1900
-2054
-2109
-2074
-2031
-2043
-2090
-2117
-2110
-2097
-2107
-2146
-2179
-2181
-2156
-2121
-2088
-1989
-1806
-1539
-1250
-972
-731
-544
-398
-256
-80
126
330
512
675
822
950
1050
1141
1238
1354
1472
1599
1713
1803
1867
1913
1968
2029
2120
2218
2293
2290
2179
1999
1794
1641
1521
1418
1262
1055
809
566
313
25
-300
-624
-931
-1221
-1490
-1702
-1852
-1941
-1960
-1905
-1808
-1722
-1680
-1674
-1662
-1600
-1490
-1391
-1326
-1319
-1348
-1395
-1411
-1368
-1288
-1211
-1141
-1062
-958
-834
-704
-559
-416
-277
-146
5
195
373
495
570
637
751
885
1014
1125
1237
1365
1478
1587
1666
1733
1778
1861
1997
2154
2262
2298
2297
2286
2280
2265
2246
2212
2167
2121
2081
2033
1938
1760
1515
1212
877
523
185
-135
-444
-717
-961
-1211
-1485
-1732
-1874
-1923
-1908
-1860
-1789
-1736
-1735
-1769
-1800
-1822
-1846
-1875
-1895
-1901
-1903
-1892
-1856
-1776
-1691
-1613
-1546
-1464
-1364
-1254
-1142
-1042
-926
-788
-614
-455
-320
-221
-143
-66
34
168
303
416
516
618
761
939
1137
1310
1444
1561
1650
1715
1757
1799
1860
1926
2013
2110
2214
2281
2300
2258
2157
2004
1792
1525
1209
900
638
425
196
-89
-436
-784
-1083
-1310
-1475
-1619
-1741
-1823
-1842
-1799
-1737
-1686
-1661
-1672
-1713
-1773
-1783
-1729
-1661
-1643
-1656
-1633
-1561
-1472
-1395
-1322
-1279
-1247
-1169
-982
-730
-506
-347
-207
-42
129
265
358
435
515
585
670
782
924
1042
1122
1204
1322
1474
1640
1821
2000
2138
2232
2341
2481
2596
2621
2571
2494
2389
2253
2112
1984
1861
1707
1527
1304
1029
702
354
14
-320
-646
-964
-1244
-1468
-1619
-1716
-1778
-1840
-1916
-1989
-2019
-1978
-1933
-1967
-2099
-2246
-2317
-2296
-2211
-2116
-2025
-1928
-1792
-1614
-1450
-1335
-1264
-1196
-1113
-1023
-916
-791
-629
-430
-208
-27
89
169
271
431
624
832
1028
1223
1408
1566
1687
1773
1852
1919
2001
2109
2224
2312
2358
2404
2485
2585
2640
2594
2477
2371
2316
2260
2142
1930
1649
1328
1003
693
387
76
-238
-530
-789
-1015
-1216
-1401
-1574
-1729
-1855
-1969
-2071
-2165
-2233
-2269
-2301
-2343
-2412
-2485
-2547
-2603
-2614
-2557
-2415
-2246
-2072
-1875
-1633
-1392
-1214
-1076
-946
-792
-662
-567
-497
-387
-205
-23
78
66
36
45
103
181
292
489
769
1105
1416
1688
1900
2089
2276
2468
2631
2718
2739
2736
2755
2793
2829
2827
2768
2648
2484
2280
2015
1689
1329
981
683
435
221
2
-241
-507
-788
-1042
-1233
-1321
-1351
-1401
-1510
-1660
-1794
-1889
-1931
-1953
-1966
-1997
-2035
-2090
-2136
-2169
-2174
-2137
-2030
-1828
-1587
-1379
-1266
-1211
-1130
-1009
-877
-766
-631
-446
-243
-95
-38
-37
-21
77
246
438
613
783
957
1125
1264
1383
1499
1616
1736
1865
2004
2148
2266
2323
2303
2235
2186
2188
2217
2213
2136
1970
1732
1472
1242
1044
816
514
174
-129
-371
-593
-830
-1072
-1279
-1420
-1471
-1467
-1461
-1502
-1551
-1558
-1510
-1441
-1390
-1353
-1340
-1346
-1375
-1391
-1388
-1370
-1354
-1328
-1279
-1214
-1169
-1155
-1160
-1151
-1103
-1004
-857
-714
-636
-620
-598
-503
-335
-144
14
111
168
236
353
530
745
961
1159
1316
1444
1540
1626
1714
1836
1960
2047
2085
2126
2187
2239
2255
2216
2132
1996
1854
1754
1692
1607
1414
1145
866
630
403
152
-112
-358
-543
-675
-793
-942
-1118
-1276
-1391
-1488
-1587
-1690
-1760
-1786
-1776
-1769
-1794
-1825
-1833
-1814
-1788
-1740
-1641
-1487
-1332
-1212
-1136
-1088
-1067
-1089
-1129
-1169
-1164
-1106
-981
-804
-617
-477
-389
-302
-168
-14
108
190
285
425
622
850
1084
1297
1477
1631
1747
1817
1852
1914
2002
2063
2042
1958
1880
1814
1731
1593
1418
1254
1143
1089
1028
901
717
534
381
213
23
-157
-305
-453
-646
-846
-1020
-1131
-1202
-1252
-1317
-1414
-1532
-1650
-1733
-1782
-1794
-1781
-1732
-1663
-1606
-1553
-1471
-1346
-1210
-1098
-1001
-891
-763
-641
-543
-478
-434
-390
-323
-239
-165
-91
9
157
322
484
641
810
993
1178
1377
1599
1840
2062
2233
2345
2409
2429
2403
2338
2256
2175
2086
1970
1835
1685
1542
1380
1199
996
787
613
478
369
231
54
-138
-301
-397
-439
-453
-508
-610
-741
-854
-946
-1036
-1130
-1235
-1329
-1411
-1458
-1489
-1520
-1574
-1633
-1657
-1635
-1589
-1545
-1494
-1419
-1330
-1245
-1176
-1123
-1080
-1029
-962
-876
-784
-684
-591
-509
-445
-369
-244
-41
201
394
487
505
526
603
752
949
1161
1346
1480
1562
1600
1601
1564
1477
1332
1148
970
839
765
726
678
584
447
306
196
108
24
-52
-124
-190
-267
-339
-407
-470
-529
-582
-612
-625
-626
-649
-711
-811
-908
-984
-1044
-1111
-1181
-1226
-1237
-1217
-1186
-1152
-1090
-998
-884
-790
-725
-666
-595
-499
-396
-292
-186
-100
-40
-4
62
196
400
621
801
894
918
945
1052
1241
1441
1571
1606
1591
1576
1590
1604
1574
1495
1410
1347
1293
1196
1054
902
777
671
566
454
340
226
121
34
-29
-59
-67
-67
-72
-96
-146
-233
-334
-407
-429
-418
-396
-397
-422
-480
-553
-660
-840
-1077
-1295
-1353
-1229
-1003
-818
-739
-726
-676
-536
-355
-215
-125
-29
95
217
300
354
406
451
478
478
472
487
520
543
517
482
490
565
648
669
607
483
367
296
263
195
61
-100
-238
-345
-451
-564
-659
-724
-796
-922
-1087
-1241
-1337
-1393
-1424
-1422
-1365
-1238
-1086
-923
-762
-576
-392
-256
-196
-202
-260
-338
-381
-354
-271
-208
-212
-269
-308
-288
-227
-159
-85
2
91
176
271
391
529
661
796
938
1073
1187
1272
1334
1362
1372
1378
1395
1412
1410
1393
1351
1273
1147
977
771
544
327
146
-5
-171
-377
-610
-841
-1051
-1246
-1416
-1543
-1625
-1689
-1750
-1755
-1656
-1475
-1284
-1109
-903
-629
-334
-78
120
272
382
430
405
310
176
53
-45
-116
-187
-233
-224
-122
57
269
496
740
1009
1262
1491
1688
1874
2036
2209
2423
2679
2913
3048
3074
3019
2923
2789
2615
2392
2125
1806
1410
922
356
-252
-876
-1484
-2011
-2400
-2641
-2754
-2777
-2749
-2763
-2879
-3096
-3342
-3537
-3665
-3728
-3704
-3491
-3055
-2452
-1823
-1217
-619
-45
400
584
498
245
-35
-262
-405
-429
-334
-174
-44
-9
-61
-160
-258
-355
-453
-520
-481
-274
75
516
1029
1642
2351
3098
3815
4472
5032
5436
5648
5694
5591
5274
4689
3879
2996
2082
1073
-77
-1273
-2333
-3182
-3866
-4457
-4921
-5205
-5326
-5392
-5435
-5377
-5120
-4664
-4069
-3358
-2512
-1523
-467
538
1388
2073
2582
2853
2803
2455
1915
1256
491
-333
-1101
-1727
-2200
-2562
-2823
-2981
-3024
-2976
-2865
-2703
-2467
-2121
-1613
-914
-17
1040
2198
3392
4556
5661
6674
7501
8038
8259
8216
7902
7252
6248
4950
3433
1776
95
-1501
-2921
-4128
-5102
-5850
-6355
-6612
-6688
-6672
-6574
-6295
-5764
-4985
-3973
-2760
-1390
53
1487
2826
3968
4836
5334
5388
4982
4228
3270
2197
1051
-109
-1215
-2221
-3104
-3830
-4373
-4749
-4986
-5103
-5082
-4898
-4518
-3899
-3009
-1875
-551
898
2426
3972
5464
6829
7960
8770
9209
9266
8879
8001
6697
5112
3380
1565
-269
-2036
-3629
-4972
-6059
-6929
-7569
-7914
-7947
-7754
-7392
-6830
-6006
-4913
-3567
-1999
-258
1550
3290
4807
5968
6688
6944
6744
6128
5163
3963
2630
1246
-142
-1494
-2733
-3782
-4615
-5288
-5851
-6284
-6507
-6481
-6218
-5725
-4965
-3884
-2489
-865
878
2664
4432
6102
7573
8751
9568
9978
9928
9377
8336
6865
5038
2934
684
-1562
-3640
-5420
-6819
-7876
-8636
-9090
-9209
-9044
-8663
-8048
-7145
-5961
-4553
-2944
-1140
832
2845
4728
6303
7473
8201
8454
8193
7421
6243
4802
3246
1672
166
-1214
-2421
-3459
-4340
-5060
-5596
-5938
-6076
-5989
-5657
-5061
-4193
-3031
-1595
63
1862
3738
5598
7347
8857
9997
10664
10805
10396
9440
7972
6099
3922
1584
-787
-3065
-5140
-6908
-8302
-9320
-9964
-10246
-10225
-10012
-9620
-8982
-8030
-6746
-5120
-3157
-953
1337
3531
5478
7051
8173
8776
8799
8234
7159
5716
4053
2308
614
-925
-2233
-3266
-4036
-4582
-4968
-5230
-5371
-5353
-5127
-4662
-3937
-2943
-1694
-197
1536
3472
5488
7434
9180
10606
11575
11972
11727
10848
9405
7528
5332
2926
447
-1954
-4163
-6114
-7733
-8984
-9862
-10405
-10651
-10639
-10356
-9766
-8859
-7656
-6161
-4376
-2348
-168
2047
4130
5887
7193
8001
8257
7902
6957
5553
3873
2095
351
-1289
-2768
-4007
-4947
-5600
-6012
-6212
-6249
-6166
-5960
-5581
-4976
-4110
-2928
-1406
417
2451
4571
6651
8573
10209
11412
12049
12044
11394
10170
8492
6472
4181
1740
-668
-2875
-4830
-6521
-7936
-9040
-9808
-10228
-10331
-10150
-9684
-8893
-7781
-6389
-4726
-2791
-640
1571
3671
5480
6850
7699
8006
7776
7035
5869
4395
2734
992
-718
-2309
-3701
-4823
-5630
-6145
-6419
-6490
-6390
-6138
-5736
-5150
-4345
-3287
-1962
-376
1432
3397
5433
7408
9177
10592
11538
11909
11621
10674
9165
7231
5013
2654
294
-1935
-3934
-5609
-6908
-7835
-8437
-8780
-8924
-8893
-8625
-8054
-7172
-6008
-4553
-2795
-799
1271
3234
4957
6353
7338
7832
7773
7161
6088
4696
3125
1470
-183
-1741
-3089
-4138
-4854
-5269
-5439
-5440
-5344
-5161
-4863
-4422
-3829
-3047
-2028
-761
719
2364
4125
5940
7688
9206
10325
10935
10946
10305
9031
7249
5103
2726
273
-2078
-4169
-5901
-7229
-8168
-8748
-9003
-8980
-8758
-8372
-7807
-7059
-6130
-4996
-3616
-2014
-278
1478
3156
4640
5805
6528
6738
6449
5735
4683
3370
1908
422
-973
-2192
-3149
-3826
-4261
-4494
-4532
-4411
-4194
-3926
-3603
-3203
-2692
-2003
-1093
50
1405
2952
4650
6416
8075
9403
10239
10521
10225
9340
7916
6074
3956
1716
-490
-2538
-4342
-5831
-6954
-7732
-8195
-8371
-8307
-8092
-7769
-7321
-6706
-5908
-4922
-3758
-2448
-1030
426
1809
3012
3964
4594
4823
4626
4074
3252
2233
1094
-44
-1062
-1892
-2522
-2971
-3254
-3363
-3289
-3079
-2815
-2555
-2293
-1986
-1565
-966
-121
995
2350
3858
5414
6918
8244
9259
9878
10071
9802
9038
7808
6202
4347
2394
492
-1278
-2840
-4115
-5057
-5706
-6111
-6315
-6368
-6302
-6116
-5793
-5361
-4828
-4204
-3491
-2683
-1778
-836
46
805
1404
1789
1903
1751
1369
807
137
-571
-1237
-1787
-2202
-2508
-2743
-2893
-2957
-2939
-2868
-2766
-2653
-2509
-2274
-1891
-1319
-546
408
1494
2684
3959
5267
6493
7516
8220
8553
8506
8107
7365
6308
5027
3652
2280
973
-220
-1245
-2071
-2706
-3194
-3580
-3871
-4052
-4113
-4088
-4003
-3872
-3682
-3405
-3006
-2515
-2028
-1616
-1276
-977
-709
-478
-287
-155
-106
-130
-202
-297
-405
-534
-690
-871
-1068
-1284
-1527
-1782
-2032
-2250
-2393
-2421
-2339
-2138
-1770
-1192
-423
483
1466
2446
3361
4169
4845
5352
5654
5726
5559
5190
4708
4183
3615
2980
2292
1608
987
449
-46
-523
-948
-1271
-1503
-1682
-1819
-1932
-2063
-2236
-2401
-2519
-2598
-2661
-2719
-2741
-2691
-2528
-2256
-1907
-1523
-1113
-669
-193
268
650
919
1073
1098
956
663
265
-181
-638
-1057
-1389
-1612
-1704
-1651
-1459
-1152
-729
-244
207
544
775
948
1077
1153
1185
1226
1332
1498
1659
1761
1830
1894
1933
1907
1798
1621
1402
1201
1033
865
630
314
-72
-502
-955
-1403
-1814
-2163
-2447
-2681
-2848
-2904
-2828
-2630
-2341
-1975
-1543
-1060
-538
14
586
1144
1625
1985
2200
2255
2117
1775
1271
690
147
-261
-491
-580
-585
-536
-445
-338
-250
-228
-292
-418
-531
-542
-413
-161
161
519
933
1408
1883
2251
2464
2555
2548
2452
2250
1946
1551
1103
644
193
-245
-659
-1030
-1364
-1658
-1904
-2091
-2215
-2267
-2232
-2117
-1936
-1702
-1408
-1018
-507
100
736
1327
1829
2190
2386
2428
2357
2196
1936
1564
1109
610
132
-285
-604
-833
-1016
-1181
-1328
-1425
-1474
-1484
-1460
-1387
-1249
-1020
-681
-273
136
499
832
1147
1429
1664
1826
1885
1841
1730
1569
1326
964
474
-104
-699
-1243
-1717
-2146
-2561
-2935
-3208
-3322
-3281
-3134
-2928
-2664
-2323
-1902
-1429
-932
-428
87
588
1029
1372
1606
1730
1746
1686
1580
1440
1237
974
679
379
85
-199
-447
-637
-742
-761
-706
-601
-446
-237
23
301
580
860
1134
1367
1521
1595
1630
1653
1668
1666
1637
1560
1409
1199
949
655
314
-46
-395
-737
-1067
-1363
-1617
-1844
-2040
-2143
-2106
-1926
-1647
-1309
-956
-612
-274
79
434
738
944
1059
1113
1123
1064
904
654
376
142
-32
-171
-306
-432
-536
-627
-705
-750
-744
-697
-627
-512
-314
-29
296
621
951
1291
1604
1830
1951
1981
1942
1854
1740
1623
1504
1381
1252
1109
946
764
570
363
147
-75
-296
-530
-795
-1080
-1332
-1484
-1535
-1531
-1495
-1398
-1203
-914
-568
-228
48
221
287
259
168
53
-81
-261
-482
-700
-867
-980
-1059
-1132
-1226
-1331
-1413
-1459
-1507
-1578
-1644
-1652
-1569
-1397
-1172
-942
-717
-484
-231
29
269
468
641
795
924
1004
1017
999
997
1044
1112
1148
1144
1131
1124
1085
981
811
578
291
2
-233
-370
-415
-382
-288
-150
11
182
347
492
598
647
639
614
624
680
751
778
729
625
508
399
278
106
-122
-385
-650
-882
-1068
-1209
-1310
-1347
-1323
-1275
-1244
-1249
-1274
-1307
-1324
-1300
-1209
-1047
-860
-689
-545
-395
-205
57
409
815
1191
1472
1646
1711
1662
1518
1325
1128
950
802
683
587
514
473
485
563
677
785
838
832
791
754
760
808
875
917
948
1004
1100
1205
1260
1253
1188
1089
949
761
519
244
-42
-326
-600
-861
-1103
-1332
-1549
-1757
-1937
-2080
-2187
-2271
-2332
-2334
-2245
-2083
-1883
-1675
-1441
-1159
-818
-446
-97
175
350
447
495
505
466
351
154
-86
-304
-469
-595
-691
-738
-700
-587
-447
-315
-175
11
248
503
731
910
1051
1183
1311
1422
1508
1592
1677
1700
1592
1365
1099
867
687
546
413
260
82
-104
-281
-463
-664
-879
-1072
-1207
-1280
-1321
-1344
-1334
-1271
-1152
-985
-783
-529
-198
203
593
886
1036
1075
1047
977
838
585
227
-160
-491
-746
-936
-1062
-1110
-1088
-1011
-893
-755
-614
-483
-342
-168
56
298
524
720
903
1081
1241
1359
1415
1406
1340
1229
1060
836
597
395
245
115
-27
-195
-375
-546
-682
-773
-826
-847
-838
-803
-725
-591
-404
-217
-40
165
442
775
1110
1427
1717
1962
2122
2160
2046
1764
1346
843
307
-203
-623
-895
-1038
-1097
-1117
-1094
-1020
-904
-786
-692
-598
-479
-362
-309
-330
-360
-338
-260
-178
-146
-180
-264
-361
-468
-602
-756
-918
-1074
-1230
-1389
-1529
-1618
-1643
-1641
-1651
-1668
-1650
-1567
-1426
-1233
-994
-724
-435
-129
184
488
774
1045
1303
1539
1726
1853
1929
1976
1983
1921
1774
1563
1315
1050
806
625
533
513
525
526
522
546
632
775
950
1135
1293
1385
1390
1330
1232
1093
891
625
328
28
-256
-522
-766
-996
-1219
-1414
-1545
-1597
-1610
-1646
-1743
-1882
-2019
-2095
-2072
-1954
-1779
-1585
-1380
-1152
-897
-637
-393
-173
28
217
404
585
720
799
863
948
1025
1036
975
884
798
728
677
631
553
425
282
204
240
387
593
810
1017
1217
1418
1607
1755
1829
1813
1699
1491
1206
871
511
125
-274
-647
-929
-1104
-1213
-1316
-1446
-1612
-1800
-1978
-2104
-2185
-2252
-2325
-2378
-2396
-2392
-2356
-2235
-1989
-1647
-1263
-868
-484
-153
78
214
292
338
368
400
449
501
532
530
495
447
403
388
414
468
523
553
578
651
812
1057
1358
1681
1986
2220
2356
2385
2319
2154
1904
1605
1291
988
708
463
257
106
16
-42
-109
-176
-206
-208
-239
-356
-553
-796
-1026
-1191
-1265
-1262
-1198
-1084
-913
-683
-428
-186
15
156
211
184
104
2
-99
-171
-196
-194
-173
-138
-85
-34
-15
-26
-55
-82
-79
-29
72
206
365
548
755
984
1227
1473
1687
1833
1874
1799
1601
1285
882
446
39
-293
-527
-659
-711
-715
-694
-670
-652
-656
-672
-712
-820
-1038
-1344
-1651
-1892
-2027
-2037
-1920
-1716
-1473
-1207
-927
-655
-436
-293
-222
-207
-227
-279
-346
-410
-463
-523
-583
-623
-612
-544
-447
-362
-313
-282
-229
-132
-10
112
234
389
583
786
948
1048
1093
1102
1086
1043
961
841
689
525
362
203
62
-37
-66
-40
-1
11
-10
-58
-133
-232
-351
-477
-583
-662
-712
-731
-705
-629
-514
-370
-209
-50
97
247
423
604
744
786
755
718
723
753
770
774
763
727
653
560
484
446
448
471
527
640
826
1041
1219
1323
1377
1422
1475
1501
1452
1314
1121
932
794
701
615
510
385
257
122
-21
-169
-315
-457
-604
-759
-931
-1118
-1309
-1459
-1533
-1533
-1495
-1459
-1445
-1445
-1420
-1328
-1174
-1001
-829
-654
-485
-341
-225
-117
-14
43
34
-29
-99
-162
-220
-275
-311
-300
-236
-126
11
167
340
522
701
876
1044
1178
1224
1182
1093
997
906
813
710
589
428
229
41
-96
-172
-240
-359
-571
-862
-1177
-1446
-1647
-1802
-1952
-2108
-2231
-2267
-2199
-2073
-1929
-1769
-1585
-1390
-1227
-1132
-1093
-1035
-888
-665
-427
-205
21
245
447
605
701
712
639
528
436
374
342
342
396
509
679
892
1120
1336
1520
1670
1794
1889
1956
2018
2093
2159
2172
2131
2060
1949
1786
1595
1423
1278
1121
925
703
474
220
-90
-452
-812
-1122
-1370
-1571
-1721
-1800
-1796
-1731
-1637
-1535
-1423
-1284
-1115
-915
-697
-484
-290
-120
21
116
165
201
249
299
330
339
336
339
355
383
408
439
493
574
668
762
856
960
1063
1162
1267
1389
1516
1626
1700
1738
1732
1672
1544
1360
1144
924
735
570
385
130
-183
-493
-761
-990
-1193
-1370
-1515
-1634
-1739
-1842
-1951
-2049
-2120
-2141
-2108
-2028
-1901
-1746
-1587
-1446
-1307
-1147
-978
-839
-749
-703
-698
-747
-859
-1004
-1117
-1148
-1111
-1037
-944
-814
-649
-467
-291
-111
96
341
617
898
1170
1420
1638
1826
1982
2103
2156
2127
2038
1931
1811
1655
1445
1216
995
777
534
257
-23
-278
-504
-717
-910
-1074
-1199
-1286
-1353
-1413
-1448
-1405
-1256
-1036
-812
-613
-443
-306
-226
-200
-200
-193
-195
-241
-316
-380
-413
-436
-489
-572
-662
-695
-631
-472
-271
-76
104
284
486
717
976
1241
1486
1689
1853
1997
2144
2288
2408
2481
2498
2456
2340
2140
1868
1565
1263
972
683
402
144
-73
-259
-440
-630
-816
-982
-1125
-1242
-1313
-1321
-1280
-1202
-1077
-902
-706
-542
-428
-363
-346
-363
-403
-465
-561
-688
-826
-953
-1068
-1166
-1242
-1268
-1214
-1080
-916
-789
-708
-606
-407
-113
211
497
728
924
1096
1248
1382
1510
1630
1724
1761
1739
1667
1541
1339
1055
743
477
284
121
-42
-197
-336
-499
-731
-1015
-1275
-1435
-1485
-1482
-1480
-1478
-1429
-1303
-1096
-838
-561
-301
-115
-72
-184
-368
-526
-640
-768
-950
-1167
-1376
-1510
-1538
-1474
-1389
-1309
-1204
-1043
-854
-685
-538
-384
-166
143
540
976
1410
1811
2160
2447
2669
2827
2914
2905
2790
2583
2321
2042
1766
1504
1260
1023
786
553
334
136
-69
-310
-574
-812
-976
-1064
-1113
-1144
-1146
-1068
-891
-650
-427
-271
-150
-17
110
137
5
-260
-578
-880
-1127
-1299
-1395
-1433
-1437
-1424
-1405
-1374
-1315
-1226
-1144
-1110
-1109
-1068
-940
-722
-435
-67
386
871
1298
1606
1800
1916
1986
2017
2004
1963
1910
1839
1716
1513
1258
1016
827
678
528
355
168
-14
-187
-365
-547
-702
-808
-851
-823
-712
-540
-368
-231
-123
-21
51
42
-69
-243
-429
-616
-804
-989
-1157
-1288
-1370
-1393
-1363
-1301
-1239
-1181
-1128
-1078
-1027
-948
-826
-657
-432
-143
203
563
897
1192
1455
1671
1802
1814
1734
1634
1568
1509
1403
1240
1059
911
789
667
525
380
252
150
66
-21
-110
-195
-257
-288
-292
-262
-187
-65
81
219
330
408
454
464
434
348
196
-21
-282
-569
-841
-1067
-1222
-1299
-1303
-1244
-1162
-1106
-1111
-1144
-1149
-1086
-973
-844
-720
-614
-520
-392
-178
104
372
570
716
842
950
1021
1055
1051
996
880
713
535
377
248
124
-5
-141
-280
-427
-578
-703
-771
-775
-731
-653
-551
-426
-290
-149
1
165
339
500
622
683
669
580
424
226
11
-202
-395
-536
-594
-576
-529
-492
-473
-467
-487
-548
-625
-660
-591
-440
-264
-106
41
202
386
593
794
965
1092
1193
1275
1330
1338
1288
1205
1093
962
808
634
450
265
92
-68
-209
-319
-363
-322
-230
-152
-111
-61
40
181
303
355
325
246
160
72
-28
-150
-280
-414
-557
-713
-858
-955
-985
-971
-959
-958
-929
-846
-745
-675
-633
-574
-481
-364
-232
-69
124
332
528
700
837
936
1005
1044
1055
1029
974
898
814
720
621
522
418
313
217
131
21
-131
-323
-523
-679
-711
-600
-413
-251
-141
-48
49
124
153
127
67
0
-59
-130
-241
-385
-526
-636
-725
-796
-844
-855
-845
-842
-863
-881
-863
-803
-729
-665
-610
-546
-465
-378
-284
-185
-75
41
179
333
486
621
736
819
843
818
788
779
761
696
595
509
461
438
427
417
373
251
68
-101
-219
-306
-361
-325
-180
1
128
173
157
93
6
-59
-76
-74
-103
-171
-254
-329
-408
-495
-580
-623
-605
-537
-449
-365
-292
-227
-162
-104
-61
-45
-44
-28
22
96
172
238
293
352
431
545
661
743
767
749
718
686
650
608
572
549
548
551
538
507
467
420
356
270
187
137
122
112
87
58
52
84
154
235
271
236
154
62
-40
-168
-302
-402
-458
-502
-580
-697
-823
-908
-919
-862
-777
-708
-652
-568
-431
-267
-134
-47
32
129
220
277
302
312
319
336
379
437
475
463
400
315
229
122
-34
-239
-433
-557
-604
-605
-593
-577
-555
-514
-439
-333
-214
-98
8
97
165
203
226
242
266
293
301
254
153
27
-102
-230
-348
-437
-478
-464
-405
-324
-260
-247
-276
-308
-306
-247
-123
42
203
318
396
458
508
528
521
524
574
657
730
770
796
838
889
913
876
768
587
363
149
-14
-128
-219
-295
-359
-413
-464
-506
-517
-472
-364
-237
-159
-161
-207
-255
-299
-347
-380
-374
-344
-325
-349
-432
-556
-667
-722
-731
-728
-713
-658
-544
-408
-281
-186
-118
-64
-18
26
69
116
174
235
285
309
318
335
354
339
267
195
188
236
261
215
124
30
-40
-83
-115
-151
-182
-178
-135
-82
-19
81
203
300
352
389
421
433
413
377
330
272
203
148
105
38
-77
-236
-412
-583
-723
-813
-846
-835
-794
-737
-682
-625
-538
-378
-151
110
353
552
695
791
863
929
983
1014
1038
1094
1174
1220
1189
1104
1018
946
861
743
595
445
323
238
178
100
6
-77
-125
-144
-159
-171
-173
-161
-142
-125
-101
-44
46
123
130
64
-19
-87
-150
-228
-307
-364
-414
-489
-588
-681
-750
-805
-859
-914
-943
-926
-853
-751
-660
-606
-569
-509
-391
-235
-78
33
76
47
-31
-101
-123
-87
-21
51
106
124
109
68
19
-35
-91
-130
-122
-76
-25
14
60
113
145
155
185
275
383
434
402
327
259
214
188
168
146
113
63
-9
-120
-264
-413
-520
-555
-527
-476
-443
-448
-456
-428
-361
-286
-217
-140
-57
21
80
120
136
133
131
138
147
145
139
119
62
-38
-158
-262
-328
-343
-321
-304
-311
-303
-229
-96
40
156
270
390
499
595
710
847
964
1019
1036
1057
1079
1080
1043
978
872
726
567
426
304
183
65
-49
-166
-293
-421
-520
-566
-553
-492
-414
-353
-325
-286
-180
-4
178
304
368
401
427
456
487
517
537
534
484
387
264
152
53
-72
-250
-449
-619
-733
-793
-809
-789
-751
-713
-670
-618
-559
-498
-425
-325
-217
-117
-28
50
99
139
197
281
333
303
207
97
22
-14
-33
-91
-207
-346
-424
-415
-375
-369
-388
-383
-341
-291
-237
-152
-24
115
226
292
328
365
413
431
381
276
187
161
179
190
162
100
24
-63
-162
-266
-345
-396
-420
-428
-415
-366
-290
-215
-170
-150
-128
-95
-67
-80
-132
-201
-271
-351
-417
-428
-370
-297
-282
-333
-402
-428
-399
-334
-272
-233
-202
-164
-102
-18
88
207
316
405
508
651
810
943
1040
1117
1157
1132
1037
907
768
634
515
406
300
188
76
-26
-118
-207
-293
-355
-366
-313
-219
-119
-40
6
22
25
26
39
65
118
192
283
343
344
290
230
214
225
217
171
127
103
60
