-242
-264
-217
-138
-37
63
130
128
74
17
-15
-16
16
57
70
34
-25
-72
-112
-151
-179
-178
-164
-158
-181
-240
-328
-408
-429
-367
-246
-106
38
171
253
227
106
-24
-88
-110
-133
-170
-178
-141
-48
88
228
314
322
284
240
189
125
53
-15
-62
-66
-1
107
209
256
244
206
188
205
217
162
14
-183
-343
-391
-299
-135
-11
10
-27
-43
-6
64
139
194
197
150
100
84
71
1
-143
-320
-465
-545
-570
-575
-595
-632
-650
-606
-506
-398
-319
-274
-251
-246
-256
-299
-371
-412
-382
-291
-191
-115
-78
-84
-94
-47
73
217
307
319
273
210
146
100
82
86
78
37
-26
-78
-104
-110
-91
-58
-16
30
102
192
261
266
213
153
132
144
143
93
0
-109
-195
-213
-139
0
133
219
255
254
207
107
-22
-120
-132
-55
41
86
73
51
67
134
234
343
415
414
334
208
72
-39
-98
-99
-62
-10
65
175
274
299
234
140
82
77
115
160
167
112
37
26
106
215
271
260
231
240
298
378
437
449
410
346
289
236
153
21
-118
-180
-141
-48
34
89
152
239
330
380
373
325
283
265
256
219
111
-66
-250
-339
-301
-173
-39
49
51
-40
-196
-369
-516
-620
-685
-723
-751
-771
-767
-715
-619
-519
-448
-405
-361
-313
-272
-252
-262
-289
-311
-310
-298
-280
-255
-227
-203
-178
-122
-26
92
198
257
253
189
96
-8
-99
-149
-123
-33
45
66
48
47
72
109
151
194
222
207
143
37
-79
-175
-243
-294
-340
-356
-338
-289
-236
-194
-174
-153
-100
-8
84
108
26
-143
-312
-382
-336
-231
-130
-47
26
87
134
165
209
274
340
358
308
210
109
37
28
84
186
281
346
382
405
410
390
356
338
337
329
290
238
214
245
348
515
707
850
893
843
744
628
495
353
220
102
13
-46
-60
-44
-20
-17
-28
-34
-21
-4
-6
-33
-52
-57
-62
-91
-131
-157
-166
-179
-195
-174
-89
48
171
241
248
204
114
-18
-161
-272
-335
-342
-301
-218
-130
-77
-64
-80
-110
-150
-185
-203
-227
-284
-377
-476
-562
-610
-600
-517
-375
-211
-64
37
91
105
83
30
-51
-135
-186
-170
-97
-22
3
-28
-101
-185
-246
-258
-220
-156
-87
-45
-61
-126
-153
-80
78
226
279
204
54
-76
-124
-98
-49
-13
16
57
99
102
41
-48
-79
-5
141
268
305
236
101
-44
-162
-249
-308
-312
-243
-132
-43
-23
-55
-98
-111
-85
-32
11
14
-18
-68
-107
-117
-82
-20
42
82
88
53
-12
-61
-55
-3
62
107
128
133
144
178
228
280
325
373
417
443
447
441
415
350
267
213
234
303
349
306
174
10
-115
-161
-135
-90
-84
-140
-223
-268
-243
-166
-82
-28
1
29
82
142
162
119
39
-29
-64
-60
-32
-9
-14
-39
-38
5
46
16
-110
-270
-367
-347
-243
-130
-47
28
120
185
151
22
-110
-158
-109
-18
49
58
19
-29
-52
-33
29
111
170
192
202
217
228
218
216
237
265
266
239
202
142
14
-191
-428
-607
-648
-545
-354
-176
-62
-7
28
71
124
180
214
198
104
-66
-263
-406
-436
-355
-233
-124
-50
-10
-11
-54
-103
-129
-132
-150
-182
-215
-230
-240
-235
-178
-70
47
116
131
116
80
27
-15
-19
10
42
77
132
203
247
229
155
69
7
-24
-28
-15
4
16
35
72
115
142
145
135
128
121
98
51
-17
-90
-160
-214
-234
-219
-191
-208
-288
-392
-469
-505
-503
-438
-299
-131
2
79
107
103
104
147
217
256
246
209
146
39
-59
-56
63
206
291
310
287
237
217
280
376
384
290
212
255
357
418
418
367
232
-18
-283
-419
-371
-226
-70
52
149
222
265
276
274
297
331
327
236
74
-86
-153
-79
107
302
419
444
415
340
215
76
-15
-44
-60
-97
-134
-149
-155
-159
-140
-81
-18
5
-6
2
36
47
-5
-78
-115
-97
-45
20
69
56
-35
-167
-272
-319
-333
-351
-381
-404
-416
-424
-422
-402
-361
-311
-259
-198
-139
-116
-145
-184
-162
-72
45
146
244
347
411
401
302
115
-147
-402
-500
-366
-106
86
121
74
38
16
-27
-98
-187
-278
-332
-306
-232
-208
-269
-310
-245
-109
6
61
70
34
-34
-101
-147
-178
-203
-198
-144
-47
51
122
148
139
139
157
189
231
309
392
408
343
269
231
217
214
248
292
278
182
60
-27
-103
-215
-351
-420
-357
-183
15
150
162
32
-157
-248
-160
5
62
-37
-186
-258
-218
-81
107
262
276
141
-41
-166
-201
-163
-60
75
193
257
248
147
-48
-258
-362
-324
-213
-101
-3
88
155
198
244
310
385
439
461
445
361
200
-6
-195
-281
-210
-3
236
395
452
449
418
367
321
301
266
174
52
-37
-83
-115
-139
-128
-80
8
121
241
312
281
134
-62
-174
-115
68
223
251
158
3
-167
-301
-357
-337
-275
-193
-94
0
56
79
113
199
330
423
388
185
-101
-327
-397
-327
-213
-143
-128
-116
-50
31
40
-61
-219
-335
-352
-292
-235
-236
-251
-224
-174
-171
-221
-265
-290
-332
-377
-350
-243
-157
-139
-113
-16
88
102
31
-53
-103
-119
-124
-144
-206
-299
-374
-397
-348
-221
-10
252
487
584
495
283
72
-79
-176
-244
-290
-300
-264
-179
-65
54
175
285
342
294
151
-29
-184
-247
-200
-93
-5
44
68
39
-43
-112
-118
-128
-221
-337
-330
-120
216
477
495
288
39
-110
-134
-45
136
312
382
365
348
322
217
47
-97
-152
-113
25
200
312
317
283
269
256
246
275
348
397
353
245
143
111
170
280
331
213
-88
-428
-614
-523
-197
192
430
398
179
-11
-3
182
387
479
409
224
27
-47
47
198
281
263
170
7
-203
-362
-392
-312
-190
-50
103
187
126
-26
-128
-107
9
148
245
221
72
-81
-134
-104
-100
-137
-176
-184
-126
39
246
321
188
-25
-137
-139
-106
-96
-109
-142
-156
-96
44
171
189
57
-200
-494
-694
-677
-450
-141
55
33
-146
-311
-333
-228
-69
80
163
141
40
-55
-119
-187
-244
-238
-206
-269
-411
-465
-332
-71
191
360
333
59
-359
-769
-1042
-1102
-899
-537
-266
-242
-391
-533
-573
-500
-297
-16
200
210
-7
-301
-477
-382
-47
327
487
358
57
-208
-274
-94
232
476
521
432
358
351
362
346
301
283
355
493
545
401
159
43
206
566
884
917
655
333
222
365
569
616
389
-50
-495
-716
-652
-455
-308
-261
-254
-206
-62
197
505
753
873
860
723
507
327
275
316
339
276
165
69
39
80
123
96
10
-22
40
118
128
115
131
111
-35
-260
-383
-288
-14
268
375
209
-114
-301
-161
177
429
450
321
206
206
296
284
42
-288
-426
-298
-116
-104
-321
-657
-881
-763
-304
235
530
416
-56
-636
-954
-796
-310
113
191
-46
-352
-516
-504
-396
-283
-182
-104
-68
-112
-271
-497
-648
-563
-241
111
298
251
28
-230
-333
-163
206
561
680
470
42
-267
-211
64
139
-180
-651
-882
-681
-168
376
616
400
-162
-714
-933
-749
-342
15
159
70
-104
-186
-147
-173
-397
-680
-715
-379
115
446
402
71
-278
-376
-172
198
534
679
556
278
67
63
178
261
221
59
-117
-146
38
231
212
-19
-253
-314
-192
9
130
95
-39
-182
-261
-237
-116
26
119
227
406
588
633
534
418
406
560
845
1105
1107
759
282
25
92
268
295
160
-10
-100
-67
76
256
339
236
-37
-325
-437
-332
-173
-190
-423
-719
-878
-785
-467
-99
79
42
3
139
339
412
363
348
408
451
400
270
135
64
122
318
585
773
730
456
153
34
127
290
426
481
378
88
-266
-467
-427
-182
175
514
624
402
28
-218
-274
-271
-270
-185
-55
-51
-227
-391
-340
-134
43
91
57
35
89
211
270
154
-83
-279
-339
-312
-265
-315
-528
-799
-894
-704
-387
-175
-214
-532
-957
-1127
-782
-136
256
85
-435
-850
-968
-859
-626
-319
-19
137
63
-200
-500
-624
-435
-27
347
493
403
142
-248
-661
-901
-820
-498
-157
42
112
129
73
-105
-377
-527
-363
84
537
704
488
34
-359
-437
-162
289
709
979
1007
738
297
4
73
416
754
852
641
236
-106
-184
-3
278
510
571
415
163
34
123
277
300
182
74
95
207
257
144
-72
-174
-23
276
469
411
225
116
170
318
401
289
-21
-307
-321
-70
177
204
107
85
216
407
538
512
297
10
-147
-70
140
292
291
167
38
38
219
480
605
450
29
-451
-763
-839
-811
-816
-791
-589
-219
113
239
179
73
27
63
151
185
65
-224
-559
-784
-784
-545
-184
104
203
173
139
165
188
107
-114
-376
-526
-493
-360
-206
-21
224
441
501
412
319
353
457
467
276
-47
-329
-454
-460
-451
-428
-284
32
375
527
449
324
351
533
700
710
554
320
83
-164
-452
-763
-1034
-1189
-1168
-953
-615
-322
-221
-307
-425
-403
-192
98
279
241
13
-254
-406
-374
-216
-45
78
150
174
134
55
-4
-30
-79
-214
-434
-643
-716
-590
-339
-141
-126
-241
-281
-94
255
539
580
410
200
72
27
8
3
30
89
133
95
-59
-278
-437
-439
-290
-97
61
194
334
459
509
457
352
285
318
444
574
595
430
116
-165
-226
-60
103
47
-190
-365
-297
-66
123
96
-127
-381
-453
-260
31
135
-54
-342
-430
-227
110
352
394
297
182
167
277
461
658
852
1054
1205
1200
1004
726
528
468
490
508
499
520
652
914
1199
1360
1353
1251
1180
1194
1259
1265
1139
896
617
434
448
636
768
584
50
-616
-1184
-1588
-1857
-2066
-2325
-2685
-3024
-3162
-3077
-2927
-2843
-2816
-2748
-2510
-2035
-1435
-999
-878
-859
-590
-10
593
933
954
755
495
340
379
538
646
618
481
301
152
118
256
513
776
968
1099
1223
1391
1633
1957
2368
2861
3409
3956
4409
4667
4643
4276
3503
2264
685
-791
-1698
-2042
-2342
-3022
-3945
-4624
-4726
-4275
-3608
-3192
-3266
-3516
-3378
-2744
-2063
-1658
-1307
-673
230
1141
1848
2189
2045
1459
689
-33
-605
-1112
-1756
-2723
-3889
-4810
-5146
-5021
-4829
-4724
-4470
-3740
-2500
-1049
270
1405
2598
4021
5488
6624
7270
7587
7769
7870
7832
7643
7301
6802
6217
5695
5242
4463
2846
423
-1985
-3464
-3872
-3844
-4068
-4747
-5594
-6044
-5684
-4716
-3853
-3453
-3092
-2302
-1335
-730
-442
-28
594
1184
1745
2436
3007
2895
1902
446
-847
-1630
-2020
-2506
-3540
-5038
-6383
-7036
-7010
-6648
-6147
-5457
-4586
-3649
-2642
-1344
362
2185
3590
4331
4762
5490
6718
7942
8447
8021
7163
6563
6451
6533
6403
5933
5276
4584
3746
2426
495
-1653
-3344
-4200
-4398
-4460
-4864
-5682
-6415
-6342
-5278
-3856
-2877
-2486
-2220
-1692
-996
-402
18
426
1026
1826
2574
2913
2668
1925
905
-123
-917
-1446
-2031
-3101
-4685
-6220
-6979
-6803
-6275
-6066
-6185
-6034
-5171
-3737
-2137
-598
893
2338
3634
4636
5312
5862
6544
7357
7995
8249
8236
8096
7673
6802
5788
5209
5277
5553
5362
4268
2255
-221
-2355
-3501
-3772
-3928
-4667
-6064
-7577
-8360
-7768
-6031
-4393
-3985
-4536
-4657
-3534
-1801
-615
-330
-310
261
1604
3176
4124
3991
3046
1939
1170
835
659
78
-1420
-3716
-5859
-6794
-6430
-5769
-5858
-6688
-7238
-6524
-4539
-2203
-415
738
1842
3341
5081
6631
7733
8303
8346
8086
8017
8412
8880
8615
7268
5415
4099
3859
4260
4364
3564
1900
-208
-2256
-3749
-4400
-4419
-4426
-4960
-6027
-7086
-7388
-6593
-5206
-4266
-4290
-4658
-4312
-3011
-1526
-645
-317
133
1209
2832
4460
5439
5362
4358
3040
2064
1626
1301
358
-1624
-4193
-6237
-6975
-6739
-6537
-6883
-7304
-6961
-5556
-3587
-1815
-492
774
2386
4157
5572
6455
7033
7418
7479
7289
7256
7615
8009
7789
6710
5217
4064
3647
3720
3767
3390
2303
287
-2368
-4628
-5460
-4997
-4512
-5091
-6610
-7988
-8212
-7110
-5506
-4573
-4709
-5105
-4669
-3290
-1760
-703
-14
728
1793
3291
5068
6491
6756
5677
3995
2681
2028
1495
270
-1927
-4514
-6442
-7154
-7123
-7265
-7828
-8140
-7477
-5900
-4085
-2579
-1365
-65
1564
3320
4748
5649
6275
6934
7585
7995
8144
8218
8289
8174
7635
6612
5366
4367
3925
3890
3782
3143
1646
-724
-3291
-4884
-4930
-4240
-4157
-5144
-6536
-7365
-7059
-5692
-4112
-3456
-4017
-4736
-4335
-2738
-1015
-62
231
650
1854
3821
5780
6702
6150
4648
3157
2215
1634
821
-713
-2919
-5106
-6390
-6525
-6202
-6361
-7144
-7693
-7076
-5329
-3457
-2365
-1885
-1049
738
3001
4785
5685
6036
6353
6853
7461
7971
8183
8087
7832
7394
6532
5255
4119
3657
3768
3915
3656
2690
835
-1528
-3310
-3701
-3166
-3028
-4133
-6149
-7926
-8325
-7119
-5456
-4993
-6091
-7251
-6723
-4446
-1923
-467
0
553
2060
4379
6498
7396
6855
5519
4285
3661
3476
3017
1533
-1034
-3761
-5429
-5710
-5546
-6117
-7525
-8650
-8380
-6727
-4739
-3416
-2799
-2068
-484
1804
3936
5234
5781
6162
6838
7793
8618
8819
8258
7315
6500
5894
5211
4366
3644
3287
3256
3358
3216
2209
36
-2535
-4119
-4233
-3935
-4637
-6604
-8765
-9723
-8851
-6867
-5410
-5541
-6460
-6240
-4065
-1242
422
685
839
2019
4144
6358
7812
7998
6960
5440
4455
4307
4142
2793
50
-2996
-5002
-5652
-5877
-6769
-8342
-9549
-9400
-7990
-6309
-5199
-4598
-3780
-2198
40
2354
4203
5383
6065
6626
7343
8143
8647
8521
7843
7056
6536
6169
5526
4486
3543
3280
3681
4059
3544
1646
-1267
-3898
-4930
-4429
-3933
-4823
-6816
-8375
-8261
-6543
-4471
-3523
-4112
-5006
-4457
-2159
375
1553
1442
1444
2653
4870
6978
7918
7398
6082
5071
4938
5075
4238
1867
-1252
-3767
-5019
-5484
-6107
-7377
-8885
-9724
-9317
-7998
-6634
-5745
-5040
-3861
-1950
312
2315
3759
4790
5735
6751
7732
8446
8730
8562
8084
7540
7078
6525
5557
4230
3160
2948
3410
3740
3285
1922
-156
-2476
-4195
-4731
-4575
-4889
-6112
-7515
-8155
-7700
-6368
-4797
-3940
-4273
-4902
-4286
-2117
148
1040
834
1051
2584
4808
6434
6780
6136
5231
4560
4065
3311
1911
-133
-2431
-4441
-5731
-6262
-6530
-7183
-8269
-9069
-8893
-7858
-6618
-5483
-4184
-2449
-498
1124
2191
3115
4546
6496
8106
8550
8064
7664
7908
8339
8224
7371
6104
4874
4123
4065
4307
4035
2946
1665
805
-16
-1607
-3891
-5837
-6658
-6569
-6325
-6525
-7169
-7510
-6625
-4657
-3087
-2990
-3545
-3097
-1400
203
721
624
940
2017
3464
4799
5689
5875
5247
4096
3017
2374
1851
750
-1194
-3411
-5030
-5770
-6158
-6834
-7791
-8438
-8314
-7541
-6493
-5295
-3804
-2042
-332
1005
2064
3293
5014
6920
8229
8458
8013
7807
8220
8639
8196
6813
5286
4424
4303
4349
3915
2818
1547
835
695
107
-1832
-4504
-6199
-6029
-4907
-4429
-5223
-6464
-6732
-5297
-2953
-1484
-1897
-3217
-3494
-2005
41
999
573
-101
252
1905
4044
5467
5439
4204
2862
2460
2939
3072
1735
-840
-3254
-4381
-4420
-4510
-5457
-6938
-7867
-7540
-6338
-5234
-4675
-4177
-3075
-1423
95
1072
1884
3170
4958
6554
7292
7243
7105
7414
7932
7907
6983
5630
4599
4099
3767
3241
2492
1694
1102
899
775
-93
-2090
-4331
-5376
-4839
-3807
-3645
-4678
-5985
-6190
-4709
-2546
-1581
-2608
-4275
-4497
-2843
-970
-637
-1733
-2526
-1597
774
2990
3709
2974
2059
2174
3222
3910
3162
1235
-709
-1876
-2395
-2861
-3675
-4820
-5904
-6394
-6061
-5338
-4945
-4957
-4578
-3131
-1108
321
773
1193
2667
5042
7023
7530
6794
6082
6335
7153
7276
6079
4317
3216
3165
3521
3472
2800
1978
1710
2150
2490
1574
-747
-3151
-4084
-3377
-2322
-2264
-3414
-4843
-5268
-4077
-2136
-1311
-2566
-4657
-5414
-4278
-2865
-2846
-3984
-4599
-3491
-1038
1342
2509
2494
2309
2834
3891
4502
4038
2849
1788
1239
854
66
-1271
-2767
-3855
-4282
-4302
-4383
-4664
-4713
-3998
-2576
-1133
-283
143
928
2522
4353
5282
4886
4000
3803
4470
5115
4984
4280
3710
3587
3686
3722
3646
3546
3526
3672
3910
3807
2801
873
-1089
-2035
-1861
-1502
-1892
-3073
-4267
-4590
-3833
-2906
-3151
-4833
-6533
-6722
-5612
-4790
-5070
-5560
-4950
-3120
-1066
351
1131
1855
2883
4053
4909
5177
4931
4428
3858
3212
2396
1404
390
-518
-1340
-2122
-2768
-3185
-3471
-3778
-3982
-3763
-3120
-2484
-2112
-1657
-744
289
776
745
955
1835
2950
3650
3849
3910
4100
4429
4778
5076
5300
5444
5474
5386
5248
5016
4379
3063
1362
20
-543
-698
-1138
-2187
-3567
-4675
-5086
-5049
-5334
-6382
-7671
-8339
-8237
-7969
-7876
-7589
-6697
-5339
-3835
-2178
-261
1710
3342
4531
5469
6307
6953
7238
7081
6525
5725
4924
4249
3518
2382
784
-828
-1965
-2647
-3302
-4117
-4819
-5143
-5219
-5197
-4835
-3850
-2583
-1761
-1550
-1275
-276
1213
2351
2732
2877
3589
4986
6289
6639
6071
5562
6003
7168
7953
7637
6522
5248
4005
2696
1408
247
-912
-2196
-3457
-4488
-5258
-5813
-6238
-6799
-7691
-8600
-8909
-8527
-8027
-7804
-7491
-6475
-4712
-2680
-765
1042
2855
4615
6134
7273
7992
8368
8491
8334
7756
6809
5809
4932
3909
2387
481
-1344
-2821
-4080
-5289
-6324
-6911
-7023
-6967
-6964
-6833
-6254
-5306
-4380
-3607
-2688
-1397
68
1392
2485
3487
4537
5641
6610
7207
7505
7903
8555
9027
8817
7933
6695
5256
3698
2253
1062
-72
-1390
-2864
-4286
-5465
-6247
-6693
-7263
-8330
-9465
-9812
-9230
-8549
-8391
-8320
-7479
-5688
-3458
-1258
797
2689
4323
5683
6861
7875
8604
8951
8904
8485
7726
6714
5483
3922
1963
-126
-1877
-3146
-4285
-5609
-6929
-7763
-7976
-7899
-7791
-7457
-6592
-5403
-4452
-3908
-3282
-2095
-482
1026
2138
3063
4222
5761
7258
8077
8134
8131
8702
9547
9814
9151
7943
6640
5392
4242
3151
1860
152
-1769
-3457
-4706
-5634
-6456
-7369
-8418
-9312
-9594
-9293
-8993
-9095
-9193
-8534
-6917
-4820
-2775
-936
782
2467
4129
5682
6939
7784
8288
8519
8335
7623
6586
5561
4532
3211
1560
-62
-1407
-2687
-4198
-5719
-6605
-6578
-6182
-6134
-6379
-6211
-5345
-4349
-3781
-3385
-2465
-872
809
1998
2809
3859
5454
7103
8022
8095
8063
8590
9446
9828
9336
8235
6994
5846
4798
3721
2405
793
-927
-2473
-3704
-4582
-5242
-6093
-7471
-8997
-9797
-9583
-9112
-9211
-9685
-9570
-8266
-6153
-4062
-2433
-1008
662
2612
4396
5564
6061
6201
6308
6461
6495
6197
5421
4164
2625
1161
21
-878
-1831
-2936
-3916
-4424
-4522
-4698
-5243
-5767
-5618
-4764
-3861
-3408
-3143
-2493
-1357
-209
573
1245
2375
4036
5522
6168
6237
6648
7765
8864
9028
8194
7095
6366
6015
5589
4623
3012
1139
-401
-1321
-1884
-2642
-3986
-5796
-7437
-8282
-8410
-8581
-9302
-10139
-10191
-9130
-7445
-5830
-4551
-3386
-1995
-258
1588
3109
3969
4225
4310
4638
5147
5357
4915
4036
3267
2884
2649
2143
1214
120
-730
-1113
-1194
-1404
-2005
-2759
-3101
-2780
-2201
-1994
-2253
-2350
-1632
-266
854
1141
1074
1681
3269
5003
5892
5953
6118
6987
8008
8143
7190
6083
5770
6069
5952
4785
2976
1386
367
-437
-1528
-3026
-4657
-6067
-7129
-7989
-8814
-9459
-9576
-9082
-8334
-7677
-7018
-6058
-4753
-3350
-2024
-749
462
1446
2044
2288
2376
2525
2813
3107
3193
3055
2914
2927
2910
2529
1757
1010
713
785
687
77
-702
-991
-646
-258
-404
-920
-1136
-678
154
745
746
410
435
1315
2699
3660
3749
3626
4262
5562
6302
5696
4557
4321
5148
5714
4957
3266
1749
878
273
-648
-2155
-4065
-5837
-6947
-7431
-7815
-8381
-8804
-8760
-8390
-7913
-7150
-5954
-4729
-3987
-3511
-2561
-923
698
1483
1388
1078
1189
1810
2558
2982
2959
2796
2872
3121
3077
2530
1899
1736
2007
2182
1913
1399
1067
1094
1252
1186
841
541
597
880
1006
842
718
965
1530
2108
2468
2553
2499
2693
3385
4064
3838
2732
1984
2439
3303
3234
2084
825
146
-146
-628
-1752
-3482
-5066
-5687
-5589
-5890
-6962
-7817
-7548
-6582
-5917
-5698
-5295
-4389
-3337
-2486
-1703
-685
485
1371
1677
1587
1545
1773
2071
2138
1957
1800
1838
1912
1775
1515
1519
1982
2587
2838
2612
2298
2365
2846
3252
3059
2353
1808
1918
2396
2567
2224
1798
1751
2069
2418
2534
2402
2205
2238
2550
2668
2003
821
209
679
1410
1376
668
28
-313
-648
-1153
-1917
-3061
-4291
-4925
-4895
-5030
-5781
-6396
-6015
-4947
-4155
-3893
-3573
-2783
-1822
-1189
-922
-652
-156
381
630
504
224
66
34
-138
-602
-1085
-1187
-923
-723
-793
-744
-58
1106
1919
1810
1248
1235
2125
3182
3449
2837
2169
2257
2995
3545
3281
2499
2021
2267
2851
3043
2540
1727
1292
1453
1626
1046
-192
-1064
-871
-140
123
-276
-742
-858
-736
-666
-963
-1877
-3086
-3723
-3473
-3144
-3521
-4164
-4143
-3439
-2819
-2613
-2396
-1836
-1170
-779
-646
-486
-179
113
233
199
110
18
-114
-419
-996
-1621
-1822
-1445
-1009
-1088
-1442
-1197
-35
1221
1573
1151
1086
2044
3417
4112
3792
3101
2874
3332
3926
3947
3309
2682
2711
3261
3570
3099
2100
1375
1384
1630
1167
-116
-1184
-1137
-400
-89
-465
-804
-581
-104
61
-317
-1146
-2106
-2711
-2761
-2681
-3018
-3636
-3857
-3384
-2612
-2046
-1737
-1504
-1279
-1109
-904
-562
-228
-167
-328
-346
-92
108
-90
-641
-1275
-1726
-1796
-1495
-1233
-1434
-1877
-1786
-815
386
885
630
544
1381
2765
3603
3385
2718
2550
3082
3683
3733
3320
3039
3256
3755
4012
3736
3094
2568
2452
2405
1738
328
-964
-1258
-763
-455
-724
-1068
-1033
-786
-640
-696
-1054
-1772
-2508
-2801
-2739
-2851
-3271
-3543
-3343
-2889
-2534
-2294
-2011
-1699
-1503
-1351
-990
-409
-45
-257
-759
-932
-602
-296
-584
-1444
-2260
-2417
-1952
-1571
-1854
-2467
-2478
-1524
-303
278
227
388
1332
2636
3399
3337
3019
3170
3828
4390
4337
3815
3453
3645
4146
4352
3945
3162
2514
2241
2035
1365
145
-970
-1276
-917
-732
-1115
-1540
-1454
-1035
-776
-800
-972
-1286
-1716
-2065
-2265
-2541
-2973
-3256
-3153
-2868
-2711
-2583
-2172
-1514
-1024
-893
-809
-445
2
92
-195
-433
-341
-132
-205
-680
-1257
-1486
-1253
-1008
-1252
-1813
-1942
-1242
-214
338
277
255
905
2063
2946
3094
2914
3135
3855
4428
4308
3713
3311
3449
3856
4036
3764
3200
2683
2441
2349
1959
978
-248
-982
-973
-752
-913
-1362
-1631
-1597
-1515
-1528
-1585
-1722
-2034
-2419
-2695
-2869
-3068
-3224
-3159
-2911
-2678
-2447
-1982
-1276
-691
-484
-413
-89
438
708
463
-37
-353
-375
-381
-670
-1222
-1675
-1723
-1507
-1497
-1859
-2143
-1822
-1018
-415
-383
-467
106
1398
2555
2812
2481
2558
3421
4351
4487
3873
3322
3425
3917
4101
3664
2992
2633
2627
2535
2009
1183
425
-69
-385
-730
-1200
-1660
-1883
-1849
-1782
-1827
-1853
-1761
-1763
-2096
-2579
-2804
-2702
-2602
-2686
-2749
-2555
-2178
-1817
-1537
-1268
-969
-649
-359
-192
-222
-404
-575
-650
-704
-872
-1137
-1343
-1394
-1348
-1339
-1443
-1576
-1518
-1119
-540
-149
-108
-138
194
975
1776
2119
2026
2052
2603
3384
3697
3292
2728
2717
3261
3651
3389
2808
2557
2696
2693
2250
1663
1291
1019
543
-62
-441
-497
-554
-869
-1326
-1618
-1575
-1288
-1077
-1265
-1758
-2010
-1684
-1173
-1136
-1616
-2019
-1910
-1461
-1115
-1033
-1053
-970
-734
-430
-214
-227
-465
-757
-917
-945
-959
-1046
-1167
-1275
-1352
-1396
-1367
-1211
-938
-689
-606
-626
-509
-84
543
1113
1428
1542
1658
1967
2434
2805
2808
2495
2277
2481
2851
2800
2268
1849
1971
2284
2210
1743
1390
1405
1445
1027
226
-348
-303
20
-14
-521
-1017
-1052
-725
-518
-753
-1186
-1316
-1032
-863
-1278
-2011
-2370
-2139
-1795
-1827
-2132
-2210
-1817
-1256
-1011
-1191
-1444
-1418
-1136
-945
-1045
-1312
-1417
-1238
-1017
-1074
-1403
-1625
-1445
-1003
-695
-693
-756
-539
-41
422
611
629
738
1062
1518
1939
2199
2271
2295
2460
2746
2827
2508
2100
2058
2337
2417
2074
1679
1664
1902
1859
1276
506
135
321
630
531
8
-430
-344
91
288
-72
-632
-853
-704
-705
-1211
-1945
-2343
-2248
-2028
-2048
-2205
-2103
-1624
-1108
-958
-1169
-1339
-1140
-724
-554
-848
-1286
-1418
-1217
-1093
-1353
-1793
-1950
-1644
-1227
-1152
-1406
-1491
-1071
-404
5
36
27
292
773
1208
1468
1624
1806
2067
2383
2649
2750
2719
2751
2968
3197
3162
2836
2499
2391
2465
2469
2211
1721
1244
1023
1043
1019
745
344
126
155
189
21
-303
-638
-977
-1349
-1667
-1841
-1945
-2098
-2274
-2314
-2115
-1722
-1307
-1088
-1138
-1299
-1326
-1166
-1013
-1095
-1422
-1758
-1852
-1705
-1595
-1752
-2040
-2070
-1680
-1198
-1039
-1169
-1157
-784
-297
-12
94
284
664
1065
1288
1376
1590
2068
2622
2932
2957
2972
3203
3510
3564
3273
2902
2698
2602
2404
2116
1940
1873
1621
989
250
-151
-169
-197
-541
-1055
-1373
-1350
-1193
-1255
-1693
-2287
-2614
-2493
-2226
-2261
-2665
-3020
-2878
-2263
-1647
-1457
-1632
-1734
-1465
-968
-684
-845
-1263
-1522
-1472
-1359
-1493
-1827
-2043
-1932
-1620
-1399
-1399
-1462
-1353
-1051
-715
-421
-103
224
474
664
952
1372
1791
2136
2493
2907
3254
3428
3526
3678
3815
3811
3757
3842
3961
3768
3189
2623
2441
2459
2119
1204
192
-248
-28
244
-38
-834
-1545
-1671
-1378
-1293
-1792
-2515
-2788
-2432
-1961
-1929
-2286
-2477
-2124
-1436
-950
-914
-1065
-982
-571
-161
-140
-533
-972
-1106
-996
-1001
-1324
-1759
-1953
-1836
-1668
-1713
-1903
-1969
-1784
-1469
-1149
-800
-408
-55
203
510
1036
1753
2416
2803
2954
3110
3443
3890
4268
4450
4433
4299
4173
4079
3865
3359
2668
2135
1984
2024
1813
1120
182
-486
-635
-587
-907
-1693
-2406
-2513
-2204
-2129
-2543
-3000
-3009
-2667
-2479
-2671
-2941
-2833
-2268
-1655
-1434
-1585
-1647
-1287
-683
-309
-403
-728
-868
-675
-424
-480
-887
-1323
-1468
-1306
-1116
-1138
-1360
-1557
-1581
-1480
-1340
-1143
-849
-523
-256
-7
384
1027
1767
2324
2600
2816
3275
3977
4647
4936
4818
4487
4208
3995
3717
3355
3007
2680
2139
1285
326
-367
-643
-615
-573
-852
-1611
-2559
-3136
-3053
-2589
-2235
-2206
-2398
-2584
-2634
-2479
-2182
-1825
-1467
-1139
-939
-932
-1003
-915
-612
-349
-403
-730
-973
-880
-598
-560
-992
-1655
-2083
-2097
-1949
-2011
-2365
-2738
-2790
-2430
-1884
-1422
-1114
-785
-305
307
939
1559
2188
2800
3334
3779
4218
4692
5107
5266
5104
4811
4680
4698
4538
3935
3060
2288
1797
1453
1044
488
-138
-632
-866
-927
-1093
-1487
-1932
-2152
-2107
-1935
-1767
-1631
-1581
-1588
-1450
-967
-277
148
51
-311
-422
-56
546
963
929
453
-171
-544
-459
-206
-302
-972
-1884
-2511
-2671
-2591
-2622
-2877
-3242
-3495
-3485
-3166
-2633
-2079
-1658
-1353
-1010
-483
298
1260
2184
2799
3077
3302
3791
4481
4929
4752
4054
3345
3032
3032
2946
2487
1692
759
-119
-778
-1105
-1145
-1127
-1292
-1692
-2143
-2373
-2272
-1968
-1747
-1777
-1933
-1914
-1573
-1074
-646
-326
15
417
812
1119
1375
1593
1727
1664
1371
901
378
-57
-360
-612
-979
-1507
-2086
-2547
-2838
-3007
-3115
-3179
-3230
-3337
-3526
-3636
-3390
-2646
-1632
-770
-319
-161
47
583
1456
2428
3165
3502
3567
3672
3952
4195
4127
3758
3381
3184
3047
2703
2048
1214
437
-136
-513
-830
-1206
-1669
-2133
-2484
-2616
-2463
-2068
-1610
-1315
-1217
-1159
-937
-492
110
730
1206
1439
1477
1534
1793
2247
2626
2661
2301
1757
1292
1045
960
790
276
-622
-1599
-2211
-2263
-1989
-1907
-2350
-3137
-3712
-3653
-3060
-2358
-1910
-1779
-1822
-1746
-1257
-298
828
1678
2073
2210
2445
2960
3654
4218
4378
4069
3477
2884
2493
2315
2164
1768
992
6
-803
-1210
-1363
-1565
-1947
-2375
-2710
-2884
-2855
-2603
-2235
-1948
-1783
-1627
-1348
-958
-477
54
570
984
1290
1579
1848
2035
2078
2050
2050
2068
2004
1745
1301
795
354
43
-240
-636
-1209
-1873
-2464
-2917
-3190
-3232
-3056
-2842
-2812
-2952
-3025
-2780
-2159
-1339
-576
-41
295
584
957
1468
2085
2656
3001
3066
2988
2929
2879
2715
2372
1954
1576
1215
724
73
-607
-1152
-1538
-1808
-2025
-2208
-2418
-2691
-2962
-3115
-3013
-2616
-2001
-1406
-1095
-1041
-914
-402
425
1218
1715
1872
1808
1715
1769
2046
2394
2580
2427
1935
1299
775
560
555
484
116
-500
-1145
-1648
-1958
-2109
-2130
-2076
-1999
-1958
-1938
-1849
-1527
-947
-248
358
789
1184
1645
2239
2831
3343
3693
3842
3830
3700
3539
3272
2868
2349
1848
1459
1135
760
216
-427
-997
-1343
-1526
-1739
-2106
-2572
-2940
-3102
-3063
-2930
-2705
-2409
-2132
-1986
-1929
-1718
-1200
-479
156
533
737
894
1046
1165
1294
1539
1751
1687
1190
508
-26
-233
-206
-162
-309
-724
-1304
-1877
-2259
-2419
-2364
-2250
-2125
-2030
-1931
-1811
-1567
-1006
-123
799
1416
1686
1914
2383
3068
3685
3935
3799
3511
3337
3314
3248
2930
2378
1823
1501
1382
1185
685
-78
-769
-1157
-1264
-1381
-1735
-2263
-2715
-2891
-2846
-2700
-2503
-2244
-1976
-1786
-1728
-1671
-1485
-1071
-555
-104
181
277
266
163
104
136
316
532
644
579
322
10
-257
-363
-380
-462
-697
-1022
-1250
-1325
-1331
-1365
-1397
-1287
-1044
-771
-546
-320
15
389
748
1051
1404
1875
2374
2760
2878
2817
2750
2812
2976
3033
2862
2436
1936
1503
1147
792
366
-23
-313
-510
-786
-1202
-1651
-1895
-1833
-1607
-1476
-1617
-1926
-2154
-2112
-1893
-1661
-1454
-1197
-849
-533
-321
-206
-99
80
255
388
394
338
269
239
260
260
220
120
8
-168
-495
-955
-1393
-1608
-1610
-1490
-1371
-1271
-1197
-1172
-1132
-1007
-653
-113
519
1073
1440
1650
1772
1963
2265
2604
2870
2961
2923
2771
2504
2171
1875
1848
2033
2209
2009
1395
657
118
-69
-44
-7
-148
-502
-951
-1342
-1580
-1683
-1659
-1519
-1367
-1374
-1576
-1731
-1609
-1217
-770
-440
-212
-41
125
260
340
375
405
523
670
729
572
210
-202
-542
-687
-648
-579
-679
-1098
-1639
-2075
-2229
-2149
-1997
-1879
-1853
-1847
-1771
-1592
-1228
-701
-88
443
824
1203
1639
2166
2602
2859
2952
2944
2945
2880
2739
2425
1960
1418
918
573
329
57
-391
-946
-1376
-1522
-1507
-1514
-1562
-1505
-1346
-1163
-1101
-1111
-1155
-1084
-849
-532
-278
-217
-163
61
500
945
1173
1182
1020
832
708
684
738
706
563
196
-289
-776
-1046
-1098
-1137
-1350
-1734
-2058
-2202
-2163
-2085
-2005
-1930
-1808
-1620
-1356
-1030
-691
-339
102
610
1128
1470
1685
1845
2089
2417
2743
2976
3055
2999
2816
2478
2099
1798
1624
1404
982
449
-56
-368
-611
-821
-1050
-1176
-1163
-1086
-1057
-1094
-1120
-1037
-856
-592
-329
-133
-42
8
186
533
932
1141
1142
1062
1066
1088
1014
816
587
401
184
-124
-544
-957
-1288
-1561
-1835
-2162
-2444
-2625
-2695
-2742
-2764
-2696
-2473
-2106
-1674
-1234
-897
-623
-385
-29
467
1115
1841
2477
2891
2994
2923
2825
2807
2833
2738
2435
1970
1565
1312
1128
863
471
107
-130
-234
-355
-568
-863
-1157
-1370
-1436
-1345
-1175
-979
-826
-646
-478
-264
-54
189
462
726
930
1010
1008
953
879
788
670
554
440
311
100
-249
-674
-1084
-1379
-1624
-1926
-2311
-2656
-2794
-2772
-2712
-2674
-2568
-2322
-2021
-1674
-1324
-923
-563
-204
199
659
1169
1577
1851
1931
1933
2021
2241
2568
2765
2698
2319
1831
1466
1284
1177
984
652
207
-249
-638
-921
-1077
-1134
-1106
-1102
-1142
-1198
-1213
-1076
-902
-659
-463
-210
101
427
728
916
1051
1173
1303
1487
1607
1607
1369
925
489
147
23
-99
-259
-504
-769
-990
-1259
-1495
-1706
-1783
-1788
-1790
-1791
-1761
-1570
-1277
-963
-686
-406
-23
388
786
1078
1281
1420
1537
1750
2060
2413
2580
2491
2229
1987
1886
1789
1596
1173
637
97
-358
-697
-993
-1224
-1405
-1464
-1401
-1317
-1358
-1572
-1763
-1696
-1282
-743
-359
-287
-423
-541
-478
-202
167
496
694
753
686
610
564
621
683
719
681
556
347
-33
-490
-937
-1184
-1263
-1306
-1432
-1671
-1933
-2107
-2071
-1729
-1193
-629
-240
-57
35
175
479
920
1432
1851
2061
2034
1935
1943
2129
2329
2358
2127
1773
1396
1043
695
355
88
-118
-246
-437
-748
-1156
-1503
-1660
-1681
-1625
-1597
-1579
-1562
-1469
-1265
-949
-596
-318
-113
134
494
838
978
941
919
1026
1156
1130
939
653
375
104
-128
-316
-467
-625
-802
-1006
-1239
-1516
-1806
-2039
-2133
-2027
-1818
-1646
-1583
-1502
-1214
-695
-101
335
580
778
1087
1507
1892
2128
2227
2236
2241
2237
2218
2159
2032
1872
1666
1455
1189
836
382
-73
-435
-715
-964
-1246
-1573
-1919
-2181
-2256
-2125
-1872
-1603
-1356
-1099
-801
-506
-237
25
337
638
861
970
1018
1039
1074
1148
1223
1235
1151
1007
795
490
113
-198
-345
-357
-381
-520
-754
-974
-1108
-1127
-1081
-1007
-984
-1034
-1064
-964
-707
-463
-286
-91
302
827
1256
1433
1451
1550
1794
2062
2145
1988
1679
1357
1119
936
777
574
309
-30
-441
-807
-1117
-1364
-1635
-1879
-2020
-2037
-1966
-1888
-1837
-1748
-1537
-1132
-653
-244
28
204
389
580
829
1074
1306
1479
1642
1814
1870
1706
1332
1001
855
851
787
554
184
-193
-506
-749
-1003
-1239
-1395
-1434
-1430
-1484
-1538
-1496
-1295
-1051
-851
-729
-600
-374
-42
335
633
826
957
1063
1140
1156
1121
1068
1010
969
881
709
445
165
-85
-324
-591
-855
-1099
-1308
-1528
-1709
-1803
-1739
-1567
-1388
-1245
-1092
-827
-496
-226
-71
91
370
735
1028
1258
1426
1573
1630
1671
1740
1858
1948
1924
1738
1386
974
617
351
149
-66
-301
-604
-951
-1299
-1550
-1689
-1764
-1811
-1814
-1746
-1625
-1460
-1251
-969
-631
-219
215
650
1009
1248
1373
1420
1496
1604
1735
1789
1756
1660
1535
1377
1171
976
850
747
490
32
-498
-886
-1080
-1142
-1164
-1261
-1429
-1596
-1607
-1438
-1188
-938
-761
-576
-307
155
727
1189
1399
1398
1378
1420
1520
1600
1602
1484
1245
952
672
440
224
-27
-338
-699
-1038
-1256
-1319
-1301
-1335
-1497
-1699
-1838
-1806
-1630
-1365
-1121
-966
-866
-698
-327
180
630
855
926
1042
1297
1577
1658
1497
1231
1067
1023
983
866
636
333
-39
-378
-608
-738
-857
-1095
-1439
-1786
-1964
-1957
-1886
-1899
-1992
-2067
-2012
-1802
-1448
-1003
-523
-82
273
544
786
1013
1208
1350
1439
1471
1428
1364
1316
1255
1087
786
462
262
200
155
-9
-274
-554
-806
-1038
-1258
-1430
-1530
-1520
-1394
-1204
-994
-782
-503
-149
287
722
1035
1168
1187
1251
1401
1602
1756
1835
1819
1720
1544
1342
1165
1038
912
715
469
195
-61
-367
-702
-1029
-1229
-1265
-1211
-1208
-1328
-1477
-1499
-1326
-1012
-656
-320
-18
253
503
726
914
1031
1095
1091
1117
1192
1342
1462
1507
1474
1379
1245
1111
1019
923
721
388
13
-350
-683
-1018
-1298
-1514
-1639
-1709
-1736
-1755
-1738
-1680
-1598
-1497
-1324
-1021
-655
-302
-28
223
507
866
1249
1527
1657
1706
1779
1839
1783
1563
1256
956
710
464
181
-142
-476
-835
-1216
-1495
-1596
-1518
-1489
-1571
-1750
-1822
-1742
-1512
-1235
-977
-709
-419
-80
212
436
589
704
790
831
878
968
1049
1071
929
717
449
253
135
41
-104
-350
-602
-816
-945
-958
-879
-801
-843
-948
-970
-869
-720
-586
-385
-73
283
578
774
908
994
1047
1156
1349
1585
1695
1639
1464
1254
1053
845
639
429
219
-35
-300
-516
-625
-748
-996
-1366
-1608
-1590
-1404
-1305
-1382
-1476
-1408
-1186
-915
-655
-367
-31
306
639
897
1067
1125
1143
1194
1262
1309
1284
1183
1035
841
632
421
278
231
147
-40
-336
-588
-757
-911
-1076
-1301
-1467
-1511
-1337
-1059
-867
-817
-817
-675
-342
111
562
849
978
1013
1109
1288
1437
1468
1391
1335
1331
1324
1213
1018
790
604
476
383
256
34
-258
-548
-786
-950
-991
-902
-766
-758
-878
-1006
-981
-834
-614
-360
-79
137
221
230
289
459
669
795
773
643
494
413
399
438
419
293
79
-155
-363
-585
-836
-1073
-1245
-1286
-1237
-1169
-1185
-1275
-1293
-1105
-736
-374
-167
-89
1
205
500
792
977
1031
1059
1146
1278
1311
1179
937
691
516
377
252
157
121
132
60
-177
-529
-853
-1015
-1024
-945
-873
-879
-963
-1069
-1089
-984
-780
-578
-413
-263
-58
203
437
597
689
810
1006
1224
1349
1297
1083
804
523
281
67
-91
-214
-352
-566
-798
-997
-1134
-1248
-1329
-1314
-1246
-1190
-1190
-1179
-1053
-821
-540
-339
-227
-102
150
571
1029
1419
1674
1794
1822
1786
1781
1768
1701
1489
1157
838
645
615
592
402
14
-408
-673
-752
-760
-781
-893
-1036
-1203
-1232
-1128
-915
-736
-613
-484
-282
15
344
612
754
787
796
883
1026
1172
1233
1220
1128
975
764
550
341
148
-59
-284
-532
-796
-1036
-1243
-1414
-1567
-1672
-1683
-1606
-1500
-1435
-1382
-1282
-1088
-829
-541
-277
-69
110
323
592
879
1137
1388
1629
1785
1814
1761
1749
1800
1815
1693
1403
1042
692
405
160
-86
-327
-562
-726
-803
-752
-689
-666
-666
-546
-283
-28
65
-40
-223
-347
-313
-157
19
109
174
258
355
345
253
207
239
244
109
-66
-232
-403
-587
-640
-528
-471
-652
-1005
-1315
-1533
-1676
-1704
-1593
-1460
-1396
-1305
-1033
-635
-269
5
242
495
728
885
903
810
756
834
1013
1151
1208
1184
1090
963
856
788
679
525
402
307
108
-252
-572
-657
-616
-685
-867
-910
-751
-574
-526
-486
-348
-191
-120
-36
152
363
454
495
613
775
809
675
524
458
475
480
438
286
-10
-363
-614
-649
-570
-524
-567
-663
-762
-857
-951
-1048
-1148
-1191
-1133
-968
-747
-521
-306
-108
102
353
660
996
1292
1484
1551
1535
1492
1474
1497
1511
1455
1321
1150
936
682
450
301
170
-51
-328
-526
-568
-569
-622
-731
-789
-725
-531
-248
0
127
130
143
252
430
569
647
709
811
885
868
740
581
444
312
164
3
-126
-273
-494
-799
-1089
-1305
-1470
-1657
-1842
-1955
-1932
-1808
-1650
-1530
-1455
-1347
-1153
-883
-666
-547
-480
-346
-154
41
191
343
550
818
1090
1300
1414
1441
1406
1336
1258
1173
1062
887
636
315
-45
-362
-554
-597
-549
-490
-446
-404
-318
-219
-177
-223
-254
-150
75
311
478
581
673
774
900
1038
1163
1243
1240
1151
983
793
609
415
156
-165
-473
-710
-926
-1198
-1518
-1777
-1903
-1927
-1917
-1889
-1795
-1624
-1411
-1206
-1013
-809
-609
-410
-200
53
313
517
646
719
798
912
1064
1186
1223
1175
1092
1027
1003
1005
951
784
534
321
185
73
-79
-267
-449
-585
-634
-576
-466
-380
-333
-273
-148
16
171
286
361
428
481
530
563
568
531
466
445
508
624
679
622
499
389
303
191
45
-93
-205
-351
-592
-872
-1080
-1142
-1127
-1099
-1067
-987
-858
-731
-620
-501
-331
-120
108
345
591
820
978
1036
1009
944
876
824
771
709
633
556
508
501
540
567
539
432
252
38
-167
-295
-362
-399
-473
-587
-682
-696
-603
-448
-276
-118
3
81
130
187
278
382
476
512
502
464
425
366
275
141
-32
-247
-458
-597
-632
-610
-622
-727
-901
-1061
-1133
-1125
-1103
-1136
-1210
-1245
-1168
-978
-749
-533
-321
-104
101
265
418
591
764
862
852
774
694
671
692
716
677
555
371
181
35
-75
-186
-305
-411
-486
-559
-632
-695
-730
-737
-690
-559
-366
-205
-132
-110
-16
216
529
791
915
932
909
908
940
978
989
930
794
609
431
279
139
-12
-183
-362
-517
-601
-623
-661
-805
-1037
-1258
-1371
-1364
-1284
-1185
-1052
-852
-583
-307
-87
70
186
305
457
651
842
978
1053
1125
1222
1324
1391
1384
1299
1133
944
809
769
772
708
508
200
-114
-353
-508
-628
-724
-776
-782
-790
-831
-872
-846
-694
-421
-84
224
430
533
576
591
589
583
563
510
401
278
189
152
120
49
-56
-165
-244
-306
-373
-456
-550
-655
-805
-1000
-1198
-1313
-1312
-1208
-1057
-890
-718
-517
-278
-45
100
132
129
200
386
632
866
1027
1097
1078
1015
968
965
957
895
784
693
667
661
595
434
220
32
-84
-142
-189
-262
-351
-431
-476
-484
-467
-447
-420
-377
-334
-316
-307
-238
-96
73
182
192
114
25
-10
10
21
-53
-214
-430
-659
-868
-1037
-1154
-1250
-1362
-1470
-1509
-1428
-1245
-1027
-831
-664
-500
-327
-182
-81
17
155
315
451
558
665
793
947
1133
1340
1518
1619
1620
1562
1491
1433
1349
1198
982
761
588
464
347
203
37
-122
-248
-328
-388
-445
-508
-543
-511
-406
-247
-109
-46
-66
-110
-128
-106
-89
-125
-225
-356
-454
-487
-455
-401
-384
-434
-527
-590
-613
-643
-753
-937
-1109
-1188
-1181
-1127
-1066
-1008
-981
-965
-859
-586
-181
204
473
631
769
958
1210
1459
1626
1687
1703
1734
1780
1793
1756
1702
1661
1649
1659
1678
1670
1595
1456
1282
1096
900
701
521
363
191
-29
-289
-549
-772
-947
-1094
-1247
-1415
-1553
-1614
-1591
-1508
-1390
-1249
-1116
-1011
-948
-911
-894
-891
-914
-954
-1014
-1079
-1154
-1234
-1307
-1354
-1379
-1407
-1458
-1527
-1575
-1545
-1395
-1161
-945
-808
-709
-541
-247
133
496
768
959
1150
1411
1721
2014
2209
2291
2324
2400
2564
2758
2884
2891
2804
2696
2605
2508
2346
2077
1712
1312
962
704
492
237
-88
-422
-682
-856
-1001
-1175
-1379
-1564
-1676
-1702
-1683
-1668
-1662
-1640
-1576
-1495
-1430
-1401
-1388
-1377
-1355
-1323
-1271
-1215
-1189
-1222
-1306
-1388
-1434
-1453
-1491
-1553
-1600
-1570
-1459
-1329
-1235
-1172
-1089
-961
-794
-578
-304
27
369
667
886
1057
1237
1456
1677
1874
2064
2281
2487
2606
2584
2451
2292
2197
2184
2214
2246
2236
2150
1960
1703
1453
1260
1120
983
797
535
207
-120
-381
-560
-676
-758
-828
-923
-1054
-1195
-1311
-1373
-1382
-1344
-1278
-1198
-1119
-1078
-1087
-1113
-1118
-1092
-1063
-1036
-1032
-1088
-1217
-1362
-1446
-1442
-1375
-1268
-1121
-955
-788
-654
-550
-449
-293
-65
218
506
738
882
946
987
1057
1139
1186
1173
1166
1240
1395
1557
1653
1686
1697
1710
1729
1734
1724
1695
1647
1589
1530
1478
1405
1283
1095
859
634
485
437
443
405
279
91
-88
-235
-386
-586
-841
-1122
-1405
-1654
-1833
-1920
-1934
-1917
-1920
-1963
-2022
-2053
-2038
-2012
-2016
-2049
-2068
-2034
-1952
-1857
-1787
-1750
-1721
-1657
-1545
-1384
-1206
-1047
-918
-784
-595
-359
-126
71
251
462
704
944
1132
1245
1301
1346
1428
1540
1626
1630
1560
1454
1371
1346
1377
1420
1438
1440
1465
1534
1629
1725
1810
1871
1903
1901
1881
1849
1789
1670
1494
1275
1035
798
576
351
84
-223
-526
-785
-999
-1187
-1368
-1520
-1618
-1636
-1594
-1547
-1523
-1524
-1531
-1537
-1545
-1561
-1584
-1614
-1640
-1647
-1618
-1560
-1499
-1437
-1323
-1110
-833
-582
-418
-289
-138
35
175
265
349
453
565
630
633
587
541
517
513
519
539
570
595
606
633
715
864
1030
1154
1234
1326
1509
1787
2087
2304
2384
2359
2293
2250
2224
2186
2124
2052
1960
1794
1504
1110
680
274
-102
-475
-878
-1302
-1698
-2024
-2273
-2451
-2538
-2533
-2486
-2466
-2481
-2488
-2445
-2331
-2139
-1916
-1721
-1601
-1527
-1450
-1362
-1298
-1278
-1261
-1161
-938
-673
-494
-443
-447
-410
-293
-142
-24
22
19
2
1
8
14
2
-33
-66
-51
40
198
398
628
884
1162
1439
1692
1913
2093
2227
2316
2396
2513
2673
2817
2872
2827
2723
2591
2403
2124
1777
1413
1065
719
360
-20
-410
-798
-1178
-1552
-1908
-2210
-2411
-2506
-2530
-2511
-2440
-2307
-2135
-1967
-1831
-1714
-1614
-1528
-1459
-1386
-1284
-1152
-1012
-895
-792
-671
-516
-356
-236
-180
-162
-129
-45
45
63
-7
-93
-129
-113
-85
-67
-46
2
101
247
404
553
705
879
1075
1285
1513
1742
1943
2105
2249
2392
2519
2607
2659
2682
2665
2585
2431
2237
2053
1913
1785
1615
1370
1051
682
284
-114
-498
-858
-1205
-1540
-1842
-2085
-2244
-2331
-2363
-2355
-2301
-2192
-2043
-1867
-1672
-1452
-1234
-1067
-973
-913
-832
-718
-624
-601
-646
-718
-764
-758
-690
-609
-568
-593
-651
-692
-698
-684
-679
-697
-739
-774
-751
-633
-443
-229
-33
166
391
643
897
1144
1410
1692
1955
2154
2264
2276
2204
2106
2046
2046
2068
2058
2010
1919
1792
1624
1435
1256
1079
868
587
247
-103
-422
-705
-967
-1220
-1466
-1678
-1804
-1803
-1691
-1538
-1405
-1306
-1195
-1049
-885
-759
-713
-730
-775
-814
-850
-878
-893
-889
-858
-795
-689
-559
-453
-419
-451
-520
-600
-681
-750
-803
-846
-906
-980
-1056
-1086
-1030
-881
-674
-461
-256
-47
198
483
781
1048
1273
1466
1657
1834
1988
2130
2281
2412
2444
2334
2142
1970
1842
1724
1583
1419
1227
993
728
442
155
-143
-434
-710
-956
-1172
-1335
-1432
-1469
-1465
-1409
-1285
-1115
-953
-837
-753
-665
-542
-402
-267
-156
-66
-1
24
13
-17
-36
-40
-49
-83
-158
-261
-370
-436
-434
-373
-302
-259
-259
-300
-355
-382
-369
-345
-345
-363
-347
-262
-107
60
196
308
459
681
948
1208
1437
1622
1732
1753
1709
1650
1610
1591
1590
1589
1566
1479
1311
1078
820
588
407
261
98
-133
-420
-707
-921
-1037
-1082
-1104
-1132
-1162
-1167
-1124
-1039
-958
-927
-948
-987
-1010
-1007
-992
-973
-955
-952
-981
-1034
-1074
-1080
-1061
-1027
-988
-957
-931
-915
-904
-906
-910
-900
-879
-845
-783
-671
-530
-400
-301
-216
-116
18
172
313
435
586
807
1077
1325
1517
1679
1831
1935
1933
1843
1739
1687
1691
1723
1732
1644
1410
1077
777
590
487
355
119
-210
-561
-833
-958
-945
-888
-865
-876
-850
-764
-659
-579
-536
-528
-563
-620
-663
-697
-770
-965
-1309
-1699
-1887
-1675
-1160
-691
-561
-725
-889
-795
-376
221
703
794
477
124
157
623
1163
1391
1248
957
784
836
1014
1123
1040
828
705
854
1247
1641
1796
1686
1524
1535
1755
2008
2082
1922
1639
1376
1175
980
738
420
23
-451
-967
-1441
-1793
-2000
-2134
-2258
-2377
-2435
-2398
-2290
-2152
-1984
-1743
-1406
-999
-596
-270
-58
73
187
296
343
276
96
-146
-403
-605
-676
-554
-258
104
395
511
437
251
101
93
192
251
214
200
378
769
1233
1594
1761
1732
1605
1503
1488
1538
1614
1684
1669
1486
1136
720
346
80
-75
-190
-375
-666
-999
-1283
-1480
-1624
-1766
-1971
-2294
-2745
-3252
-3688
-3950
-4013
-3892
-3558
-2953
-2089
-1127
-292
296
688
1002
1280
1462
1478
1340
1120
888
672
495
357
241
107
-29
-99
-52
47
53
-100
-316
-426
-338
-88
245
618
1052
1612
2314
3092
3805
4355
4735
4960
5036
5021
4972
4841
4481
3856
3067
2196
1287
416
-325
-1007
-1812
-2771
-3715
-4459
-4984
-5319
-5465
-5471
-5497
-5620
-5701
-5562
-5189
-4661
-3970
-3046
-1939
-810
239
1215
2085
2700
2950
2901
2671
2283
1739
1140
596
86
-454
-974
-1361
-1588
-1683
-1625
-1425
-1213
-1108
-1030
-800
-384
113
650
1312
2151
3149
4236
5295
6143
6728
7142
7456
7584
7457
7160
6744
6097
5081
3784
2360
856
-753
-2361
-3761
-4852
-5747
-6574
-7321
-7848
-8046
-7947
-7659
-7272
-6814
-6317
-5761
-5043
-4025
-2731
-1320
41
1271
2333
3181
3791
4125
4137
3807
3199
2416
1523
535
-497
-1442
-2197
-2782
-3270
-3649
-3873
-3949
-3911
-3712
-3289
-2645
-1808
-763
486
1831
3143
4357
5478
6504
7419
8188
8746
9052
9142
9090
8860
8317
7393
6136
4656
3010
1228
-681
-2666
-4604
-6325
-7703
-8732
-9437
-9827
-9886
-9651
-9171
-8466
-7557
-6509
-5398
-4213
-2869
-1328
330
1944
3374
4553
5476
6143
6478
6371
5746
4678
3323
1804
192
-1451
-3007
-4356
-5411
-6142
-6559
-6661
-6425
-5835
-4933
-3806
-2521
-1139
268
1640
2983
4303
5582
6782
7881
8844
9658
10350
10898
11178
11032
10377
9188
7469
5333
2992
627
-1704
-3958
-6008
-7693
-8932
-9755
-10216
-10344
-10153
-9689
-9007
-8163
-7190
-6105
-4867
-3420
-1737
152
2148
4088
5761
7018
7806
8144
8014
7368
6196
4575
2646
598
-1371
-3118
-4588
-5790
-6738
-7445
-7900
-8046
-7838
-7294
-6488
-5460
-4200
-2706
-1010
828
2728
4588
6310
7851
9196
10316
11173
11750
12010
11855
11201
10072
8571
6781
4736
2487
119
-2282
-4645
-6850
-8747
-10207
-11198
-11738
-11857
-11576
-10948
-10019
-8845
-7490
-5994
-4321
-2400
-243
1999
4108
5911
7323
8334
8941
9093
8743
7907
6648
5012
3059
928
-1205
-3218
-5053
-6657
-7952
-8859
-9329
-9343
-8911
-8071
-6884
-5434
-3793
-2021
-174
1677
3451
5099
6607
8008
9335
10550
11510
12049
12073
11567
10538
8993
7024
4776
2375
-133
-2660
-5034
-7083
-8750
-10063
-11033
-11629
-11829
-11636
-11084
-10223
-9103
-7748
-6118
-4186
-1983
392
2803
5075
7024
8515
9511
10008
10009
9523
8586
7262
5627
3781
1848
-72
-1936
-3737
-5403
-6808
-7836
-8456
-8673
-8491
-7909
-6945
-5664
-4126
-2356
-375
1728
3820
5782
7541
9036
10243
11169
11808
12079
11897
11231
10105
8570
6691
4554
2221
-256
-2801
-5259
-7451
-9266
-10714
-11819
-12541
-12799
-12554
-11841
-10729
-9322
-7707
-5926
-3961
-1787
560
2924
5089
6896
8315
9338
9914
9987
9550
8637
7297
5636
3803
1951
169
-1535
-3206
-4807
-6211
-7276
-7941
-8219
-8141
-7717
-6925
-5740
-4178
-2314
-259
1873
3963
5907
7645
9138
10368
11283
11826
11921
11564
10816
9716
8251
6433
4374
2168
-163
-2586
-4961
-7147
-9081
-10726
-12000
-12817
-13178
-13133
-12717
-11922
-10746
-9206
-7339
-5183
-2810
-347
2065
4296
6246
7819
8940
9561
9665
9272
8436
7237
5741
4016
2163
282
-1556
-3324
-4953
-6334
-7378
-8043
-8298
-8109
-7511
-6573
-5353
-3836
-2019
17
2127
4188
6147
7970
9590
10924
11927
12573
12798
12521
11733
10508
8918
7019
4891
2624
265
-2151
-4527
-6723
-8641
-10248
-11539
-12476
-13010
-13111
-12780
-12019
-10849
-9332
-7528
-5466
-3156
-672
1831
4152
6151
7773
9006
9795
10057
9750
8925
7678
6076
4189
2147
128
-1733
-3399
-4855
-6062
-6998
-7671
-8062
-8117
-7812
-7172
-6202
-4906
-3311
-1475
538
2645
4752
6783
8667
10283
11520
12354
12793
12820
12421
11643
10533
9074
7226
5052
2690
255
-2213
-4672
-7006
-9061
-10746
-12046
-12931
-13356
-13320
-12880
-12074
-10897
-9344
-7450
-5293
-2966
-565
1809
4043
6029
7698
8972
9738
9924
9566
8738
7503
5919
4070
2055
-10
-1988
-3781
-5369
-6759
-7894
-8683
-9044
-8958
-8463
-7620
-6475
-5062
-3423
-1610
322
2300
4260
6150
7921
9500
10814
11823
12481
12744
12591
12031
11068
9682
7875
5704
3289
748
-1829
-4340
-6656
-8666
-10313
-11547
-12324
-12659
-12606
-12193
-11411
-10297
-8922
-7324
-5497
-3430
-1150
1251
3598
5717
7487
8846
9730
10052
9768
8899
7580
5982
4232
2371
424
-1516
-3302
-4815
-6056
-7087
-7915
-8436
-8549
-8298
-7756
-6943
-5837
-4488
-2959
-1274
542
2429
4310
6130
7805
9246
10368
11166
11680
11918
11787
11177
10106
8679
6936
4861
2514
62
-2370
-4719
-6890
-8749
-10209
-11272
-11938
-12164
-11931
-11331
-10487
-9426
-8092
-6491
-4698
-2766
-726
1341
3311
5103
6648
7863
8662
9023
8952
8452
7557
6356
4958
3427
1798
118
-1500
-2946
-4175
-5192
-5994
-6549
-6852
-6896
-6652
-6090
-5228
-4125
-2854
-1480
-29
1487
3034
4543
5965
7282
8458
9435
10144
10544
10588
10258
9551
8504
7160
5543
3665
1560
-649
-2809
-4802
-6555
-8013
-9142
-9952
-10444
-10582
-10373
-9902
-9260
-8453
-7432
-6190
-4781
-3272
-1716
-145
1416
2910
4251
5373
6253
6875
7207
7189
6788
6031
5008
3828
2575
1314
92
-1065
-2130
-3068
-3835
-4392
-4694
-4725
-4525
-4157
-3681
-3137
-2550
-1906
-1147
-250
738
1754
2784
3850
4951
6009
6904
7532
7865
7926
7732
7272
6537
5554
4392
3102
1705
225
-1273
-2690
-3970
-5122
-6188
-7134
-7876
-8338
-8527
-8512
-8366
-8109
-7706
-7114
-6334
-5380
-4255
-2990
-1633
-229
1219
2680
4037
5159
5970
6452
6568
6324
5790
5080
4275
3406
2518
1665
890
198
-422
-953
-1368
-1674
-1946
-2253
-2614
-2954
-3204
-3320
-3284
-3042
-2529
-1752
-811
170
1132
2070
2979
3843
4647
5366
5942
6351
6639
6853
6942
6805
6401
5763
4919
3870
2624
1223
-285
-1865
-3470
-5015
-6367
-7442
-8224
-8754
-9048
-9103
-8922
-8526
-7953
-7229
-6378
-5410
-4333
-3123
-1763
-280
1256
2765
4175
5407
6399
7104
7469
7473
7148
6568
5792
4841
3735
2521
1279
88
-1003
-1970
-2800
-3485
-4035
-4481
-4837
-5111
-5282
-5313
-5150
-4761
-4130
-3265
-2194
-960
380
1766
3141
4455
5669
6745
7641
8330
8788
9004
8975
8719
8233
7470
6382
4972
3311
1481
-413
-2265
-3992
-5539
-6841
-7817
-8411
-8632
-8529
-8188
-7707
-7159
-6566
-5922
-5210
-4413
-3526
-2555
-1469
-199
1255
2767
4157
5309
6195
6793
7054
6910
6334
5391
4193
2853
1455
80
-1197
-2313
-3220
-3917
-4430
-4773
-4945
-4985
-4966
-4939
-4899
-4795
-4548
-4093
-3430
-2622
-1709
-673
521
1851
3212
4464
5528
6397
7053
7414
7407
7038
6391
5579
4708
3849
3009
2166
1326
534
-169
-781
-1316
-1769
-2135
-2446
-2739
-3000
-3155
-3172
-3083
-2916
-2670
-2355
-2012
-1661
-1300
-948
-650
-424
-264
-168
-148
-207
-315
-430
-522
-602
-697
-821
-965
-1087
-1164
-1188
-1187
-1196
-1237
-1291
-1311
-1248
-1083
-820
-484
-102
301
708
1103
1463
1742
1877
1839
1653
1380
1071
761
455
153
-119
-316
-410
-417
-364
-239
-35
255
601
961
1321
1686
2069
2441
2774
3080
3378
3680
3971
4224
4396
4436
4311
4018
3572
2995
2310
1548
733
-116
-955
-1707
-2323
-2842
-3316
-3761
-4176
-4594
-5042
-5494
-5888
-6173
-6335
-6389
-6328
-6086
-5568
-4725
-3577
-2204
-716
764
2116
3289
4286
5088
5599
5746
5564
5166
4641
4026
3347
2635
1892
1101
276
-530
-1270
-1943
-2574
-3191
-3811
-4412
-4927
-5247
-5301
-5089
-4659
-4050
-3272
-2346
-1302
-173
1019
2252
3477
4594
5489
6088
6410
6510
6443
6238
5891
5387
4727
3955
3119
2246
1344
425
-476
-1333
-2124
-2857
-3529
-4114
-4569
-4867
-5019
-5032
-4908
-4649
-4262
-3753
-3112
-2364
-1543
-696
143
940
1645
2220
2630
2894
3067
3188
3252
3236
3141
2990
2802
2583
2318
1977
1534
979
307
-464
-1285
-2086
-2813
-3424
-3886
-4168
-4255
-4166
-3944
-3617
-3186
-2669
-2121
-1603
-1131
-695
-304
36
353
693
1068
1446
1765
1996
2161
2278
2341
2282
2062
1690
1216
691
157
-346
-796
-1154
-1395
-1505
-1500
-1415
-1299
-1201
-1132
-1052
-911
-692
-405
-39
427
978
1560
2131
2694
3253
3791
4271
4665
4960
5133
5145
4969
4613
4121
3530
2881
2199
1511
835
197
-405
-972
-1485
-1925
-2311
-2679
-3021
-3294
-3465
-3532
-3516
-3442
-3328
-3153
-2880
-2496
-2017
-1484
-949
-478
-105
185
402
526
527
407
191
-96
-437
-799
-1141
-1445
-1725
-1976
-2176
-2314
-2408
-2474
-2523
-2577
-2660
-2745
-2747
-2588
-2265
-1829
-1303
-669
87
918
1744
2515
3218
3836
4333
4690
4902
4979
4942
4809
4599
4289
3869
3393
2941
2539
2135
1664
1119
538
-40
-630
-1239
-1845
-2393
-2856
-3244
-3559
-3769
-3838
-3755
-3537
-3206
-2784
-2283
-1728
-1177
-698
-328
-41
200
435
667
860
965
953
844
705
622
606
585
449
149
-283
-758
-1179
-1495
-1721
-1881
-1959
-1909
-1709
-1366
-912
-420
23
402
779
1199
1641
2047
2361
2547
2617
2633
2653
2684
2696
2668
2608
2522
2413
2275
2107
1882
1561
1131
627
103
-406
-879
-1317
-1733
-2127
-2459
-2666
-2707
-2596
-2376
-2102
-1809
-1523
-1262
-1021
-799
-596
-446
-378
-386
-408
-383
-294
-181
-106
-99
-123
-129
-94
-50
-35
-72
-148
-208
-210
-157
-81
11
151
354
614
910
1205
1444
1580
1616
1618
1657
1759
1878
1949
1946
1891
1799
1668
1505
1320
1106
821
439
-20
-480
-876
-1191
-1453
-1692
-1911
-2100
-2234
-2278
-2193
-1999
-1748
-1483
-1216
-948
-696
-471
-288
-151
-56
10
47
56
44
27
27
53
114
174
174
87
-58
-209
-339
-459
-583
-710
-831
-940
-1032
-1092
-1086
-979
-759
-433
-53
327
675
1000
1325
1637
1894
2067
2140
2100
1948
1737
1540
1369
1172
905
602
306
15
-289
-598
-889
-1156
-1413
-1668
-1916
-2132
-2276
-2313
-2216
-1980
-1619
-1172
-721
-336
-31
258
578
902
1147
1266
1283
1249
1211
1214
1282
1399
1507
1550
1516
1430
1316
1182
1017
812
574
326
83
-131
-292
-371
-365
-299
-186
-44
94
210
321
449
578
677
723
701
607
454
260
41
-190
-432
-703
-1029
-1378
-1678
-1869
-1959
-2015
-2089
-2172
-2212
-2197
-2168
-2167
-2187
-2203
-2192
-2138
-2024
-1826
-1526
-1129
-690
-275
94
447
799
1131
1428
1692
1916
2092
2230
2339
2412
2450
2482
2529
2575
2584
2522
2365
2125
1844
1572
1340
1152
991
857
760
714
701
703
729
795
894
985
1026
981
845
664
475
282
66
-176
-430
-698
-1003
-1370
-1782
-2186
-2525
-2775
-2937
-3039
-3124
-3229
-3344
-3419
-3424
-3376
-3302
-3210
-3098
-2968
-2814
-2602
-2303
-1928
-1505
-1055
-563
-21
550
1105
1603
2012
2335
2585
2754
2828
2818
2771
2721
2658
2569
2458
2339
2238
2172
2146
2126
2072
1966
1813
1635
1442
1233
1002
770
571
432
350
307
290
288
303
347
431
541
626
631
533
340
81
-234
-597
-996
-1398
-1766
-2085
-2356
-2591
-2796
-2970
-3116
-3239
-3341
-3411
-3453
-3471
-3442
-3307
-3033
-2642
-2175
-1670
-1149
-626
-98
436
943
1390
1772
2093
2352
2548
2686
2775
2818
2820
2773
2668
2506
2306
2084
1852
1620
1384
1116
813
512
256
44
-154
-343
-498
-584
-605
-590
-563
-506
-379
-158
133
436
711
942
1097
1138
1058
887
660
381
41
-342
-729
-1084
-1408
-1719
-2018
-2284
-2487
-2611
-2657
-2644
-2588
-2480
-2295
-2005
-1612
-1147
-651
-146
363
876
1357
1771
2116
2408
2638
2781
2836
2839
2829
2799
2712
2546
2321
2068
1785
1453
1051
594
114
-343
-742
-1098
-1429
-1720
-1915
-1972
-1904
-1768
-1627
-1521
-1446
-1376
-1275
-1121
-891
-587
-259
30
238
372
462
527
552
489
280
-84
-550
-1013
-1398
-1691
-1916
-2087
-2192
-2211
-2152
-2031
-1860
-1641
-1376
-1078
-748
-391
-4
401
814
1212
1583
1938
2291
2644
2966
3213
3353
3372
3269
3055
2759
2438
2115
1784
1411
981
508
25
-423
-817
-1145
-1417
-1660
-1882
-2054
-2114
-2029
-1828
-1565
-1282
-988
-687
-390
-116
106
242
282
256
221
211
200
139
9
-154
-299
-409
-512
-652
-835
-1027
-1177
-1263
-1292
-1262
-1161
-975
-731
-469
-209
53
309
541
734
882
986
1067
1173
1315
1464
1585
1669
1721
1733
1694
1607
1477
1314
1113
852
522
154
-191
-469
-670
-808
-886
-902
-868
-807
-738
-671
-610
-564
-520
-441
-296
-98
96
220
255
220
160
95
2
-148
-342
-528
-652
-704
-708
-694
-685
-690
-698
-671
-571
-404
-197
30
274
519
737
919
1071
1196
1269
1285
1270
1261
1265
1261
1229
1160
1052
901
711
491
243
-36
-317
-564
-764
-947
-1128
-1282
-1367
-1373
-1339
-1297
-1255
-1192
-1082
-912
-700
-486
-314
-204
-171
-200
-250
-283
-310
-372
-496
-662
-845
-1028
-1194
-1320
-1390
-1411
-1389
-1346
-1301
-1250
-1175
-1056
-892
-679
-405
-68
313
712
1112
1505
1877
2205
2468
2645
2712
2663
2514
2325
2157
2022
1863
1621
1300
956
658
414
195
-41
-301
-567
-818
-1037
-1208
-1322
-1374
-1357
-1259
-1080
-857
-629
-403
-152
155
499
822
1072
1213
1228
1110
888
633
396
177
-60
-334
-625
-904
-1133
-1299
-1405
-1479
-1557
-1658
-1745
-1756
-1646
-1432
-1140
-802
-436
-59
326
718
1105
1458
1745
1964
2132
2265
2350
2356
2267
2096
1868
1613
1341
1045
713
353
3
-308
-584
-855
-1138
-1430
-1714
-1962
-2131
-2194
-2150
-2038
-1885
-1680
-1398
-1028
-594
-127
330
737
1056
1273
1404
1479
1519
1516
1447
1279
1010
690
393
168
-14
-212
-453
-711
-953
-1152
-1288
-1342
-1316
-1231
-1093
-904
-668
-394
-81
278
668
1037
1343
1579
1752
1863
1905
1888
1845
1806
1763
1679
1518
1265
945
590
222
-155
-536
-922
-1309
-1690
-2021
-2266
-2433
-2556
-2658
-2721
-2697
-2556
-2291
-1943
-1568
-1209
-876
-575
-334
-157
-3
171
366
558
707
782
760
660
534
427
348
276
195
93
-35
-194
-363
-509
-598
-612
-550
-431
-306
-219
-166
-101
7
157
323
488
640
782
934
1101
1257
1377
1467
1529
1554
1516
1419
1271
1094
905
716
531
355
196
49
-102
-269
-430
-567
-669
-750
-807
-836
-826
-774
-678
-539
-377
-207
-38
119
245
322
364
399
444
488
507
484
426
359
315
297
298
308
304
255
138
-14
-140
-196
-201
-191
-194
-214
-231
-235
-221
-209
-197
-171
-123
-68
-30
-21
-42
-92
-159
-213
-218
-173
-115
-86
-96
-123
-143
-147
-125
-61
24
82
86
68
92
166
257
314
315
272
232
238
276
281
224
146
96
85
85
75
40
-12
-57
-81
-101
-135
-168
-182
-169
-138
-92
-40
19
88
178
272
338
359
340
303
261
206
129
47
-10
-28
-39
-96
-222
-387
-548
-684
-817
-969
-1136
-1278
-1370
-1415
-1436
-1418
-1337
-1202
-1065
-974
-917
-842
-702
-491
-242
-3
185
323
447
584
735
879
1012
1136
1242
1296
1273
1174
1036
891
754
620
487
351
202
34
-148
-303
-397
-413
-373
-319
-279
-251
-212
-136
-11
161
348
509
627
722
820
913
960
920
802
648
500
380
275
176
57
-93
-262
-442
-642
-867
-1086
-1248
-1333
-1354
-1337
-1290
-1207
-1094
-969
-858
-764
-650
-470
-211
79
330
486
545
561
601
704
851
976
1029
1022
1012
1032
1054
1024
918
745
525
308
154
100
117
145
138
102
82
108
165
223
271
313
339
358
406
494
577
595
549
486
447
421
372
281
157
27
-104
-225
-338
-446
-562
-687
-813
-917
-985
-1005
-981
-915
-801
-637
-448
-270
-127
-28
36
66
66
49
35
42
61
69
60
51
41
6
-78
-191
-296
-360
-395
-423
-456
-489
-511
-530
-552
-575
-573
-528
-444
-372
-356
-394
-414
-354
-213
-45
112
245
337
356
278
143
9
-90
-159
-206
-236
-251
-261
-262
-247
-217
-191
-197
-226
-246
-227
-174
-114
-66
-11
73
208
397
620
839
1009
1096
1100
1047
984
939
899
842
750
625
477
318
175
60
-18
-70
-123
-192
-279
-359
-430
-488
-515
-500
-452
-394
-315
-186
-23
103
129
64
-18
-46
-4
74
139
167
154
127
109
112
125
119
72
-6
-92
-160
-201
-202
-177
-147
-127
-99
-50
-8
7
12
45
124
244
397
579
761
899
966
965
917
847
773
694
581
414
226
84
29
15
-34
-136
-247
-307
-304
-275
-275
-336
-435
-540
-628
-687
-696
-655
-601
-579
-597
-633
-654
-644
-594
-520
-462
-449
-484
-536
-574
-582
-578
-598
-635
-660
-644
-598
-540
-486
-449
-418
-354
-229
-61
106
248
358
448
525
603
683
777
888
987
1010
940
845
816
873
958
1005
986
901
775
630
504
407
333
263
190
126
76
51
46
44
25
-24
-88
-146
-188
-228
-282
-348
-410
-446
-461
-469
-489
-518
-555
-584
-603
-613
-617
-623
-637
-652
-657
-654
-671
-721
-779
-798
-759
-688
-630
-597
-566
-506
-418
-339
-284
-218
-94
79
254
396
493
560
626
713
813
898
955
996
1040
1104
1193
1271
1288
1217
1091
953
832
738
674
612
505
346
190
93
62
59
61
67
79
80
60
13
-57
-149
-253
-341
-395
-413
-402
-369
-327
-295
-284
-290
-312
-344
-367
-359
-338
-342
-396
-470
-522
-553
-583
-631
-683
-718
-720
-691
-650
-614
-583
-529
-448
-341
-216
-75
65
176
251
317
395
479
562
633
691
726
741
744
737
727
725
744
753
714
621
511
411
333
266
187
70
-88
-248
-378
-461
-505
-525
-546
-575
-580
-532
-442
-355
-291
-230
-145
-61
-22
-58
-153
-245
-281
-257
-209
-172
-150
-128
-107
-95
-110
-168
-256
-355
-445
-518
-566
-574
-544
-499
-455
-397
-295
-155
-3
133
231
282
299
303
291
264
252
300
393
476
513
520
524
520
488
412
298
163
35
-71
-157
-236
-311
-369
-397
-405
-414
-435
-456
-455
-429
-381
-317
-241
-162
-78
17
116
202
266
316
359
383
382
375
384
401
395
363
338
343
356
331
257
151
48
-30
-53
-22
23
52
66
89
120
135
134
138
177
256
357
455
538
594
609
584
565
576
607
619
589
504
371
217
86
-2
-76
-175
-321
-486
-623
-698
-708
-679
-647
-635
-634
-623
-606
-599
-603
-593
-557
-488
-390
-271
-156
-85
-80
-123
-173
-195
-175
-119
-58
-29
-48
-93
-119
-100
-42
13
32
0
-59
-106
-113
-75
-14
35
63
95
167
277
399
500
571
605
613
624
671
752
825
833
776
699
663
674
707
721
704
664
614
556
478
377
263
150
34
-93
-227
-350
-450
-532
-621
-741
-878
-978
-991
-928
-845
-805
-816
-835
-812
-731
-631
-549
-481
-400
-301
-220
-189
-201
-218
-233
-254
-296
-355
-422
-485
-529
-557
-592
-640
-679
-690
-680
-649
-584
-473
-317
-149
-19
47
74
116
195
283
355
404
439
454
431
378
332
332
389
469
517
505
445
375
327
312
312
297
248
175
116
92
101
121
135
148
163
188
230
289
347
370
348
312
309
356
426
477
495
491
498
519
533
513
448
364
288
220
147
68
6
-33
-55
-77
-92
-99
-98
-100
-108
-133
-187
-236
-216
-108
29
124
163
174
186
199
204
180
117
31
-41
-75
-77
-63
-47
-45
-59
-59
-29
12
41
55
63
48
-21
-144
-270
-348
-352
-309
-255
-216
-193
-159
-94
-7
85
162
211
221
199
170
156
159
174
184
175
135
71
7
-42
-73
-101
-135
-172
-202
-218
-226
-238
-271
-327
-402
-483
-564
-641
-716
-781
-827
-846
-843
-827
-795
-747
-690
-633
-569
-485
-387
-304
-263
-243
-214
-167
-101
1
140
280
365
387
388
412
453
474
440
358
257
176
139
146
180
221
257
278
282
267
252
246
246
240
236
237
243
254
278
324
380
410
380
295
196
123
84
67
68
88
127
168
187
175
143
110
78
43
-5
-80
-191
-331
-454
-513
-487
-398
-292
-210
-156
-116
-67
-14
33
70
93
96
74
37
5
-8
7
48
91
104
77
28
-6
-7
17
57
103
158
224
284
322
322
291
262
259
281
306
306
269
202
132
90
89
113
142
159
154
134
114
114
142
181
205
199
160
96
30
-5
19
89
167
196
145
19
-121
-207
-234
-245
-270
-292
-287
-250
-199
-155
-128
-133
-164
-200
-217
-198
-159
-141
-176
-237
-252
-173
-28
99
163
178
181
190
201
203
177
109
6
-103
-197
-260
-278
-268
-282
-364
-507
-655
-757
-790
-770
-721
-663
-604
-522
-399
-233
-64
45
64
26
0
25
93
159
180
157
124
119
145
169
160
112
46
-23
-98
-176
-238
-247
-193
-108
-49
-41
-45
-11
51
99
124
174
280
403
474
473
440
431
459
498
507
462
365
236
96
-31
-121
-165
-182
-212
-271
-342
-393
-406
-385
-358
-345
-331
-295
-233
-181
-164
-167
-153
-103
-31
36
79
87
56
-2
-50
-59
-15
79
204
337
448
517
541
532
503
467
439
434
458
502
544
564
548
509
458
403
342
288
254
240
243
258
284
302
295
265
241
249
274
282
255
207
168
153
149
133
94
45
-1
-43
-89
-137
-186
-250
-339
-436
-510
-540
-525
-498
-497
-529
-559
-561
-550
-562
-609
-668
-701
-669
-579
-479
-415
-377
-328
-254
-180
-122
-66
8
82
129
143
130
107
84
83
114
172
231
262
248
197
124
55
5
-16
-26
-52
-107
-172
-201
-179
-136
-105
-95
-93
-99
-125
-174
-223
-242
-216
-154
-82
-17
36
77
120
171
223
256
257
226
173
110
49
6
-17
-17
-9
-10
-30
-62
-87
-108
-124
-137
-128
-89
-46
-20
-15
-2
28
63
79
72
62
69
112
180
239
262
247
217
194
182
165
127
64
-18
-106
-186
-246
-273
-263
-229
-196
-177
-155
-107
-41
0
-6
-40
-63
-49
-12
30
60
69
58
46
51
85
142
196
213
177
105
55
73
161
280
390
453
460
435
418
430
446
427
370
304
270
279
308
324
324
322
332
363
415
475
521
532
512
480
457
434
396
342
284
219
132
27
-80
-186
-317
-483
-659
-801
-892
-938
-959
-970
-996
-1055
-1130
-1171
-1129
-1016
-887
-799
-744
-675
-549
-376
-206
-81
8
88
168
238
279
290
274
246
219
195
175
153
139
133
124
93
47
19
20
17
-34
-109
-145
-101
-6
85
148
182
197
198
215
264
332
388
417
428
431
438
447
457
451
407
308
173
58
-19
-70
-140
-236
-346
-450
-532
-590
-626
-646
-659
-673
-690
-698
-690
-659
-594
-490
-358
-224
-88
51
187
304
401
494
581
641
658
636
597
549
490
421
355
305
266
217
134
14
-116
-220
-277
-296
-300
-308
-323
-340
-340
