312
303
289
285
317
385
478
571
648
674
602
434
236
135
168
276
370
420
437
431
402
350
292
242
212
209
206
208
231
295
374
416
429
427
428
421
415
422
430
429
399
328
225
114
38
-10
-47
-92
-135
-180
-229
-279
-321
-334
-314
-257
-187
-133
-121
-150
-201
-252
-277
-273
-265
-284
-312
-294
-210
-90
21
75
40
-68
-168
-188
-146
-110
-108
-116
-109
-92
-90
-105
-141
-180
-204
-194
-161
-122
-70
-1
60
96
108
110
96
67
55
79
136
173
144
38
-107
-224
-265
-230
-170
-144
-174
-229
-263
-262
-249
-243
-233
-201
-154
-105
-58
-16
6
-1
-17
-13
20
55
58
12
-54
-109
-155
-203
-248
-266
-244
-186
-120
-71
-37
11
91
165
200
214
252
313
364
374
352
312
266
228
215
237
275
321
376
428
449
414
347
292
267
248
230
196
125
10
-112
-181
-181
-145
-106
-81
-67
-58
-49
-40
-29
-12
12
44
63
62
41
19
3
-15
-44
-71
-85
-89
-103
-129
-167
-206
-227
-204
-145
-91
-69
-61
-43
-20
-31
-89
-152
-154
-78
22
75
63
12
-55
-130
-201
-237
-229
-200
-191
-204
-216
-208
-170
-104
-23
46
82
94
113
143
154
106
19
-52
-71
-64
-74
-111
-156
-192
-218
-238
-262
-294
-320
-326
-314
-293
-258
-202
-143
-95
-46
33
129
189
176
110
52
40
78
126
160
176
169
130
66
22
28
73
126
169
174
118
18
-67
-80
-41
10
45
76
114
158
191
200
202
223
285
384
482
538
535
506
491
500
516
512
494
464
428
368
280
189
134
141
188
232
230
173
79
-22
-91
-116
-123
-162
-244
-322
-365
-370
-361
-330
-283
-242
-215
-189
-152
-121
-138
-197
-264
-311
-331
-336
-336
-361
-423
-487
-497
-442
-390
-388
-423
-432
-390
-316
-243
-189
-147
-108
-62
-20
1
-1
-16
-37
-61
-57
-2
86
149
164
146
101
28
-45
-78
-68
-38
-9
20
34
34
34
53
86
114
116
83
44
33
70
126
173
182
170
148
142
166
219
272
288
267
231
211
202
185
139
94
87
106
112
88
69
76
92
99
122
176
238
273
284
287
282
252
214
203
210
190
139
97
86
84
78
90
124
154
148
99
16
-88
-184
-239
-243
-214
-186
-170
-152
-115
-79
-54
-27
21
74
95
80
60
56
60
51
13
-59
-145
-205
-209
-185
-174
-191
-224
-252
-251
-217
-175
-172
-194
-185
-124
-61
-42
-47
-48
-40
-57
-96
-143
-185
-198
-171
-116
-96
-142
-217
-261
-250
-211
-166
-136
-135
-162
-202
-230
-219
-149
-39
42
56
30
19
32
39
23
-1
-5
30
95
162
200
195
156
102
56
34
34
40
43
37
30
33
39
32
10
-12
-24
-23
-4
20
26
12
10
40
74
85
64
31
-10
-51
-65
-47
-9
32
66
85
51
-30
-105
-109
-29
86
172
197
166
124
90
64
48
59
100
142
156
145
117
75
26
2
32
91
139
148
134
112
86
53
18
-13
-35
-49
-64
-82
-104
-109
-67
24
122
189
222
226
188
109
36
14
32
54
75
108
137
146
146
159
177
177
145
105
82
79
72
46
0
-56
-116
-176
-229
-271
-305
-343
-385
-396
-348
-263
-191
-172
-185
-205
-215
-221
-217
-190
-137
-72
-25
-5
-5
12
59
132
193
202
161
104
71
56
36
0
-43
-74
-93
-101
-95
-74
-48
-27
-6
33
86
117
94
11
-84
-118
-73
11
87
141
180
193
174
145
130
124
111
83
52
18
-29
-94
-154
-171
-137
-75
-7
77
178
255
274
245
202
157
121
92
72
41
5
-35
-65
-81
-88
-102
-158
-239
-318
-373
-409
-429
-421
-380
-319
-259
-206
-165
-139
-125
-106
-77
-53
-45
-53
-68
-97
-137
-156
-131
-73
-27
-16
-18
-8
19
61
130
214
271
258
189
91
15
-1
59
152
221
261
276
264
203
117
50
34
51
67
71
76
89
97
78
34
-5
-12
33
119
210
260
255
219
191
189
207
230
248
263
269
280
302
327
338
327
310
281
251
226
227
236
234
218
199
199
217
234
220
175
137
148
194
223
194
113
22
-52
-103
-133
-138
-135
-149
-198
-276
-359
-406
-402
-381
-374
-377
-367
-360
-383
-444
-505
-518
-465
-386
-334
-309
-275
-221
-170
-136
-113
-111
-123
-130
-122
-122
-168
-254
-343
-386
-354
-260
-141
-54
-25
-43
-59
-51
-47
-80
-132
-161
-161
-184
-244
-314
-349
-350
-324
-271
-207
-154
-128
-103
-73
-35
0
39
64
47
-12
-58
-43
12
51
35
-25
-99
-135
-120
-79
-75
-124
-177
-170
-105
-41
-34
-82
-129
-112
-13
123
223
258
252
239
223
216
234
267
289
292
300
310
303
272
243
229
224
219
230
266
312
336
320
278
256
288
364
447
500
520
504
448
370
313
313
366
442
532
629
711
753
739
672
564
452
363
299
252
226
229
214
141
28
-66
-98
-94
-88
-114
-176
-255
-302
-286
-225
-166
-149
-162
-185
-192
-167
-122
-83
-71
-74
-97
-163
-270
-346
-343
-287
-251
-249
-243
-222
-216
-249
-304
-351
-382
-396
-399
-393
-400
-428
-464
-469
-446
-427
-438
-473
-519
-574
-617
-606
-521
-393
-277
-194
-133
-103
-112
-154
-192
-231
-277
-337
-376
-372
-335
-292
-263
-229
-178
-115
-63
-32
-18
-4
19
59
113
161
180
170
168
199
254
292
294
286
293
309
308
302
316
351
363
329
273
226
207
215
261
324
366
347
257
115
-32
-141
-180
-165
-104
5
149
286
369
385
345
277
214
195
223
271
315
343
356
339
304
259
218
169
124
91
61
20
-42
-100
-150
-191
-217
-200
-131
-32
45
85
100
119
149
182
201
198
201
221
225
167
66
-25
-77
-103
-114
-94
-42
18
49
47
14
-40
-101
-149
-171
-173
-149
-106
-49
0
34
42
27
6
-10
-27
-51
-64
-46
2
40
30
-21
-91
-149
-171
-147
-102
-80
-83
-90
-71
-38
-9
-17
-83
-191
-274
-290
-271
-267
-272
-238
-158
-61
28
97
134
112
48
-8
-27
-18
-19
-51
-109
-159
-178
-166
-139
-100
-62
-59
-113
-208
-298
-352
-377
-392
-397
-381
-336
-279
-224
-199
-215
-250
-246
-177
-74
18
68
67
25
-2
19
57
67
53
57
76
94
94
86
67
31
-6
-29
-17
12
45
74
108
151
209
294
390
471
509
494
433
358
310
310
347
375
359
285
178
75
-2
-53
-80
-97
-110
-131
-152
-170
-178
-183
-195
-209
-194
-118
-10
64
53
-6
-46
-20
53
146
228
266
271
273
310
378
445
485
484
451
400
338
250
144
51
-13
-54
-75
-57
-41
-83
-201
-327
-394
-397
-364
-304
-220
-121
-36
13
44
83
140
180
160
93
32
16
36
64
106
170
248
312
337
311
223
82
-70
-186
-249
-273
-273
-262
-252
-252
-249
-249
-265
-299
-325
-319
-286
-247
-208
-191
-218
-289
-359
-370
-328
-262
-201
-132
-40
52
107
105
86
82
85
72
47
56
115
182
188
107
-14
-90
-75
10
92
126
101
32
-60
-159
-257
-350
-418
-433
-384
-303
-234
-191
-173
-161
-140
-96
-22
61
113
117
92
87
117
149
140
100
78
99
138
169
197
227
224
156
65
5
-25
-71
-144
-187
-180
-147
-132
-130
-113
-81
-57
-36
13
99
184
215
187
153
171
225
262
264
285
339
377
359
316
300
305
290
236
170
125
109
110
115
117
117
131
175
236
264
237
184
165
190
234
259
265
261
265
263
238
190
119
23
-95
-207
-262
-247
-190
-169
-210
-271
-279
-211
-113
-41
-40
-93
-153
-143
-51
65
134
127
66
-9
-55
-70
-80
-111
-160
-206
-228
-214
-195
-221
-334
-457
-491
-412
-282
-189
-154
-166
-168
-113
-1
93
103
32
-65
-135
-165
-160
-149
-159
-180
-177
-125
-57
-14
-3
-11
-24
-38
-28
29
102
146
131
62
-18
-62
-36
38
126
186
211
219
236
270
303
316
319
329
345
333
274
163
43
-33
-28
25
57
32
-29
-77
-94
-80
-57
-60
-122
-225
-313
-367
-420
-502
-598
-654
-641
-572
-502
-486
-525
-573
-581
-527
-430
-323
-246
-220
-252
-322
-380
-381
-311
-206
-101
-39
-40
-78
-100
-81
-50
-30
-6
52
130
185
201
195
183
172
174
211
283
364
421
449
470
498
527
553
583
628
654
634
569
508
488
499
510
500
468
432
423
460
553
677
811
918
972
955
861
748
671
657
672
673
651
612
546
460
374
318
285
280
310
344
312
163
-50
-242
-373
-455
-533
-634
-777
-936
-1056
-1121
-1161
-1229
-1318
-1368
-1332
-1250
-1194
-1197
-1224
-1215
-1154
-1054
-941
-835
-748
-699
-673
-624
-529
-411
-315
-257
-225
-208
-194
-182
-174
-162
-127
-57
5
35
57
89
129
152
180
238
322
411
481
518
532
589
723
894
1018
1066
1081
1112
1181
1257
1290
1263
1204
1165
1147
1113
1023
896
765
664
601
584
586
567
490
367
233
119
43
-14
-89
-218
-384
-549
-689
-815
-938
-1054
-1163
-1271
-1374
-1460
-1525
-1570
-1603
-1618
-1624
-1626
-1622
-1602
-1559
-1502
-1435
-1359
-1262
-1142
-1024
-944
-910
-874
-780
-603
-371
-144
19
108
174
273
416
566
686
758
811
892
1002
1099
1166
1233
1332
1442
1525
1569
1593
1600
1599
1593
1601
1632
1670
1696
1686
1662
1661
1711
1787
1825
1769
1635
1490
1385
1320
1251
1129
929
691
502
396
321
219
88
-34
-148
-270
-393
-508
-641
-831
-1054
-1265
-1464
-1706
-2000
-2290
-2500
-2604
-2625
-2610
-2611
-2625
-2623
-2559
-2438
-2272
-2076
-1875
-1706
-1595
-1528
-1471
-1391
-1278
-1134
-973
-798
-616
-432
-265
-125
-23
42
93
153
221
256
262
263
295
367
473
589
686
751
797
852
939
1092
1323
1603
1867
2046
2119
2114
2095
2099
2112
2113
2113
2157
2247
2333
2362
2316
2224
2143
2109
2102
2071
1973
1814
1611
1382
1154
946
736
486
197
-91
-347
-596
-866
-1153
-1426
-1672
-1901
-2121
-2339
-2562
-2779
-2959
-3052
-3033
-2934
-2812
-2693
-2550
-2371
-2178
-1994
-1828
-1698
-1610
-1550
-1480
-1395
-1324
-1273
-1204
-1070
-865
-632
-417
-246
-135
-85
-73
-54
8
123
265
399
499
574
651
743
855
963
1062
1172
1321
1478
1585
1620
1623
1661
1768
1917
2068
2199
2310
2393
2443
2468
2498
2538
2555
2507
2395
2253
2101
1929
1746
1586
1458
1328
1161
964
755
526
248
-77
-391
-633
-807
-1001
-1274
-1599
-1889
-2088
-2205
-2296
-2423
-2591
-2753
-2849
-2874
-2850
-2807
-2757
-2701
-2628
-2505
-2307
-2060
-1818
-1646
-1540
-1441
-1280
-1050
-809
-642
-578
-578
-569
-499
-355
-177
-28
62
123
212
334
442
497
490
454
434
456
517
588
650
696
743
817
928
1049
1153
1237
1326
1438
1590
1786
2009
2219
2367
2438
2452
2470
2525
2605
2678
2723
2727
2659
2500
2279
2049
1842
1665
1518
1387
1237
1027
758
466
197
-23
-218
-435
-713
-1030
-1333
-1570
-1744
-1911
-2109
-2344
-2560
-2723
-2819
-2869
-2915
-2982
-3043
-3010
-2817
-2485
-2116
-1805
-1591
-1454
-1333
-1168
-959
-786
-737
-803
-883
-879
-781
-651
-565
-551
-584
-609
-586
-525
-467
-438
-425
-379
-267
-92
93
232
303
337
403
540
724
882
966
991
1024
1104
1226
1359
1491
1619
1736
1856
1997
2169
2326
2429
2469
2466
2451
2427
2378
2276
2123
1974
1883
1858
1840
1755
1552
1256
933
620
316
7
-306
-599
-874
-1143
-1436
-1762
-2102
-2429
-2686
-2835
-2870
-2846
-2834
-2860
-2887
-2832
-2630
-2279
-1848
-1449
-1153
-956
-774
-542
-267
0
199
302
308
281
271
292
304
263
156
9
-127
-247
-375
-511
-606
-635
-616
-578
-530
-497
-502
-528
-507
-385
-166
76
284
437
577
739
927
1123
1289
1422
1535
1657
1807
1967
2116
2238
2347
2440
2486
2471
2441
2454
2508
2522
2454
2336
2223
2120
2001
1850
1651
1376
1013
615
236
-116
-469
-842
-1236
-1643
-2046
-2425
-2767
-3038
-3219
-3300
-3315
-3275
-3178
-3013
-2773
-2461
-2086
-1675
-1249
-850
-515
-239
20
261
425
458
368
220
95
28
-19
-126
-329
-568
-761
-856
-863
-831
-833
-923
-1064
-1172
-1180
-1110
-1006
-890
-751
-579
-352
-76
209
447
623
783
995
1288
1612
1879
2038
2106
2151
2232
2353
2460
2488
2418
2307
2244
2270
2336
2355
2285
2152
2000
1856
1728
1600
1439
1233
988
721
441
138
-214
-645
-1132
-1602
-1994
-2310
-2615
-2927
-3220
-3438
-3556
-3589
-3565
-3523
-3447
-3274
-2942
-2467
-1956
-1508
-1154
-849
-529
-184
134
363
494
568
639
729
826
895
890
779
575
345
158
27
-101
-251
-403
-505
-537
-533
-523
-520
-495
-415
-270
-75
146
345
468
523
590
757
1020
1306
1531
1686
1822
2004
2239
2475
2659
2779
2877
3016
3194
3346
3404
3379
3311
3218
3110
3009
2897
2718
2415
1991
1498
980
469
-37
-554
-1114
-1709
-2286
-2780
-3175
-3511
-3845
-4189
-4484
-4650
-4642
-4480
-4225
-3914
-3532
-3046
-2455
-1829
-1260
-804
-444
-103
282
687
1014
1203
1284
1324
1342
1313
1231
1099
933
721
468
200
-51
-269
-464
-651
-837
-1039
-1239
-1388
-1425
-1350
-1216
-1083
-955
-799
-615
-418
-228
-41
150
370
647
969
1290
1580
1851
2097
2297
2445
2591
2762
2938
3061
3105
3079
3010
2902
2759
2599
2418
2204
1900
1467
910
325
-178
-587
-1000
-1495
-2016
-2458
-2803
-3152
-3578
-4030
-4368
-4487
-4412
-4255
-4100
-3935
-3692
-3319
-2822
-2261
-1697
-1139
-580
-53
391
746
1071
1376
1601
1717
1770
1836
1914
1952
1903
1751
1506
1222
975
803
671
534
372
181
-26
-209
-310
-324
-304
-285
-232
-114
34
126
151
191
343
626
966
1273
1523
1766
2045
2346
2637
2917
3182
3410
3569
3652
3671
3651
3610
3544
3419
3209
2926
2587
2192
1723
1184
601
-2
-621
-1268
-1935
-2579
-3163
-3684
-4153
-4563
-4906
-5191
-5391
-5478
-5455
-5374
-5245
-5012
-4618
-4079
-3452
-2801
-2162
-1561
-1010
-506
-23
462
925
1312
1585
1782
1950
2089
2126
2041
1873
1686
1500
1326
1181
1047
869
618
349
136
-5
-123
-262
-409
-512
-537
-480
-362
-212
-57
104
280
461
651
878
1168
1502
1847
2188
2526
2839
3095
3278
3416
3547
3674
3751
3726
3608
3445
3277
3089
2842
2500
2037
1448
765
66
-579
-1162
-1714
-2267
-2832
-3405
-3946
-4413
-4799
-5130
-5400
-5541
-5518
-5372
-5158
-4893
-4537
-4075
-3511
-2869
-2164
-1439
-763
-191
295
780
1289
1759
2087
2280
2416
2541
2614
2569
2392
2121
1836
1628
1544
1528
1441
1179
776
373
109
16
27
8
-127
-352
-509
-482
-287
-31
193
378
548
757
1019
1313
1585
1816
2058
2374
2772
3181
3518
3729
3805
3788
3761
3780
3810
3748
3538
3221
2884
2586
2291
1908
1345
617
-140
-805
-1375
-1943
-2595
-3339
-4112
-4805
-5349
-5762
-6090
-6337
-6474
-6474
-6343
-6104
-5788
-5378
-4811
-4043
-3126
-2196
-1395
-802
-377
8
468
1011
1541
1989
2337
2593
2767
2875
2904
2791
2508
2143
1831
1625
1483
1316
1066
751
479
344
328
292
155
-53
-209
-220
-80
134
319
427
508
660
953
1353
1761
2076
2284
2463
2685
2970
3256
3497
3677
3810
3918
4003
4031
3945
3719
3397
3054
2729
2382
1932
1346
663
-42
-742
-1428
-2108
-2793
-3501
-4196
-4813
-5351
-5874
-6386
-6788
-6955
-6871
-6615
-6272
-5861
-5354
-4708
-3922
-3048
-2158
-1310
-546
111
697
1277
1856
2366
2753
3020
3202
3321
3408
3444
3367
3118
2756
2407
2141
1913
1629
1247
808
412
120
-66
-235
-434
-645
-768
-743
-598
-397
-180
59
323
624
960
1333
1719
2087
2420
2733
3072
3441
3794
4042
4154
4179
4195
4227
4229
4150
3962
3684
3350
2997
2619
2145
1500
697
-143
-918
-1616
-2297
-3010
-3778
-4543
-5213
-5732
-6133
-6474
-6747
-6906
-6917
-6782
-6493
-6038
-5443
-4744
-3978
-3151
-2280
-1407
-600
81
650
1188
1727
2212
2591
2878
3097
3246
3308
3265
3083
2743
2306
1867
1487
1138
797
466
162
-108
-341
-522
-650
-731
-762
-740
-655
-495
-254
32
325
633
981
1348
1684
1979
2258
2541
2834
3138
3447
3732
3961
4115
4224
4319
4400
4422
4332
4110
3788
3419
3046
2669
2235
1682
1012
296
-415
-1144
-1949
-2841
-3754
-4572
-5225
-5732
-6185
-6615
-6965
-7142
-7113
-6917
-6614
-6254
-5834
-5287
-4546
-3627
-2630
-1671
-815
-64
624
1303
1959
2506
2878
3104
3288
3479
3645
3689
3543
3220
2833
2502
2243
1968
1598
1136
637
153
-259
-529
-668
-756
-853
-913
-843
-640
-396
-186
3
231
549
959
1409
1817
2130
2369
2610
2917
3307
3728
4092
4329
4451
4518
4577
4613
4549
4330
3976
3569
3180
2815
2388
1792
992
107
-711
-1416
-2093
-2857
-3732
-4599
-5294
-5772
-6173
-6611
-7030
-7278
-7282
-7098
-6785
-6357
-5806
-5158
-4400
-3510
-2470
-1373
-368
446
1116
1753
2398
2975
3370
3542
3556
3550
3598
3628
3481
3088
2515
1911
1378
939
516
58
-398
-756
-965
-1040
-1062
-1128
-1292
-1478
-1506
-1252
-777
-292
22
168
305
613
1127
1719
2222
2585
2905
3299
3783
4246
4562
4691
4701
4703
4736
4740
4619
4320
3882
3377
2915
2555
2221
1714
935
20
-801
-1469
-2111
-2871
-3765
-4662
-5405
-5925
-6332
-6749
-7160
-7403
-7373
-7106
-6697
-6208
-5659
-5038
-4288
-3380
-2359
-1315
-318
581
1355
2043
2717
3351
3813
4033
4095
4130
4152
4097
3894
3524
3037
2539
2139
1827
1502
1062
522
-40
-509
-831
-1018
-1156
-1320
-1495
-1595
-1512
-1240
-894
-616
-404
-118
372
1004
1611
2082
2450
2829
3281
3760
4167
4466
4672
4798
4846
4844
4835
4794
4660
4391
4021
3614
3195
2702
2005
1067
29
-896
-1663
-2402
-3242
-4170
-5072
-5833
-6422
-6903
-7343
-7724
-7942
-7955
-7787
-7454
-6936
-6280
-5579
-4829
-3928
-2832
-1657
-562
371
1164
1913
2686
3442
4028
4341
4422
4395
4329
4202
3983
3654
3217
2703
2202
1784
1416
1004
501
-33
-499
-808
-971
-1066
-1194
-1365
-1497
-1486
-1308
-1015
-695
-386
-57
374
945
1594
2193
2680
3100
3542
4048
4570
5013
5282
5362
5317
5262
5237
5176
4977
4600
4104
3601
3142
2648
1979
1080
65
-878
-1664
-2375
-3177
-4148
-5184
-6061
-6622
-6952
-7277
-7685
-8001
-8005
-7669
-7134
-6513
-5830
-5072
-4227
-3262
-2160
-1000
70
947
1669
2347
3033
3677
4165
4398
4406
4330
4308
4312
4184
3799
3187
2530
1998
1628
1274
777
123
-536
-1036
-1310
-1439
-1545
-1727
-1983
-2201
-2229
-2009
-1648
-1328
-1146
-990
-665
-62
698
1392
1878
2213
2578
3109
3760
4343
4683
4784
4804
4887
5021
5061
4901
4544
4083
3630
3238
2832
2246
1376
325
-695
-1545
-2272
-3061
-4056
-5192
-6188
-6800
-7080
-7303
-7621
-7918
-7968
-7702
-7179
-6516
-5813
-5107
-4326
-3368
-2215
-974
203
1211
2028
2744
3478
4250
4911
5281
5311
5121
4902
4777
4701
4482
3976
3242
2516
1975
1600
1232
718
68
-540
-910
-1040
-1113
-1318
-1652
-1954
-2037
-1853
-1493
-1133
-892
-720
-438
100
818
1507
2008
2359
2699
3156
3719
4273
4673
4876
4958
5041
5145
5178
5040
4714
4260
3765
3273
2721
2001
1081
75
-877
-1747
-2617
-3571
-4593
-5571
-6394
-7025
-7520
-7960
-8346
-8553
-8453
-8052
-7486
-6875
-6226
-5460
-4515
-3422
-2284
-1175
-93
985
2038
3009
3830
4470
4926
5203
5303
5269
5174
5042
4810
4400
3830
3189
2580
2047
1557
1033
450
-120
-585
-926
-1205
-1470
-1716
-1902
-1985
-1951
-1821
-1623
-1361
-1012
-591
-133
353
888
1457
2007
2492
2933
3366
3812
4261
4651
4903
4983
4951
4906
4858
4734
4478
4108
3682
3224
2699
2007
1087
36
-927
-1677
-2348
-3195
-4355
-5660
-6737
-7302
-7479
-7665
-8106
-8584
-8666
-8155
-7253
-6375
-5758
-5279
-4554
-3341
-1775
-271
858
1606
2240
3037
4044
4989
5521
5561
5369
5257
5293
5309
5110
4630
3953
3238
2621
2113
1615
1047
396
-270
-856
-1252
-1434
-1492
-1553
-1693
-1871
-1973
-1867
-1513
-1024
-597
-328
-132
172
701
1400
2080
2568
2875
3185
3686
4367
5015
5402
5468
5356
5258
5230
5168
4947
4514
3938
3307
2650
1893
986
-26
-1059
-2071
-3092
-4145
-5230
-6287
-7200
-7870
-8330
-8684
-8966
-9061
-8869
-8407
-7773
-7024
-6152
-5136
-3969
-2709
-1439
-210
987
2122
3121
3941
4629
5239
5739
6035
6069
5889
5614
5332
5026
4567
3838
2890
1940
1206
710
301
-187
-797
-1407
-1811
-1925
-1879
-1892
-2056
-2271
-2342
-2120
-1640
-1092
-671
-389
-112
298
875
1558
2227
2771
3181
3556
4009
4536
5027
5366
5500
5443
5268
5071
4899
4724
4427
3903
3144
2228
1251
275
-661
-1555
-2488
-3565
-4807
-6069
-7124
-7819
-8191
-8430
-8714
-9029
-9158
-8864
-8106
-7069
-6022
-5110
-4244
-3208
-1864
-325
1150
2338
3205
3888
4568
5309
6001
6458
6567
6365
6004
5644
5318
4912
4282
3417
2476
1640
951
324
-307
-908
-1422
-1842
-2195
-2451
-2549
-2478
-2337
-2252
-2246
-2211
-1992
-1536
-954
-438
-85
215
656
1320
2107
2827
3378
3789
4159
4534
4882
5143
5303
5400
5458
5418
5206
4825
4372
3908
3393
2697
1724
514
-741
-1835
-2728
-3589
-4687
-6079
-7475
-8408
-8667
-8501
-8368
-8531
-8836
-8874
-8310
-7166
-5793
-4573
-3583
-2595
-1371
80
1542
2812
3827
4649
5337
5887
6272
6514
6646
6630
6360
5797
5061
4352
3773
3239
2547
1586
483
-495
-1137
-1483
-1723
-2062
-2512
-2908
-3043
-2866
-2534
-2262
-2152
-2106
-1948
-1573
-1048
-511
-45
383
850
1395
1999
2615
3199
3745
4244
4655
4923
5071
5196
5353
5457
5376
5075
4652
4241
3855
3363
2567
1411
70
-1177
-2204
-3104
-4082
-5272
-6615
-7844
-8643
-8918
-8886
-8863
-8967
-9029
-8784
-8058
-6884
-5490
-4125
-2900
-1719
-456
920
2313
3607
4684
5460
5919
6161
6342
6541
6678
6593
6174
5463
4647
3913
3297
2668
1903
1007
117
-629
-1196
-1697
-2274
-2916
-3410
-3542
-3310
-2940
-2680
-2619
-2648
-2556
-2188
-1559
-833
-185
306
705
1125
1642
2237
2854
3476
4109
4707
5183
5494
5691
5856
6015
6111
6039
5735
5244
4673
4058
3280
2218
928
-371
-1535
-2587
-3670
-4901
-6261
-7551
-8500
-9014
-9205
-9253
-9231
-9107
-8778
-8145
-7182
-5980
-4663
-3302
-1945
-649
560
1766
3012
4240
5313
6125
6592
6719
6656
6576
6452
6105
5444
4582
3734
3009
2378
1697
871
-46
-864
-1445
-1829
-2154
-2493
-2813
-3036
-3108
-3019
-2819
-2582
-2346
-2107
-1834
-1505
-1104
-643
-147
349
848
1392
2030
2745
3461
4088
4575
4933
5226
5513
5787
5981
6039
5939
5672
5248
4705
4082
3330
2349
1115
-219
-1459
-2508
-3454
-4496
-5777
-7220
-8522
-9387
-9725
-9693
-9523
-9367
-9179
-8773
-7977
-6774
-5303
-3747
-2245
-862
421
1659
2897
4101
5165
5990
6532
6818
6897
6835
6647
6329
5851
5198
4377
3452
2512
1615
757
-78
-871
-1520
-1959
-2243
-2500
-2787
-3030
-3126
-3035
-2802
-2521
-2262
-2025
-1750
-1392
-945
-438
97
630
1133
1615
2112
2659
3258
3890
4510
5052
5457
5714
5854
5935
5999
6048
6019
5817
5397
4787
4037
3126
2008
706
-650
-1918
-3029
-4051
-5153
-6460
-7862
-9043
-9741
-9950
-9848
-9603
-9267
-8791
-8095
-7144
-5951
-4558
-2999
-1345
256
1668
2888
4011
5082
6029
6739
7139
7244
7147
6931
6574
5994
5194
4302
3463
2712
1966
1135
213
-720
-1533
-2120
-2485
-2733
-2942
-3091
-3119
-3023
-2840
-2618
-2370
-2089
-1752
-1370
-999
-653
-282
186
725
1220
1639
2079
2645
3292
3903
4425
4895
5344
5746
6028
6134
6087
5995
5925
5802
5470
4831
3903
2739
1436
100
-1180
-2409
-3602
-4785
-6010
-7272
-8444
-9331
-9871
-10114
-10114
-9878
-9438
-8806
-7950
-6833
-5491
-3985
-2368
-717
855
2288
3601
4791
5804
6579
7130
7466
7579
7437
7031
6372
5551
4682
3851
3049
2207
1281
272
-743
-1666
-2389
-2875
-3171
-3392
-3599
-3763
-3809
-3689
-3429
-3091
-2722
-2354
-2012
-1688
-1343
-915
-393
169
680
1102
1503
2003
2619
3245
3758
4167
4567
5029
5517
5907
6079
6027
5857
5682
5511
5247
4782
4061
3067
1830
479
-828
-1999
-3060
-4125
-5323
-6664
-7970
-8964
-9496
-9606
-9431
-9085
-8629
-8039
-7245
-6199
-4938
-3525
-1998
-370
1282
2843
4231
5401
6339
7039
7551
7891
8026
7882
7429
6698
5786
4815
3869
2965
2053
1095
108
-827
-1641
-2295
-2804
-3210
-3554
-3802
-3905
-3869
-3744
-3541
-3245
-2878
-2493
-2116
-1731
-1323
-877
-397
100
585
1045
1522
2052
2640
3240
3781
4232
4641
5064
5460
5719
5809
5797
5745
5617
5337
4869
4231
3445
2503
1383
101
-1263
-2605
-3834
-4939
-5998
-7111
-8249
-9234
-9859
-10052
-9866
-9420
-8803
-8046
-7135
-6069
-4855
-3442
-1825
-88
1591
3100
4396
5489
6396
7151
7717
8016
8009
7766
7348
6760
6003
5125
4145
3056
1913
802
-248
-1265
-2228
-3055
-3676
-4091
-4321
-4403
-4379
-4279
-4089
-3820
-3547
-3296
-2979
-2510
-1945
-1419
-990
-636
-311
63
543
1128
1756
2370
2942
3455
3923
4376
4829
5248
5600
5845
5945
5902
5754
5530
5195
4726
4137
3432
2529
1346
-71
-1527
-2839
-3934
-4883
-5834
-6890
-8010
-8976
-9560
-9655
-9309
-8661
-7852
-6976
-6023
-4942
-3682
-2227
-575
1196
2943
4503
5789
6775
7477
7931
8169
8206
8053
7752
7283
6539
5442
4115
2822
1744
848
-17
-971
-2029
-3072
-3921
-4467
-4743
-4835
-4811
-4685
-4460
-4163
-3850
-3586
-3316
-2881
-2191
-1339
-562
-19
283
505
815
1292
1882
2509
3130
3699
4129
4361
4460
4579
4820
5134
5380
5425
5245
4910
4530
4156
3765
3285
2641
1768
637
-697
-2100
-3397
-4483
-5360
-6178
-7068
-8008
-8800
-9246
-9268
-8916
-8272
-7424
-6441
-5370
-4234
-3009
-1645
-102
1574
3255
4791
6073
7040
7659
7947
7989
7898
7734
7458
6943
6084
4908
3594
2331
1199
167
-835
-1859
-2891
-3821
-4528
-5003
-5349
-5608
-5714
-5586
-5279
-4922
-4590
-4259
-3835
-3242
-2467
-1607
-800
-153
320
675
1020
1460
2058
2769
3479
4073
4500
4786
4990
5158
5299
5391
5408
5331
5149
4862
4490
4053
3556
2991
2324
1496
462
-745
-2023
-3277
-4433
-5461
-6367
-7176
-7873
-8415
-8745
-8791
-8499
-7884
-7019
-5973
-4803
-3554
-2225
-785
757
2322
3835
5245
6433
7255
7685
7839
7817
7668
7399
7009
6411
5542
4441
3228
1975
725
-458
-1505
-2384
-3124
-3751
-4329
-4891
-5399
-5736
-5808
-5627
-5298
-4926
-4568
-4174
-3648
-2942
-2105
-1250
-460
258
943
1593
2162
2634
3071
3553
4095
4649
5119
5430
5560
5579
5554
5518
5471
5398
5261
5003
4594
4053
3417
2707
1882
873
-347
-1709
-3063
-4268
-5282
-6172
-7001
-7745
-8287
-8538
-8484
-8174
-7652
-6960
-6111
-5118
-3983
-2720
-1331
140
1617
3037
4371
5567
6516
7150
7486
7619
7612
7496
7217
6687
5842
4716
3424
2073
757
-469
-1573
-2580
-3530
-4436
-5257
-5939
-6422
-6683
-6735
-6626
-6394
-6058
-5633
-5109
-4472
-3710
-2882
-2051
-1255
-498
223
925
1631
2328
2984
3590
4155
4680
5152
5530
5763
5821
5731
5570
5408
5269
5135
4944
4642
4216
3704
3125
2444
1590
534
-663
-1891
-3051
-4076
-4958
-5750
-6497
-7175
-7673
-7910
-7864
-7571
-7092
-6475
-5712
-4777
-3662
-2388
-972
536
2042
3442
4664
5675
6468
7041
7383
7494
7395
7131
6716
6140
5378
4414
3282
2066
858
-279
-1338
-2323
-3233
-4059
-4793
-5423
-5913
-6224
-6369
-6388
-6310
-6103
-5721
-5117
-4281
-3296
-2332
-1515
-829
-160
578
1392
2234
3040
3755
4352
4824
5167
5406
5583
5745
5878
5931
5861
5686
5449
5176
4851
4457
3988
3475
2911
2228
1313
161
-1093
-2284
-3346
-4280
-5089
-5767
-6337
-6813
-7200
-7500
-7651
-7536
-7066
-6285
-5345
-4371
-3401
-2387
-1254
16
1360
2672
3884
4949
5822
6440
6783
6855
6707
6406
5997
5465
4737
3779
2651
1480
359
-703
-1759
-2840
-3909
-4872
-5650
-6224
-6627
-6882
-6989
-6926
-6697
-6319
-5814
-5168
-4385
-3499
-2568
-1619
-677
238
1120
1988
2838
3641
4389
5076
5662
6087
6341
6457
6452
6352
6197
6030
5836
5571
5206
4734
4189
3619
3053
2460
1792
1001
47
-1075
-2271
-3367
-4217
-4789
-5177
-5511
-5866
-6227
-6503
-6586
-6395
-5933
-5266
-4492
-3684
-2876
-2043
-1127
-84
1079
2297
3460
4447
5166
5584
5737
5678
5473
5184
4871
4547
4135
3507
2590
1407
80
-1232
-2377
-3276
-3966
-4551
-5140
-5762
-6349
-6795
-7014
-6982
-6703
-6198
-5534
-4812
-4120
-3463
-2770
-1951
-986
54
1067
2001
2847
3614
4302
4925
5491
5975
6341
6563
6651
6606
6434
6148
5778
5360
4921
4479
4030
3542
2979
2310
1542
723
-98
-919
-1768
-2623
-3368
-3886
-4159
-4308
-4489
-4758
-5039
-5193
-5122
-4814
-4321
-3728
-3087
-2408
-1688
-955
-231
507
1273
2053
2797
3467
4030
4442
4641
4602
4377
4063
3725
3332
2826
2134
1243
212
-839
-1811
-2692
-3493
-4223
-4895
-5504
-5992
-6315
-6498
-6563
-6466
-6158
-5668
-5080
-4460
-3836
-3193
-2484
-1650
-694
316
1296
2190
2982
3672
4300
4889
5403
5768
5936
5940
5852
5723
5561
5329
5001
4580
4119
3648
3146
2561
1901
1230
599
40
-455
-912
-1358
-1769
-2081
-2295
-2467
-2633
-2773
-2811
-2711
-2511
-2319
-2180
-2016
-1720
-1289
-786
-280
198
616
968
1307
1650
2003
2345
2665
2921
3059
3047
2890
2601
2195
1681
1067
361
-421
-1229
-2011
-2734
-3398
-4025
-4608
-5095
-5452
-5702
-5903
-6049
-6086
-5947
-5613
-5128
-4539
-3892
-3197
-2455
-1663
-819
55
921
1736
2468
3095
3593
3972
4270
4501
4670
4733
4673
4496
4266
4030
3782
3517
3252
2992
2698
2326
1868
1359
856
442
152
-49
-196
-276
-300
-314
-385
-479
-561
-607
-605
-554
-442
-301
-128
79
276
422
509
598
725
877
1028
1142
1217
1220
1170
1073
946
802
672
561
418
171
-194
-632
-1101
-1593
-2128
-2700
-3265
-3751
-4113
-4369
-4576
-4795
-5037
-5248
-5339
-5244
-4964
-4557
-4077
-3567
-3044
-2513
-1976
-1437
-888
-293
360
1031
1654
2207
2664
3019
3235
3321
3348
3405
3548
3695
3753
3652
3451
3240
3047
2863
2608
2273
1898
1581
1402
1299
1237
1118
945
724
549
491
528
605
662
716
733
735
745
807
923
1041
1129
1198
1261
1364
1477
1584
1621
1578
1477
1351
1215
1050
833
563
242
-123
-539
-999
-1457
-1887
-2286
-2730
-3203
-3644
-3982
-4238
-4467
-4674
-4848
-4966
-5022
-5003
-4898
-4702
-4405
-4015
-3552
-3045
-2507
-1949
-1414
-918
-442
28
499
944
1353
1675
1895
2019
2077
2100
2117
2160
2238
2284
2259
2149
2038
1981
1943
1886
1787
1704
1644
1585
1542
1493
1460
1401
1347
1334
1362
1402
1379
1318
1243
1210
1242
1322
1427
1527
1623
1690
1678
1578
1408
1281
1234
1299
1380
1384
1282
1096
891
688
493
304
99
-132
-374
-680
-1054
-1525
-2028
-2514
-2949
-3256
-3417
-3498
-3615
-3824
-4050
-4176
-4152
-3958
-3654
-3278
-2856
-2415
-1997
-1655
-1392
-1135
-861
-549
-264
-52
92
194
300
384
456
519
581
611
640
710
854
1018
1143
1209
1233
1236
1246
1278
1342
1431
1497
1552
1576
1601
1604
1597
1570
1521
1462
1423
1422
1436
1416
1364
1275
1184
1076
972
923
956
1090
1187
1200
1107
1001
944
921
901
810
649
466
307
150
-54
-316
-617
-910
-1158
-1334
-1492
-1683
-1902
-2083
-2179
-2221
-2252
-2291
-2321
-2293
-2205
-2070
-1918
-1761
-1579
-1359
-1109
-835
-554
-252
37
219
270
222
187
212
257
299
276
201
90
-30
-123
-204
-233
-177
-59
45
47
-31
-75
-20
132
334
518
666
721
745
805
884
938
891
821
783
830
947
1050
1072
979
864
746
669
577
506
469
447
430
363
296
246
228
247
267
292
271
195
66
-90
-246
-391
-539
-720
-904
-1084
-1209
-1295
-1335
-1352
-1412
-1467
-1537
-1538
-1479
-1323
-1075
-796
-501
-253
-5
187
363
534
738
963
1180
1352
1491
1573
1612
1551
1371
1121
904
783
721
618
494
334
188
60
-31
-52
-83
-89
-76
-13
84
214
385
565
669
696
673
641
651
693
794
871
893
830
670
420
123
-117
-205
-202
-191
-239
-331
-441
-575
-702
-822
-898
-938
-931
-945
-999
-1110
-1234
-1359
-1463
-1517
-1511
-1491
-1539
-1627
-1737
-1778
-1758
-1679
-1552
-1455
-1354
-1281
-1193
-1044
-848
-522
-152
232
584
844
1105
1311
1520
1685
1784
1863
1915
1988
2025
1970
1819
1595
1379
1188
1055
945
882
801
700
569
433
352
285
279
289
311
326
286
235
162
113
83
57
69
140
264
370
372
285
150
-34
-229
-469
-674
-850
-981
-1076
-1208
-1317
-1397
-1414
-1427
-1477
-1527
-1537
-1538
-1479
-1444
-1365
-1365
-1375
-1421
-1455
-1475
-1464
-1431
-1389
-1372
-1357
-1343
-1299
-1225
-1145
-1039
-924
-722
-502
-219
51
388
777
1193
1623
1980
2289
2527
2739
2996
3256
3495
3587
3569
3499
3433
3372
3232
3020
2725
2451
2216
2048
1906
1743
1555
1343
1184
1086
999
881
701
528
418
356
348
269
151
-1
-106
-106
-73
-41
-106
-248
-444
-685
-920
-1176
-1409
-1646
-1900
-2169
-2437
-2628
-2768
-2878
-2974
-3029
-3018
-2989
-2956
-2970
-3018
-3127
-3203
-3229
-3214
-3190
-3177
-3081
-2998
-2892
-2797
-2617
-2361
-2115
-1912
-1793
-1670
-1505
-1214
-829
-361
110
553
916
1216
1533
1893
2260
2594
2865
3102
3270
3406
3570
3706
3786
3720
3631
3541
3484
3406
3275
3047
2733
2389
2122
1981
1922
1875
1759
1628
1546
1526
1509
1419
1284
1137
966
827
662
525
346
198
76
-80
-276
-542
-775
-1025
-1278
-1506
-1683
-1820
-1993
-2200
-2400
-2570
-2695
-2795
-2846
-2852
-2859
-2883
-2956
-2998
-3001
-2934
-2855
-2760
-2679
-2568
-2475
-2394
-2307
-2165
-1947
-1735
-1523
-1340
-1128
-901
-604
-261
96
399
674
972
1270
1589
1875
2215
2536
2818
3015
3126
3224
3300
3384
3442
3440
3414
3344
3285
3197
3083
2957
2788
2634
2451
2299
2135
1961
1777
1589
1430
1256
1046
845
687
599
487
343
157
-45
-265
-449
-558
-637
-753
-943
-1118
-1283
-1462
-1686
-1898
-2047
-2155
-2257
-2376
-2513
-2628
-2690
-2697
-2704
-2762
-2860
-2997
-3165
-3331
-3423
-3432
-3396
-3364
-3312
-3197
-3042
-2852
-2698
-2559
-2411
-2186
-1843
-1449
-1050
-688
-341
12
376
754
1135
1481
1775
2018
2246
2494
2751
3005
3162
3194
3095
2978
2930
2971
3050
3062
3027
2951
2856
2758
2666
2636
2602
2519
2371
2171
2001
1887
1814
1752
1610
1495
1350
1260
1118
939
724
468
245
12
-162
-295
-419
-541
-747
-963
-1172
-1312
-1373
-1473
-1593
-1814
-2019
-2210
-2335
-2392
-2406
-2398
-2419
-2464
-2551
-2624
-2666
-2659
-2650
-2624
-2528
-2377
-2218
-2125
-2085
-2093
-2081
-1980
-1749
-1446
-1168
-956
-791
-625
-436
-203
60
349
670
1002
1276
1474
1626
1808
1975
2126
2250
2353
2401
2362
2282
2224
2195
2273
2380
2539
2600
2603
2541
2468
2367
2236
2151
2128
2164
2140
1961
1531
946
507
493
838
1149
1039
515
-111
-407
-253
54
11
-539
-1236
-1537
-1389
-1141
-1287
-1859
-2534
-2814
-2565
-2073
-1853
-2062
-2473
-2705
-2625
-2377
-2113
-2019
-2107
-2353
-2529
-2541
-2365
-2143
-1949
-1868
-1837
-1798
-1585
-1244
-826
-550
-514
-672
-779
-470
218
970
1273
1013
566
389
725
1247
1633
1776
1814
1913
1962
1931
1797
1725
1804
2020
2206
2249
2148
2035
1956
1883
1801
1720
1726
1817
1909
1870
1627
1312
1045
978
1059
1188
1161
954
627
322
46
-176
-394
-594
-802
-951
-999
-991
-952
-1012
-1128
-1340
-1474
-1532
-1503
-1478
-1505
-1595
-1788
-1963
-2069
-2026
-1947
-1896
-1924
-1945
-1877
-1697
-1500
-1346
-1262
-1167
-1040
-832
-615
-409
-297
-214
-159
-8
208
485
716
891
1012
1103
1151
1151
1154
1200
1326
1434
1486
1418
1355
1324
1365
1388
1386
1334
1306
1306
1318
1281
1167
1097
1083
1176
1231
1231
1135
963
844
809
887
915
841
692
502
309
118
-70
-202
-328
-389
-546
-800
-1121
-1429
-1653
-1881
-1964
-1961
-1865
-1858
-2019
-2234
-2429
-2393
-2178
-1814
-1488
-1370
-1428
-1560
-1561
-1454
-1272
-1138
-1037
-980
-874
-743
-576
-399
-185
23
218
405
564
695
709
786
891
1130
1319
1432
1438
1436
1467
1578
1714
1854
1887
1807
1693
1620
1621
1636
1622
1545
1445
1303
1181
1023
901
820
800
822
804
703
600
472
489
524
616
631
586
467
262
23
-118
-211
-253
-380
-513
-768
-1088
-1383
-1531
-1617
-1751
-1988
-2257
-2460
-2506
-2431
-2324
-2348
-2386
-2437
-2390
-2358
-2336
-2247
-2076
-1776
-1508
-1368
-1410
-1549
-1550
-1321
-885
-397
-37
186
243
362
564
852
1090
1299
1541
1715
1767
1728
1785
1949
2133
2307
2448
2509
2410
2230
2044
1879
1741
1677
1737
1748
1737
1574
1401
1156
996
1009
1073
1150
1070
959
822
702
644
592
572
549
513
501
376
235
36
-87
-161
-228
-303
-540
-831
-1157
-1338
-1402
-1471
-1537
-1674
-1818
-2025
-2278
-2397
-2446
-2347
-2281
-2245
-2278
-2408
-2498
-2593
-2549
-2443
-2259
-2086
-2009
-1945
-1954
-1818
-1595
-1185
-797
-493
-286
-147
66
333
714
1089
1450
1704
1916
2073
2223
2266
2187
2103
2113
2316
2484
2575
2490
2352
2242
2205
2278
2289
2197
1960
1700
1546
1427
1404
1300
1210
1029
821
636
491
520
557
705
702
659
470
327
280
318
469
488
374
27
-429
-774
-1081
-1102
-1151
-1154
-1373
-1765
-2136
-2502
-2576
-2622
-2516
-2502
-2499
-2533
-2607
-2743
-2973
-3153
-3144
-2842
-2377
-1957
-1872
-2028
-2341
-2377
-2214
-1769
-1335
-1006
-816
-787
-570
-283
172
543
842
1090
1198
1377
1632
2039
2385
2497
2535
2487
2597
2682
2885
2980
2953
2785
2580
2497
2416
2385
2269
2068
1798
1526
1478
1486
1481
1243
926
703
620
717
744
761
641
555
500
474
452
359
314
290
285
105
-249
-581
-736
-667
-647
-746
-1105
-1581
-2012
-2286
-2268
-2197
-2048
-2090
-2292
-2639
-2967
-3001
-2780
-2444
-2277
-2434
-2637
-2783
-2626
-2353
-2123
-1924
-1823
-1555
-1356
-1260
-1281
-1308
-1021
-595
-69
326
501
642
693
912
1202
1616
2082
2381
2555
2469
2349
2249
2293
2555
2827
3084
3105
2975
2677
2281
2035
1996
2231
2433
2371
1952
1246
724
530
792
1079
1135
863
395
102
-2
155
289
300
202
20
-120
-326
-545
-664
-664
-525
-473
-555
-798
-1125
-1384
-1500
-1522
-1511
-1568
-1650
-1797
-2013
-2172
-2273
-2214
-2088
-1921
-1870
-2070
-2337
-2509
-2370
-2046
-1720
-1553
-1675
-1838
-1908
-1678
-1281
-841
-491
-361
-389
-448
-294
98
590
1021
1286
1420
1468
1542
1709
1991
2351
2654
2739
2574
2292
2171
2265
2482
2622
2580
2376
2006
1695
1500
1569
1646
1601
1295
899
608
567
705
819
728
422
14
-255
-245
21
271
274
-33
-430
-709
-703
-530
-419
-596
-1052
-1446
-1592
-1471
-1500
-1793
-2256
-2513
-2409
-2158
-2024
-2138
-2298
-2312
-2202
-2039
-1957
-1867
-1773
-1715
-1720
-1840
-1894
-1885
-1703
-1507
-1371
-1307
-1172
-859
-517
-277
-202
-78
196
644
1096
1319
1322
1256
1392
1736
2105
2345
2351
2257
2205
2288
2492
2696
2813
2768
2468
2041
1670
1657
1998
2423
2529
2140
1482
980
921
1223
1595
1710
1487
1043
655
487
546
668
750
702
483
93
-361
-611
-578
-361
-332
-672
-1252
-1675
-1691
-1434
-1224
-1310
-1605
-1927
-2117
-2165
-2120
-1981
-1825
-1745
-1851
-2110
-2278
-2186
-1835
-1525
-1445
-1610
-1774
-1764
-1564
-1345
-1234
-1174
-1045
-798
-538
-341
-231
-158
-84
-8
88
230
446
689
813
824
791
957
1348
1842
2122
1989
1559
1162
1139
1506
2018
2300
2190
1786
1373
1178
1228
1389
1476
1409
1214
948
715
593
664
842
960
812
377
-146
-483
-455
-184
94
91
-200
-589
-817
-790
-629
-486
-496
-695
-1020
-1300
-1401
-1310
-1154
-1030
-1056
-1260
-1550
-1689
-1545
-1226
-1001
-1028
-1266
-1472
-1465
-1231
-964
-840
-914
-1126
-1279
-1207
-885
-552
-427
-513
-637
-596
-316
130
518
652
575
474
551
792
1077
1191
1029
672
355
343
612
952
1028
780
328
-6
-16
362
880
1237
1266
1089
973
1043
1259
1433
1468
1388
1318
1349
1446
1507
1442
1256
1030
846
746
724
736
718
591
360
135
4
-2
10
2
-75
-155
-182
-125
-10
101
207
299
396
475
569
660
717
674
499
280
121
118
189
208
96
-183
-605
-1098
-1482
-1612
-1540
-1523
-1832
-2511
-3258
-3680
-3621
-3304
-3164
-3343
-3714
-3869
-3627
-3053
-2455
-2043
-1780
-1497
-1002
-307
439
1023
1320
1396
1364
1414
1659
2086
2468
2470
2036
1420
1074
1174
1515
1669
1373
771
234
62
222
435
403
75
-347
-594
-538
-276
1
135
100
2
-29
110
401
745
1023
1200
1309
1452
1657
1896
2069
2130
2133
2153
2240
2317
2324
2203
2000
1800
1672
1616
1540
1361
1023
500
-184
-868
-1321
-1465
-1498
-1780
-2471
-3421
-4201
-4477
-4241
-3872
-3799
-4137
-4555
-4585
-4013
-3074
-2244
-1788
-1584
-1259
-556
435
1401
2003
2198
2213
2347
2744
3258
3616
3578
3162
2612
2206
2052
1978
1713
1103
305
-370
-692
-729
-754
-1017
-1566
-2153
-2445
-2287
-1890
-1605
-1603
-1716
-1653
-1260
-678
-170
95
225
431
844
1371
1833
2094
2196
2284
2471
2751
2977
3075
3022
2929
2838
2731
2541
2217
1841
1517
1337
1212
968
506
-133
-790
-1345
-1701
-1916
-2137
-2585
-3287
-4009
-4389
-4278
-3983
-3921
-4238
-4555
-4453
-3840
-3045
-2428
-2078
-1780
-1248
-404
532
1268
1712
1987
2243
2531
2808
3047
3197
3188
2925
2410
1869
1525
1428
1282
826
69
-681
-1092
-1179
-1222
-1547
-2113
-2550
-2552
-2172
-1821
-1744
-1872
-1852
-1503
-933
-399
-53
176
436
813
1294
1789
2226
2535
2708
2771
2808
2915
3052
3096
2923
2611
2348
2262
2291
2225
1908
1391
923
706
699
653
336
-261
-963
-1483
-1674
-1615
-1603
-1876
-2469
-3149
-3613
-3660
-3431
-3278
-3426
-3738
-3807
-3414
-2667
-1938
-1484
-1261
-922
-212
799
1709
2217
2352
2388
2589
2971
3373
3571
3469
3139
2700
2277
1894
1524
1064
484
-132
-619
-922
-1156
-1474
-1923
-2374
-2647
-2685
-2586
-2524
-2559
-2567
-2381
-1971
-1493
-1120
-855
-603
-254
154
560
893
1175
1462
1775
2102
2368
2548
2625
2611
2556
2534
2557
2532
2368
2099
1827
1598
1316
933
471
94
-105
-185
-321
-707
-1284
-1830
-2075
-2011
-1866
-1903
-2189
-2543
-2714
-2608
-2326
-2120
-2070
-2069
-1874
-1405
-787
-205
199
474
704
997
1378
1803
2205
2466
2539
2464
2370
2365
2381
2260
1887
1363
885
562
293
-55
-498
-909
-1213
-1473
-1807
-2216
-2555
-2682
-2619
-2520
-2488
-2495
-2411
-2208
-1924
-1642
-1378
-1096
-780
-421
-55
327
745
1166
1456
1532
1523
1661
1986
2302
2362
2131
1775
1492
1357
1262
1085
766
379
-4
-309
-518
-672
-855
-1117
-1401
-1627
-1706
-1632
-1446
-1268
-1181
-1152
-1089
-882
-544
-112
254
434
444
495
790
1274
1695
1850
1762
1631
1655
1853
2093
2183
2119
2004
1963
1959
1912
1783
1585
1352
1089
823
548
248
-91
-464
-813
-1068
-1205
-1302
-1492
-1765
-2009
-2075
-2033
-2039
-2195
-2399
-2464
-2309
-1998
-1709
-1537
-1468
-1381
-1176
-874
-555
-294
-84
128
338
553
735
913
1027
1020
885
707
617
636
680
600
363
58
-190
-375
-556
-748
-900
-969
-963
-933
-952
-1037
-1115
-1049
-789
-412
-65
169
329
534
899
1425
1970
2365
2543
2625
2755
3010
3311
3518
3550
3421
3249
3116
3049
2958
2733
2329
1824
1367
1013
681
276
-176
-569
-883
-1170
-1495
-1868
-2297
-2711
-3014
-3141
-3164
-3196
-3303
-3470
-3621
-3655
-3501
-3204
-2901
-2709
-2607
-2468
-2204
-1885
-1684
-1640
-1624
-1480
-1219
-987
-853
-780
-644
-453
-287
-216
-219
-189
-120
-61
-100
-197
-225
-102
129
303
361
378
478
660
832
949
1047
1185
1363
1565
1754
1921
2060
2178
2322
2527
2809
3068
3186
3131
3012
2982
3097
3240
3236
3032
2747
2559
2515
2503
2363
2045
1651
1354
1193
1063
787
363
-76
-363
-492
-583
-779
-1114
-1503
-1827
-2013
-2119
-2240
-2439
-2670
-2815
-2818
-2725
-2634
-2626
-2678
-2742
-2736
-2610
-2376
-2087
-1876
-1798
-1816
-1792
-1618
-1363
-1167
-1137
-1183
-1168
-1007
-742
-479
-275
-164
-118
-100
-56
27
105
126
101
126
264
492
700
816
820
795
814
925
1071
1143
1124
1099
1196
1395
1612
1778
1902
2015
2099
2114
2057
1995
1999
2029
2022
1941
1847
1763
1666
1515
1305
1099
949
877
811
694
496
246
-28
-323
-629
-921
-1150
-1297
-1401
-1538
-1728
-1912
-1990
-1946
-1846
-1799
-1869
-1999
-2081
-2033
-1901
-1789
-1749
-1763
-1752
-1693
-1598
-1502
-1406
-1290
-1163
-1026
-882
-748
-642
-583
-530
-463
-365
-253
-157
-98
-67
1
107
224
297
336
381
476
614
778
959
1153
1332
1452
1522
1595
1692
1795
1852
1844
1787
1734
1725
1732
1716
1667
1614
1582
1574
1563
1511
1405
1287
1189
1106
996
842
652
472
363
330
303
212
73
-62
-142
-174
-183
-236
-360
-555
-767
-921
-980
-968
-970
-1049
-1204
-1401
-1596
-1730
-1785
-1790
-1823
-1892
-1951
-1933
-1839
-1722
-1636
-1591
-1528
-1407
-1221
-1010
-817
-664
-547
-401
-198
38
248
403
496
553
636
786
926
925
771
604
562
615
623
495
290
133
100
165
229
226
157
107
137
258
428
593
724
817
883
941
1017
1140
1307
1446
1473
1371
1235
1163
1177
1189
1109
913
672
465
302
138
-66
-274
-445
-572
-702
-880
-1071
-1198
-1173
-1035
-900
-867
-899
-891
-798
-681
-609
-587
-563
-521
-481
-456
-428
-363
-286
-232
-234
-259
-267
-213
-117
-61
-102
-194
-206
-103
28
71
20
-37
-33
24
59
21
-56
-76
8
131
190
160
108
97
121
124
77
12
0
47
100
103
71
53
67
109
156
210
247
261
257
233
210
200
225
238
186
67
-64
-157
-194
-174
-126
-94
-111
-159
-202
-206
-180
-146
-131
-118
-69
46
207
350
415
390
330
297
342
451
577
646
609
493
360
293
280
265
194
72
-53
-165
-249
-317
-361
-362
-313
-217
-106
-13
24
16
7
51
136
221
256
244
232
238
260
265
259
252
251
232
185
91
-32
-163
-241
-259
-248
-255
-278
-298
-320
-347
-360
-345
-316
-296
-297
-299
-287
-241
-188
-154
-169
-220
-297
-364
-364
-288
-178
-122
-152
-245
-344
-411
-446
-494
-572
-648
-665
-612
-517
-430
-372
-332
-267
-149
-3
127
207
268
353
462
559
598
600
606
655
746
842
913
926
873
767
648
570
521
452
340
218
135
86
64
60
86
118
136
130
107
95
91
87
71
60
62
74
88
98
93
84
83
100
104
70
10
-37
-53
-89
-179
-341
-517
-680
-802
-888
-956
-1029
-1130
-1223
-1284
-1310
-1332
-1346
-1309
-1218
-1116
-1036
-962
-868
-744
-595
-430
-285
-176
-74
58
227
387
511
614
726
847
932
961
933
880
846
854
887
898
893
896
906
882
786
663
573
557
605
689
766
800
802
809
848
877
867
824
790
779
760
731
696
678
651
598
514
420
344
276
218
147
62
-55
-194
-329
-436
-492
-502
-472
-462
-514
-616
-700
-724
-723
-766
-888
-1042
-1161
-1201
-1190
-1194
-1229
-1279
-1304
-1325
-1363
-1416
-1460
-1463
-1424
-1349
-1247
-1121
-966
-809
-665
-536
-405
-251
-71
139
347
507
589
626
672
759
873
977
1044
1075
1090
1107
1124
1107
1050
976
916
878
867
906
986
1061
1061
995
923
915
963
1005
986
897
765
610
454
308
177
57
-52
-130
-187
-243
-313
-368
-376
-326
-238
-135
-42
12
22
3
-10
-11
-12
-36
-88
-160
-244
-365
-519
-676
-812
-941
-1090
-1254
-1408
-1530
-1601
-1617
-1604
-1599
-1604
-1574
-1488
-1369
-1272
-1189
-1089
-954
-814
-695
-589
-475
-320
-129
81
257
398
516
627
728
801
823
784
715
658
629
608
576
540
532
569
646
739
821
868
861
810
762
763
812
865
874
855
865
944
1065
1178
1231
1210
1140
1073
1056
1085
1120
1134
1114
1057
964
855
743
619
464
281
98
-60
-180
-289
-412
-550
-654
-713
-769
-869
-1004
-1117
-1185
-1218
-1253
-1310
-1393
-1471
-1517
-1526
-1521
-1529
-1552
-1584
-1621
-1658
-1670
-1630
-1537
-1404
-1254
-1093
-922
-732
-549
-402
-287
-175
-42
113
280
442
570
656
709
758
816
873
935
1011
1108
1187
1208
1157
1066
976
903
851
807
752
666
570
508
517
572
616
630
640
683
743
807
865
925
967
965
931
871
801
711
589
458
325
222
133
59
-24
-123
-234
-352
-469
-592
-714
-821
-882
-885
-857
-848
-905
-1026
-1145
-1174
-1084
-937
-817
-759
-749
-777
-841
-892
-879
-808
-758
-789
-871
-934
-927
-872
-788
-704
-626
-543
-444
-309
-161
-14
120
259
408
559
705
855
1009
1135
1227
1305
1398
1483
1512
1461
1344
1209
1074
953
844
741
644
555
485
423
335
183
-1
-138
-172
-108
-13
56
61
30
2
-17
-46
-84
-96
-77
-66
-106
-181
-251
-284
-283
-267
-252
-267
-332
-444
-568
-650
-657
-591
-512
-484
-528
-605
-678
-745
-786
-777
-713
-644
-618
-637
-664
-670
-661
-635
-609
-587
-556
-494
-400
-295
-181
-53
85
207
312
403
480
546
612
690
763
805
810
791
780
802
862
927
958
926
835
722
635
596
583
560
516
458
402
340
271
180
91
31
1
-42
-129
-236
-308
-318
-301
-322
-404
-501
-555
-549
-521
-501
-496
-475
-410
-313
-207
-128
-72
-32
6
44
69
86
111
160
211
237
218
167
92
2
-108
-224
-327
-385
-390
-359
-331
-337
-355
-350
-306
-262
-273
-338
-399
-383
-286
-151
-16
124
295
476
638
750
813
845
869
899
924
915
868
811
763
710
626
520
428
366
322
273
203
115
28
-33
-95
-187
-319
-455
-558
-616
-652
-714
-795
-865
-902
-936
-997
-1064
-1105
-1102
-1071
-1040
-1028
-1027
-1007
-955
-878
-786
-687
-596
-541
-499
-430
-331
-241
-176
-104
-17
76
160
255
364
485
603
679
698
657
605
573
574
578
556
516
487
487
503
517
519
531
575
652
721
745
719
670
628
626
675
747
795
801
786
763
737
700
666
631
579
504
422
350
283
212
148
106
74
33
-29
-93
-131
-134
-121
-129
-184
-281
-384
-449
-470
-481
-520
-591
-667
-739
-815
-906
-986
-1047
-1099
-1160
-1225
-1253
-1216
-1115
-1003
-933
-901
-832
-672
-449
-243
-98
3
104
227
365
482
562
627
694
754
777
786
808
855
885
859
790
712
649
578
478
339
185
49
-41
-69
-50
-21
-28
-74
-126
-144
-130
-128
-171
-244
-314
-341
-327
-301
-295
-309
-314
-292
-250
-207
-193
-238
-330
-422
-472
-485
-479
-469
-465
-478
-508
-550
-600
-661
-701
-700
-665
-633
-627
-634
-631
-596
-533
-447
-361
-294
-263
-257
-250
-214
-143
-21
148
322
455
541
620
704
770
813
861
929
996
1048
1095
1132
1164
1206
1279
1349
1369
1318
1236
1173
1152
1163
1171
1162
1137
1092
1016
920
832
762
697
619
507
363
218
121
65
5
-82
-176
-254
-312
-339
-335
-309
-290
-282
-287
-295
-319
-366
-438
-522
-601
-668
-713
-741
-770
-820
-875
-901
-897
-900
-945
-1020
-1116
-1216
-1293
-1310
-1270
-1223
-1199
-1191
-1165
-1132
-1089
-1037
-951
-818
-670
-539
-442
-357
-261
-144
-2
156
294
359
356
339
364
425
509
622
767
898
954
923
859
818
798
768
724
690
684
680
633
546
474
471
521
577
595
545
451
350
305
311
351
375
347
271
189
138
79
-20
-132
-196
-220
-249
-303
-356
-396
-435
-482
-536
-599
-671
-722
-732
-711
-698
-695
-665
-586
-486
-412
-383
-373
-362
-363
-377
-382
-364
-341
-342
-367
-387
-386
-361
-313
-242
-148
-33
101
242
348
390
393
419
488
575
651
700
711
681
641
616
610
610
627
657
654
601
544
529
539
539
512
475
423
369
326
292
259
226
225
264
328
382
408
416
407
396
400
429
450
426
355
249
132
28
-36
-70
-97
-120
-141
-184
-272
-398
-528
-642
-723
-775
-812
-854
-893
-908
-903
-902
-895
-872
-849
-865
-916
-950
-942
-900
-875
-881
-900
-882
-798
-666
-520
-370
-228
-110
-25
49
109
137
134
126
138
167
198
220
239
261
299
370
484
598
665
669
653
656
687
733
758
742
696
662
664
701
734
736
698
658
657
701
749
775
782
778
740
651
517
378
263
197
170
153
114
50
-2
-23
-26
-59
-135
-236
-333
-411
-479
-557
-654
-767
-869
-948
-1018
-1094
-1175
-1236
-1285
-1331
-1348
-1288
-1145
-983
-874
-842
-841
-829
-774
-680
-555
-419
-292
-186
-107
-47
4
48
97
170
261
360
439
488
511
530
568
624
682
715
716
692
656
636
646
668
683
678
672
677
673
630
547
467
427
437
468
491
502
515
527
532
535
548
553
526
479
439
429
438
444
415
358
296
251
205
125
1
-158
-320
-465
-577
-644
-678
-690
-699
-707
-727
-754
-768
-760
-748
-750
-753
-735
-702
-678
-665
-643
-613
-600
-599
-565
-461
-309
-170
-75
-20
27
90
160
213
240
268
325
397
463
482
465
449
478
543
593
611
611
607
593
559
500
416
320
252
219
212
188
123
13
-137
-299
-418
-450
-402
-330
-269
-236
-228
-230
-218
-196
-194
-225
-252
-235
-182
-128
-98
-96
-100
-95
-86
-96
-152
-218
-245
-197
-130
-115
-169
-248
-296
-327
-372
-440
-507
-560
-597
-606
-570
-516
-474
-468
-486
-500
-485
-422
-321
-206
-116
-78
-71
-28
88
226
314
344
373
443
537
623
661
644
598
577
600
630
640
625
592
540
491
498
549
598
610
608
615
608
568
510
477
472
476
479
469
443
392
325
253
186
135
103
62
-10
-113
-203
-252
-264
-252
-257
-301
-388
-461
-468
-409
-346
-335
-378
-462
-560
-647
-693
-706
-715
-737
-738
-682
-589
-517
-482
-459
-416
-372
-339
-325
-316
-310
-319
-335
-358
-376
-388
-393
-388
-361
-284
-156
-16
96
183
283
419
575
707
784
809
813
822
853
893
921
916
888
863
845
818
768
716
686
662
617
535
432
334
255
213
206
218
207
144
42
-56
-112
-150
-198
-266
-329
-380
-423
-467
-519
-565
-603
-627
-650
-668
-685
-707
-749
-793
-791
-731
-630
-533
-449
-373
-310
-268
-236
-183
-109
-32
18
31
-1
-60
-125
-182
-224
-244
-242
-231
-222
-226
-246
-279
-305
-318
-311
-275
-196
-97
-8
51
86
117
153
220
344
536
753
915
977
953
925
952
1039
1132
1159
1093
953
785
625
489
388
323
284
258
240
222
188
123
37
-37
-80
-93
-98
-125
-198
-327
-482
-623
-724
-790
-829
-858
-878
-887
-903
-937
-969
-952
-875
-776
-689
-627
-578
-550
-531
-476
-348
-150
47
188
255
275
272
259
253
269
305
339
370
394
400
375
339
332
363
401
394
332
235
129
48
21
42
67
68
53
61
115
210
322
426
504
550
578
613
663
704
699
660
622
592
567
539
502
445
368
282
212
160
117
54
-56
-209
-361
-462
-521
-579
-657
-731
-777
-800
-809
-792
-745
-697
-676
-688
-697
-688
-676
-674
-680
-667
-621
-560
-518
-500
-481
-439
-367
-300
-244
-202
-152
-87
-21
21
17
5
21
75
141
184
213
230
253
286
360
467
553
580
570
586
648
731
792
820
829
843
855
859
837
793
732
679
657
665
668
623
524
408
298
199
95
-7
-102
-188
-260
-293
-271
-246
-262
-342
-445
-528
-573
-571
-540
-504
-492
-507
-517
-480
-379
-257
-188
-194
-247
-312
-388
-471
-540
-573
-585
-620
-698
-793
-853
-854
-811
-766
-747
-756
-746
-678
-544
-398
-297
-237
-183
-109
-22
86
227
369
467
514
556
620
697
772
842
908
950
972
981
974
929
834
717
623
581
583
598
598
598
616
640
621
535
409
282
180
126
122
152
173
151
86
12
-29
-22
20
75
112
107
56
-3
-48
-92
-159
-252
-333
-383
-407
-430
-465
-498
-509
-506
-525
-580
-645
-685
-692
-693
-702
-736
-809
-894
-948
-941
-885
-794
-689
-579
-472
-356
-242
-159
-118
-101
-73
-35
25
127
271
403
480
506
517
521
524
534
572
631
683
705
684
623
535
454
418
434
483
518
514
460
397
364
378
423
484
566
656
720
728
681
594
496
407
320
195
29
-134
-247
-326
-402
-491
-556
-576
-556
-533
-537
-554
-565
-551
-521
-476
-443
-449
-491
-525
-514
-465
-411
-367
-336
-327
-346
-390
-458
-558
-669
-745
-742
-663
-563
-500
-495
-534
-572
-580
-534
-430
-287
-153
-78
-61
-64
-56
-25
43
166
316
431
485
489
491
500
501
469
418
392
436
541
650
709
703
666
636
620
587
517
436
382
354
334
310
289
261
204
128
78
89
140
198
240
257
246
216
187
173
179
198
216
219
215
215
208
168
96
26
-22
-70
-147
-252
-366
-451
-483
-489
-520
-578
-607
-581
-546
-549
-571
-567
-536
-496
-464
-429
-388
-343
-280
-196
-89
14
102
155
177
181
179
167
128
65
5
-29
-29
-14
7
39
94
160
217
271
328
393
452
499
546
609
687
750
781
791
817
