-240
-228
-167
-93
-60
-56
-39
19
98
159
179
176
204
259
294
281
245
208
160
93
41
19
2
-49
-145
-262
-363
-423
-436
-411
-374
-350
-366
-409
-453
-472
-467
-446
-415
-370
-316
-275
-247
-216
-164
-100
-44
-5
1
-38
-117
-193
-230
-212
-169
-150
-198
-300
-406
-465
-467
-421
-343
-281
-251
-224
-153
-59
-1
7
13
62
145
218
257
258
227
185
130
59
-20
-73
-69
-16
40
39
-47
-172
-254
-242
-161
-82
-46
-41
-31
9
58
89
106
143
210
269
285
272
278
313
360
390
418
468
528
548
489
387
294
257
280
351
435
511
564
576
529
436
362
366
430
502
548
561
521
429
324
249
220
219
224
203
129
18
-78
-121
-119
-114
-136
-181
-220
-230
-215
-183
-155
-148
-166
-187
-184
-163
-152
-160
-164
-143
-113
-105
-119
-133
-140
-147
-149
-131
-102
-88
-116
-167
-211
-222
-216
-211
-210
-193
-162
-141
-143
-176
-222
-263
-284
-281
-265
-224
-175
-131
-104
-83
-51
-5
73
180
282
334
316
255
187
153
161
184
171
93
-35
-156
-229
-252
-257
-277
-311
-340
-346
-308
-224
-135
-73
-33
32
114
151
107
13
-75
-132
-160
-155
-139
-148
-200
-272
-306
-283
-220
-158
-121
-97
-83
-82
-106
-136
-158
-185
-235
-278
-264
-185
-92
-28
9
40
67
89
125
193
274
318
292
206
111
40
23
52
95
99
55
-2
-38
-50
-54
-38
9
80
162
223
245
222
180
153
155
183
227
267
292
298
291
270
228
167
107
72
87
160
256
317
294
213
130
66
-2
-83
-158
-202
-205
-167
-89
6
79
93
61
40
83
174
256
280
234
117
-44
-192
-256
-247
-236
-281
-367
-437
-460
-424
-357
-306
-308
-327
-312
-260
-234
-268
-325
-345
-304
-237
-173
-117
-49
11
34
17
25
101
228
351
437
463
398
267
150
109
106
93
98
166
262
312
305
301
339
394
430
447
472
514
546
543
507
451
368
250
116
-2
-84
-137
-168
-172
-140
-74
-14
-18
-112
-256
-366
-404
-375
-318
-250
-196
-162
-149
-138
-107
-40
56
143
197
237
285
313
284
214
168
163
164
132
54
-70
-235
-407
-533
-584
-568
-523
-479
-445
-426
-414
-413
-413
-407
-389
-361
-337
-322
-318
-344
-404
-463
-483
-449
-374
-268
-161
-83
-31
19
102
214
337
432
462
427
359
299
258
231
210
187
159
138
142
154
131
61
-3
-2
70
143
161
139
123
129
128
142
197
289
335
284
166
52
-17
-43
-39
-25
-23
-53
-112
-187
-243
-263
-241
-198
-150
-107
-68
-36
-17
-12
-23
-19
22
108
212
296
332
304
236
162
106
50
-15
-58
-62
-48
-69
-119
-161
-178
-191
-207
-213
-214
-226
-244
-226
-146
-31
66
130
196
284
368
423
465
520
578
609
618
625
638
633
592
516
424
347
306
298
295
280
249
198
113
-5
-126
-205
-219
-180
-121
-91
-103
-150
-207
-259
-294
-301
-287
-245
-187
-128
-88
-62
-42
-39
-72
-105
-99
-46
18
52
15
-138
-368
-564
-649
-670
-715
-778
-799
-766
-747
-771
-824
-875
-907
-892
-798
-651
-496
-345
-186
-24
116
221
306
387
465
530
569
588
603
631
670
699
696
649
556
423
276
136
17
-54
-74
-66
-92
-160
-241
-316
-390
-442
-425
-333
-192
-51
68
145
191
241
308
366
380
344
289
242
213
196
185
181
170
141
99
71
60
37
-14
-73
-113
-141
-175
-225
-289
-364
-446
-509
-516
-437
-290
-148
-72
-76
-113
-145
-156
-147
-139
-140
-155
-157
-133
-81
-9
75
172
285
406
505
555
552
533
537
561
572
546
494
428
357
311
285
281
305
388
502
560
550
521
523
532
539
556
582
590
564
527
478
407
319
234
161
92
37
1
-45
-123
-239
-361
-460
-507
-488
-433
-404
-438
-522
-617
-685
-716
-715
-710
-712
-704
-685
-666
-661
-653
-621
-565
-493
-421
-364
-335
-335
-351
-366
-380
-407
-453
-500
-527
-545
-562
-559
-501
-381
-228
-91
-18
-35
-114
-215
-293
-331
-320
-252
-141
-22
57
80
74
90
164
281
405
507
584
646
684
686
665
640
622
601
557
472
352
233
154
121
132
184
251
294
272
210
155
131
102
51
3
-13
1
27
70
135
207
275
329
364
358
309
245
210
226
269
297
262
152
-32
-234
-381
-426
-406
-393
-418
-451
-452
-412
-370
-341
-293
-191
-61
34
92
149
208
241
260
318
421
511
544
521
465
397
332
296
286
287
285
276
254
203
123
20
-89
-195
-275
-287
-225
-113
3
96
139
129
98
102
156
220
249
244
240
245
254
256
261
265
255
209
152
130
157
190
166
58
-112
-297
-460
-564
-604
-597
-587
-598
-637
-685
-711
-688
-624
-547
-472
-380
-281
-210
-193
-216
-248
-279
-304
-325
-370
-467
-611
-759
-871
-950
-1011
-1052
-1031
-925
-760
-586
-436
-328
-268
-232
-167
-56
75
182
260
329
419
529
647
760
846
894
900
868
782
640
482
374
333
310
256
181
135
130
133
106
55
26
56
147
276
414
535
612
629
606
569
545
534
519
488
452
437
446
467
474
448
380
292
216
158
102
18
-101
-260
-441
-603
-711
-742
-721
-672
-614
-539
-448
-357
-281
-216
-147
-65
25
92
130
150
173
200
214
196
153
110
93
102
115
100
42
-19
-31
21
81
91
42
-27
-91
-137
-152
-122
-60
-4
38
79
135
189
223
233
225
217
215
224
211
142
5
-180
-380
-566
-691
-729
-689
-631
-592
-557
-499
-435
-398
-372
-300
-171
-35
64
142
216
273
289
258
211
168
127
58
-46
-154
-218
-229
-221
-240
-298
-367
-395
-359
-295
-258
-270
-281
-235
-119
7
88
109
105
117
173
250
318
359
371
349
302
270
269
294
314
311
280
223
169
151
169
189
180
146
107
66
27
-6
-15
-4
8
7
10
46
119
202
270
326
383
447
498
524
521
509
490
456
397
331
274
230
189
140
73
-18
-105
-153
-160
-148
-141
-152
-177
-204
-206
-171
-101
-30
11
-4
-60
-129
-190
-234
-270
-284
-294
-307
-329
-364
-432
-550
-668
-721
-682
-618
-599
-626
-652
-627
-562
-491
-442
-425
-408
-352
-246
-120
-18
52
101
131
131
89
10
-91
-177
-214
-195
-164
-157
-190
-241
-286
-298
-274
-209
-95
51
177
231
241
263
318
375
420
479
569
652
687
677
643
606
588
618
681
717
677
572
446
328
239
215
269
365
422
399
323
235
160
82
18
-15
-4
32
69
88
73
46
44
104
212
333
419
438
396
311
212
102
12
-30
-14
0
-60
-196
-336
-420
-450
-438
-372
-244
-95
9
40
17
-20
-32
4
88
193
263
275
248
226
229
256
292
314
294
233
151
48
-80
-204
-303
-397
-510
-606
-659
-685
-722
-764
-788
-776
-733
-666
-593
-543
-522
-505
-467
-420
-383
-379
-402
-430
-427
-370
-284
-232
-222
-210
-165
-111
-105
-155
-225
-263
-248
-193
-117
-55
-21
-25
-64
-134
-204
-229
-202
-160
-145
-148
-137
-90
-37
-23
-78
-183
-284
-324
-300
-255
-223
-193
-135
-57
3
28
57
136
274
429
552
642
712
754
750
712
680
675
694
719
747
783
827
855
837
769
671
575
501
465
474
515
549
529
447
327
211
151
155
200
248
286
295
247
145
39
-8
17
89
166
217
252
271
266
219
170
155
148
82
-58
-214
-324
-391
-463
-557
-648
-687
-666
-626
-630
-693
-759
-776
-734
-669
-608
-535
-459
-409
-410
-431
-406
-311
-162
-33
43
53
30
18
42
105
173
233
261
233
115
-65
-239
-344
-381
-374
-325
-214
-67
46
86
57
9
-27
-6
79
181
227
211
191
206
248
313
392
442
414
309
179
47
-89
-210
-282
-297
-305
-351
-428
-486
-486
-438
-392
-368
-351
-310
-245
-190
-147
-90
2
88
123
91
28
-25
-24
25
83
128
185
273
345
356
307
239
192
182
207
235
227
187
135
103
114
173
245
292
307
308
328
383
460
511
506
462
401
313
195
74
3
-2
41
105
162
201
234
270
298
298
253
174
94
55
67
98
92
14
-106
-206
-235
-203
-174
-197
-284
-394
-497
-583
-642
-652
-600
-516
-438
-389
-368
-379
-422
-460
-450
-373
-266
-186
-175
-219
-260
-249
-182
-96
-13
67
147
207
219
183
112
51
29
59
114
160
189
205
222
226
223
220
226
250
305
386
444
447
414
386
378
369
350
325
294
254
209
165
115
54
-13
-77
-121
-114
-52
34
93
132
159
159
96
-19
-126
-168
-148
-96
-44
-9
-9
-67
-164
-253
-292
-276
-250
-255
-326
-444
-554
-606
-602
-557
-488
-429
-427
-483
-529
-520
-474
-430
-383
-313
-244
-212
-220
-222
-192
-154
-138
-132
-90
-6
82
116
92
52
44
80
118
117
83
56
68
115
175
226
251
248
249
274
305
306
271
243
256
303
350
369
345
285
216
172
177
217
259
281
293
299
288
239
168
120
122
163
202
196
139
60
-2
-27
-31
-18
-2
13
7
-26
-80
-138
-168
-144
-58
46
110
99
37
-44
-120
-184
-233
-270
-301
-327
-357
-396
-444
-471
-449
-366
-239
-120
-43
-6
21
49
64
53
30
19
34
63
69
41
11
60
213
408
554
612
608
573
529
479
431
383
345
336
344
338
295
241
193
163
157
169
190
203
223
260
302
318
294
250
231
263
330
371
335
241
157
120
111
73
-4
-90
-151
-196
-262
-343
-407
-436
-437
-432
-451
-509
-591
-645
-671
-708
-782
-845
-875
-897
-927
-941
-906
-839
-768
-708
-637
-535
-425
-353
-352
-395
-422
-407
-364
-310
-243
-170
-115
-87
-54
5
70
114
142
182
250
324
370
368
326
260
204
189
228
305
384
439
455
450
439
412
350
263
195
179
206
238
258
275
312
356
396
436
489
555
612
651
634
548
428
357
361
371
324
215
104
21
-31
-74
-120
-163
-181
-161
-113
-63
-30
-7
14
34
28
0
-45
-91
-130
-161
-187
-219
-246
-251
-237
-229
-248
-270
-266
-233
-219
-244
-272
-256
-193
-111
-39
8
11
-21
-52
-54
-25
17
57
71
56
51
86
137
157
143
141
172
214
235
220
176
125
88
69
56
58
73
78
49
0
-29
-22
8
35
46
29
-16
-67
-96
-95
-79
-72
-94
-126
-146
-148
-157
-174
-157
-84
1
33
24
33
83
131
150
158
153
97
-16
-128
-186
-197
-189
-168
-157
-190
-277
-367
-405
-375
-299
-209
-141
-121
-146
-208
-280
-327
-318
-274
-234
-217
-195
-152
-118
-125
-157
-153
-75
54
152
156
72
-30
-92
-96
-70
-36
11
79
150
201
229
245
253
266
310
387
465
514
537
536
505
464
448
471
505
512
486
437
383
334
289
249
216
193
171
156
141
125
105
80
64
47
18
-46
-133
-211
-265
-322
-394
-479
-565
-662
-784
-929
-1057
-1105
-1068
-1002
-975
-968
-920
-817
-682
-549
-423
-307
-178
-45
58
108
158
266
421
563
658
718
750
747
705
635
550
486
463
476
495
512
533
547
529
460
383
356
429
589
769
878
884
845
839
873
896
871
817
764
707
635
543
433
301
139
-30
-189
-339
-518
-763
-1082
-1416
-1681
-1839
-1925
-1998
-2084
-2161
-2177
-2082
-1874
-1625
-1415
-1258
-1094
-882
-663
-498
-404
-338
-273
-197
-104
15
146
245
286
280
272
313
421
555
646
656
620
616
697
830
945
1009
1073
1190
1364
1543
1703
1835
1941
2020
2070
2092
2084
2050
1988
1903
1824
1780
1761
1732
1667
1551
1378
1143
859
560
284
35
-226
-536
-918
-1355
-1805
-2200
-2470
-2614
-2691
-2794
-2965
-3132
-3163
-2995
-2707
-2438
-2245
-2077
-1868
-1600
-1325
-1120
-1033
-1025
-990
-849
-634
-438
-351
-368
-402
-355
-185
49
230
263
161
70
134
362
610
747
775
782
852
986
1135
1230
1253
1257
1335
1535
1788
1966
1990
1886
1758
1705
1757
1847
1874
1793
1644
1515
1464
1480
1484
1405
1248
1090
997
969
967
958
928
901
902
916
879
710
398
-5
-407
-733
-945
-1092
-1275
-1589
-2034
-2511
-2913
-3195
-3392
-3544
-3653
-3684
-3604
-3400
-3097
-2740
-2376
-2035
-1735
-1489
-1268
-1024
-751
-498
-301
-143
18
188
322
377
336
242
163
151
207
290
354
385
400
441
519
612
687
743
804
885
997
1123
1245
1351
1463
1606
1790
1957
2049
2057
2035
2036
2072
2142
2258
2405
2541
2647
2741
2838
2928
3000
3028
2969
2800
2564
2335
2116
1849
1481
1056
647
282
-93
-568
-1178
-1879
-2577
-3180
-3624
-3908
-4099
-4279
-4456
-4547
-4462
-4199
-3848
-3499
-3173
-2834
-2462
-2084
-1753
-1510
-1357
-1242
-1078
-801
-440
-113
65
76
26
44
173
330
400
340
215
122
128
207
266
258
238
294
415
531
612
688
784
901
1062
1320
1670
2030
2288
2400
2404
2398
2466
2615
2771
2875
2930
2979
3038
3081
3100
3112
3136
3155
3129
3023
2815
2503
2084
1580
1036
497
-15
-529
-1087
-1721
-2414
-3117
-3774
-4336
-4775
-5086
-5296
-5442
-5524
-5494
-5282
-4889
-4413
-3943
-3506
-3072
-2620
-2152
-1664
-1173
-718
-349
-79
137
359
607
845
1017
1105
1144
1184
1227
1233
1155
994
811
667
592
560
534
493
455
469
572
748
919
1034
1119
1254
1498
1815
2108
2318
2464
2624
2854
3163
3495
3749
3878
3924
3984
4101
4259
4399
4449
4354
4141
3882
3615
3291
2851
2304
1731
1210
730
201
-483
-1344
-2303
-3215
-3952
-4468
-4819
-5131
-5467
-5785
-5949
-5859
-5544
-5136
-4765
-4453
-4130
-3721
-3238
-2764
-2379
-2116
-1914
-1671
-1334
-941
-601
-367
-223
-85
134
454
777
933
848
636
469
434
485
516
438
252
88
101
309
573
737
782
806
926
1183
1525
1837
2024
2114
2227
2476
2855
3241
3518
3669
3777
3920
4116
4341
4545
4662
4650
4524
4329
4075
3715
3208
2574
1897
1261
675
65
-677
-1595
-2609
-3534
-4218
-4660
-5008
-5409
-5881
-6308
-6532
-6464
-6149
-5734
-5350
-5013
-4640
-4148
-3553
-2960
-2464
-2082
-1723
-1306
-804
-277
190
545
795
1005
1258
1568
1860
2007
1951
1765
1594
1532
1538
1491
1321
1086
923
918
1048
1212
1320
1353
1366
1447
1654
1952
2225
2399
2519
2693
2987
3357
3695
3923
4051
4165
4359
4638
4918
5095
5118
5007
4818
4584
4279
3851
3267
2572
1860
1216
622
-49
-919
-1971
-3045
-3967
-4675
-5225
-5716
-6222
-6743
-7178
-7391
-7308
-6998
-6615
-6264
-5930
-5518
-4987
-4379
-3800
-3296
-2840
-2338
-1712
-989
-313
155
384
508
693
1014
1396
1695
1798
1728
1628
1630
1763
1934
2013
1904
1661
1464
1470
1659
1850
1914
1868
1847
1955
2180
2420
2590
2702
2856
3132
3531
3955
4276
4427
4472
4544
4730
4962
5077
4956
4642
4300
4042
3839
3535
3022
2323
1579
924
361
-257
-1095
-2178
-3328
-4292
-4964
-5464
-5999
-6670
-7366
-7854
-7951
-7686
-7277
-6955
-6761
-6516
-6016
-5244
-4394
-3701
-3264
-2968
-2594
-1977
-1152
-324
296
649
876
1163
1589
2052
2398
2552
2583
2635
2789
3016
3184
3164
2955
2681
2492
2434
2454
2459
2412
2343
2339
2453
2668
2908
3105
3266
3430
3633
3862
4098
4342
4585
4791
4942
5077
5235
5388
5460
5418
5285
5088
4805
4389
3850
3239
2612
1974
1272
450
-488
-1469
-2405
-3264
-4097
-4968
-5853
-6619
-7164
-7530
-7839
-8114
-8247
-8121
-7743
-7210
-6633
-6098
-5658
-5286
-4889
-4414
-3895
-3422
-3010
-2613
-2178
-1680
-1138
-609
-160
209
554
915
1249
1485
1629
1745
1884
2021
2122
2187
2254
2323
2351
2339
2349
2441
2607
2806
2996
3172
3357
3604
3913
4228
4490
4727
4991
5271
5500
5656
5796
5954
6096
6162
6155
6094
5971
5718
5272
4676
4058
3506
2959
2277
1401
424
-537
-1454
-2389
-3388
-4419
-5391
-6234
-6923
-7481
-7929
-8261
-8441
-8423
-8190
-7768
-7238
-6717
-6316
-6019
-5681
-5175
-4568
-4032
-3616
-3216
-2731
-2182
-1652
-1190
-795
-446
-89
319
749
1109
1338
1494
1654
1833
1999
2145
2262
2304
2255
2197
2248
2408
2586
2706
2802
2942
3165
3461
3781
4040
4213
4387
4693
5137
5579
5883
6059
6190
6321
6443
6540
6593
6536
6315
5926
5439
4925
4407
3810
3056
2144
1187
286
-555
-1452
-2509
-3685
-4826
-5787
-6542
-7156
-7692
-8150
-8461
-8537
-8348
-7968
-7518
-7059
-6589
-6098
-5598
-5108
-4630
-4181
-3765
-3346
-2864
-2324
-1808
-1385
-1063
-773
-467
-133
214
542
835
1084
1303
1511
1707
1881
2017
2114
2200
2306
2454
2631
2807
2968
3137
3350
3604
3883
4176
4474
4754
5003
5237
5487
5761
6017
6200
6299
6356
6404
6435
6418
6347
6224
6002
5620
5083
4477
3872
3220
2441
1520
515
-517
-1536
-2497
-3421
-4383
-5403
-6372
-7130
-7662
-8089
-8529
-8948
-9196
-9137
-8765
-8202
-7631
-7159
-6751
-6278
-5678
-5017
-4420
-3947
-3547
-3129
-2630
-2066
-1506
-1009
-590
-215
160
552
932
1269
1541
1772
1986
2209
2452
2677
2818
2833
2774
2741
2817
3002
3234
3461
3674
3923
4231
4578
4904
5168
5388
5617
5880
6157
6405
6585
6674
6687
6673
6680
6703
6665
6474
6086
5514
4824
4115
3449
2792
2024
1082
37
-978
-1896
-2776
-3737
-4811
-5880
-6757
-7366
-7811
-8239
-8666
-8956
-8980
-8699
-8185
-7581
-7048
-6655
-6305
-5861
-5292
-4698
-4181
-3756
-3389
-3019
-2586
-2036
-1421
-874
-487
-208
116
571
1130
1649
1998
2145
2219
2386
2678
2970
3136
3179
3203
3296
3479
3711
3900
3973
3974
4056
4329
4717
5041
5204
5292
5454
5735
6062
6322
6461
6496
6489
6515
6590
6632
6539
6263
5861
5394
4895
4360
3742
2993
2101
1143
190
-744
-1712
-2754
-3863
-4971
-5980
-6833
-7540
-8151
-8705
-9179
-9484
-9517
-9262
-8849
-8411
-8012
-7583
-7048
-6401
-5728
-5143
-4661
-4208
-3694
-3129
-2569
-2061
-1609
-1203
-807
-380
90
557
959
1265
1516
1772
2065
2364
2602
2721
2722
2686
2719
2861
3050
3221
3357
3499
3695
3987
4355
4719
5005
5239
5511
5852
6209
6506
6728
6883
6991
7080
7161
7216
7184
7024
6728
6289
5719
5082
4456
3809
3046
2138
1162
184
-790
-1783
-2833
-3964
-5128
-6180
-7013
-7662
-8225
-8717
-9075
-9256
-9260
-9077
-8718
-8256
-7803
-7398
-6973
-6460
-5885
-5343
-4886
-4486
-4068
-3570
-2972
-2322
-1739
-1288
-900
-440
131
733
1282
1748
2131
2443
2728
3021
3297
3486
3564
3576
3608
3706
3844
3960
4014
4053
4156
4369
4663
4980
5283
5566
5848
6137
6408
6615
6744
6819
6881
6949
7016
7060
7063
6991
6808
6454
5903
5186
4402
3645
2912
2127
1229
229
-840
-1938
-3044
-4144
-5247
-6345
-7374
-8246
-8916
-9378
-9656
-9788
-9807
-9693
-9399
-8926
-8370
-7838
-7386
-6982
-6535
-5979
-5354
-4764
-4262
-3781
-3228
-2583
-1927
-1348
-847
-366
149
696
1221
1663
1995
2259
2511
2756
2966
3131
3282
3413
3497
3524
3537
3594
3726
3932
4175
4405
4587
4753
4963
5234
5521
5795
6083
6404
6695
6876
6957
7011
7058
7060
7002
6884
6692
6360
5863
5244
4557
3839
3099
2336
1483
495
-600
-1677
-2663
-3608
-4599
-5630
-6588
-7382
-7999
-8483
-8840
-9051
-9112
-9032
-8795
-8411
-7941
-7482
-7065
-6643
-6153
-5566
-4927
-4314
-3810
-3375
-2885
-2257
-1560
-930
-429
-15
390
837
1342
1849
2238
2451
2591
2810
3125
3399
3515
3488
3417
3372
3375
3427
3497
3547
3567
3608
3754
4034
4399
4761
5090
5416
5772
6153
6495
6745
6866
6890
6887
6890
6866
6738
6474
6093
5606
5013
4334
3638
2934
2173
1297
314
-738
-1801
-2816
-3782
-4781
-5896
-7027
-7998
-8676
-9111
-9391
-9576
-9656
-9598
-9335
-8843
-8221
-7644
-7198
-6790
-6288
-5658
-4986
-4357
-3808
-3330
-2893
-2419
-1838
-1191
-623
-220
97
481
982
1508
1936
2214
2387
2567
2838
3166
3405
3460
3377
3299
3330
3471
3662
3808
3865
3889
4025
4338
4743
5067
5236
5332
5508
5827
6210
6520
6670
6684
6663
6721
6887
7058
7053
6785
6315
5787
5298
4873
4426
3813
2926
1826
692
-370
-1401
-2505
-3698
-4914
-6040
-7003
-7792
-8472
-9059
-9498
-9695
-9632
-9355
-8926
-8428
-7931
-7477
-7016
-6465
-5798
-5107
-4507
-4008
-3517
-2936
-2273
-1599
-987
-474
-27
401
854
1303
1705
2006
2213
2343
2442
2547
2687
2835
2915
2869
2730
2605
2582
2669
2795
2908
2998
3119
3310
3592
3948
4329
4679
4979
5269
5603
5991
6354
6589
6669
6683
6738
6831
6841
6658
6315
5878
5363
4728
4023
3362
2752
2017
991
-269
-1532
-2633
-3614
-4632
-5775
-6955
-7965
-8637
-9003
-9251
-9515
-9698
-9618
-9220
-8667
-8141
-7683
-7214
-6641
-5947
-5200
-4504
-3905
-3350
-2761
-2126
-1471
-813
-169
399
877
1353
1911
2492
2960
3248
3410
3515
3596
3656
3677
3618
3474
3297
3160
3071
3004
2962
2970
3020
3078
3163
3340
3627
3943
4177
4326
4508
4843
5292
5684
5880
5928
6003
6207
6482
6678
6710
6579
6336
5978
5470
4806
4086
3409
2734
1871
707
-654
-1953
-3004
-3847
-4721
-5849
-7163
-8340
-9056
-9311
-9374
-9500
-9657
-9609
-9199
-8523
-7827
-7281
-6860
-6399
-5759
-4931
-4045
-3261
-2632
-2082
-1477
-747
56
784
1310
1621
1837
2093
2438
2776
2959
2923
2765
2666
2721
2865
2918
2771
2463
2154
1994
2023
2164
2281
2304
2272
2301
2476
2807
3223
3597
3849
4025
4260
4637
5098
5523
5822
5991
6104
6252
6430
6522
6412
6122
5744
5302
4746
4095
3425
2759
1972
914
-421
-1848
-3098
-4070
-4910
-5880
-7042
-8170
-8945
-9264
-9315
-9341
-9400
-9364
-9094
-8571
-7900
-7222
-6613
-6027
-5337
-4482
-3525
-2623
-1873
-1271
-710
-79
651
1401
2010
2364
2487
2582
2830
3228
3560
3637
3460
3189
2977
2840
2711
2499
2186
1831
1550
1456
1574
1814
2013
2071
2021
2043
2305
2824
3410
3823
3981
4047
4300
4850
5519
6014
6204
6203
6220
6348
6508
6553
6397
6032
5490
4802
4028
3246
2511
1749
797
-478
-1977
-3390
-4408
-5054
-5685
-6654
-7921
-9060
-9626
-9532
-9110
-8812
-8834
-8948
-8730
-7952
-6815
-5740
-4993
-4487
-3942
-3166
-2198
-1244
-508
-40
298
743
1399
2146
2720
2956
2924
2851
2907
3067
3173
3086
2788
2375
1971
1657
1461
1352
1258
1114
932
836
972
1335
1738
1979
2043
2132
2454
3026
3656
4113
4327
4414
4592
4969
5475
5919
6179
6266
6267
6261
6289
6329
6287
6018
5407
4481
3431
2507
1795
1127
196
-1165
-2790
-4255
-5211
-5719
-6203
-7057
-8236
-9290
-9752
-9535
-8954
-8449
-8249
-8220
-8019
-7366
-6287
-5058
-4025
-3349
-2909
-2391
-1561
-482
556
1296
1692
1913
2173
2593
3126
3584
3779
3648
3296
2913
2653
2551
2507
2353
1966
1403
895
671
752
952
1051
973
839
850
1122
1566
1998
2285
2465
2677
3049
3594
4187
4650
4901
5033
5230
5582
6017
6409
6657
6717
6578
6300
5924
5398
4640
3687
2715
1857
1086
226
-917
-2368
-3909
-5190
-6007
-6484
-6956
-7698
-8695
-9632
-10087
-9868
-9180
-8468
-8029
-7789
-7426
-6684
-5569
-4301
-3158
-2285
-1643
-1054
-356
486
1358
2104
2622
2897
2972
2972
3055
3275
3511
3517
3162
2542
1911
1514
1402
1406
1286
956
546
273
248
429
696
945
1132
1252
1359
1545
1896
2414
2988
3480
3828
4087
4350
4662
5022
5430
5881
6330
6677
6843
6807
6637
6438
6278
6073
5611
4733
3527
2294
1313
580
-205
-1414
-3120
-4971
-6439
-7239
-7539
-7786
-8347
-9226
-10058
-10371
-9970
-9083
-8127
-7349
-6724
-6101
-5385
-4527
-3508
-2353
-1180
-154
588
1029
1331
1742
2399
3171
3756
3935
3752
3425
3141
2952
2793
2548
2163
1686
1233
852
536
270
64
-92
-217
-290
-295
-231
-102
136
502
933
1347
1725
2115
2552
3051
3606
4180
4683
5060
5348
5634
5952
6270
6542
6739
6792
6672
6422
6099
5649
4951
3997
2929
1930
1047
150
-977
-2452
-4135
-5666
-6717
-7251
-7536
-7929
-8600
-9381
-9888
-9809
-9147
-8175
-7198
-6376
-5697
-5067
-4365
-3478
-2360
-1092
145
1153
1824
2183
2388
2661
3121
3689
4134
4280
4094
3659
3120
2610
2212
1920
1670
1366
940
397
-175
-636
-870
-847
-649
-429
-294
-232
-120
160
627
1177
1679
2082
2428
2792
3224
3722
4228
4649
4955
5209
5516
5891
6239
6455
6505
6437
6333
6197
5919
5336
4421
3309
2193
1179
265
-690
-1892
-3442
-5134
-6587
-7531
-8005
-8277
-8636
-9212
-9845
-10189
-9991
-9320
-8430
-7491
-6519
-5522
-4568
-3715
-2918
-2062
-1026
186
1399
2345
2875
3085
3180
3307
3491
3701
3869
3877
3625
3094
2373
1609
968
567
370
232
9
-317
-685
-978
-1123
-1075
-852
-504
-82
357
749
1061
1338
1672
2131
2722
3419
4155
4791
5177
5281
5263
5374
5759
6354
6931
7236
7130
6684
6132
5676
5296
4810
4058
3035
1885
761
-319
-1468
-2799
-4258
-5652
-6784
-7573
-8071
-8447
-8854
-9309
-9627
-9589
-9136
-8389
-7503
-6547
-5540
-4505
-3484
-2515
-1614
-747
142
1068
1936
2613
3041
3260
3352
3379
3398
3427
3432
3347
3110
2683
2087
1433
879
521
331
219
88
-105
-343
-526
-548
-387
-131
118
356
656
1061
1510
1902
2200
2463
2804
3307
3959
4627
5132
5379
5437
5477
5649
5999
6432
6764
6838
6617
6171
5573
4841
3980
3030
2041
1037
9
-1086
-2326
-3746
-5246
-6613
-7678
-8407
-8899
-9295
-9696
-10087
-10344
-10308
-9901
-9143
-8131
-6978
-5806
-4695
-3692
-2775
-1897
-987
-17
966
1872
2604
3107
3388
3490
3470
3368
3236
3115
3003
2816
2445
1867
1184
577
160
-61
-164
-245
-370
-539
-689
-729
-611
-361
-34
337
768
1289
1873
2425
2868
3204
3532
3955
4503
5098
5613
5951
6114
6211
6363
6592
6806
6905
6840
6620
6264
5775
5144
4331
3320
2172
1036
14
-970
-2116
-3509
-5006
-6363
-7426
-8207
-8792
-9244
-9575
-9762
-9777
-9596
-9185
-8506
-7553
-6386
-5115
-3887
-2809
-1860
-934
42
1019
1894
2614
3183
3636
3985
4225
4309
4198
3913
3558
3228
2903
2470
1870
1177
547
77
-226
-429
-611
-801
-942
-936
-742
-422
-69
252
517
763
1093
1593
2220
2822
3289
3643
3973
4324
4678
5016
5332
5630
5889
6088
6217
6265
6223
6076
5807
5404
4854
4147
3293
2314
1232
68
-1137
-2362
-3604
-4841
-5999
-6999
-7850
-8604
-9259
-9756
-10034
-10081
-9916
-9577
-9084
-8418
-7552
-6496
-5333
-4158
-3035
-1974
-966
-4
889
1676
2347
2914
3393
3777
4021
4073
3931
3663
3362
3046
2668
2188
1640
1093
587
143
-225
-502
-707
-864
-973
-983
-864
-602
-222
221
626
936
1219
1591
2095
2666
3223
3714
4116
4446
4772
5159
5588
5956
6182
6282
6326
6375
6431
6448
6348
6095
5695
5145
4385
3385
2204
951
-289
-1500
-2692
-3878
-5043
-6154
-7154
-8013
-8705
-9218
-9529
-9644
-9599
-9418
-9082
-8519
-7673
-6571
-5329
-4085
-2911
-1781
-661
421
1366
2120
2708
3199
3633
4001
4257
4339
4203
3883
3459
2989
2468
1890
1290
708
184
-262
-611
-879
-1100
-1301
-1462
-1518
-1401
-1102
-705
-323
-12
266
588
995
1481
2002
2533
3047
3534
3984
4405
4812
5208
5557
5813
5950
5966
5889
5762
5643
5542
5419
5214
4846
4216
3264
2071
805
-383
-1456
-2444
-3375
-4302
-5273
-6337
-7450
-8482
-9266
-9709
-9822
-9695
-9409
-9003
-8457
-7736
-6806
-5674
-4411
-3113
-1871
-744
230
1036
1678
2232
2794
3422
4043
4521
4744
4691
4406
3956
3427
2890
2381
1917
1518
1186
887
568
212
-179
-599
-1001
-1271
-1282
-1022
-605
-184
135
348
522
768
1151
1676
2285
2889
3418
3841
4178
4461
4730
5003
5279
5540
5765
5934
6026
6006
5850
5552
5136
4630
4044
3374
2575
1588
387
-945
-2250
-3394
-4376
-5283
-6206
-7148
-8031
-8763
-9291
-9607
-9731
-9665
-9398
-8924
-8279
-7503
-6605
-5598
-4511
-3366
-2176
-1009
44
939
1707
2393
3008
3535
3948
4205
4286
4206
4004
3711
3340
2903
2425
1931
1447
994
573
187
-175
-505
-785
-965
-986
-831
-545
-226
33
190
280
408
694
1192
1836
2481
3005
3406
3757
4113
4456
4751
5024
5340
5718
6080
6310
6334
6179
5921
5622
5269
4811
4225
3520
2681
1660
438
-891
-2172
-3298
-4263
-5138
-5968
-6761
-7500
-8161
-8718
-9127
-9328
-9251
-8885
-8309
-7629
-6881
-6016
-4972
-3756
-2462
-1219
-125
797
1580
2260
2862
3397
3860
4211
4404
4420
4261
3964
3576
3144
2690
2200
1670
1136
650
230
-166
-582
-1013
-1368
-1533
-1460
-1221
-965
-801
-748
-720
-605
-320
139
718
1328
1896
2372
2760
3094
3420
3782
4204
4670
5137
5540
5826
5953
5896
5677
5356
5013
4660
4244
3694
2972
2068
1007
-148
-1306
-2391
-3368
-4242
-5077
-5951
-6885
-7803
-8609
-9206
-9514
-9494
-9196
-8732
-8193
-7602
-6910
-6042
-4966
-3733
-2451
-1208
-67
927
1747
2410
2954
3423
3839
4204
4478
4606
4569
4392
4096
3687
3190
2662
2149
1650
1148
619
71
-463
-926
-1249
-1384
-1331
-1152
-931
-706
-470
-205
102
451
849
1312
1850
2447
3029
3537
3941
4257
4524
4784
5074
5387
5668
5827
5802
5602
5294
4936
4548
4125
3672
3176
2563
1740
688
-486
-1637
-2663
-3548
-4335
-5106
-5925
-6776
-7567
-8209
-8663
-8925
-8990
-8865
-8579
-8176
-7655
-6977
-6098
-5026
-3823
-2575
-1363
-246
732
1558
2252
2867
3449
4042
4627
5100
5307
5175
4769
4227
3670
3166
2735
2346
1910
1350
661
-92
-805
-1367
-1696
-1766
-1634
-1408
-1192
-1049
-971
-888
-708
-365
158
830
1587
2357
3059
3612
3972
4184
4381
4680
5108
5583
5958
6105
5986
5661
5216
4694
4148
3638
3158
2626
1956
1115
132
-908
-1894
-2761
-3532
-4286
-5106
-6026
-7002
-7911
-8628
-9094
-9317
-9311
-9096
-8714
-8214
-7599
-6842
-5923
-4858
-3678
-2436
-1220
-111
843
1656
2379
3077
3792
4494
5087
5450
5489
5180
4609
3953
3381
2973
2683
2403
2020
1489
838
150
-497
-1026
-1374
-1496
-1426
-1240
-1035
-863
-722
-557
-299
106
674
1361
2080
2724
3235
3625
3956
4303
4704
5142
5563
5889
6051
5995
5724
5329
4922
4568
4233
3838
3329
2682
1882
945
-58
-1023
-1873
-2620
-3351
-4176
-5129
-6161
-7159
-8016
-8643
-9016
-9162
-9124
-8935
-8609
-8174
-7636
-6966
-6110
-5055
-3867
-2653
-1490
-417
537
1376
2148
2900
3648
4353
4944
5308
5350
5076
4614
4128
3709
3352
2996
2574
2058
1443
764
80
-524
-959
-1201
-1266
-1214
-1069
-842
-574
-327
-114
129
472
917
1416
1935
2463
2988
3481
3913
4290
4632
4940
5188
5346
5405
5345
5138
4784
4339
3877
3427
2967
2467
1914
1299
606
-175
-1030
-1925
-2832
-3723
-4580
-5387
-6149
-6868
-7534
-8127
-8619
-8958
-9081
-8952
-8594
-8082
-7496
-6864
-6141
-5274
-4247
-3103
-1917
-747
377
1425
2385
3256
4039
4707
5211
5513
5599
5483
5205
4829
4396
3894
3327
2733
2160
1602
1022
401
-231
-781
-1148
-1270
-1181
-996
-819
-672
-504
-281
-24
261
631
1151
1803
2491
3083
3503
3784
4028
4305
4615
4917
5164
5287
5221
4958
4552
4091
3626
3172
2716
2245
1733
1144
444
-392
-1336
-2295
-3152
-3870
-4526
-5222
-5985
-6759
-7463
-8012
-8364
-8536
-8577
-8495
-8283
-7945
-7476
-6835
-5986
-4963
-3854
-2723
-1598
-492
570
1561
2457
3235
3918
4514
5000
5330
5495
5494
5307
4946
4478
4002
3561
3131
2643
2047
1377
716
140
-340
-700
-893
-889
-728
-500
-283
-97
89
305
572
908
1348
1865
2380
2808
3122
3339
3473
3555
3634
3756
3933
4121
4226
4152
3866
3432
2952
2501
2088
1698
1318
904
387
-279
-1081
-1954
-2811
-3570
-4198
-4709
-5147
-5575
-6053
-6601
-7177
-7701
-8071
-8205
-8090
-7790
-7368
-6835
-6173
-5384
-4488
-3512
-2478
-1395
-280
833
1857
2721
3406
3940
4374
4738
5024
5167
5115
4887
4524
4089
3611
3121
2627
2129
1638
1165
726
337
12
-250
-440
-533
-500
-369
-192
-3
187
391
615
866
1154
1459
1759
2051
2347
2654
2930
3122
3199
3183
3111
3016
2892
2731
2512
2241
1941
1649
1377
1107
783
387
-98
-646
-1220
-1773
-2269
-2774
-3287
-3816
-4324
-4815
-5294
-5737
-6132
-6437
-6618
-6652
-6567
-6398
-6121
-5701
-5118
-4428
-3680
-2901
-2077
-1182
-236
694
1521
2224
2836
3383
3859
4231
4476
4584
4570
4473
4278
3969
3569
3161
2783
2400
1965
1484
1003
597
313
149
54
-13
-64
-114
-156
-165
-106
42
249
492
730
972
1242
1516
1735
1852
1903
1938
1993
2053
2072
1991
1803
1573
1392
1313
1314
1317
1255
1068
763
359
-67
-488
-862
-1178
-1432
-1673
-1996
-2430
-2963
-3486
-3899
-4144
-4283
-4381
-4474
-4558
-4608
-4591
-4442
-4157
-3715
-3146
-2501
-1854
-1291
-802
-339
195
832
1532
2191
2716
3049
3198
3215
3191
3177
3170
3124
2996
2781
2497
2194
1895
1593
1270
951
690
506
389
278
126
-70
-265
-401
-474
-508
-524
-495
-421
-330
-279
-239
-191
-121
-50
14
90
166
266
372
458
505
552
621
689
705
635
491
313
161
33
-126
-317
-548
-836
-1202
-1603
-1916
-2101
-2198
-2312
-2520
-2754
-2941
-2963
-2825
-2583
-2313
-2080
-1841
-1558
-1205
-804
-399
-1
346
632
870
1133
1436
1713
1881
1951
2003
2111
2260
2392
2458
2461
2443
2423
2393
2321
2203
2061
1936
1866
1849
1834
1751
1563
1296
982
650
315
7
-248
-462
-649
-846
-1072
-1331
-1559
-1688
-1726
-1724
-1707
-1615
-1446
-1252
-1122
-1047
-976
-870
-708
-504
-266
-69
36
33
-34
-100
-147
-194
-290
-416
-554
-703
-859
-1066
-1322
-1658
-1918
-1997
-1878
-1669
-1489
-1342
-1230
-1091
-878
-579
-219
125
445
718
941
1117
1250
1384
1505
1619
1709
1783
1845
1855
1819
1769
1778
1839
1900
1894
1835
1764
1724
1753
1837
1980
2089
2108
2006
1811
1578
1317
1045
747
436
117
-200
-530
-893
-1287
-1662
-1965
-2195
-2368
-2516
-2624
-2684
-2706
-2730
-2748
-2686
-2513
-2252
-1962
-1649
-1367
-1138
-990
-862
-760
-659
-542
-425
-322
-274
-272
-333
-442
-547
-668
-785
-885
-900
-797
-647
-484
-414
-383
-335
-229
-44
214
562
938
1212
1390
1502
1607
1711
1804
1929
2067
2134
2104
1942
1795
1713
1750
1809
1843
1875
1930
2003
2027
2015
1974
1971
1997
1989
1855
1565
1214
923
730
602
418
159
-159
-495
-816
-1165
-1493
-1810
-2064
-2273
-2496
-2726
-2937
-3050
-3125
-3217
-3296
-3283
-3145
-2912
-2616
-2308
-2056
-1860
-1685
-1485
-1341
-1241
-1157
-1006
-793
-639
-490
-405
-283
-216
-142
-26
95
208
238
270
339
443
557
631
740
867
1020
1217
1435
1647
1732
1761
1761
1764
1755
1752
1827
1958
2138
2281
2370
2456
2527
2575
2571
2590
2686
2763
2823
2852
2890
2895
2815
2707
2539
2313
2035
1693
1348
927
477
4
-461
-869
-1270
-1647
-2044
-2457
-2857
-3215
-3437
-3563
-3621
-3661
-3717
-3764
-3805
-3738
-3579
-3356
-3133
-2953
-2759
-2565
-2331
-2111
-1946
-1824
-1790
-1720
-1606
-1411
-1220
-1116
-1009
-924
-802
-696
-598
-463
-354
-211
-99
42
163
260
366
502
701
886
1059
1227
1433
1632
1748
1786
1810
1857
1907
1924
1918
1928
2006
2230
2538
2872
3070
3110
3043
2980
3027
3109
3217
3196
3045
2756
2435
2196
1977
1761
1412
1028
636
269
-95
-466
-782
-1065
-1311
-1571
-1872
-2227
-2545
-2776
-2898
-2978
-3039
-3059
-3013
-2837
-2626
-2432
-2303
-2186
-2032
-1875
-1697
-1561
-1474
-1437
-1399
-1337
-1243
-1110
-988
-929
-978
-1079
-1184
-1216
-1130
-973
-790
-665
-559
-473
-372
-206
-5
238
446
660
835
957
986
961
983
1153
1425
1712
1906
2041
2158
2256
2398
2521
2697
2839
2989
3126
3208
3268
3251
3203
3094
2948
2792
2590
2377
2126
1841
1530
1200
894
579
277
33
-180
-407
-704
-1020
-1299
-1561
-1779
-1947
-2051
-2115
-2157
-2138
-2084
-2031
-1992
-1972
-1972
-1987
-1981
-1918
-1844
-1779
-1730
-1723
-1751
-1824
-1871
-1853
-1803
-1728
-1687
-1658
-1680
-1742
-1799
-1814
-1756
-1643
-1502
-1358
-1304
-1253
-1197
-1005
-754
-473
-199
-14
105
105
150
314
675
1062
1292
1311
1285
1380
1588
1860
2108
2317
2421
2475
2554
2618
2627
2603
2636
2715
2740
2653
2499
2262
2035
1798
1602
1409
1160
899
525
176
-190
-439
-678
-872
-1071
-1247
-1413
-1511
-1492
-1414
-1261
-1124
-917
-779
-640
-496
-335
-156
-91
-29
-43
-62
-138
-256
-375
-529
-647
-774
-876
-933
-994
-1088
-1327
-1543
-1690
-1698
-1619
-1538
-1437
-1420
-1346
-1241
-1054
-874
-724
-595
-452
-254
-52
99
196
289
383
504
667
929
1168
1347
1423
1503
1644
1841
2073
2224
2273
2243
2182
2147
2098
2057
1959
1816
1677
1523
1328
1006
686
423
244
74
-118
-324
-564
-782
-927
-1024
-1152
-1330
-1457
-1478
-1408
-1298
-1141
-1010
-888
-780
-607
-369
-147
45
138
179
149
86
48
9
-16
-93
-164
-253
-368
-515
-662
-767
-876
-979
-1107
-1182
-1269
-1369
-1495
-1564
-1518
-1384
-1193
-997
-854
-749
-670
-531
-362
-195
-16
124
277
440
654
871
1018
1106
1110
1087
1063
1104
1164
1222
1228
1212
1167
1109
1093
1087
1089
1026
856
628
322
54
-189
-375
-520
-708
-859
-1053
-1192
-1327
-1382
-1367
-1318
-1223
-1136
-1008
-891
-721
-530
-298
-60
156
350
483
573
587
591
614
700
788
825
807
745
693
638
613
626
633
615
516
383
243
139
98
73
71
53
69
120
212
338
431
455
406
343
328
345
411
536
664
790
861
974
1054
1123
1155
1140
1094
1013
1027
1064
1077
923
651
377
195
80
-64
-315
-651
-1043
-1378
-1602
-1732
-1828
-1988
-2177
-2401
-2552
-2636
-2584
-2438
-2265
-2117
-2094
-2068
-2072
-1967
-1774
-1495
-1172
-968
-798
-742
-616
-465
-218
9
156
239
284
397
474
605
649
686
633
654
774
943
1152
1245
1353
1353
1428
1505
1564
1608
1593
1660
1683
1740
1785
1834
1867
1820
1765
1658
1604
1569
1610
1615
1572
1457
1348
1274
1255
1285
1320
1337
1253
1100
833
555
288
112
-4
-142
-323
-617
-946
-1294
-1575
-1755
-1921
-2056
-2256
-2395
-2513
-2603
-2690
-2844
-2956
-3050
-3010
-2886
-2677
-2458
-2319
-2299
-2318
-2272
-2076
-1773
-1449
-1218
-1135
-1118
-1083
-963
-773
-508
-219
21
169
232
233
194
234
419
663
843
922
983
1019
1043
1118
1320
1606
1876
2077
2158
2168
2165
2321
2573
2827
2943
2874
2724
2540
2489
2448
2423
2310
2204
2035
1846
1675
1565
1488
1331
1143
895
668
474
356
287
135
-124
-480
-819
-1041
-1182
-1238
-1366
-1540
-1786
-2008
-2198
-2325
-2391
-2399
-2412
-2477
-2529
-2593
-2578
-2608
-2550
-2477
-2363
-2273
-2222
-2156
-2079
-1954
-1835
-1746
-1696
-1598
-1416
-1139
-902
-769
-807
-846
-759
-468
-112
156
323
425
589
811
1113
1434
1793
2099
2338
2442
2551
2679
2853
3031
3101
3125
3029
2972
2913
2948
3051
3131
3120
2965
2792
2650
2548
2472
2366
2241
2038
1770
1488
1176
935
666
442
170
-84
-334
-656
-1026
-1394
-1592
-1638
-1622
-1639
-1818
-2125
-2465
-2683
-2715
-2726
-2718
-2772
-2780
-2805
-2873
-2985
-3114
-3101
-2998
-2831
-2725
-2656
-2639
-2692
-2774
-2812
-2744
-2597
-2348
-2102
-1902
-1874
-1887
-1858
-1688
-1369
-1006
-567
-190
197
424
609
770
1061
1451
1889
2299
2501
2553
2477
2551
2723
2984
3242
3448
3597
3564
3456
3282
3227
3263
3361
3362
3218
3000
2789
2663
2520
2395
2232
2139
2047
1914
1667
1332
1014
747
524
303
61
-203
-502
-839
-1199
-1526
-1769
-1901
-1942
-1905
-1867
-1902
-2029
-2187
-2310
-2367
-2337
-2182
-1988
-1949
-2097
-2386
-2577
-2658
-2542
-2351
-2195
-2147
-2210
-2240
-2270
-2169
-2056
-1845
-1671
-1412
-1257
-1199
-1284
-1259
-1040
-686
-297
-6
232
357
547
766
1097
1404
1714
1923
2018
1995
1990
2076
2296
2502
2657
2631
2554
2470
2484
2521
2519
2503
2437
2326
2119
1916
1797
1805
1864
1882
1718
1450
1163
989
858
684
467
220
16
-186
-369
-566
-737
-909
-1072
-1298
-1521
-1758
-1929
-2048
-2077
-2037
-1994
-1971
-1994
-1991
-1965
-1920
-1885
-1875
-1891
-1912
-1941
-1910
-1889
-1836
-1839
-1831
-1862
-1890
-1894
-1847
-1697
-1541
-1309
-1167
-1056
-1046
-945
-686
-316
89
359
514
531
583
735
1009
1293
1570
1780
1900
1888
1834
1816
1822
1897
2067
2336
2603
2684
2628
2379
2160
2036
2099
2297
2453
2546
2426
2199
1847
1579
1434
1540
1717
1805
1604
1111
583
158
103
218
386
263
-182
-780
-1262
-1403
-1315
-1159
-1162
-1371
-1684
-2013
-2190
-2249
-2127
-1972
-1858
-1892
-2059
-2222
-2313
-2209
-2009
-1740
-1596
-1631
-1846
-2036
-2067
-1941
-1710
-1446
-1168
-1032
-985
-1031
-999
-860
-566
-197
54
162
117
82
69
159
338
567
772
901
930
893
895
1031
1250
1456
1585
1629
1594
1473
1372
1359
1456
1643
1845
1989
1983
1841
1700
1588
1598
1641
1684
1627
1447
1239
1042
923
867
799
704
523
379
271
207
92
-171
-494
-849
-1064
-1221
-1292
-1405
-1604
-1857
-2092
-2177
-2202
-2195
-2241
-2258
-2220
-2113
-2007
-1969
-1939
-1805
-1475
-1031
-662
-497
-552
-632
-539
-218
166
392
371
216
52
4
81
270
481
616
629
493
307
134
126
262
509
694
760
707
634
602
681
901
1203
1467
1551
1471
1327
1289
1438
1733
2037
2203
2198
2033
1844
1705
1729
1821
1856
1739
1433
1054
635
369
277
311
304
159
-62
-322
-508
-588
-500
-335
-224
-324
-734
-1356
-1955
-2210
-2075
-1749
-1613
-1883
-2532
-3252
-3634
-3537
-3066
-2619
-2408
-2560
-2922
-3206
-3150
-2637
-1902
-1149
-648
-414
-417
-404
-193
267
861
1354
1610
1516
1219
906
798
934
1167
1255
1032
538
9
-306
-295
-39
271
459
425
216
2
-3
316
842
1376
1659
1622
1396
1232
1356
1716
2173
2481
2527
2316
2022
1845
1850
1962
2056
2040
1845
1433
914
481
342
476
693
741
469
-18
-476
-640
-480
-179
18
-82
-483
-1031
-1457
-1561
-1382
-1183
-1304
-1838
-2567
-3091
-3138
-2775
-2339
-2225
-2519
-2948
-3111
-2773
-2033
-1173
-528
-254
-228
-203
32
455
988
1468
1786
1847
1726
1563
1507
1607
1775
1853
1683
1272
747
312
72
-5
-62
-186
-343
-462
-525
-554
-542
-423
-218
61
307
495
585
650
766
982
1246
1456
1552
1551
1530
1502
1470
1399
1307
1160
938
672
469
409
434
414
255
-11
-288
-462
-475
-388
-368
-562
-948
-1358
-1647
-1811
-1896
-1944
-1984
-2099
-2360
-2781
-3243
-3561
-3557
-3277
-2939
-2794
-2900
-3065
-3041
-2674
-2038
-1312
-673
-188
216
621
1108
1631
2144
2561
2782
2798
2682
2635
2686
2766
2688
2407
1984
1591
1353
1262
1179
921
500
23
-308
-435
-401
-347
-379
-493
-586
-567
-422
-195
70
348
621
863
1048
1216
1455
1812
2186
2399
2377
2209
2058
2018
2060
2081
1961
1705
1398
1138
932
737
501
215
-91
-364
-560
-724
-935
-1293
-1776
-2283
-2677
-2944
-3156
-3459
-3896
-4364
-4670
-4707
-4559
-4403
-4334
-4285
-4086
-3625
-2951
-2205
-1488
-806
-113
601
1310
1972
2556
3064
3452
3722
3879
3982
4027
4001
3866
3588
3145
2587
2062
1692
1445
1155
691
113
-388
-686
-809
-855
-916
-974
-968
-835
-624
-467
-397
-329
-120
260
732
1177
1491
1657
1732
1774
1836
1895
1952
1962
1939
1856
1729
1560
1376
1165
881
532
188
-71
-304
-577
-964
-1446
-2003
-2583
-3105
-3489
-3735
-3966
-4356
-4973
-5662
-6131
-6185
-5924
-5629
-5512
-5535
-5473
-5123
-4447
-3567
-2669
-1835
-1079
-310
537
1512
2542
3463
4143
4545
4805
5070
5417
5728
5787
5491
4940
4366
3914
3579
3243
2786
2180
1514
946
581
377
167
-193
-657
-1002
-1002
-664
-234
15
23
-10
156
612
1197
1687
1947
2076
2252
2547
2842
2994
2970
2886
2850
2884
2901
2786
2511
2113
1672
1220
779
346
-59
-439
-819
-1341
-2086
-3000
-3803
-4260
-4371
-4433
-4794
-5538
-6382
-6889
-6875
-6535
-6250
-6224
-6329
-6228
-5688
-4770
-3782
-2963
-2321
-1632
-695
519
1769
2783
3425
3841
4245
4757
5305
5667
5679
5321
4820
4399
4186
4053
3784
3203
2354
1477
820
473
266
-34
-572
-1256
-1819
-2010
-1791
-1381
-1062
-970
-1003
-926
-606
-91
389
719
958
1311
1848
2437
2863
3019
3020
3043
3213
3435
3541
3379
3011
2591
2226
1906
1551
1153
698
213
-325
-945
-1685
-2512
-3276
-3828
-4161
-4480
-5008
-5776
-6545
-7009
-7045
-6811
-6587
-6496
-6424
-6149
-5574
-4816
-4034
-3289
-2478
-1503
-358
813
1860
2677
3315
3899
4539
5192
5694
5909
5823
5576
5281
5018
4718
4334
3791
3157
2494
1856
1237
665
229
-43
-223
-460
-797
-1145
-1348
-1338
-1187
-1013
-851
-643
-320
97
521
875
1194
1543
1964
2390
2720
2914
3020
3122
3230
3282
3202
2991
2718
2492
2323
2144
1830
1367
801
212
-353
-871
-1400
-2040
-2822
-3630
-4275
-4729
-5113
-5608
-6214
-6744
-6976
-6895
-6676
-6522
-6447
-6296
-5839
-5030
-4042
-3127
-2384
-1680
-824
263
1432
2432
3121
3578
4023
4553
5103
5482
5578
5421
5174
4978
4829
4596
4159
3522
2811
2172
1685
1294
890
387
-172
-672
-1020
-1223
-1355
-1450
-1507
-1476
-1349
-1114
-832
-536
-241
75
421
796
1228
1689
2086
2331
2436
2506
2636
2818
2940
2854
2536
2088
1704
1489
1395
1227
815
159
-556
-1123
-1491
-1777
-2159
-2703
-3346
-3926
-4315
-4510
-4646
-4852
-5149
-5410
-5505
-5372
-5071
-4721
-4377
-4002
-3475
-2776
-1990
-1275
-701
-198
373
1084
1879
2612
3157
3499
3709
3886
4051
4171
4164
3996
3697
3349
2990
2588
2077
1479
901
462
174
-65
-364
-735
-1078
-1310
-1426
-1503
-1594
-1682
-1671
-1490
-1169
-828
-561
-380
-191
84
461
867
1228
1529
1799
2069
2310
2479
2531
2474
2350
2227
2095
1915
1616
1233
832
475
158
-152
-469
-813
-1176
-1561
-1928
-2249
-2521
-2754
-2938
-3036
-3040
-3012
-3009
-3023
-2918
-2621
-2186
-1816
-1604
-1441
-1110
-532
98
551
765
944
1290
1806
2259
2474
2521
2654
2976
3315
3406
3189
2835
2572
2448
2339
2088
1687
1239
846
507
161
-223
-592
-863
-1034
-1182
-1391
-1658
-1886
-1971
-1897
-1784
-1747
-1790
-1778
-1596
-1229
-806
-488
-347
-298
-150
174
579
836
821
600
376
283
291
297
207
5
-266
-516
-689
-817
-976
-1185
-1395
-1558
-1684
-1802
-1907
-1973
-1996
-1985
-1935
-1801
-1564
-1254
-977
-786
-628
-378
42
557
999
1245
1365
1527
1854
2287
2680
2923
3009
3012
3039
3084
3078
2922
2659
2403
2233
2148
2049
1879
1623
1346
1073
797
486
142
-218
-567
-862
-1076
-1230
-1376
-1523
-1645
-1704
-1693
-1617
-1519
-1452
-1435
-1446
-1433
-1374
-1262
-1125
-995
-883
-780
-706
-712
-815
-936
-955
-845
-722
-727
-879
-1060
-1143
-1106
-1030
-1013
-1059
-1082
-1006
-878
-815
-871
-960
-947
-799
-608
-491
-445
-373
-185
112
420
678
869
1052
1257
1475
1679
1843
1997
2138
2278
2389
2463
2507
2565
2659
2762
2835
2832
2743
2576
2389
2238
2114
1959
1721
1436
1169
971
802
598
330
12
-304
-569
-729
-790
-840
-960
-1129
-1260
-1292
-1268
-1283
-1410
-1620
-1792
-1806
-1663
-1492
-1426
-1513
-1656
-1751
-1745
-1713
-1742
-1860
-2009
-2093
-2101
-2091
-2137
-2230
-2319
-2353
-2335
-2279
-2174
-2001
-1791
-1597
-1462
-1356
-1220
-1015
-743
-425
-90
220
465
631
770
943
1186
1457
1680
1809
1874
1941
2041
2162
2267
2341
2362
2334
2289
2276
2299
2314
2286
2223
2165
2132
2115
2086
2023
1910
1758
1605
1500
1442
1354
1176
944
725
526
305
66
-153
-328
-506
-703
-888
-984
-993
-1002
-1075
-1189
-1275
-1308
-1320
-1369
-1489
-1657
-1786
-1810
-1748
-1700
-1726
-1803
-1869
-1891
-1884
-1879
-1891
-1926
-1980
-2035
-2058
-2019
-1914
-1758
-1588
-1416
-1213
-955
-662
-397
-187
-16
159
362
580
768
912
1034
1164
1310
1471
1645
1825
1971
2064
2113
2152
2176
2165
2125
2088
2071
2044
1985
1886
1761
1640
1560
1543
1553
1544
1497
1410
1300
1168
1023
861
698
540
380
209
17
-185
-375
-514
-597
-650
-731
-870
-1045
-1198
-1266
-1263
-1246
-1284
-1352
-1424
-1476
-1531
-1588
-1629
-1655
-1702
-1802
-1911
-1955
-1896
-1786
-1691
-1658
-1691
-1763
-1802
-1739
-1567
-1358
-1193
-1093
-1013
-917
-792
-649
-499
-331
-140
81
282
408
444
464
559
761
1019
1260
1423
1497
1522
1547
1612
1720
1856
1962
1998
1968
1921
1864
1781
1678
1603
1585
1607
1634
1633
1585
1486
1345
1186
1007
816
649
526
442
332
167
-37
-222
-345
-403
-418
-429
-455
-540
-698
-901
-1075
-1162
-1160
-1098
-1016
-944
-908
-928
-1004
-1098
-1158
-1179
-1190
-1220
-1258
-1291
-1325
-1367
-1409
-1428
-1411
-1359
-1293
-1251
-1247
-1266
-1243
-1147
-988
-821
-668
-524
-369
-202
-40
101
217
318
436
591
765
897
949
948
949
970
1007
1069
1163
1280
1368
1389
1350
1290
1246
1245
1297
1399
1500
1550
1529
1458
1383
1341
1340
1339
1279
1141
961
802
674
560
420
239
13
-239
-460
-616
-716
-824
-968
-1124
-1232
-1273
-1269
-1265
-1267
-1250
-1180
-1058
-923
-809
-755
-740
-713
-632
-529
-480
-500
-547
-565
-546
-522
-519
-541
-560
-557
-542
-539
-559
-580
-589
-568
-505
-388
-247
-113
-19
39
79
134
211
281
321
334
364
430
522
618
710
804
913
1026
1106
1117
1070
1017
1013
1065
1141
1200
1208
1162
1067
951
833
731
651
592
538
463
344
196
55
-73
-213
-381
-545
-668
-747
-823
-923
-1049
-1173
-1276
-1347
-1363
-1305
-1186
-1054
-943
-856
-782
-736
-698
-634
-520
-393
-304
-272
-282
-292
-277
-222
-138
-60
-32
-79
-180
-293
-384
-445
-469
-472
-472
-474
-456
-398
-301
-188
-83
-1
68
173
321
468
561
603
642
695
757
814
878
957
1034
1093
1123
1134
1138
1137
1116
1057
982
941
948
936
835
651
471
368
339
327
271
167
37
-37
-38
-17
-77
-252
-473
-646
-740
-789
-814
-831
-863
-922
-982
-1000
-964
-882
-781
-685
-609
-552
-496
-436
-376
-329
-285
-221
-116
-9
41
10
-62
-121
-155
-176
-193
-175
-118
-47
-2
10
19
61
136
221
291
347
405
471
540
606
680
766
854
908
900
842
771
722
715
739
765
763
737
702
661
598
520
454
413
406
424
450
441
383
297
230
188
138
34
-120
-278
-387
-437
-483
-575
-728
-895
-1037
-1155
-1281
-1416
-1522
-1583
-1588
-1547
-1457
-1338
-1215
-1114
-1051
-1027
-1002
-939
-848
-762
-693
-618
-530
-445
-349
-196
22
237
348
347
301
296
342
400
412
380
359
415
542
660
695
647
588
575
600
612
583
534
509
529
563
573
551
530
531
556
600
648
685
691
681
669
677
675
651
611
577
555
514
428
286
122
-9
-68
-91
-146
-263
-397
-485
-512
-519
-556
-625
-699
-748
-761
-746
-728
-758
-837
-901
-881
-774
-637
-529
-464
-421
-370
-314
-254
-182
-76
48
154
221
258
287
317
340
334
294
235
192
173
166
145
96
46
35
79
143
193
237
286
328
339
337
338
338
340
389
503
645
755
798
788
751
734
744
769
775
741
667
576
495
428
370
323
286
243
194
148
105
39
-69
-212
-363
-487
-559
-575
-578
-614
-709
-838
-953
-1005
-977
-909
-856
-839
-853
-879
-897
-888
-847
-805
-798
-828
-874
-911
-933
-940
-926
-892
-839
-768
-681
-581
-465
-333
-197
-63
69
209
346
457
528
559
577
620
701
801
877
902
872
828
820
842
848
815
785
782
790
777
733
670
593
520
454
395
350
328
340
357
365
345
310
293
317
364
389
368
315
267
232
205
163
92
-15
-142
-268
-392
-516
-619
-691
-752
-821
-884
-920
-914
-880
-828
-774
-741
-744
-789
-846
-886
-882
-823
-721
-611
-533
-498
-487
-453
-376
-280
-212
-188
-173
-144
-117
-107
-102
-60
26
134
226
313
441
620
794
890
915
932
994
1087
1162
1185
1164
1130
1113
1108
1101
1072
1025
944
824
668
509
393
327
298
281
269
243
207
153
80
-11
-94
-142
-165
-184
-219
-263
-298
-298
-260
-229
-249
-321
-385
-393
-348
-310
-348
-454
-568
-633
-658
-680
-722
-761
-790
-836
-906
-969
-979
-934
-863
-783
-686
-580
-493
-446
-428
-423
-414
-392
-353
-316
-310
-332
-336
-253
-69
163
348
441
457
444
440
475
562
671
755
771
732
662
616
631
708
796
840
842
820
791
744
691
625
539
421
286
166
74
0
-81
-164
-252
-352
-463
-558
-600
-589
-558
-556
-598
-658
-671
-619
-540
-495
-497
-513
-501
-446
-363
-275
-203
-156
-127
-109
-96
-93
-106
-129
-147
-158
-169
-192
-240
-311
-397
-476
-538
-574
-569
-533
-489
-467
-455
-425
-354
-236
-83
81
232
366
500
646
793
922
1016
1082
1132
1166
1177
1158
1123
1094
1090
1103
1114
1100
1060
1006
953
902
837
763
704
678
662
622
546
452
351
258
190
150
103
22
-101
-243
-390
-528
-641
-717
-772
-836
-922
-1023
-1129
-1214
-1259
-1245
-1182
-1099
-1019
-965
-908
-833
-727
-602
-470
-340
-237
-169
-133
-115
-105
-101
-91
-91
-109
-137
-143
-110
-55
-1
25
3
-75
-177
-248
-267
-236
-173
-90
-15
18
12
23
107
258
402
486
529
596
721
877
1022
1125
1179
1188
1167
1141
1133
1153
1163
1109
982
832
716
643
559
442
302
176
70
-38
-166
-313
-449
-554
-640
-726
-808
-880
-950
-1019
-1066
-1056
-994
-927
-900
-923
-943
-929
-876
-820
-794
-802
-832
-878
-930
-960
-936
-856
-751
-656
-580
-516
-459
-414
-372
-322
-263
-192
-103
-3
83
148
201
255
305
361
417
464
492
518
566
619
639
595
516
458
464
523
590
625
631
648
695
745
772
798
853
927
971
962
924
894
902
938
957
911
790
636
496
407
354
302
208
66
-97
-247
-363
-457
-549
-641
-716
-757
-769
-759
-754
-780
-824
-834
-771
-647
-515
-427
-398
-414
-428
-409
-356
-293
-241
-215
-226
-257
-287
-300
-283
-222
-122
-12
68
100
82
44
31
71
156
254
345
416
453
449
423
404
401
409
411
412
408
383
331
272
249
278
335
373
381
370
366
356
313
228
133
83
100
162
210
214
197
198
227
249
230
167
79
-18
-112
-182
-221
-254
-318
-421
-537
-631
-682
-700
-712
-745
-808
-897
-977
-1020
-1009
-972
-946
-950
-954
-908
-815
-715
-635
-564
-486
-407
-315
-200
-63
58
150
228
298
348
370
378
385
402
426
469
525
582
611
603
562
512
476
453
433
406
383
379
386
385
368
349
340
343
353
365
379
396
422
449
458
448
431
427
430
418
381
319
235
126
3
-116
-202
-236
-238
-234
-248
-271
-292
-301
-312
-345
-410
-491
-551
-561
-526
-486
-484
-530
-593
-638
-655
-664
-665
-648
-607
-544
-466
-393
-349
-323
-283
-218
-157
-117
-81
-39
5
49
115
194
262
312
371
453
549
644
720
756
748
728
730
748
752
734
715
704
695
671
631
589
558
548
548
547
545
558
576
561
516
473
473
502
524
505
440
361
291
240
197
151
98
21
-96
-239
-384
-491
-565
-611
-648
-687
-732
-776
-807
-826
-852
-902
-954
-963
-915
-857
-843
-897
-991
-1081
-1142
-1166
-1161
-1133
-1100
-1075
-1054
-1028
-980
-914
-821
-712
-623
-577
-558
-512
-420
-301
-185
-74
43
171
286
370
438
505
589
696
832
982
1103
1172
1200
1205
1197
1175
1158
1156
1158
1133
1079
1014
962
928
895
856
810
756
679
579
469
380
326
292
263
225
178
140
125
122
107
67
16
-32
-87
-165
-255
-331
-389
-465
-572
-675
-736
-757
-777
-815
-857
-885
-893
-886
-858
-818
-780
-765
-778
-803
-813
-787
-729
-673
-628
-570
-476
-362
-267
-200
-147
-93
-19
87
216
327
388
401
400
425
480
554
623
653
615
516
422
397
448
530
600
640
645
619
589
593
652
728
782
797
788
757
703
643
597
565
530
480
421
366
313
261
202
139
73
13
-40
-90
-145
-210
-293
-373
-428
-446
-447
-462
-508
-588
-678
-759
-809
-830
-825
-807
-788
-771
-747
-730
-739
-785
-839
-866
-857
-834
-821
-823
-826
-809
-762
-697
-614
-507
-382
-270
-189
-113
-3
154
317
439
499
521
556
615
679
709
701
681
683
721
766
789
790
786
791
801
796
754
668
554
452
385
343
307
253
179
77
-42
-148
-215
-227
-189
-128
-70
-54
-97
-173
-232
-250
-238
-219
-188
-142
-104
-105
-148
-208
-254
-271
-262
-231
-183
-128
-86
-76
-103
-150
-185
-187
-162
-152
-187
-249
-294
-313
-340
-401
-467
-483
-438
-356
-282
-226
-167
-79
38
157
264
347
401
424
444
479
532
580
612
632
643
653
661
678
696
688
642
569
499
442
383
303
197
72
-38
-100
-115
-112
-100
-73
-34
-16
-33
-58
-57
-25
10
28
15
-20
-59
-91
-107
-108
-91
-80
-90
-137
-214
-288
-334
-363
-395
-431
-464
-500
-551
-601
-610
-560
-467
-362
-280
-250
-274
-318
-338
-319
-278
-240
-213
-193
-182
-184
-205
-235
-251
-235
-192
-155
-134
-101
-29
63
138
176
198
231
275
311
322
334
378
460
539
566
539
494
464
459
474
497
504
483
429
357
273
173
60
-49
-134
-194
-241
-271
-280
-282
-299
-331
-374
-412
-437
-452
-471
-500
-527
-538
-533
-530
-516
-486
-433
-369
-304
-249
-219
-205
-190
-163
-120
-62
8
73
120
150
153
121
54
-17
-69
-92
-100
-120
-161
-203
-207
-158
-61
62
188
284
332
338
337
370
458
585
706
786
820
809
770
739
750
787
817
831
841
841
794
704
588
488
428
423
452
476
471
438
388
327
269
226
183
120
35
-62
-154
-241
-318
-377
-411
-421
-422
-432
-452
-468
-474
-480
-504
-544
-585
-618
-647
-681
-720
-764
-796
-786
-732
-665
-639
-663
-701
-707
-676
-636
-606
-581
-558
-546
-551
-559
-544
-498
-428
-355
-292
-249
-207
-144
-59
25
92
144
186
223
258
311
379
445
502
550
612
698
780
810
787
749
734
728
723
706
680
662
672
709
734
718
666
599
536
473
401
322
261
249
272
285
253
177
75
-25
-104
-160
-198
-215
-214
-226
-264
-307
-328
-340
-380
-444
-495
-509
-496
-483
-506
-570
-652
-692
-669
-594
-498
-403
-316
-249
-216
-225
-269
-319
-333
-297
-226
-150
-100
-88
-109
-128
-131
-127
-134
-167
-226
-277
-281
-211
-94
28
133
215
278
324
363
402
438
461
479
501
526
556
579
591
587
571
551
540
549
568
587
585
559
519
480
444
399
323
213
80
-38
-119
-152
-149
-143
-153
-194
-242
-264
-245
-220
-230
-286
-350
-391
-415
-454
-534
-643
-751
-827
-873
-896
-893
-861
-815
-779
-752
-710
-629
-532
-469
-479
-535
-569
-529
-420
-285
-168
-88
-47
-31
-38
-60
-73
-40
47
155
250
306
331
334
347
386
447
509
551
568
562
553
560
598
656
710
745
776
805
813
787
754
758
798
842
864
870
866
833
746
622
504
420
373
349
328
285
202
97
4
-47
-48
-32
-41
-91
-157
-210
-245
-265
-276
-288
-323
-389
-475
-560
-624
-654
-641
-603
-590
-627
-697
-752
-775
-782
-787
-780
-745
-697
-651
-613
-578
-542
-509
-474
-426
-356
-258
-141
-29
57
111
155
221
309
390
427
420
391
358
325
298
285
283
288
298
324
348
356
352
358
387
425
457
466
462
443
407
343
274
225
203
184
127
33
-78
-169
-231
-272
-305
-344
-398
-453
-485
-494
-510
-551
-596
-607
-582
-553
-537
-544
-563
-580
-557
-482
-389
-322
-294
-281
-277
-272
-277
-290
-325
-374
-425
-465
-477
-446
-373
-282
-196
-125
-67
-25
13
70
164
277
384
482
582
671
737
785
838
908
977
1034
1071
1105
1142
1170
1165
1124
1065
1013
976
938
881
801
717
645
586
530
472
418
379
363
356
341
313
285
268
248
207
145
75
-2
-97
-199
-289
-349
-390
-427
-468
-513
-577
-680
-820
-970
-1089
-1151
-1152
-1115
-1083
-1077
-1080
-1067
-1029
-970
-899
-847
-836
-843
-824
-757
-657
-549
-447
-361
-285
-205
-116
-42
-14
-21
-30
6
105
246
373
441
452
438
416
395
390
413
451
475
466
431
386
350
337
349
382
425
475
514
525
499
454
415
384
344
274
193
130
95
61
12
-40
-80
-97
-106
-125
-160
-205
-243
-266
-272
-273
-294
-360
-450
-526
-561
-566
-556
-544
-546
-564
-589
-602
-599
-573
-510
-424
-355
-329
-318
-273
-183
-81
6
71
111
130
141
152
164
171
188
228
304
417
532
622
681
728
767
792
802
807
804
774
701
603
511
456
445
462
475
457
416
381
368
360
338
300
264
248
251
243
200
129
55
-3
-54
-87
-79
-25
32
46
25
-4
-19
-31
-44
-59
-84
-120
-147
-154
-163
-208
-295
-399
-498
-583
-648
-687
-696
-682
-649
-606
-559
-518
-490
-480
-486
-496
-490
-455
-399
-349
-322
-306
-270
-209
-140
-83
-32
15
48
62
57
30
-17
-54
-41
34
134
214
251
256
253
259
275
290
283
251
212
207
254
328
385
389
335
245
163
114
94
73
50
39
43
45
32
21
29
52
62
40
-15
-68
-85
-56
-4
34
47
30
-19
-82
-124
-118
-92
-91
-144
-231
-331
-414
-467
-480
-470
-463
-473
-499
-543
-595
-635
-637
-591
-505
-402
-309
-240
-183
-127
-83
-48
-10
46
108
169
243
336
428
488
517
536
557
577
590
597
611
627
637
618
569
503
437
386
358
348
348
347
338
307
248
176
119
88
74
79
107
155
216
286
351
382
351
288
247
267
324
372
381
356
313
266
228
199
154
85
12
-41
-87
-153
-228
-280
-299
-297
-276
-239
-197
-189
-242
-358
-505
-632
-694
-697
-678
-676
-689
-688
-665
-632
-597
-556
-511
-469
-434
-398
-366
-333
-281
-203
-114
-52
-35
-45
-32
26
106
169
195
202
212
229
239
232
209
172
127
84
60
64
81
89
82
67
56
60
69
70
44
11
16
97
225
328
341
275
178
98
50
36
53
99
156
192
189
149
90
19
-65
-146
-198
-224
-252
-301
-365
-418
-449
-457
-434
-396
-368
-374
-410
-453
-466
-424
-353
-303
-299
-337
-380
-413
-434
-442
-424
-375
-310
-249
-200
-160
-127
-94
-46
39
164
306
435
522
547
526
499
499
523
546
549
536
522
508
501
510
536
567
603
640
667
660
622
580
551
532
516
512
519
521
498
452
404
365
345
346
361
369
351
318
288
269
251
219
168
97
16
-59
-107
-140
-187
-251
-303
-311
-281
-244
-222
-225
-251
-299
-361
-421
-468
-499
-517
-532
-559
-591
-614
-607
-580
-559
-558
-565
-565
-576
-596
-599
-550
-472
-412
-367
-295
-183
-66
14
57
88
119
157
204
257
283
275
254
259
293
330
360
376
378
350
308
276
272
287
297
296
280
261
251
253
261
250
210
143
78
34
1
-48
-125
-200
-241
-250
-264
-285
-296
-281
-268
-286
-333
-391
-435
-462
-474
-499
-535
-564
-569
-561
-555
-551
-543
-543
-562
-582
-582
-569
-562
-561
-545
-507
-462
-413
-359
-289
-214
-136
-56
27
112
197
287
380
453
488
487
490
508
522
507
483
478
486
488
474
464
456
456
475
513
549
562
561
577
614
646
653
644
630
614
602
593
574
525
449
370
313
284
290
318
364
402
426
419
378
300
202
105
8
-82
-156
-203
-231
-242
-221
-170
-121
-108
-125
-144
-157
-170
-186
-188
-166
-128
-83
-50
-47
-93
-172
-256
-313
-326
-315
-301
-302
-314
-327
-336
-327
-312
-314
-349
-388
-397
-355
-276
-191
-140
-133
-135
-112
-67
-28
-5
9
18
4
-22
-44
-59
-85
-130
-165
-174
-158
-138
-129
-143
-178
-219
-240
-218
-164
-109
-79
-79
-108
-164
-213
-209
-146
-77
-56
-93
-160
-219
-248
-252
-242
-234
-216
-186
-152
-134
-140
-179
-229
-259
-253
-224
-194
-163
-126
-96
-100
-135
-172
-178
-147
-104
-84
-103
-139
-156
-129
-68
8
72
115
141
161
180
205
231
268
323
402
495
563
583
557
518
494
485
477
469
467
476
490
501
496
472
427
383
367
386
412
391
289
135
16
-4
59
144
198
216
224
257
319
371
368
297
190
109
82
106
158
209
231
194
126
75
47
0
-103
-230
-326
-349
-290
-207
-173
-216
-279
-291
-247
-182
-123
-102
-147
-249
-337
-350
-305
-257
-240
-231
-212
-181
-138
-107
-113
-158
-209
-218
-180
-117
-55
-17
-28
-91
-179
-251
-299
-320
-312
-276
-211
-124
-24
66
126
165
208
280
366
438
465
439
371
287
222
183
146
80
-9
-86
-115
-109
-111
-154
-230
-301
-352
-392
-424
-435
-418
-400
-412
-453
-489
-499
-491
-479
-463
-423
-355
-286
-243
-232
-228
-211
-187
-175
-191
-224
-248
-240
-202
-168
-164
-185
-213
-228
-226
-206
-170
-126
-87
-55
-10
75
201
325
393
393
352
321
337
401
477
530
557
582
613
639
643
619
571
525
510
529
562
580
562
527
507
522
558
593
607
595
565
531
500
469
433
405
404
420
421
379
305
224
153
92
31
-33
-86
-123
-148
-186
-254
-332
-393
-431
-452
-458
-437
-391
-349
-341
-359
-378
-380
-374
-377
-391
-405
-392
-363
-339
-335
-325
-286
-241
-201
-173
-151
-146
-150
-149
-149
-172
-212
-240
-236
-217
-211
-231
-275
-317
-329
-300
-250
-203
-169
-148
-139
-145
-155
-159
-161
-164
-168
-163
-148
-136
-144
-179
-219
-231
-193
-123
-50
2
28
40
52
82
114
130
128
121
109
76
32
3
14
42
51
34
-1
-44
-92
-130
-129
-81
-1
84
153
195
199
175
148
136
148
186
245
310
349
346
313
252
180
119
93
105
146
198
238
244
220
187
159
132
113
120
155
196
225
235
231
229
243
287
344
386
397
372
318
250
188
147
134
136
134
119
96
60
0
-91
-180
-222
-224
-209
-195
-181
-173
-174
-171
-153
-126
-120
-143
-172
-180
-151
-92
-21
47
87
93
69
46
34
21
-19
-87
-163
-231
-288
-333
-353
-347
-325
-298
-265
-225
-180
-149
-148
-174
-218
-275
-332
-354
-313
-216
-120
-77
-107
-186
-255
-262
-189
-90
-32
-41
-59
-24
52
97
54
-44
-115
-110
-50
3
5
-37
-94
-135
-147
-120
-66
-9
24
25
23
52
120
200
260
287
302
316
344
386
438
481
511
535
562
583
587
580
566
550
522
490
454
404
328
231
137
74
57
79
108
113
78
24
-13
-10
19
41
28
-21
-82
-132
-159
-167
-153
-117
-62
-22
-24
-76
-170
-269
-329
-332
-305
-281
-280
-307
-359
-401
-378
-290
-193
-151
-165
-202
-230
-255
-299
-352
-380
-362
-317
-270
-246
-257
-306
-356
-357
-296
-214
-163
-160
-177
-182
-144
-71
19
95
135
137
124
120
120
95
41
-8
-18
17
74
125
157
184
217
257
294
321
337
333
310
284
283
309
334
324
277
220
180
164
161
158
152
140
119
88
61
48
42
21
-17
-60
-99
-136
-176
-211
-243
-274
-308
-323
-301
-260
-230
-227
-222
-191
-141
-108
-103
-105
-91
-65
-44
-46
-76
-128
-178
-202
-198
-169
-129
-91
-69
-57
-25
40
115
162
161
126
78
53
70
124
188
249
301
351
403
443
466
469
453
418
367
326
298
279
252
232
239
266
281
260
212
173
151
130
93
52
34
37
36
9
-36
-91
-144
-184
-206
-223
-252
-287
-319
-359
-422
-492
-529
-519
-494
-491
-512
-521
-488
-434
-397
