-62
-139
-215
-275
-297
-277
-235
-203
-195
-194
-193
-187
-171
-151
-140
-128
-80
12
103
158
175
183
199
220
242
247
218
142
31
-83
-167
-232
-302
-375
-417
-406
-373
-365
-393
-437
-458
-457
-435
-406
-365
-305
-229
-157
-124
-125
-120
-67
33
134
191
193
160
134
129
138
140
129
124
136
139
110
60
35
61
112
159
193
215
228
218
176
121
82
84
114
148
167
164
142
102
56
14
-7
-10
-6
0
21
64
118
174
222
255
254
204
119
19
-77
-161
-226
-258
-258
-250
-252
-245
-215
-182
-182
-205
-234
-259
-269
-256
-225
-203
-200
-203
-201
-199
-196
-194
-201
-222
-233
-187
-86
3
28
-17
-97
-168
-202
-174
-98
-15
41
73
84
55
-29
-132
-182
-135
1
156
260
289
261
221
194
203
251
327
402
443
431
360
252
146
70
28
9
-5
-21
-45
-73
-94
-101
-84
-43
11
44
32
-30
-116
-184
-202
-162
-94
-16
68
155
229
285
332
369
389
387
398
442
492
490
416
325
264
257
270
263
202
91
-19
-78
-64
0
80
129
149
164
182
185
156
118
103
129
171
190
159
88
15
-34
-38
0
55
87
87
70
59
68
87
96
75
27
-45
-143
-275
-431
-587
-717
-813
-863
-862
-807
-727
-656
-615
-577
-520
-450
-398
-381
-369
-346
-326
-350
-398
-406
-353
-277
-249
-271
-304
-281
-179
-46
46
58
28
-8
-37
-65
-88
-100
-121
-158
-208
-237
-222
-171
-108
-56
-9
57
139
231
315
368
387
391
400
395
359
324
334
366
356
294
244
244
254
228
158
78
9
-37
-62
-65
-53
-42
-40
-36
-25
-18
-26
-34
-19
40
146
270
361
396
404
420
435
436
448
507
596
658
662
609
509
361
198
88
65
95
128
154
167
149
95
38
12
12
26
33
28
-7
-56
-90
-97
-91
-93
-86
-61
-12
50
105
149
169
175
168
146
110
57
-9
-70
-99
-84
-46
-29
-64
-159
-277
-371
-410
-407
-383
-361
-356
-376
-407
-415
-399
-377
-372
-370
-354
-315
-269
-231
-214
-223
-250
-296
-355
-401
-411
-390
-365
-327
-242
-123
-21
29
34
11
-29
-66
-93
-124
-170
-207
-211
-183
-151
-133
-134
-140
-131
-82
17
119
175
177
172
189
200
197
201
231
261
279
300
332
369
398
419
425
398
337
250
135
2
-107
-139
-92
-31
-6
-18
-42
-64
-90
-104
-89
-36
45
127
190
226
235
238
268
336
417
479
492
452
384
331
297
263
225
215
227
219
158
59
-35
-108
-164
-199
-209
-200
-196
-215
-248
-270
-253
-199
-138
-85
-50
-33
-59
-130
-204
-236
-213
-162
-105
-62
-59
-97
-123
-89
-14
30
2
-73
-138
-177
-200
-237
-284
-331
-373
-397
-382
-337
-308
-324
-354
-347
-310
-264
-226
-191
-165
-147
-123
-81
-11
85
196
301
373
388
367
342
346
372
399
422
433
413
346
257
187
141
115
97
88
93
118
152
167
165
167
210
274
331
358
358
340
314
306
314
331
338
334
313
257
165
75
36
48
51
7
-71
-146
-202
-253
-297
-325
-338
-346
-363
-392
-417
-424
-399
-347
-277
-208
-155
-102
-44
7
24
13
2
13
38
46
32
19
41
79
78
7
-111
-239
-351
-437
-493
-526
-530
-494
-432
-369
-330
-301
-276
-262
-266
-277
-270
-220
-127
-12
79
125
145
164
173
161
141
153
191
236
257
245
211
179
174
197
234
259
263
228
174
126
112
119
117
89
48
18
1
-11
-17
-9
1
-9
-40
-84
-127
-162
-191
-207
-210
-188
-148
-103
-65
-40
-29
-34
-30
-19
-18
-51
-81
-74
-41
-21
-17
10
75
132
135
84
34
27
68
126
171
185
169
139
106
80
70
78
101
127
141
142
126
107
93
95
121
168
205
200
145
74
31
38
59
53
21
-17
-56
-94
-98
-48
15
40
47
103
210
294
266
136
-3
-58
-9
101
222
334
433
521
588
615
591
531
452
366
258
132
17
-59
-96
-121
-160
-213
-250
-277
-321
-390
-444
-463
-465
-463
-442
-391
-339
-311
-295
-257
-198
-130
-62
7
63
77
45
5
-16
-24
-44
-80
-110
-125
-140
-179
-253
-343
-396
-394
-355
-326
-312
-314
-334
-363
-373
-334
-261
-178
-93
-8
68
113
138
160
201
251
280
269
228
186
143
98
50
-2
-65
-145
-233
-314
-386
-451
-500
-518
-491
-431
-356
-268
-155
-40
28
33
35
111
256
391
458
465
451
424
387
370
399
453
469
406
285
171
106
69
15
-56
-108
-130
-151
-186
-229
-255
-263
-250
-207
-142
-82
-47
-9
72
205
352
475
545
569
577
581
550
475
401
369
351
281
150
9
-104
-188
-226
-204
-134
-75
-58
-62
-52
-16
33
89
138
158
140
109
98
106
119
121
128
166
229
273
246
171
101
55
2
-72
-145
-186
-194
-206
-256
-336
-393
-393
-352
-297
-228
-133
-30
63
127
150
120
55
-12
-56
-88
-115
-141
-146
-113
-57
-22
-55
-161
-305
-430
-498
-507
-465
-376
-256
-147
-87
-86
-107
-114
-80
-19
45
79
94
115
141
152
147
155
198
261
300
275
203
118
32
-54
-142
-186
-173
-129
-99
-93
-105
-122
-131
-118
-74
-13
53
106
149
195
253
298
294
243
188
165
171
180
175
153
134
135
148
145
107
39
-51
-144
-222
-255
-239
-196
-184
-229
-298
-329
-307
-274
-243
-194
-128
-81
-60
-31
16
51
28
-28
-57
-9
79
146
155
111
27
-80
-175
-233
-250
-241
-213
-175
-136
-102
-57
-10
36
59
62
55
81
161
259
319
327
304
279
251
241
255
276
258
192
121
70
37
-8
-65
-116
-154
-172
-182
-205
-262
-324
-337
-270
-140
20
177
309
391
419
408
377
341
302
274
229
138
3
-130
-211
-252
-278
-317
-370
-427
-468
-464
-423
-383
-357
-315
-235
-147
-74
-7
64
112
123
121
153
219
298
368
426
461
461
414
325
219
149
150
212
253
201
78
-20
-10
76
158
179
163
162
184
187
131
33
-31
-9
62
114
119
106
85
60
47
69
121
157
156
110
45
-12
-60
-99
-136
-169
-204
-222
-194
-130
-88
-88
-79
-17
85
163
166
88
-23
-115
-144
-120
-70
-33
-39
-88
-164
-234
-292
-317
-316
-299
-307
-348
-407
-458
-478
-465
-417
-368
-349
-379
-431
-462
-450
-393
-305
-208
-128
-90
-90
-105
-127
-148
-145
-87
17
122
191
213
192
159
151
171
195
199
176
117
25
-65
-111
-84
-7
65
74
7
-60
-65
6
86
121
104
72
65
91
130
161
162
134
105
111
160
201
192
146
118
139
197
263
318
360
392
412
408
378
336
309
319
365
420
446
428
398
388
386
366
322
279
233
162
57
-47
-117
-158
-201
-250
-279
-277
-294
-360
-455
-506
-482
-394
-280
-173
-94
-55
-39
-22
13
52
65
54
34
39
75
124
150
130
92
66
54
15
-63
-168
-255
-296
-283
-242
-197
-153
-107
-60
-32
-31
-39
-5
86
188
239
243
258
304
344
339
276
169
43
-53
-82
-65
-40
-16
11
24
-21
-130
-266
-386
-475
-520
-518
-486
-464
-464
-443
-367
-263
-198
-198
-240
-260
-232
-155
-58
30
78
78
62
74
121
163
172
154
135
128
123
79
-17
-130
-195
-201
-182
-173
-182
-192
-194
-176
-144
-93
-33
23
38
12
-11
4
51
99
153
212
251
246
219
215
243
256
196
58
-105
-229
-297
-336
-365
-354
-289
-189
-115
-104
-141
-172
-136
-12
170
328
397
371
319
319
378
434
438
416
420
453
485
491
485
476
462
440
426
431
417
353
252
151
82
46
39
45
43
28
6
-17
-40
-60
-62
-29
30
87
102
68
6
-58
-108
-137
-132
-98
-61
-41
-40
-38
-15
27
71
123
194
274
314
283
195
97
41
43
91
152
190
201
194
172
140
100
68
42
0
-55
-117
-175
-254
-353
-446
-498
-509
-516
-534
-560
-588
-626
-664
-679
-663
-650
-679
-738
-775
-760
-708
-663
-646
-647
-646
-624
-596
-582
-598
-636
-684
-701
-649
-539
-434
-374
-338
-296
-229
-142
-44
41
95
125
150
183
229
297
384
470
549
635
729
806
844
848
838
816
782
727
660
591
543
522
514
500
506
552
617
659
685
743
828
883
861
768
624
460
315
233
200
157
71
-42
-151
-252
-373
-522
-664
-737
-738
-731
-772
-845
-908
-950
-984
-1001
-966
-849
-680
-527
-438
-390
-306
-157
38
235
413
567
677
740
781
835
895
927
937
969
1042
1119
1144
1120
1097
1121
1179
1214
1193
1128
1068
1033
997
929
834
758
721
696
648
573
483
374
202
-54
-393
-787
-1203
-1595
-1926
-2179
-2382
-2553
-2689
-2744
-2681
-2508
-2292
-2104
-1973
-1863
-1711
-1483
-1216
-984
-834
-751
-681
-597
-494
-402
-353
-350
-350
-290
-176
-52
47
129
197
240
282
358
459
517
504
480
517
621
743
845
946
1065
1196
1310
1408
1523
1674
1846
2002
2116
2184
2200
2157
2082
2021
1993
1982
1933
1811
1610
1388
1193
1016
805
554
321
145
7
-135
-311
-546
-824
-1085
-1254
-1337
-1414
-1532
-1655
-1711
-1685
-1624
-1604
-1655
-1752
-1816
-1799
-1713
-1614
-1525
-1438
-1346
-1245
-1139
-1022
-904
-815
-780
-774
-739
-644
-529
-450
-433
-453
-469
-453
-385
-282
-173
-92
-52
-43
-31
5
57
119
210
370
610
888
1129
1281
1372
1446
1543
1648
1763
1890
2025
2136
2200
2221
2222
2217
2211
2201
2181
2152
2100
1988
1779
1478
1159
881
632
329
-90
-616
-1192
-1740
-2189
-2501
-2692
-2826
-2968
-3122
-3235
-3249
-3167
-3026
-2843
-2592
-2266
-1904
-1556
-1267
-1056
-914
-772
-547
-243
36
181
195
160
156
214
324
440
514
535
534
542
537
476
357
240
204
273
404
531
616
659
705
809
1021
1318
1620
1843
1998
2178
2448
2773
3049
3213
3262
3263
3272
3317
3388
3441
3423
3320
3186
3057
2902
2642
2224
1696
1130
582
18
-625
-1384
-2216
-3026
-3693
-4159
-4486
-4792
-5128
-5417
-5538
-5434
-5139
-4760
-4404
-4092
-3745
-3263
-2676
-2114
-1708
-1467
-1294
-1050
-687
-286
10
131
144
186
338
567
738
756
624
457
369
381
431
418
319
204
173
244
351
409
377
314
343
556
922
1293
1557
1716
1875
2135
2511
2922
3260
3472
3600
3717
3890
4100
4245
4235
4106
3993
3959
3923
3749
3376
2854
2296
1797
1339
809
107
-750
-1668
-2547
-3322
-3965
-4509
-5020
-5487
-5808
-5881
-5731
-5455
-5141
-4814
-4459
-4028
-3518
-2978
-2513
-2168
-1896
-1588
-1161
-634
-113
278
505
627
750
915
1099
1236
1280
1234
1164
1129
1130
1069
876
583
335
232
259
315
308
213
94
62
211
523
899
1262
1600
1958
2371
2829
3284
3674
3977
4228
4490
4809
5158
5464
5657
5729
5707
5594
5353
4971
4487
3974
3465
2907
2195
1261
130
-1081
-2232
-3229
-4064
-4798
-5502
-6169
-6725
-7055
-7126
-6994
-6787
-6584
-6370
-6052
-5560
-4911
-4238
-3684
-3302
-3007
-2654
-2169
-1598
-1067
-671
-419
-210
69
431
746
885
853
792
817
929
1009
941
683
326
39
-61
11
122
148
69
-18
12
208
518
843
1124
1396
1727
2166
2676
3165
3559
3880
4225
4654
5129
5552
5847
5998
6040
6025
5973
5837
5558
5135
4619
4028
3325
2491
1574
644
-273
-1204
-2190
-3214
-4193
-5015
-5619
-6036
-6356
-6636
-6832
-6832
-6577
-6143
-5671
-5259
-4869
-4412
-3824
-3152
-2517
-2011
-1617
-1235
-805
-352
39
314
493
651
816
941
970
912
835
798
790
735
560
275
-13
-204
-283
-302
-279
-227
-138
-29
106
284
530
868
1284
1733
2167
2615
3137
3747
4368
4882
5255
5558
5889
6255
6566
6709
6652
6455
6206
5939
5604
5113
4405
3525
2581
1672
782
-182
-1288
-2469
-3578
-4497
-5237
-5897
-6553
-7177
-7622
-7751
-7562
-7223
-6913
-6636
-6270
-5730
-5063
-4388
-3812
-3388
-3080
-2767
-2358
-1881
-1452
-1152
-985
-854
-652
-351
-47
138
183
173
219
375
586
744
761
665
572
584
713
843
856
755
728
917
1293
1670
1967
2226
2547
2960
3419
3869
4268
4629
4984
5368
5757
6093
6309
6393
6382
6334
6270
6139
5871
5450
4925
4329
3643
2868
2020
1088
37
-1107
-2249
-3313
-4269
-5129
-5911
-6628
-7245
-7674
-7851
-7799
-7585
-7273
-6890
-6446
-5936
-5352
-4709
-4055
-3465
-2974
-2539
-2069
-1531
-1001
-579
-282
-33
232
502
720
847
903
941
1026
1172
1331
1401
1329
1148
957
850
865
934
948
864
787
856
1109
1459
1793
2081
2369
2733
3192
3692
4160
4575
4965
5343
5697
6002
6244
6410
6497
6529
6540
6519
6399
6118
5684
5140
4493
3714
2822
1870
885
-143
-1224
-2305
-3357
-4366
-5339
-6253
-7067
-7715
-8149
-8345
-8361
-8264
-8106
-7870
-7490
-6943
-6279
-5612
-5003
-4476
-4016
-3618
-3224
-2804
-2361
-1951
-1572
-1186
-772
-385
-113
33
149
342
621
905
1114
1216
1231
1203
1185
1214
1282
1366
1426
1480
1587
1820
2154
2510
2835
3137
3462
3853
4311
4778
5170
5469
5714
5958
6231
6532
6805
6960
6969
6892
6801
6657
6360
5871
5258
4590
3875
3084
2200
1215
126
-1028
-2169
-3257
-4294
-5281
-6176
-6936
-7556
-8042
-8360
-8491
-8473
-8366
-8166
-7821
-7325
-6746
-6158
-5575
-4990
-4440
-3955
-3507
-3028
-2505
-2004
-1571
-1181
-765
-343
21
305
561
810
1032
1220
1403
1559
1629
1599
1541
1516
1497
1473
1495
1613
1795
1968
2124
2293
2504
2758
3076
3466
3896
4334
4790
5295
5814
6240
6493
6627
6782
7002
7173
7158
6964
6718
6496
6273
5972
5537
4909
4091
3193
2344
1502
540
-589
-1784
-2971
-4116
-5177
-6095
-6893
-7609
-8185
-8536
-8637
-8576
-8413
-8206
-7925
-7529
-6996
-6400
-5805
-5247
-4765
-4374
-4003
-3538
-3005
-2532
-2196
-1923
-1632
-1277
-867
-441
-64
246
531
835
1149
1429
1638
1769
1853
1938
2030
2115
2184
2257
2339
2430
2553
2721
2934
3169
3411
3639
3850
4088
4404
4797
5208
5577
5877
6114
6337
6566
6742
6762
6633
6461
6299
6072
5698
5188
4574
3872
3091
2265
1388
401
-719
-1881
-2976
-3987
-4962
-5929
-6820
-7566
-8128
-8509
-8716
-8771
-8694
-8486
-8140
-7665
-7117
-6554
-6002
-5448
-4882
-4308
-3737
-3173
-2617
-2081
-1581
-1098
-624
-184
170
456
740
1038
1303
1512
1702
1890
2042
2141
2218
2312
2422
2523
2572
2547
2477
2445
2499
2619
2749
2863
2996
3212
3550
3962
4356
4701
5053
5466
5902
6269
6518
6688
6815
6886
6868
6772
6609
6351
5959
5442
4832
4134
3347
2491
1575
580
-487
-1579
-2656
-3718
-4752
-5728
-6612
-7374
-7983
-8431
-8747
-8916
-8914
-8741
-8462
-8111
-7695
-7222
-6694
-6103
-5475
-4896
-4403
-3932
-3416
-2849
-2244
-1628
-1062
-611
-240
133
542
927
1250
1509
1735
1957
2176
2363
2467
2519
2596
2750
2933
3066
3106
3060
2969
2889
2899
3024
3233
3448
3643
3852
4104
4381
4662
4974
5310
5614
5838
6043
6287
6540
6675
6624
6436
6210
5968
5649
5201
4603
3850
2964
2022
1089
143
-897
-2043
-3227
-4354
-5390
-6315
-7116
-7787
-8344
-8786
-9052
-9108
-8971
-8710
-8354
-7917
-7411
-6861
-6256
-5608
-4962
-4384
-3860
-3326
-2732
-2082
-1429
-823
-285
220
738
1269
1763
2151
2425
2637
2853
3091
3294
3378
3307
3147
3007
2964
2980
2974
2885
2737
2583
2505
2552
2723
2944
3129
3278
3445
3683
3993
4351
4722
5059
5324
5536
5796
6136
6444
6568
6492
6333
6168
5961
5646
5187
4558
3761
2861
1941
987
-68
-1257
-2508
-3725
-4846
-5873
-6839
-7733
-8489
-9031
-9336
-9443
-9418
-9317
-9138
-8821
-8311
-7642
-6938
-6288
-5711
-5156
-4579
-3960
-3299
-2619
-1940
-1279
-637
-7
611
1188
1685
2089
2415
2701
2971
3217
3394
3470
3448
3361
3273
3217
3174
3078
2895
2681
2522
2470
2516
2626
2751
2864
2995
3236
3619
4083
4492
4801
5072
5371
5663
5877
6042
6238
6460
6608
6632
6564
6391
6028
5455
4788
4110
3364
2462
1441
388
-689
-1821
-3004
-4189
-5349
-6433
-7356
-8042
-8526
-8919
-9282
-9544
-9580
-9369
-8999
-8551
-8016
-7371
-6649
-5907
-5168
-4466
-3831
-3228
-2543
-1731
-866
-77
583
1134
1634
2126
2619
3070
3430
3681
3846
3939
3970
3920
3766
3513
3231
3027
2923
2839
2687
2500
2365
2312
2308
2346
2426
2512
2570
2660
2856
3159
3503
3854
4209
4540
4818
5071
5388
5795
6170
6341
6276
6126
6026
5901
5571
4996
4278
3500
2652
1727
705
-460
-1762
-3067
-4255
-5346
-6414
-7441
-8302
-8919
-9319
-9585
-9753
-9792
-9640
-9294
-8802
-8205
-7523
-6797
-6073
-5328
-4526
-3713
-2961
-2262
-1542
-809
-126
493
1093
1691
2233
2685
3053
3385
3682
3913
4036
4065
4044
3970
3796
3534
3254
2988
2721
2452
2201
1988
1838
1786
1812
1855
1917
2050
2269
2527
2804
3098
3385
3662
3978
4322
4613
4843
5140
5588
6058
6352
6408
6309
6097
5770
5333
4834
4224
3406
2357
1175
-41
-1255
-2487
-3742
-4986
-6118
-7043
-7765
-8384
-8961
-9423
-9664
-9625
-9366
-8978
-8532
-8001
-7308
-6433
-5472
-4535
-3643
-2766
-1877
-1004
-182
551
1194
1773
2313
2811
3260
3650
3973
4182
4260
4217
4087
3903
3708
3508
3264
2943
2575
2236
1941
1662
1369
1108
970
1000
1115
1188
1198
1238
1362
1542
1771
2099
2551
3061
3558
3991
4327
4593
4936
5468
6062
6454
6535
6426
6246
5975
5551
5027
4430
3696
2718
1515
234
-981
-2104
-3245
-4487
-5784
-6961
-7894
-8599
-9196
-9735
-10137
-10251
-9998
-9483
-8895
-8353
-7778
-7023
-6054
-4990
-3985
-3091
-2263
-1424
-544
326
1071
1617
2013
2407
2876
3338
3642
3699
3541
3282
3042
2873
2704
2426
2018
1596
1313
1216
1210
1157
971
715
549
595
820
1075
1250
1362
1494
1720
2052
2449
2846
3211
3582
4017
4509
4959
5295
5585
5983
6522
7034
7295
7214
6881
6433
5980
5537
4992
4174
2988
1572
178
-1014
-2078
-3228
-4614
-6106
-7379
-8190
-8626
-8994
-9472
-9904
-9967
-9534
-8788
-8027
-7357
-6662
-5778
-4700
-3552
-2464
-1486
-633
118
841
1611
2402
3073
3503
3707
3826
3974
4145
4188
3994
3588
3146
2798
2532
2247
1864
1392
907
510
279
186
93
-98
-307
-342
-115
238
486
529
522
732
1276
1966
2474
2690
2859
3298
4014
4666
4998
5162
5537
6234
6906
7109
6738
6111
5598
5280
4908
4166
2985
1603
298
-882
-2094
-3422
-4805
-6115
-7267
-8182
-8842
-9339
-9779
-10121
-10195
-9914
-9373
-8710
-7973
-7129
-6165
-5128
-4072
-3031
-2002
-1000
-48
819
1588
2249
2803
3271
3664
3939
4056
4030
3934
3779
3506
3098
2651
2283
1976
1637
1222
808
462
193
-45
-286
-501
-597
-488
-260
-103
-96
-74
182
697
1297
1802
2193
2583
3102
3785
4528
5152
5535
5766
6081
6650
7361
7866
7871
7362
6615
5974
5584
5235
4530
3255
1591
-87
-1541
-2792
-3995
-5292
-6719
-8129
-9243
-9858
-10034
-10054
-10141
-10238
-10057
-9366
-8243
-7028
-5992
-5108
-4156
-2991
-1705
-486
534
1363
2056
2662
3195
3651
4004
4232
4307
4240
4059
3838
3625
3384
3010
2454
1834
1330
1039
871
672
361
0
-284
-403
-350
-202
-60
-7
-35
-28
159
582
1123
1600
1916
2157
2517
3142
3990
4790
5241
5321
5408
5933
6882
7740
7939
7343
6316
5435
5038
4922
4498
3316
1502
-413
-1962
-3084
-4038
-5153
-6569
-8104
-9370
-10069
-10254
-10211
-10193
-10210
-10087
-9598
-8681
-7484
-6295
-5281
-4358
-3367
-2253
-1214
-380
230
855
1703
2762
3677
4027
3704
3073
2636
2666
3061
3471
3540
3030
2089
1109
473
262
294
308
102
-317
-722
-849
-675
-400
-215
-144
-92
79
491
1134
1780
2178
2307
2417
2787
3540
4561
5540
6146
6315
6347
6656
7364
8150
8521
8174
7239
6178
5458
5137
4801
3934
2376
385
-1596
-3204
-4307
-5106
-5994
-7230
-8647
-9811
-10364
-10279
-9823
-9339
-9017
-8749
-8247
-7317
-6039
-4698
-3569
-2729
-2027
-1228
-224
877
1861
2569
2941
3037
2989
2987
3156
3432
3614
3454
2918
2197
1609
1326
1247
1123
766
195
-379
-725
-748
-554
-372
-354
-460
-498
-300
97
524
836
1042
1243
1553
2026
2638
3260
3844
4434
5093
5740
6233
6550
6849
7299
7851
8241
8178
7567
6571
5547
4794
4303
3712
2616
910
-1115
-3023
-4492
-5477
-6194
-7023
-8191
-9522
-10540
-10861
-10507
-9820
-9181
-8750
-8433
-7982
-7203
-6051
-4673
-3301
-2169
-1353
-730
-59
803
1772
2621
3139
3267
3109
2888
2820
2993
3245
3272
2857
2070
1238
702
564
634
605
339
-69
-406
-521
-376
-66
265
507
638
705
787
984
1366
1899
2460
2945
3344
3705
4085
4560
5204
5977
6670
7099
7300
7475
7769
8128
8335
8134
7368
6164
4883
3848
3045
2191
999
-617
-2509
-4380
-5899
-6916
-7577
-8212
-9038
-9984
-10746
-11036
-10764
-10055
-9121
-8159
-7303
-6601
-5947
-5124
-3981
-2593
-1257
-252
369
786
1244
1834
2451
2895
3070
3027
2905
2786
2684
2575
2428
2165
1728
1186
734
498
429
382
256
48
-179
-322
-298
-95
226
576
875
1061
1160
1305
1640
2204
2875
3516
4046
4477
4851
5248
5748
6360
6968
7414
7651
7771
7919
8124
8226
7939
7103
5876
4633
3612
2724
1700
319
-1446
-3410
-5257
-6715
-7728
-8448
-9083
-9752
-10422
-10921
-11025
-10623
-9803
-8795
-7793
-6866
-5980
-5073
-4085
-2994
-1836
-722
243
1002
1568
2005
2366
2672
2890
2981
2931
2787
2592
2370
2092
1716
1260
832
550
413
285
47
-251
-451
-429
-217
38
218
325
467
725
1067
1373
1572
1718
1933
2289
2765
3276
3742
4101
4383
4714
5231
5911
6593
7109
7420
7586
7725
7891
7974
7665
6757
5421
4094
3059
2218
1268
-50
-1788
-3779
-5694
-7264
-8415
-9218
-9770
-10146
-10455
-10731
-10874
-10688
-10084
-9123
-7972
-6773
-5607
-4484
-3373
-2260
-1142
-44
1010
1945
2661
3087
3279
3406
3613
3888
4050
3933
3505
2900
2279
1735
1283
901
556
233
-64
-332
-536
-636
-573
-376
-170
-67
-17
154
514
930
1223
1387
1579
1939
2460
3033
3561
4018
4454
4909
5380
5833
6294
6790
7302
7739
8012
8088
7964
7613
6963
6004
4842
3658
2548
1458
239
-1228
-2947
-4776
-6482
-7893
-8961
-9749
-10329
-10770
-11103
-11299
-11244
-10820
-9998
-8863
-7568
-6242
-4986
-3842
-2808
-1811
-765
364
1507
2519
3253
3662
3810
3830
3819
3811
3809
3785
3658
3326
2737
1970
1228
715
492
424
323
83
-262
-572
-694
-546
-189
218
534
704
773
829
966
1233
1600
2008
2420
2871
3378
3892
4334
4706
5111
5646
6263
6821
7204
7425
7543
7580
7472
7114
6422
5419
4243
3044
1882
718
-558
-2072
-3833
-5675
-7321
-8601
-9514
-10150
-10602
-10930
-11147
-11174
-10899
-10260
-9284
-8057
-6713
-5419
-4259
-3184
-2093
-937
251
1423
2487
3353
3964
4331
4499
4503
4399
4250
4113
3980
3761
3341
2685
1891
1137
579
265
141
82
-27
-242
-511
-718
-726
-461
31
589
1022
1233
1274
1288
1433
1780
2300
2897
3484
4005
4420
4726
5011
5435
6047
6712
7217
7485
7583
7591
7495
7216
6652
5805
4782
3719
2643
1485
181
-1272
-2847
-4497
-6128
-7611
-8825
-9731
-10351
-10767
-11058
-11239
-11225
-10916
-10292
-9381
-8237
-6948
-5633
-4386
-3214
-2101
-1018
63
1151
2187
3063
3703
4105
4291
4307
4212
4079
3948
3814
3627
3298
2771
2083
1356
738
330
176
208
267
194
-50
-341
-496
-392
-53
386
779
1036
1165
1265
1465
1841
2352
2901
3425
3925
4424
4923
5431
5949
6429
6828
7126
7372
7579
7711
7663
7317
6581
5504
4294
3154
2127
1085
-110
-1563
-3281
-5125
-6828
-8190
-9196
-9937
-10464
-10822
-11059
-11179
-11100
-10731
-10043
-9053
-7806
-6404
-4971
-3600
-2326
-1191
-212
677
1590
2555
3468
4189
4640
4796
4675
4361
4003
3741
3605
3495
3260
2795
2106
1308
585
104
-59
23
161
138
-121
-466
-659
-567
-237
208
639
977
1187
1322
1488
1756
2133
2565
3023
3468
3894
4343
4883
5502
6063
6428
6583
6672
6829
7042
7129
6888
6227
5212
4014
2806
1679
589
-590
-1982
-3611
-5363
-7040
-8457
-9549
-10325
-10818
-11049
-11065
-10911
-10616
-10186
-9583
-8727
-7538
-6062
-4462
-2930
-1574
-444
488
1321
2157
3000
3772
4413
4855
5021
4876
4529
4136
3781
3452
3130
2786
2340
1719
958
225
-291
-499
-462
-342
-316
-423
-553
-555
-370
-35
375
777
1106
1345
1560
1824
2154
2504
2823
3114
3438
3876
4455
5106
5717
6180
6461
6593
6703
6893
7134
7258
7095
6567
5693
4564
3317
2083
908
-241
-1448
-2804
-4349
-5982
-7517
-8801
-9756
-10360
-10652
-10744
-10734
-10625
-10365
-9898
-9145
-8026
-6578
-4980
-3419
-2020
-835
153
1037
1894
2701
3415
4056
4619
4976
4980
4648
4158
3689
3331
3052
2745
2263
1573
782
66
-478
-824
-998
-1053
-1061
-1067
-1070
-1063
-996
-801
-445
-17
347
608
851
1178
1604
2058
2451
2762
3068
3496
4091
4779
5427
5954
6330
6541
6615
6643
6715
6801
6762
6440
5776
4822
3691
2474
1216
-59
-1333
-2619
-3965
-5381
-6821
-8177
-9311
-10089
-10487
-10606
-10573
-10452
-10241
-9898
-9331
-8451
-7249
-5814
-4266
-2755
-1413
-284
692
1578
2362
3069
3768
4462
4998
5216
5105
4769
4330
3902
3561
3288
2968
2498
1878
1177
502
-60
-438
-625
-683
-702
-749
-799
-776
-625
-368
-80
191
463
792
1209
1704
2243
2776
3279
3764
4283
4868
5507
6167
6763
7188
7354
7287
7122
6983
6866
6670
6295
5678
4796
3672
2401
1096
-164
-1355
-2516
-3742
-5089
-6510
-7857
-8990
-9813
-10307
-10523
-10563
-10495
-10322
-9991
-9447
-8644
-7581
-6311
-4917
-3498
-2151
-969
-9
733
1357
1999
2744
3539
4216
4630
4727
4538
4149
3704
3336
3059
2782
2395
1849
1149
393
-275
-744
-1017
-1167
-1256
-1312
-1315
-1243
-1078
-836
-539
-228
65
351
705
1189
1786
2422
3011
3516
3949
4392
4916
5543
6228
6839
7219
7284
7134
6939
6783
6614
6310
5793
5032
4063
2946
1714
395
-945
-2220
-3408
-4568
-5758
-6972
-8135
-9122
-9829
-10256
-10479
-10539
-10410
-10048
-9458
-8668
-7705
-6616
-5445
-4206
-2926
-1655
-483
545
1428
2204
2895
3505
4018
4424
4707
4828
4756
4497
4110
3656
3178
2690
2190
1655
1091
563
146
-155
-407
-646
-836
-891
-776
-538
-271
-39
157
338
562
895
1386
2008
2678
3309
3845
4299
4736
5226
5794
6401
6964
7378
7559
7489
7221
6835
6403
5950
5446
4811
3975
2936
1732
442
-843
-2060
-3218
-4360
-5468
-6515
-7504
-8437
-9252
-9868
-10248
-10407
-10358
-10129
-9723
-9095
-8244
-7247
-6194
-5093
-3937
-2763
-1643
-620
302
1151
1948
2684
3315
3813
4175
4400
4474
4408
4210
3874
3423
2940
2513
2134
1735
1266
736
179
-352
-794
-1100
-1256
-1254
-1130
-963
-832
-725
-571
-309
105
709
1484
2317
3073
3698
4210
4660
5096
5564
6078
6583
6988
7202
7196
6996
6658
6227
5711
5123
4473
3730
2824
1731
532
-676
-1834
-2936
-3992
-5016
-6006
-6959
-7859
-8655
-9283
-9687
-9867
-9832
-9606
-9202
-8633
-7919
-7107
-6227
-5277
-4256
-3205
-2179
-1197
-252
656
1478
2169
2739
3244
3716
4113
4386
4509
4471
4269
3931
3528
3102
2662
2213
1777
1343
875
363
-126
-506
-728
-787
-711
-553
-378
-235
-121
7
253
701
1336
2068
2816
3545
4198
4716
5085
5384
5687
6032
6390
6686
6817
6702
6328
5763
5121
4468
3833
3193
2493
1640
601
-554
-1706
-2786
-3753
-4604
-5360
-6076
-6773
-7441
-8060
-8588
-8955
-9116
-9067
-8840
-8459
-7950
-7350
-6689
-5983
-5226
-4428
-3573
-2648
-1645
-618
356
1192
1861
2408
2908
3400
3856
4230
4449
4438
4169
3717
3216
2772
2411
2087
1749
1373
982
579
156
-258
-566
-657
-512
-231
40
214
293
367
547
908
1437
2061
2730
3403
4016
4473
4768
4983
5224
5527
5853
6119
6194
5996
5501
4793
4000
3276
2715
2267
1799
1175
326
-704
-1759
-2676
-3404
-3998
-4522
-5033
-5585
-6207
-6865
-7494
-8010
-8328
-8375
-8181
-7853
-7482
-7136
-6814
-6461
-5962
-5233
-4280
-3186
-2077
-1081
-265
385
935
1448
1993
2605
3247
3796
4124
4170
3975
3660
3336
3046
2788
2568
2373
2121
1732
1226
707
282
-12
-151
-148
-48
84
217
358
525
765
1104
1545
2049
2567
3031
3363
3597
3815
4052
4271
4439
4549
4600
4551
4388
4088
3667
3168
2603
1998
1383
843
377
-64
-542
-1069
-1641
-2233
-2836
-3383
-3834
-4196
-4541
-4916
-5316
-5715
-6037
-6211
-6237
-6182
-6074
-5885
-5608
-5294
-4957
-4572
-4102
-3500
-2743
-1847
-901
3
803
1496
2105
2655
3147
3547
3818
3956
3969
3873
3687
3448
3176
2861
2501
2125
1748
1368
972
586
283
80
-19
-34
12
77
130
206
346
582
922
1344
1764
2070
2235
2316
2392
2474
2571
2667
2726
2691
2522
2246
1908
1584
1293
993
678
395
178
-30
-329
-716
-1140
-1516
-1769
-1931
-2062
-2236
-2462
-2744
-3103
-3460
-3775
-4012
-4193
-4293
-4293
-4254
-4237
-4232
-4191
-4097
-3909
-3547
-3007
-2387
-1785
-1213
-703
-258
177
671
1218
1746
2211
2554
2733
2750
2675
2605
2560
2526
2438
2278
2069
1791
1471
1135
830
605
469
432
454
524
615
679
681
655
696
858
1117
1345
1461
1480
1515
1614
1732
1811
1819
1773
1692
1596
1420
1121
740
416
230
133
48
-80
-281
-507
-774
-993
-1171
-1287
-1346
-1425
-1512
-1674
-1870
-2119
-2410
-2658
-2863
-2941
-2905
-2754
-2590
-2530
-2496
-2444
-2269
-1986
-1605
-1101
-568
-52
334
592
805
1022
1284
1549
1807
2047
2178
2162
2025
1878
1792
1766
1755
1706
1581
1422
1271
1152
1056
976
936
954
1051
1157
1194
1130
1018
931
880
910
971
1025
998
891
692
385
59
-220
-381
-482
-566
-666
-854
-1084
-1288
-1433
-1532
-1630
-1613
-1543
-1483
-1454
-1444
-1377
-1370
-1370
-1354
-1289
-1157
-1056
-1015
-1102
-1298
-1463
-1571
-1570
-1569
-1574
-1613
-1666
-1652
-1605
-1532
-1426
-1192
-788
-301
162
582
901
1178
1416
1645
1884
2073
2256
2325
2309
2283
2277
2323
2324
2286
2203
2046
1923
1811
1754
1652
1479
1326
1237
1272
1347
1444
1519
1528
1477
1383
1315
1257
1165
1007
781
513
206
-118
-465
-802
-1129
-1421
-1663
-1886
-2049
-2235
-2412
-2572
-2696
-2722
-2761
-2728
-2662
-2522
-2351
-2250
-2160
-2128
-2051
-1904
-1719
-1538
-1429
-1369
-1296
-1285
-1270
-1313
-1361
-1373
-1362
-1287
-1234
-1159
-994
-762
-460
-163
108
371
584
844
1073
1305
1514
1717
1927
2053
2117
2147
2210
2295
2323
2295
2206
2120
2044
2045
2129
2264
2369
2463
2577
2667
2703
2684
2727
2755
2735
2672
2610
2580
2455
2240
1928
1552
1143
717
329
-66
-458
-831
-1175
-1553
-2013
-2474
-2863
-3106
-3244
-3308
-3370
-3492
-3565
-3555
-3404
-3252
-3123
-2987
-2824
-2590
-2375
-2172
-2025
-1907
-1792
-1683
-1570
-1492
-1471
-1449
-1385
-1248
-1098
-983
-855
-739
-604
-457
-250
15
266
489
704
934
1177
1399
1625
1788
1873
1860
1833
1836
1873
1953
2026
2083
2098
2114
2173
2288
2468
2691
2875
2972
2976
2958
2974
3011
3048
3046
2977
2854
2688
2501
2245
1895
1486
1072
694
309
-128
-619
-1123
-1591
-2016
-2376
-2651
-2838
-2944
-3035
-3100
-3193
-3245
-3232
-3125
-2962
-2833
-2693
-2536
-2334
-2208
-2179
-2237
-2276
-2240
-2138
-2026
-1981
-1978
-1958
-1894
-1830
-1817
-1835
-1787
-1651
-1419
-1180
-929
-713
-495
-227
121
501
787
953
1043
1181
1364
1562
1675
1694
1640
1573
1576
1671
1864
2107
2309
2434
2465
2552
2698
2903
3091
3228
3332
3357
3417
3474
3512
3416
3178
2964
2718
2526
2205
1862
1449
1027
658
306
-45
-453
-864
-1205
-1453
-1646
-1814
-1991
-2110
-2146
-2136
-2113
-2152
-2171
-2183
-2160
-2117
-2054
-1966
-1895
-1851
-1806
-1739
-1656
-1613
-1677
-1840
-2048
-2151
-2111
-1995
-1865
-1807
-1780
-1790
-1757
-1618
-1401
-1112
-843
-624
-462
-393
-299
-232
-84
85
235
306
288
316
389
549
712
899
1034
1223
1454
1753
1999
2175
2314
2433
2594
2748
2934
3054
3136
3139
3138
3124
3075
2939
2674
2379
2109
1937
1717
1359
873
339
-61
-392
-602
-835
-1063
-1275
-1464
-1541
-1589
-1542
-1537
-1559
-1592
-1526
-1350
-1162
-1112
-1174
-1297
-1316
-1226
-1062
-969
-1059
-1248
-1480
-1604
-1661
-1666
-1673
-1741
-1811
-1868
-1849
-1811
-1762
-1718
-1620
-1517
-1334
-1158
-955
-821
-739
-690
-684
-647
-645
-568
-485
-304
-126
46
214
388
639
890
1160
1437
1671
1888
2026
2207
2396
2574
2755
2846
2923
2876
2842
2762
2623
2453
2267
2141
1956
1727
1403
1070
724
472
234
14
-306
-579
-785
-857
-921
-1028
-1160
-1244
-1094
-819
-449
-241
-97
-89
-47
15
165
291
348
327
210
-8
-326
-577
-739
-752
-811
-876
-1024
-1117
-1238
-1372
-1542
-1620
-1534
-1335
-1123
-1045
-1024
-1068
-1009
-903
-727
-636
-634
-723
-799
-814
-728
-579
-433
-271
-110
111
272
442
566
691
763
849
1026
1256
1463
1565
1616
1609
1553
1467
1381
1296
1164
979
776
558
361
208
84
-61
-296
-576
-832
-1022
-1098
-1105
-1071
-998
-921
-755
-639
-469
-360
-206
-79
57
167
235
261
277
300
328
296
211
106
31
17
44
78
52
-19
-142
-249
-327
-309
-274
-295
-407
-549
-635
-608
-463
-250
-113
-131
-249
-355
-297
-169
-20
10
-34
-42
68
319
577
838
992
1101
1111
1184
1352
1580
1785
1799
1739
1612
1579
1591
1562
1399
1067
714
421
264
147
31
-241
-563
-922
-1183
-1385
-1550
-1708
-1906
-2040
-2036
-1892
-1730
-1675
-1670
-1649
-1550
-1354
-1110
-850
-712
-690
-730
-747
-644
-475
-252
-129
-87
-120
-133
-152
-138
-76
14
88
46
-3
-47
-35
33
133
291
363
372
369
336
352
277
316
338
417
451
455
475
451
488
548
767
1007
1297
1462
1564
1565
1598
1723
1894
2051
2071
2044
1976
1940
1915
1859
1719
1485
1194
951
731
529
248
-182
-667
-1176
-1428
-1592
-1617
-1730
-1868
-2072
-2291
-2410
-2401
-2260
-2106
-1949
-1808
-1662
-1573
-1487
-1411
-1253
-1097
-910
-787
-668
-613
-634
-716
-856
-874
-838
-667
-534
-439
-446
-524
-570
-577
-497
-358
-188
30
218
398
513
595
658
760
898
1093
1196
1255
1227
1243
1276
1341
1456
1584
1780
1927
2052
2046
1967
1849
1788
1910
2124
2371
2440
2384
2164
1913
1633
1432
1274
1153
1038
816
558
162
-137
-473
-707
-991
-1192
-1369
-1510
-1662
-1880
-2137
-2425
-2571
-2563
-2364
-2176
-2031
-2026
-2035
-2114
-2093
-2010
-1790
-1632
-1534
-1554
-1614
-1678
-1665
-1518
-1332
-1137
-1087
-1137
-1288
-1301
-1108
-735
-390
-198
-151
-130
-45
140
323
449
484
509
595
775
1034
1253
1335
1328
1275
1305
1355
1475
1591
1697
1798
1868
1994
2096
2260
2372
2471
2484
2458
2439
2421
2430
2349
2246
2017
1782
1497
1260
1038
821
699
516
351
-22
-309
-629
-821
-1024
-1160
-1196
-1224
-1198
-1285
-1389
-1612
-1764
-1798
-1690
-1548
-1484
-1465
-1547
-1655
-1858
-1933
-1911
-1684
-1536
-1507
-1644
-1783
-1842
-1835
-1769
-1646
-1446
-1274
-1155
-1158
-1074
-973
-764
-646
-517
-398
-233
-67
72
202
276
346
383
526
676
880
1019
1140
1219
1308
1444
1627
1848
2026
2108
2041
1936
1891
1973
2109
2230
2371
2426
2390
2170
1907
1663
1492
1451
1440
1383
1176
853
524
216
31
-64
-129
-290
-585
-861
-999
-985
-900
-881
-882
-928
-931
-922
-902
-876
-923
-969
-1087
-1135
-1240
-1285
-1364
-1434
-1596
-1783
-1893
-1969
-1998
-2096
-2091
-2109
-2103
-2145
-2163
-2095
-1948
-1652
-1369
-1199
-1151
-1074
-837
-575
-321
-131
59
227
428
714
1027
1251
1341
1354
1383
1488
1667
1896
1967
1967
1849
1791
1650
1579
1562
1655
1698
1729
1726
1727
1697
1648
1644
1628
1602
1448
1234
952
775
648
646
587
464
212
-55
-230
-353
-440
-526
-502
-479
-520
-707
-802
-823
-746
-786
-918
-1128
-1288
-1289
-1262
-1211
-1313
-1433
-1591
-1642
-1558
-1432
-1316
-1322
-1364
-1398
-1376
-1284
-1227
-1188
-1159
-1055
-846
-576
-358
-275
-291
-196
55
388
660
848
956
948
866
802
853
976
1109
1197
1239
1242
1225
1149
1124
1195
1383
1555
1588
1523
1381
1255
1234
1261
1349
1296
1258
1104
930
662
471
325
271
222
187
122
-1
-109
-275
-411
-590
-709
-826
-885
-909
-869
-846
-798
-859
-943
-1059
-1098
-1020
-994
-892
-946
-950
-1087
-1175
-1183
-1117
-980
-996
-1118
-1308
-1424
-1322
-1176
-976
-896
-776
-674
-662
-669
-682
-433
-160
136
240
186
129
134
388
623
753
708
629
709
872
1087
1163
1088
901
719
691
782
961
1048
1040
970
970
1087
1164
1147
945
756
614
633
699
722
619
403
195
-11
-132
-233
-288
-352
-459
-580
-704
-766
-780
-747
-735
-682
-703
-621
-580
-462
-451
-457
-462
-466
-421
-414
-391
-494
-572
-640
-492
-309
-136
-121
-153
-172
-201
-221
-204
-137
-104
-81
-80
-12
7
77
149
258
391
489
601
684
856
992
995
798
573
490
617
867
1085
1128
907
593
367
415
639
856
928
814
654
486
401
388
418
444
356
221
81
58
114
236
304
282
163
37
-52
-108
-122
-119
-139
-261
-423
-561
-671
-815
-934
-999
-966
-996
-985
-1033
-1074
-1183
-1244
-1178
-1125
-1077
-1148
-1146
-1101
-987
-869
-847
-834
-829
-720
-654
-608
-592
-496
-345
-223
-188
-232
-313
-306
-282
-170
-87
65
214
276
295
266
376
524
740
899
936
820
662
605
667
787
936
1033
1051
888
725
615
676
790
872
850
700
613
614
716
719
640
518
372
256
119
38
-23
-22
72
97
36
-271
-530
-681
-589
-446
-382
-460
-679
-833
-946
-918
-917
-883
-879
-954
-1043
-1165
-1139
-1136
-1118
-1089
-948
-648
-445
-305
-395
-466
-556
-487
-291
-9
241
310
236
119
149
338
632
922
1144
1197
1116
981
1033
1260
1519
1633
1562
1474
1342
1278
1137
1029
903
863
894
918
938
833
741
617
643
751
906
979
901
805
694
686
711
730
706
563
492
416
416
355
253
128
-121
-329
-555
-599
-684
-808
-1040
-1205
-1281
-1296
-1379
-1514
-1706
-1842
-1876
-1802
-1651
-1618
-1708
-1999
-2276
-2412
-2273
-1941
-1648
-1577
-1774
-1969
-1912
-1492
-970
-646
-650
-772
-791
-643
-397
-135
101
258
277
250
230
342
489
633
741
795
906
931
1091
1187
1322
1239
1134
1145
1363
1674
1811
1744
1522
1307
1214
1254
1405
1546
1573
1461
1198
952
781
845
990
1144
1092
867
505
251
182
280
314
199
-11
-224
-303
-351
-279
-257
-242
-357
-514
-648
-831
-1002
-1242
-1340
-1406
-1430
-1557
-1754
-1918
-1977
-1851
-1701
-1552
-1458
-1336
-1225
-1179
-1133
-1034
-798
-496
-231
-154
-341
-564
-631
-307
162
585
648
474
289
341
730
1225
1675
1734
1533
1163
1012
1082
1414
1729
1845
1641
1293
1169
1326
1691
1859
1832
1590
1405
1346
1405
1456
1331
1096
843
787
850
858
646
283
-19
-173
-140
-37
-20
-250
-590
-764
-637
-448
-439
-691
-994
-1096
-986
-773
-797
-1069
-1477
-1741
-1744
-1705
-1771
-2032
-2284
-2343
-2144
-1796
-1662
-1882
-2297
-2446
-2150
-1612
-1244
-1324
-1692
-1983
-1745
-1063
-361
-120
-391
-771
-802
-328
471
1064
1235
943
677
722
1165
1702
1953
1801
1361
1106
1169
1462
1581
1479
1352
1313
1325
1256
1265
1397
1561
1559
1353
1121
1051
1214
1452
1531
1345
1076
883
878
984
1124
1186
978
594
185
48
83
128
-36
-396
-795
-1072
-1088
-955
-847
-922
-1182
-1466
-1686
-1745
-1696
-1633
-1614
-1709
-1784
-1837
-1814
-1761
-1708
-1570
-1444
-1351
-1434
-1530
-1503
-1299
-1065
-954
-915
-909
-797
-636
-369
-104
170
378
517
598
690
917
1280
1648
1833
1795
1728
1765
1917
2031
2070
2073
2073
2082
2089
2092
2088
2040
1940
1766
1679
1787
2098
2291
2151
1720
1276
1188
1450
1906
2045
1686
937
212
-149
-119
154
318
134
-464
-1235
-1836
-2082
-2025
-1954
-2082
-2524
-3098
-3538
-3645
-3420
-3131
-2985
-3066
-3179
-3114
-2795
-2374
-2027
-1887
-1883
-1875
-1722
-1397
-1055
-826
-804
-929
-1039
-1034
-903
-829
-865
-889
-758
-490
-329
-363
-469
-360
81
741
1298
1528
1504
1569
1965
2582
3066
3169
2925
2689
2724
3130
3611
3891
3761
3299
2828
2670
3015
3495
3678
3211
2315
1434
942
977
1217
1298
767
-268
-1386
-2045
-2020
-1657
-1402
-1726
-2524
-3432
-3863
-3604
-2863
-2197
-2064
-2473
-2977
-3069
-2538
-1673
-902
-616
-781
-1105
-1153
-718
-17
537
540
72
-542
-792
-582
-120
85
-177
-793
-1311
-1406
-1049
-600
-430
-679
-1089
-1263
-1010
-488
-102
-49
-195
-233
0
412
804
1066
1232
1459
1762
2042
2224
2392
2681
3068
3443
3754
3955
4050
3970
3797
3651
3658
3759
3755
3470
2943
2427
2098
1889
1555
998
384
-67
-287
-499
-966
-1784
-2681
-3255
-3363
-3273
-3385
-3826
-4387
-4716
-4595
-4109
-3547
-3175
-3023
-2931
-2695
-2209
-1553
-934
-565
-460
-486
-406
-134
244
468
367
-36
-504
-823
-881
-765
-678
-806
-1187
-1618
-1872
-1854
-1711
-1625
-1645
-1675
-1605
-1409
-1152
-876
-602
-291
40
361
623
821
1042
1402
1955
2563
3037
3264
3352
3490
3825
4295
4719
4928
4902
4719
4548
4501
4638
4790
4749
4366
3746
3124
2685
2390
1985
1269
311
-574
-1160
-1515
-1965
-2683
-3566
-4328
-4800
-5026
-5150
-5318
-5545
-5758
-5764
-5460
-4845
-4064
-3315
-2726
-2295
-1843
-1263
-558
83
521
690
697
707
885
1182
1325
1114
602
144
-57
-19
-24
-252
-662
-1055
-1238
-1282
-1283
-1354
-1396
-1351
-1222
-1110
-1046
-883
-526
-19
392
581
642
864
1426
2180
2805
3110
3247
3471
3894
4422
4870
5134
5227
5272
5304
5298
5200
5096
5018
4916
4628
4147
3569
2974
2312
1517
654
-152
-836
-1539
-2394
-3425
-4395
-5048
-5324
-5442
-5711
-6170
-6579
-6602
-6220
-5684
-5295
-5059
-4759
-4166
-3315
-2407
-1656
-1125
-737
-379
79
623
1128
1389
1409
1316
1287
1313
1310
1169
855
424
-60
-453
-725
-869
-1023
-1254
-1538
-1770
-1836
-1709
-1407
-1070
-836
-764
-723
-527
-137
333
705
994
1321
1786
2321
2772
3116
3461
3951
4529
5004
5253
5381
5586
5904
6161
6170
5928
5574
5250
4953
4562
3975
3194
2343
1492
676
-130
-900
-1664
-2495
-3449
-4409
-5143
-5522
-5630
-5731
-5965
-6307
-6508
-6403
-5999
-5480
-4994
-4526
-3972
-3260
-2455
-1691
-1070
-560
-63
470
976
1336
1506
1526
1509
1497
1463
1349
1128
835
501
156
-214
-557
-803
-922
-1013
-1177
-1419
-1626
-1684
-1573
-1355
-1193
-1150
-1206
-1129
-782
-205
342
653
801
1015
1495
2175
2863
3374
3675
3905
4240
4703
5078
5155
4973
4792
4781
4829
4704
4274
3665
3117
2758
2464
1968
1164
224
-583
-1130
-1565
-2051
-2658
-3256
-3723
-4047
-4320
-4600
-4847
-4995
-5044
-5012
-4903
-4684
-4354
-3958
-3543
-3115
-2589
-1939
-1226
-590
-75
357
760
1157
1506
1756
1881
1911
1907
1868
1765
1561
1287
992
731
518
325
105
-121
-300
-410
-539
-767
-1041
-1233
-1250
-1169
-1034
-885
-696
-505
-347
-140
175
621
1025
1309
1510
1779
2185
2637
2986
3103
3044
2990
3135
3430
3637
3536
3141
2667
2302
2074
1857
1519
1058
566
157
-175
-498
-902
-1368
-1786
-2062
-2179
-2265
-2404
-2629
-2823
-2882
-2784
-2638
-2573
-2597
-2560
-2322
-1880
-1433
-1185
-1167
-1177
-950
-433
134
430
382
247
343
691
1050
1142
1005
857
915
1107
1203
1028
646
262
6
-130
-247
-409
-617
-810
-947
-1069
-1239
-1461
-1629
-1655
-1551
-1418
-1333
-1288
-1223
-1078
-828
-506
-187
72
275
507
828
1226
1590
1843
1992
2126
2278
2412
2454
2397
2280
2122
1888
1561
1205
946
802
645
300
-205
-686
-956
-1049
-1105
-1227
-1408
-1577
-1697
-1705
-1606
-1412
-1216
-1091
-1061
-1069
-965
-676
-262
66
200
209
292
578
973
1287
1388
1347
1311
1341
1378
1335
1227
1141
1137
1130
990
711
438
315
317
311
181
-56
-272
-377
-416
-514
-697
-892
-995
-1041
-1065
-1081
-1035
-953
-912
-943
-970
-856
-592
-254
38
224
259
205
210
377
622
773
780
722
672
623
561
475
344
154
-58
-261
-448
-614
-743
-859
-1007
-1208
-1380
-1404
-1248
-1036
-964
-1078
-1234
-1222
-986
-676
-465
-413
-397
-302
-88
176
423
631
791
902
968
1023
1114
1251
1419
1553
1638
1684
1739
1804
1842
1800
1677
1554
1491
1494
1446
1281
1002
723
526
427
360
259
122
-28
-172
-318
-462
-584
-674
-744
-804
-858
-886
-897
-906
-929
-945
-932
-921
-936
-993
-1058
-1134
-1221
-1309
-1355
-1342
-1289
-1235
-1213
-1210
-1175
-1087
-982
-958
-1036
-1162
-1213
-1144
-991
-867
-839
-865
-839
-707
-550
-476
-500
-538
-528
-450
-308
-115
57
137
135
154
263
434
583
680
732
805
960
1215
1477
1625
1628
1585
1601
1735
1917
2062
2127
2145
2158
2151
2107
2016
1900
1780
1648
1488
1293
1108
972
862
715
546
416
345
273
161
24
-112
-224
-313
-390
-497
-619
-725
-792
-854
-949
-1071
-1193
-1273
-1328
-1383
-1449
-1484
-1481
-1487
-1534
-1586
-1573
-1484
-1351
-1234
-1154
-1107
-1062
-974
-837
-645
-459
-296
-172
-52
63
139
172
199
288
424
540
565
528
483
481
495
488
454
451
521
628
697
673
587
511
514
577
645
674
682
690
690
675
660
664
686
688
636
551
482
465
450
389
284
176
90
29
-21
-83
-179
-253
-261
-204
-168
-198
-277
-343
-382
-437
-538
-669
-753
-799
-857
-983
-1123
-1203
-1205
-1190
-1204
-1206
-1127
-960
-797
-700
-688
-688
-659
-555
-418
-292
-241
-260
-294
-295
-248
-191
-137
-95
-66
-72
-103
-108
-47
37
91
96
78
52
35
53
129
244
356
413
387
314
275
327
430
504
498
454
450
517
598
632
619
617
642
675
701
738
787
817
818
821
867
946
1001
988
919
848
814
822
822
785
725
674
619
514
352
196
125
132
142
83
-34
-147
-205
-203
-178
-164
-159
-137
-89
-60
-101
-209
-320
-360
-303
-205
-162
-208
-304
-382
-456
-554
-675
-763
-770
-725
-700
-738
-809
-868
-894
-906
-897
-853
-773
-688
-621
-557
-502
-470
-469
-451
-373
-229
-75
46
110
153
220
341
502
632
661
555
378
220
140
129
156
192
214
231
256
295
306
267
211
202
253
307
316
268
223
211
234
261
246
185
117
113
175
241
243
171
59
-57
-121
-94
-13
7
-136
-380
-572
-590
-495
-404
-396
-433
-446
-401
-319
-269
-274
-318
-344
-342
-354
-398
-464
-516
-553
-568
-545
-505
-478
-506
-554
-590
-556
-443
-285
-168
-132
-122
-68
60
208
333
397
399
346
273
223
215
226
221
188
160
140
110
60
34
71
142
174
140
96
112
192
277
304
259
172
135
228
458
720
885
939
953
1009
1102
1197
1245
1234
1198
1189
1223
1256
1242
1182
1091
992
873
735
577
427
307
227
185
175
173
117
-26
-246
-457
-608
-662
-693
-749
-853
-959
-1041
-1111
-1172
-1220
-1223
-1167
-1042
-870
-682
-519
-415
-387
-416
-438
-402
-326
-273
-297
-378
-457
-507
-534
-562
-571
-562
-560
-591
-650
-722
-804
-887
-934
-910
-816
-692
-567
-456
-372
-306
-238
-131
-8
103
204
332
473
576
646
737
892
1066
1203
1268
1280
1273
1267
1236
1160
1051
954
871
769
636
503
411
344
270
183
100
47
4
-50
-137
-256
-382
-483
-531
-535
-510
-486
-479
-478
-442
-343
-213
-86
11
93
167
251
355
455
505
461
354
270
284
378
466
479
421
364
344
343
317
246
134
-11
-183
-373
-576
-786
-1004
-1213
-1386
-1492
-1515
-1469
-1392
-1320
-1268
-1223
-1152
-1042
-909
-783
-657
-514
-359
-239
-162
-102
-30
52
135
219
302
372
426
462
477
477
483
494
485
456
415
357
261
149
82
105
203
323
413
441
420
409
458
558
641
679
703
758
848
927
960
934
872
810
770
748
728
707
694
717
803
936
1033
1015
886
725
607
544
498
421
289
117
-47
-163
-251
-357
-504
-655
-761
-818
-844
-876
-930
-1020
-1121
-1198
-1223
-1215
-1202
-1213
-1236
-1232
-1175
-1072
-953
-853
-782
-721
-642
-527
-402
-306
-263
-249
-203
-77
100
241
288
285
277
275
234
148
74
77
172
273
291
204
100
71
131
227
278
285
301
384
511
609
644
644
650
674
697
698
690
695
723
721
668
582
534
524
503
416
271
143
82
90
91
39
-52
-132
-167
-177
-206
-288
-394
-464
-475
-473
-516
-611
-734
-852
-933
-959
-932
-904
-913
-965
-1028
-1064
-1056
-1003
-927
-841
-771
-717
-674
-618
-546
-475
-407
-331
-218
-76
71
198
290
369
450
558
667
757
794
790
783
796
810
772
688
589
515
471
434
378
286
200
156
174
227
276
295
285
282
306
359
432
536
664
785
872
917
927
934
967
1043
1120
1135
1045
884
711
585
512
477
443
389
326
280
246
191
109
10
-85
-179
-252
-301
-342
-408
-505
-604
-668
-679
-660
-648
-671
-724
-784
-852
-920
-974
-989
-995
-1012
-1044
-1060
-1045
-1001
-935
-878
-853
-851
-825
-752
-677
-642
-638
-621
-557
-457
-349
-258
-202
-182
-183
-189
-184
-166
-153
-159
-181
-170
-82
68
202
244
219
205
250
317
346
327
309
353
468
597
658
625
536
466
458
503
545
535
483
429
392
364
336
334
382
476
581
625
573
462
390
402
470
535
576
600
578
483
326
166
62
10
-17
-59
-106
-149
-197
-272
-358
-405
-416
-429
-467
-496
-481
-440
-415
-416
-416
-385
-324
-266
-248
-261
-278
-283
-307
-360
-402
-363
-217
-10
163
250
263
262
279
307
323
320
304
280
269
279
287
247
149
28
-82
-167
-217
-237
-243
-239
-212
-157
-108
-76
-39
17
64
74
77
105
156
190
194
204
242
300
342
356
368
392
419
430
410
362
287
195
93
-16
-127
-229
-303
-353
-389
-415
-417
-388
-340
-302
-305
-344
-413
-484
-520
-482
-392
-317
-311
-371
-448
-487
-453
-351
-229
-145
-100
-62
11
135
284
418
507
546
541
506
476
474
503
543
576
579
544
496
473
482
475
406
271
135
47
18
-23
-120
-269
-401
-473
-506
-542
-585
-603
-606
-618
-637
-626
-568
-487
-413
-365
-331
-303
-261
-200
-126
-41
36
94
130
154
166
160
137
112
85
75
71
76
84
95
106
92
86
111
177
236
261
260
258
275
313
361
379
344
260
185
155
176
220
256
275
298
345
408
453
464
432
375
308
256
232
226
236
240
229
174
98
18
-52
-114
-159
-194
-244
-317
-392
-429
-410
-352
-302
-302
-365
-452
-513
-518
-496
-500
-552
-603
-608
-582
-577
-603
-610
