339
244
166
91
7
-72
-124
-143
-139
-127
-126
-135
-134
-94
-28
6
-30
-126
-238
-328
-363
-333
-275
-223
-214
-234
-260
-265
-232
-176
-116
-76
-78
-129
-209
-257
-249
-204
-173
-176
-204
-239
-269
-299
-331
-367
-378
-338
-255
-159
-74
-27
-45
-140
-269
-358
-376
-343
-310
-306
-325
-327
-294
-222
-147
-88
-44
5
73
122
108
14
-94
-136
-83
17
85
103
79
35
-9
-48
-78
-121
-187
-255
-284
-243
-159
-87
-65
-72
-66
-33
14
70
111
123
89
35
-16
-51
-62
-42
0
20
-4
-71
-142
-177
-162
-129
-117
-122
-106
-41
62
174
277
349
349
271
160
90
95
159
244
324
389
422
413
368
324
303
300
300
313
333
338
329
318
294
257
241
299
425
565
657
671
599
451
296
202
210
285
345
325
217
105
74
136
230
290
310
302
279
245
207
160
90
0
-79
-117
-116
-108
-120
-156
-179
-185
-201
-257
-332
-373
-374
-354
-336
-324
-328
-359
-396
-422
-446
-483
-505
-470
-387
-324
-333
-386
-413
-394
-362
-350
-345
-309
-241
-151
-75
-30
-27
-59
-122
-218
-314
-351
-285
-153
-58
-66
-143
-219
-250
-243
-210
-146
-80
-34
-6
37
104
163
188
175
139
84
38
32
56
56
5
-60
-94
-88
-54
-11
16
-1
-63
-115
-97
-11
91
156
190
214
242
258
236
168
80
35
39
45
3
-54
-75
-50
-21
-11
1
27
37
-2
-69
-112
-106
-73
-44
-24
-3
18
35
43
49
63
91
125
139
127
105
102
134
183
238
281
298
278
239
219
244
297
337
327
273
214
175
137
63
-43
-152
-223
-235
-192
-116
-60
-66
-138
-234
-310
-346
-343
-321
-289
-258
-232
-213
-189
-141
-59
42
139
211
259
311
398
497
543
503
420
338
237
103
-31
-91
-73
-8
46
68
63
64
107
193
283
316
266
157
48
-7
5
52
85
69
18
-34
-71
-98
-115
-109
-74
-34
-36
-79
-122
-116
-69
-26
-21
-50
-78
-72
-46
-48
-100
-155
-147
-80
-8
30
38
24
-14
-61
-76
-43
28
84
64
-43
-194
-323
-393
-403
-362
-300
-237
-185
-130
-57
21
74
60
-24
-138
-251
-361
-466
-508
-445
-304
-159
-57
-1
2
-31
-82
-120
-118
-53
81
237
368
443
457
415
331
241
173
145
128
87
0
-93
-143
-147
-139
-150
-178
-217
-254
-282
-278
-245
-190
-129
-68
-25
0
23
55
74
73
89
164
261
299
239
127
32
-13
0
66
145
189
177
127
65
4
-46
-69
-59
-21
18
49
85
142
183
180
138
90
61
55
70
81
83
91
133
192
210
151
40
-49
-71
-37
26
119
247
391
500
538
495
405
307
227
151
61
-31
-92
-103
-85
-85
-123
-170
-190
-181
-176
-175
-160
-126
-90
-75
-64
-51
-46
-57
-87
-129
-177
-197
-166
-95
-9
95
210
303
326
301
277
277
277
235
139
10
-108
-171
-182
-166
-144
-106
-53
-6
4
-36
-106
-180
-233
-272
-305
-349
-412
-495
-560
-547
-449
-302
-176
-83
-15
45
100
132
152
173
195
199
183
164
160
167
177
191
208
225
221
188
116
7
-112
-206
-246
-241
-212
-188
-178
-173
-168
-153
-137
-125
-131
-152
-182
-191
-159
-90
-21
9
-3
-48
-109
-166
-207
-234
-251
-263
-264
-261
-260
-242
-177
-58
78
184
246
284
319
337
313
254
207
200
215
217
195
172
152
140
122
92
50
17
14
17
-5
-42
-51
-22
10
10
-11
-34
-60
-100
-149
-191
-213
-217
-206
-189
-172
-151
-118
-90
-96
-142
-201
-248
-279
-284
-253
-201
-171
-172
-174
-137
-66
3
51
92
153
222
261
241
190
156
166
191
186
139
84
54
45
51
60
80
117
174
221
208
135
77
104
202
322
424
487
480
408
337
320
365
440
517
561
528
408
234
83
8
14
69
123
137
115
104
148
216
245
217
172
140
93
20
-52
-92
-93
-64
-20
2
-27
-97
-164
-200
-223
-260
-306
-319
-278
-214
-178
-186
-212
-223
-183
-79
61
158
162
101
35
-8
-35
-36
9
100
185
221
203
177
166
161
131
89
49
8
-45
-101
-126
-124
-125
-152
-195
-229
-241
-244
-269
-333
-400
-437
-429
-390
-358
-360
-386
-401
-394
-378
-389
-431
-480
-508
-507
-490
-466
-413
-307
-168
-59
-28
-67
-122
-161
-180
-175
-141
-89
-55
-81
-161
-247
-269
-214
-129
-53
9
58
58
1
-77
-143
-194
-246
-285
-285
-231
-127
-6
108
187
238
273
321
397
479
528
503
423
332
284
292
333
377
418
463
505
544
582
608
584
491
375
305
299
307
293
258
216
173
147
145
137
80
-7
-43
19
130
194
168
81
3
-37
-44
-31
20
106
167
154
96
68
91
133
160
177
196
208
212
230
299
393
453
424
328
206
81
-51
-165
-211
-197
-191
-243
-327
-373
-351
-289
-248
-244
-258
-255
-221
-169
-105
-43
1
5
-6
-1
21
30
17
15
47
102
143
135
61
-42
-115
-122
-84
-55
-69
-128
-207
-277
-328
-359
-365
-341
-302
-282
-290
-312
-323
-323
-319
-309
-291
-271
-267
-279
-294
-270
-197
-119
-108
-189
-311
-404
-444
-461
-469
-438
-363
-284
-241
-216
-166
-79
5
46
39
23
23
14
-46
-154
-247
-283
-262
-223
-185
-148
-128
-128
-146
-170
-206
-236
-238
-201
-140
-77
-19
30
75
135
213
292
367
449
548
651
700
655
524
390
314
298
298
279
255
240
255
289
315
301
244
204
223
277
298
268
225
212
224
232
206
144
100
118
193
262
298
316
331
339
313
262
207
180
192
225
247
254
280
346
428
467
442
391
351
324
287
238
189
133
66
3
-33
-45
-39
-19
18
51
74
85
88
90
100
130
166
185
170
140
133
165
220
252
233
160
55
-48
-139
-225
-298
-345
-359
-370
-399
-441
-475
-474
-444
-390
-337
-293
-282
-307
-337
-330
-284
-239
-223
-216
-208
-229
-307
-422
-527
-598
-645
-691
-739
-770
-742
-661
-569
-515
-513
-534
-528
-464
-371
-299
-263
-222
-183
-183
-229
-272
-277
-261
-247
-231
-207
-186
-155
-101
-41
-16
-40
-79
-95
-100
-116
-149
-167
-158
-139
-122
-95
-31
54
127
170
206
235
228
191
154
137
124
130
194
310
425
484
490
451
392
337
322
353
403
448
479
503
512
478
384
242
82
-53
-134
-135
-75
-4
25
6
-24
-45
-43
-28
19
117
266
407
473
437
346
255
213
240
322
403
446
446
436
438
463
502
537
574
626
699
744
716
632
561
543
538
499
421
373
399
482
553
572
568
590
645
680
648
570
507
472
422
323
191
56
-52
-119
-160
-211
-278
-343
-382
-419
-480
-564
-654
-739
-812
-863
-893
-919
-965
-1032
-1101
-1154
-1197
-1248
-1329
-1445
-1567
-1645
-1645
-1576
-1453
-1316
-1197
-1111
-1030
-922
-803
-712
-648
-568
-437
-269
-107
32
163
287
393
475
545
616
684
740
779
816
861
912
972
1068
1202
1320
1348
1301
1247
1233
1253
1279
1299
1287
1219
1070
863
622
364
86
-215
-513
-777
-992
-1187
-1403
-1677
-1973
-2200
-2276
-2204
-2061
-1931
-1827
-1728
-1603
-1435
-1227
-1011
-837
-736
-693
-651
-568
-458
-374
-351
-371
-388
-367
-303
-225
-170
-145
-113
-18
159
395
644
874
1086
1304
1560
1855
2137
2345
2469
2565
2692
2854
3015
3140
3228
3318
3430
3538
3566
3487
3314
3084
2818
2522
2202
1864
1495
1064
560
14
-512
-970
-1352
-1685
-2004
-2335
-2676
-3014
-3292
-3459
-3496
-3439
-3348
-3243
-3099
-2880
-2595
-2309
-2082
-1915
-1758
-1580
-1416
-1325
-1313
-1334
-1328
-1266
-1147
-982
-826
-728
-707
-725
-734
-688
-560
-372
-179
-1
190
413
659
925
1227
1565
1883
2140
2344
2532
2723
2910
3100
3295
3478
3626
3728
3774
3756
3673
3532
3334
3078
2771
2421
2018
1559
1051
504
-99
-769
-1463
-2096
-2617
-3071
-3526
-3982
-4357
-4560
-4580
-4496
-4396
-4298
-4141
-3876
-3513
-3134
-2826
-2623
-2484
-2324
-2096
-1817
-1558
-1370
-1252
-1143
-976
-739
-488
-320
-270
-282
-256
-123
88
287
388
394
403
516
771
1096
1389
1602
1779
1985
2231
2473
2659
2800
2979
3272
3661
4047
4342
4524
4603
4606
4574
4531
4447
4270
3992
3643
3250
2817
2317
1714
994
212
-541
-1224
-1869
-2522
-3173
-3778
-4291
-4684
-4956
-5124
-5188
-5095
-4799
-4328
-3787
-3268
-2807
-2397
-2032
-1714
-1446
-1250
-1126
-1049
-974
-893
-816
-735
-645
-560
-528
-563
-623
-623
-498
-271
-36
117
207
306
482
729
1003
1251
1456
1664
1912
2182
2407
2556
2689
2904
3244
3644
4011
4283
4478
4641
4804
4940
4982
4867
4599
4249
3875
3497
3077
2562
1907
1104
232
-616
-1385
-2082
-2739
-3373
-3997
-4595
-5110
-5477
-5671
-5730
-5700
-5573
-5305
-4899
-4427
-3971
-3565
-3198
-2842
-2477
-2118
-1807
-1577
-1417
-1278
-1116
-934
-756
-633
-596
-648
-747
-813
-778
-624
-422
-269
-174
-70
111
351
585
789
988
1220
1485
1773
2075
2387
2714
3080
3480
3871
4209
4501
4787
5070
5316
5499
5612
5640
5548
5318
4976
4589
4181
3699
3058
2227
1259
269
-653
-1488
-2282
-3084
-3886
-4616
-5185
-5567
-5804
-5968
-6051
-5987
-5709
-5244
-4693
-4173
-3742
-3386
-3054
-2704
-2329
-1947
-1603
-1338
-1150
-1015
-901
-788
-661
-531
-452
-482
-596
-680
-643
-497
-330
-212
-142
-64
96
348
624
832
978
1147
1406
1747
2124
2498
2848
3193
3570
4003
4437
4813
5127
5422
5709
5945
6103
6151
6077
5871
5561
5168
4685
4100
3402
2604
1720
772
-214
-1228
-2235
-3201
-4083
-4864
-5527
-6042
-6373
-6518
-6502
-6353
-6095
-5753
-5366
-4958
-4549
-4144
-3736
-3325
-2940
-2615
-2358
-2115
-1848
-1544
-1231
-932
-655
-417
-227
-96
6
111
232
342
414
415
362
328
395
588
848
1113
1336
1511
1654
1815
2036
2311
2603
2898
3239
3675
4185
4684
5086
5373
5598
5806
5991
6091
6063
5896
5612
5222
4732
4131
3401
2539
1560
509
-563
-1597
-2568
-3459
-4275
-5007
-5641
-6139
-6456
-6587
-6553
-6399
-6151
-5838
-5493
-5138
-4782
-4408
-4005
-3578
-3167
-2792
-2441
-2126
-1881
-1722
-1601
-1465
-1280
-1051
-798
-575
-434
-379
-363
-325
-222
-59
143
346
536
711
890
1076
1276
1491
1734
2019
2359
2751
3154
3525
3845
4130
4411
4715
5037
5355
5648
5892
6079
6200
6262
6255
6144
5857
5341
4625
3786
2905
1975
947
-196
-1387
-2519
-3544
-4458
-5290
-6013
-6554
-6841
-6873
-6714
-6439
-6099
-5708
-5260
-4735
-4154
-3573
-3065
-2666
-2329
-1974
-1545
-1080
-677
-398
-215
-23
222
440
498
379
212
139
156
139
-12
-235
-341
-221
36
235
299
333
479
780
1137
1429
1609
1767
2019
2387
2770
3091
3413
3847
4415
4987
5433
5726
5939
6117
6222
6193
5984
5585
5019
4344
3598
2760
1794
714
-411
-1510
-2540
-3495
-4409
-5310
-6162
-6852
-7284
-7450
-7411
-7231
-6933
-6499
-5896
-5129
-4280
-3484
-2807
-2205
-1584
-901
-230
308
635
809
983
1238
1464
1459
1156
748
496
447
384
82
-430
-895
-1078
-995
-868
-888
-1005
-984
-670
-188
193
370
515
857
1424
2048
2553
2943
3361
3920
4563
5137
5564
5915
6286
6639
6837
6794
6560
6239
5857
5359
4694
3883
2990
2019
914
-344
-1628
-2768
-3711
-4575
-5478
-6375
-7079
-7439
-7497
-7398
-7244
-6983
-6522
-5852
-5094
-4409
-3858
-3381
-2883
-2329
-1751
-1215
-769
-430
-153
126
417
644
723
683
653
724
826
765
467
86
-125
-105
-33
-103
-303
-445
-413
-231
-7
213
438
704
1026
1404
1832
2299
2813
3397
4041
4694
5300
5837
6304
6674
6908
6993
6950
6790
6503
6058
5453
4701
3831
2846
1752
580
-619
-1800
-2944
-4050
-5117
-6088
-6854
-7335
-7544
-7560
-7421
-7132
-6686
-6113
-5445
-4731
-4034
-3402
-2843
-2334
-1833
-1291
-724
-245
49
233
484
823
1069
1080
925
783
722
668
482
124
-279
-556
-648
-668
-703
-732
-671
-497
-250
33
318
585
861
1212
1675
2207
2754
3286
3787
4250
4697
5187
5698
6148
6453
6624
6707
6710
6586
6265
5737
5094
4444
3764
2887
1735
433
-825
-1944
-2950
-3885
-4810
-5723
-6493
-6956
-7093
-7069
-7020
-6934
-6689
-6210
-5535
-4813
-4217
-3796
-3427
-2953
-2368
-1793
-1362
-1101
-922
-664
-259
146
323
221
49
4
90
144
24
-256
-536
-628
-542
-475
-559
-682
-632
-359
-5
255
369
446
660
1110
1695
2216
2594
2987
3579
4353
5104
5660
6018
6272
6522
6763
6914
6865
6609
6217
5735
5174
4507
3718
2756
1620
389
-838
-2018
-3166
-4290
-5356
-6283
-6994
-7458
-7708
-7790
-7685
-7360
-6820
-6132
-5394
-4678
-4037
-3436
-2836
-2219
-1636
-1110
-649
-278
25
338
727
1075
1243
1238
1258
1400
1558
1541
1252
793
364
146
114
77
-107
-371
-535
-515
-370
-200
-52
140
491
1043
1656
2163
2566
3038
3687
4412
5054
5562
6020
6493
6953
7269
7317
7130
6877
6659
6330
5696
4746
3687
2677
1692
595
-704
-2115
-3424
-4471
-5313
-6115
-6925
-7592
-7930
-7911
-7658
-7331
-6956
-6445
-5731
-4868
-4025
-3333
-2817
-2365
-1866
-1282
-707
-278
-44
66
193
380
541
550
405
253
213
249
175
-117
-544
-886
-995
-924
-833
-817
-802
-679
-434
-169
46
236
494
889
1414
1989
2543
3047
3547
4082
4657
5237
5791
6296
6694
6926
6947
6781
6479
6122
5715
5160
4361
3378
2397
1460
465
-684
-1902
-3068
-4106
-5007
-5804
-6553
-7247
-7737
-7895
-7748
-7440
-7030
-6479
-5756
-4914
-4057
-3274
-2623
-2075
-1534
-948
-373
58
289
346
348
410
553
654
565
331
178
268
463
470
145
-351
-697
-754
-683
-733
-924
-1000
-761
-275
229
607
909
1275
1803
2446
3043
3465
3795
4230
4863
5528
6009
6262
6448
6722
7036
7173
6961
6530
6152
5901
5493
4675
3565
2522
1692
850
-260
-1623
-2947
-3974
-4720
-5432
-6276
-7106
-7597
-7617
-7338
-6985
-6571
-5980
-5167
-4215
-3272
-2458
-1834
-1317
-813
-310
104
414
655
797
769
612
503
526
558
368
-82
-575
-850
-961
-1230
-1817
-2455
-2746
-2622
-2368
-2249
-2237
-2123
-1747
-1139
-458
143
638
1113
1683
2363
3069
3684
4179
4640
5188
5841
6438
6799
6904
6915
6903
6754
6367
5896
5500
5061
4311
3288
2313
1556
793
-307
-1744
-3158
-4166
-4800
-5446
-6389
-7392
-7946
-7860
-7447
-7075
-6752
-6234
-5419
-4450
-3533
-2774
-2182
-1694
-1203
-638
-27
518
880
990
917
829
857
909
788
434
-12
-372
-601
-795
-1101
-1580
-2115
-2500
-2601
-2490
-2313
-2156
-1983
-1703
-1243
-608
79
691
1216
1772
2444
3180
3859
4432
4969
5535
6095
6560
6908
7234
7517
7622
7395
6964
6588
6345
6008
5288
4269
3260
2505
1782
699
-835
-2441
-3616
-4328
-4943
-5821
-6848
-7585
-7749
-7460
-7122
-6885
-6568
-5869
-4811
-3716
-2858
-2258
-1716
-1100
-419
183
599
860
1024
1121
1094
1008
932
856
629
184
-306
-634
-763
-913
-1265
-1760
-2170
-2299
-2204
-2049
-2005
-2041
-1970
-1579
-850
-44
578
1003
1498
2217
3061
3760
4213
4567
5037
5666
6235
6560
6664
6782
6971
7069
6830
6326
5874
5653
5390
4616
3332
2052
1241
684
-209
-1706
-3397
-4647
-5252
-5614
-6297
-7379
-8331
-8575
-8100
-7426
-6934
-6518
-5851
-4846
-3700
-2653
-1837
-1222
-687
-115
491
1032
1409
1482
1176
643
311
408
645
475
-248
-1089
-1520
-1493
-1476
-1899
-2659
-3192
-3090
-2521
-1994
-1789
-1752
-1551
-1004
-181
695
1402
1903
2396
3095
3979
4758
5213
5406
5634
6109
6774
7363
7620
7518
7255
7024
6833
6593
6263
5762
4972
3904
2825
1961
1212
247
-1138
-2772
-4256
-5234
-5786
-6367
-7315
-8351
-8823
-8444
-7583
-6831
-6385
-5974
-5194
-3953
-2589
-1595
-1094
-725
-112
677
1274
1562
1702
1795
1705
1385
1039
852
721
347
-418
-1339
-1941
-1961
-1742
-1941
-2715
-3449
-3415
-2646
-1850
-1602
-1752
-1657
-889
334
1357
1798
1915
2299
3158
4174
4916
5286
5507
5828
6343
6912
7320
7403
7235
6951
6683
6437
6206
5939
5488
4728
3662
2558
1619
835
-120
-1493
-3184
-4736
-5712
-6134
-6481
-7226
-8233
-8838
-8508
-7426
-6306
-5627
-5206
-4463
-3125
-1537
-326
211
392
743
1408
2033
2221
2023
1777
1690
1610
1312
774
176
-343
-890
-1617
-2453
-3036
-3188
-3169
-3413
-3950
-4288
-4009
-3225
-2496
-2196
-2177
-1929
-1135
-25
905
1431
1835
2501
3467
4454
5187
5673
6049
6458
6944
7456
7874
8021
7834
7363
6833
6423
6184
5863
5128
3874
2382
1081
114
-735
-1867
-3452
-5247
-6678
-7343
-7431
-7573
-8138
-8807
-8894
-8095
-6741
-5460
-4562
-3855
-2921
-1623
-263
725
1189
1398
1681
2125
2493
2558
2313
1925
1491
981
373
-237
-767
-1265
-1862
-2534
-3135
-3538
-3772
-3903
-3956
-3903
-3668
-3210
-2583
-1965
-1464
-1038
-497
279
1246
2228
3071
3735
4288
4811
5371
6039
6799
7476
7852
7922
7933
8087
8276
8193
7666
6870
6157
5683
5225
4358
2911
1166
-324
-1292
-2043
-3160
-4830
-6592
-7777
-8134
-8059
-8098
-8411
-8598
-8158
-6996
-5499
-4157
-3154
-2354
-1510
-513
556
1494
2106
2309
2191
1979
1876
1877
1768
1327
549
-332
-1048
-1537
-1964
-2528
-3232
-3910
-4402
-4635
-4611
-4368
-4017
-3667
-3335
-2954
-2459
-1829
-1062
-215
602
1289
1902
2617
3502
4412
5103
5539
5896
6383
6982
7501
7775
7849
7926
8066
8099
7749
7048
6309
5796
5362
4551
3160
1420
-161
-1355
-2334
-3480
-4959
-6522
-7773
-8488
-8814
-8947
-8971
-8788
-8305
-7498
-6387
-5074
-3670
-2325
-1126
-157
558
1094
1575
2055
2378
2367
2007
1509
1069
680
181
-543
-1415
-2256
-2928
-3406
-3757
-4060
-4339
-4541
-4591
-4454
-4150
-3702
-3123
-2467
-1838
-1292
-735
-7
904
1815
2550
3143
3748
4451
5164
5762
6195
6554
6943
7390
7832
8196
8466
8612
8534
8094
7283
6339
5577
5081
4525
3501
1936
182
-1350
-2535
-3542
-4624
-5865
-7101
-8015
-8447
-8511
-8401
-8140
-7593
-6738
-5681
-4516
-3233
-1852
-515
548
1178
1437
1596
1896
2240
2275
1786
983
305
-32
-179
-514
-1294
-2449
-3605
-4333
-4512
-4334
-4102
-4025
-4144
-4343
-4370
-4010
-3258
-2315
-1420
-704
-151
392
1067
1914
2792
3547
4133
4633
5140
5650
6077
6380
6645
7017
7487
7886
8060
8062
8033
7989
7766
7184
6261
5194
4210
3303
2306
1063
-365
-1811
-3154
-4388
-5576
-6719
-7710
-8353
-8595
-8539
-8322
-7923
-7235
-6290
-5224
-4166
-3080
-1921
-744
266
932
1246
1350
1432
1534
1565
1390
952
316
-405
-1098
-1783
-2507
-3269
-3930
-4373
-4603
-4714
-4791
-4824
-4774
-4552
-4114
-3505
-2862
-2264
-1684
-1076
-429
241
947
1686
2435
3167
3866
4536
5182
5818
6413
6911
7284
7611
8005
8495
8916
9045
8783
8241
7597
6893
6083
5114
4059
2986
1900
702
-697
-2253
-3830
-5259
-6491
-7497
-8272
-8762
-8923
-8774
-8372
-7800
-7035
-6046
-4810
-3423
-2006
-693
372
1100
1512
1742
1887
1981
2002
1922
1688
1254
627
-153
-1059
-2059
-3067
-3948
-4574
-4848
-4802
-4641
-4634
-4829
-5001
-4875
-4360
-3572
-2701
-1907
-1206
-519
238
1034
1820
2615
3440
4270
5026
5706
6316
6833
7191
7389
7545
7813
8263
8769
9126
9179
8934
8446
7754
6855
5794
4685
3653
2698
1662
386
-1123
-2659
-4043
-5250
-6365
-7382
-8159
-8563
-8610
-8448
-8177
-7775
-7122
-6163
-4968
-3693
-2480
-1380
-447
254
635
745
716
701
745
748
550
51
-663
-1421
-2137
-2878
-3699
-4525
-5167
-5477
-5460
-5241
-4995
-4804
-4658
-4494
-4237
-3803
-3117
-2207
-1212
-320
395
1009
1661
2418
3209
3929
4541
5127
5762
6406
6951
7318
7555
7765
8054
8407
8744
8930
8913
8663
8167
7373
6271
4960
3599
2337
1175
48
-1141
-2386
-3654
-4889
-6036
-7032
-7796
-8294
-8495
-8412
-8051
-7449
-6639
-5646
-4539
-3397
-2306
-1267
-278
627
1333
1749
1868
1811
1688
1510
1174
623
-70
-784
-1474
-2221
-3045
-3871
-4537
-4979
-5213
-5279
-5181
-4931
-4635
-4389
-4199
-3904
-3353
-2526
-1577
-689
104
920
1866
2843
3678
4284
4773
5300
5950
6665
7299
7751
8037
8317
8648
8976
9134
9098
8922
8678
8310
7658
6649
5340
3979
2711
1548
349
-943
-2248
-3430
-4450
-5412
-6361
-7261
-7987
-8486
-8698
-8580
-8108
-7312
-6324
-5283
-4321
-3397
-2417
-1340
-358
310
594
672
785
984
1080
783
76
-801
-1571
-2230
-2942
-3790
-4670
-5385
-5832
-5981
-5891
-5626
-5262
-4866
-4501
-4139
-3652
-2939
-2020
-1052
-150
682
1518
2370
3172
3837
4364
4848
5368
5931
6470
6949
7411
7906
8430
8883
9199
9344
9381
9329
9168
8790
8134
7203
6061
4787
3460
2164
903
-331
-1602
-2862
-4039
-5013
-5790
-6437
-7070
-7765
-8463
-8954
-8962
-8403
-7439
-6367
-5368
-4399
-3348
-2214
-1214
-536
-209
-25
169
364
391
146
-317
-855
-1422
-2107
-2979
-3960
-4840
-5508
-5997
-6345
-6444
-6139
-5467
-4689
-4082
-3668
-3227
-2536
-1619
-704
35
685
1483
2527
3654
4611
5297
5816
6316
6844
7357
7817
8247
8675
9083
9427
9652
9743
9695
9494
9094
8454
7588
6562
5480
4426
3429
2449
1433
336
-840
-2065
-3254
-4316
-5226
-6005
-6720
-7404
-8052
-8527
-8662
-8385
-7829
-7163
-6417
-5498
-4346
-3101
-2019
-1318
-997
-896
-872
-909
-1059
-1316
-1628
-1988
-2479
-3154
-3929
-4647
-5201
-5621
-5964
-6211
-6224
-5879
-5194
-4356
-3543
-2782
-1976
-1076
-173
621
1297
1947
2629
3350
4053
4705
5306
5906
6537
7130
7582
7858
8040
8253
8562
8939
9297
9564
9699
9698
9561
9248
8673
7767
6556
5173
3785
2492
1307
181
-935
-2085
-3273
-4474
-5588
-6536
-7305
-7963
-8548
-8977
-9145
-9035
-8720
-8245
-7536
-6510
-5189
-3798
-2646
-1932
-1579
-1379
-1226
-1213
-1406
-1731
-2039
-2304
-2625
-3084
-3657
-4223
-4712
-5137
-5584
-6024
-6284
-6159
-5612
-4809
-3921
-3023
-2091
-1135
-202
656
1440
2210
2992
3755
4452
5136
5894
6704
7437
7991
8400
8742
9027
9223
9310
9323
9323
9348
9383
9332
9122
8747
8246
7614
6784
5714
4430
3070
1750
535
-636
-1819
-3024
-4197
-5278
-6229
-7037
-7727
-8328
-8841
-9220
-9410
-9372
-9068
-8440
-7465
-6230
-4928
-3747
-2792
-2091
-1649
-1441
-1424
-1551
-1817
-2200
-2637
-3051
-3400
-3696
-3957
-4225
-4522
-4830
-5049
-5073
-4876
-4525
-4093
-3546
-2780
-1756
-617
461
1410
2259
3043
3762
4421
5026
5557
6038
6520
7056
7628
8200
8711
9116
9372
9486
9506
9481
9426
9302
9072
8722
8326
7937
7538
7009
6230
5156
3856
2448
1021
-399
-1838
-3269
-4572
-5587
-6295
-6836
-7422
-8111
-8795
-9296
-9548
-9613
-9529
-9225
-8550
-7475
-6118
-4735
-3535
-2608
-1924
-1467
-1266
-1343
-1650
-2065
-2504
-2893
-3220
-3421
-3507
-3546
-3660
-3864
-4035
-4042
-3858
-3571
-3234
-2836
-2285
-1533
-608
375
1301
2119
2845
3536
4199
4820
5383
5899
6371
6793
7185
7607
8101
8611
9039
9313
9462
9501
9432
9234
8920
8514
8051
7574
7074
6449
5567
4441
3220
2077
986
-184
-1565
-3111
-4648
-5982
-7034
-7842
-8473
-8975
-9363
-9642
-9793
-9782
-9569
-9143
-8513
-7722
-6823
-5867
-4874
-3877
-2964
-2272
-1885
-1791
-1895
-2098
-2342
-2607
-2874
-3102
-3271
-3376
-3421
-3404
-3343
-3250
-3102
-2877
-2590
-2256
-1778
-1028
4
1129
2145
2950
3581
4115
4631
5165
5702
6204
6652
7050
7398
7725
8081
8474
8824
9034
9092
9072
9046
9008
8906
8684
8347
7942
7505
7025
6425
5616
4555
3287
1909
516
-853
-2217
-3578
-4890
-6054
-7013
-7744
-8285
-8695
-9065
-9443
-9779
-9955
-9853
-9458
-8803
-7960
-6983
-5930
-4853
-3813
-2871
-2110
-1582
-1316
-1286
-1454
-1740
-2066
-2360
-2568
-2643
-2603
-2521
-2457
-2363
-2136
-1746
-1277
-859
-525
-181
328
1048
1845
2539
3070
3550
4092
4698
5301
5854
6351
6802
7212
7570
7841
7990
8048
8101
8219
8371
8475
8474
8359
8139
7831
7464
7046
6542
5877
5004
3935
2756
1555
383
-797
-2013
-3280
-4572
-5834
-6964
-7857
-8479
-8911
-9270
-9612
-9886
-10008
-9922
-9626
-9129
-8452
-7624
-6702
-5738
-4773
-3837
-2993
-2313
-1870
-1694
-1724
-1834
-1901
-1882
-1813
-1761
-1756
-1775
-1747
-1616
-1383
-1115
-895
-731
-520
-124
515
1297
2047
2649
3140
3663
4292
4960
5522
5892
6090
6218
6390
6654
6967
7244
7465
7662
7856
8021
8149
8238
8268
8195
8014
7753
7431
6997
6389
5571
4565
3460
2344
1274
204
-929
-2168
-3446
-4700
-5860
-6876
-7667
-8208
-8581
-8933
-9358
-9790
-10086
-10101
-9774
-9116
-8225
-7229
-6239
-5256
-4236
-3204
-2283
-1599
-1170
-933
-785
-689
-636
-622
-630
-645
-666
-671
-638
-552
-421
-263
-101
77
309
659
1140
1724
2356
2975
3546
4036
4445
4791
5130
5501
5912
6308
6636
6887
7096
7289
7444
7560
7655
7724
7707
7560
7347
7192
7131
7059
6807
6310
5625
4829
3914
2804
1491
84
-1258
-2456
-3563
-4656
-5749
-6769
-7644
-8338
-8872
-9294
-9650
-9939
-10100
-10092
-9909
-9570
-9060
-8347
-7418
-6328
-5188
-4089
-3085
-2169
-1392
-822
-516
-434
-483
-566
-619
-630
-636
-691
-772
-803
-720
-543
-325
-101
146
464
872
1341
1811
2269
2744
3257
3776
4206
4503
4734
5057
5538
6100
6570
6863
7031
7197
7433
7677
7815
7760
7548
7273
7039
6874
6709
6455
6090
5634
5069
4298
3265
2038
782
-389
-1509
-2694
-3971
-5197
-6172
-6853
-7388
-7972
-8663
-9330
-9789
-9971
-9950
-9804
-9521
-9027
-8312
-7411
-6362
-5192
-3966
-2792
-1804
-1089
-648
-374
-160
12
76
-15
-209
-352
-295
-14
363
684
889
1013
1096
1154
1203
1311
1567
1973
2417
2741
2950
3204
3639
4210
4750
5164
5470
5734
5998
6259
6501
6708
6902
7057
7106
7002
6832
6738
6763
6806
6712
6420
5986
5534
5095
4536
3685
2506
1145
-192
-1378
-2403
-3352
-4287
-5204
-6050
-6801
-7460
-8029
-8516
-8957
-9398
-9834
-10169
-10231
-9872
-9110
-8093
-7004
-5896
-4746
-3544
-2384
-1408
-692
-189
194
496
675
682
567
436
397
444
483
432
317
250
299
420
501
517
549
739
1133
1654
2183
2648
3047
3374
3624
3807
3987
4240
4580
4955
5306
5653
6058
6514
6907
7105
7086
6925
6712
6479
6211
5887
5508
5117
4742
4331
3754
2916
1843
683
-417
-1418
-2387
-3423
-4502
-5511
-6336
-7003
-7591
-8169
-8729
-9229
-9612
-9821
-9828
-9606
-9167
-8529
-7714
-6713
-5504
-4143
-2772
-1569
-644
-3
448
797
1080
1255
1309
1271
1213
1171
1116
1015
885
825
873
965
984
914
860
942
1171
1457
1707
1906
2120
2404
2754
3124
3477
3807
4128
4476
4911
5451
6042
6539
6824
6890
6852
6822
6816
6769
6625
6369
6030
5681
5377
5104
4719
4081
3136
1965
719
-491
-1597
-2608
-3564
-4531
-5515
-6462
-7283
-7938
-8447
-8862
-9221
-9499
-9637
-9558
-9202
-8529
-7563
-6385
-5134
-3911
-2758
-1670
-670
141
667
914
1011
1075
1155
1221
1242
1189
1094
991
893
786
661
515
327
117
-24
-18
135
380
679
1035
1421
1793
2117
2426
2751
3073
3339
3533
3720
3984
4379
4875
5391
5836
6161
6359
6418
6352
6175
5931
5635
5328
5031
4715
4319
3786
3120
2286
1256
22
-1317
-2653
-3875
-4943
-5839
-6589
-7217
-7770
-8286
-8756
-9146
-9418
-9546
-9485
-9198
-8643
-7775
-6612
-5288
-3990
-2833
-1831
-942
-125
628
1228
1562
1624
1539
1442
1396
1424
1481
1479
1340
1085
788
523
322
193
147
205
387
651
932
1197
1483
1807
2142
2412
2600
2763
2995
3345
3791
4311
4870
5421
5875
6189
6382
6495
6525
6454
6273
5994
5675
5402
5253
5173
5005
4570
3815
2811
1701
584
-529
-1675
-2872
-4055
-5132
-6007
-6653
-7114
-7510
-7929
-8366
-8746
-8999
-9081
-8935
-8522
-7838
-6910
-5751
-4397
-2966
-1632
-543
260
791
1087
1181
1157
1119
1140
1205
1235
1162
962
681
412
231
110
-50
-335
-708
-1022
-1108
-895
-448
98
609
1006
1278
1504
1801
2225
2753
3302
3807
4260
4716
5241
5810
6324
6673
6819
6794
6674
6535
6410
6278
6114
5919
5669
5266
4597
3663
2572
1464
384
-686
-1804
-2958
-4074
-5022
-5752
-6326
-6876
-7485
-8122
-8699
-9059
-9097
-8818
-8359
-7807
-7117
-6174
-4947
-3570
-2273
-1283
-678
-393
-267
-147
69
380
724
1026
1245
1386
1452
1446
1308
972
430
-216
-808
-1193
-1288
-1125
-838
-564
-327
-82
197
473
717
939
1184
1514
1989
2626
3388
4196
4956
5590
6032
6302
6462
6555
6567
6506
6407
6286
6139
5973
5818
5660
5414
4949
4181
3143
1993
906
-52
-916
-1734
-2552
-3403
-4329
-5304
-6259
-7092
-7746
-8239
-8630
-8926
-9018
-8778
-8135
-7179
-6101
-5082
-4154
-3224
-2265
-1349
-593
-7
459
875
1273
1633
1883
1986
1954
1800
1493
1002
383
-248
-769
-1098
-1229
-1204
-1114
-986
-804
-543
-271
-77
22
145
408
831
1352
1943
2619
3355
4068
4664
5144
5576
6019
6427
6690
6760
6712
6672
6661
6587
6349
5977
5565
5151
4644
3915
2948
1883
905
67
-706
-1542
-2488
-3500
-4463
-5302
-6064
-6826
-7602
-8288
-8773
-8971
-8872
-8488
-7890
-7152
-6337
-5462
-4517
-3547
-2640
-1896
-1316
-817
-295
277
831
1291
1602
1748
1692
1455
1124
826
587
326
-44
-495
-886
-1098
-1123
-1070
-1021
-967
-817
-538
-170
248
706
1190
1662
2114
2575
3089
3669
4278
4842
5297
5645
5902
6092
6253
6446
6656
6799
6766
6552
6229
5919
5683
5426
4947
4098
2959
1729
624
-323
-1204
-2172
-3254
-4365
-5412
-6346
-7133
-7684
-8024
-8288
-8615
-8940
-9048
-8759
-8055
-7088
-6006
-4905
-3792
-2726
-1759
-928
-191
492
1098
1574
1896
2128
2300
2344
2135
1669
1081
517
19
-453
-901
-1246
-1394
-1359
-1269
-1269
-1344
-1363
-1222
-934
-574
-169
289
814
1379
1968
2574
3203
3825
4415
4990
5563
6117
6572
6896
7081
7176
7213
7184
7048
6800
6516
6231
5854
5212
4246
3111
2041
1154
379
-420
-1341
-2390
-3507
-4621
-5713
-6755
-7667
-8346
-8789
-9047
-9157
-9100
-8849
-8384
-7695
-6792
-5679
-4402
-3100
-1971
-1114
-469
123
779
1485
2125
2568
2772
2751
2548
2229
1877
1540
1203
799
293
-271
-780
-1116
-1280
-1384
-1561
-1803
-1966
-1905
-1619
-1169
-599
69
758
1386
1952
2538
3178
3812
4359
4834
5334
5924
6555
7117
7519
7744
7807
7728
7528
7224
6835
6317
5606
4619
3420
2192
1169
427
-197
-954
-2010
-3292
-4638
-5882
-6960
-7827
-8449
-8822
-9016
-9130
-9160
-9034
-8662
-8069
-7302
-6396
-5348
-4177
-2997
-1947
-1094
-331
484
1374
2221
2860
3198
3211
2937
2449
1862
1306
870
554
284
38
-194
-397
-589
-798
-1048
-1321
-1534
-1610
-1534
-1344
-1054
-652
-143
441
1080
1763
2471
3152
3752
4301
4865
5476
6063
6553
6949
7293
7574
7663
7446
6947
6361
5823
5277
4561
3632
2661
1864
1302
773
11
-1083
-2390
-3716
-4981
-6154
-7201
-8025
-8555
-8802
-8823
-8690
-8422
-8032
-7521
-6892
-6127
-5216
-4201
-3160
-2199
-1345
-571
185
896
1495
1948
2260
2456
2532
2481
2301
2037
1725
1384
1025
699
467
309
151
-98
-434
-795
-1082
-1229
-1225
-1088
-815
-387
151
708
1197
1624
2050
2535
3083
3655
4229
4820
5420
5943
6307
6541
6736
6897
6892
6599
6052
5405
4792
4238
3663
3023
2367
1777
1231
628
-121
-1043
-2104
-3230
-4318
-5290
-6094
-6715
-7165
-7486
-7710
-7877
-8005
-8093
-8075
-7831
-7269
-6374
-5275
-4146
-3122
-2223
-1419
-688
-47
477
862
1101
1224
1278
1296
1259
1151
993
835
698
593
531
490
376
97
-312
-723
-1007
-1150
-1163
-1030
-704
-217
284
676
954
1220
1555
1993
2562
3267
4059
4818
5422
5796
5966
6004
5979
5910
5787
5632
5468
5272
4940
4411
3721
3005
2361
1806
1297
761
143
-589
-1399
-2235
-3034
-3778
-4462
-5084
-5627
-6040
-6293
-6417
-6516
-6649
-6777
-6777
-6541
-6035
-5310
-4476
-3634
-2857
-2188
-1639
-1196
-822
-490
-187
86
318
501
648
776
885
953
961
917
855
795
739
655
524
359
181
16
-103
-96
93
478
941
1352
1600
1730
1851
2064
2414
2881
3414
3940
4384
4742
5012
5171
5212
5159
5071
4935
4764
4587
4431
4305
4198
4069
3798
3303
2639
1960
1354
801
216
-437
-1133
-1820
-2486
-3164
-3831
-4406
-4821
-5099
-5326
-5585
-5886
-6185
-6378
-6397
-6209
-5832
-5322
-4753
-4215
-3741
-3314
-2892
-2486
-2133
-1839
-1559
-1253
-928
-616
-329
-68
133
229
218
160
136
186
295
435
578
725
858
935
950
935
935
972
1043
1191
1391
1597
1788
1970
2227
2537
2945
3406
3886
4250
4337
4161
3811
3517
3333
3276
3292
3319
3339
3290
3180
2966
2684
2356
2028
1726
1472
1277
1075
796
408
-35
-476
-955
-1553
-2316
-3147
-3864
-4365
-4697
-5015
-5378
-5735
-5972
-6002
-5807
-5401
-4901
-4444
-4152
-4046
-4034
-3951
-3654
-3149
-2558
-2009
-1541
-1155
-832
-550
-281
-43
154
344
572
861
1184
1534
1867
2123
2231
2191
2105
2092
2245
2487
2704
2797
2788
2712
2607
2501
2429
2418
2417
2398
2330
2290
2275
2290
2284
2276
2305
2376
2500
2604
2635
2528
2344
2186
2144
2240
2448
2691
2855
2875
2760
2570
2300
1894
1307
607
-80
-666
-1160
-1648
-2229
-2921
-3656
-4320
-4837
-5193
-5391
-5478
-5493
-5488
-5496
-5521
-5495
-5311
-4928
-4444
-3997
-3644
-3335
-3006
-2634
-2231
-1809
-1360
-878
-374
107
545
967
1411
1866
2238
2442
2463
2393
2365
2438
2571
2644
2544
2267
1893
1535
1236
986
794
682
670
703
733
762
840
964
1090
1170
1239
1356
1541
1741
1896
2005
2149
2376
2659
2883
2961
2907
2771
2598
2344
2005
1633
1318
1062
796
469
66
-356
-765
-1116
-1452
-1832
-2295
-2747
-3070
-3239
-3325
-3426
-3573
-3745
-3911
-4050
-4134
-4120
-4000
-3817
-3646
-3515
-3383
-3190
-2895
-2489
-2001
-1508
-1066
-660
-213
293
815
1282
1643
1896
2096
2309
2525
2648
2611
2450
2219
1939
1593
1214
866
587
382
223
120
82
93
127
162
239
365
528
703
916
1192
1503
1776
1947
2033
2108
2243
2427
2599
2682
2660
2535
2324
2043
1716
1383
1109
922
803
643
375
25
-293
-481
-593
-700
-890
-1119
-1345
-1511
-1617
-1722
-1891
-2151
-2408
-2563
-2563
-2484
-2405
-2357
-2292
-2195
-2083
-1952
-1791
-1599
-1412
-1207
-931
-573
-194
137
426
701
984
1243
1435
1519
1508
1451
1365
1264
1120
920
637
279
-96
-408
-572
-588
-520
-507
-610
-763
-822
-696
-444
-194
-2
185
408
638
779
843
859
899
947
998
1054
1140
1243
1284
1200
1002
815
692
639
564
491
437
406
310
101
-174
-438
-607
-686
-637
-522
-373
-291
-302
-413
-621
-867
-1112
-1261
-1283
-1206
-1115
-1100
-1148
-1191
-1148
-994
-754
-427
-40
366
707
935
1033
1023
928
779
612
464
348
232
94
-44
-144
-219
-313
-436
-526
-529
-466
-434
-459
-467
-363
-175
-11
49
36
29
73
157
243
310
327
308
256
192
113
33
8
15
3
-128
-328
-500
-564
-551
-496
-418
-313
-206
-124
-49
3
48
51
72
132
263
419
546
591
511
355
170
52
-33
-106
-235
-366
-441
-434
-338
-193
27
257
497
696
881
1053
1211
1336
1354
1265
1078
902
770
691
605
472
291
91
-63
-153
-161
-127
-80
-46
1
110
294
516
701
802
793
723
613
498
388
317
276
212
87
-78
-256
-449
-669
-881
-1012
-1063
-1061
-1080
-1131
-1186
-1194
-1104
-973
-851
-800
-780
-756
-716
-640
-528
-359
-187
-77
-68
-128
-201
-264
-312
-378
-468
-587
-671
-694
-678
-687
-703
-650
-511
-348
-254
-223
-191
-116
-5
97
168
216
270
348
403
398
342
291
285
286
291
295
369
502
667
819
924
1016
1077
1104
1073
1025
1013
1008
996
940
868
779
724
719
729
666
501
292
102
-40
-182
-336
-468
-516
-492
-471
-509
-575
-634
-638
-586
-467
-302
-136
-24
2
-10
-1
53
72
-24
-243
-521
-773
-958
-1070
-1136
-1168
-1158
-1134
-1153
-1234
-1326
-1310
-1147
-863
-562
-337
-246
-295
-370
-403
-339
-269
-232
-263
-291
-272
-189
-39
159
445
770
1054
1173
1146
1087
1144
1311
1486
1585
1589
1588
1588
1614
1600
1536
1442
1354
1305
1230
1115
965
873
834
792
674
540
467
467
476
448
393
344
323
329
356
366
377
393
420
433
449
491
519
477
314
59
-222
-476
-713
-992
-1338
-1679
-1947
-2093
-2157
-2134
-2062
-1977
-1953
-2016
-2112
-2151
-2050
-1862
-1666
-1538
-1469
-1458
-1457
-1462
-1476
-1526
-1581
-1568
-1482
-1290
-1050
-741
-480
-253
-86
84
259
431
568
628
652
659
682
687
728
819
1012
1217
1386
1425
1350
1259
1239
1307
1301
1209
1064
1005
1020
1066
1088
1105
1190
1329
1507
1649
1795
1889
1908
1822
1712
1658
1659
1694
1651
1515
1246
939
641
362
118
-71
-177
-303
-533
-866
-1193
-1405
-1503
-1547
-1630
-1765
-1925
-2017
-2002
-1933
-1935
-2119
-2422
-2633
-2558
-2204
-1780
-1497
-1383
-1358
-1333
-1308
-1266
-1184
-1047
-853
-616
-376
-195
-121
-80
50
337
695
907
894
692
545
539
682
833
933
953
931
912
913
918
871
820
774
841
1016
1316
1599
1751
1766
1740
1790
1876
1954
1971
1948
1912
1876
1861
1829
1753
1608
1437
1271
1085
885
694
580
485
328
51
-281
-563
-729
-856
-994
-1196
-1389
-1541
-1612
-1585
-1538
-1514
-1588
-1662
-1696
-1661
-1661
-1749
-1920
-2055
-2052
-1913
-1722
-1657
-1663
-1654
-1426
-1037
-652
-430
-413
-465
-519
-530
-542
-572
-592
-557
-466
-371
-337
-309
-230
-115
-71
-138
-232
-247
-147
24
195
322
415
523
692
874
1022
1104
1175
1281
1418
1569
1669
1725
1686
1571
1422
1348
1381
1466
1469
1326
1059
776
577
489
501
505
475
372
238
68
-92
-192
-203
-193
-231
-334
-484
-667
-881
-1085
-1220
-1234
-1145
-1020
-928
-832
-715
-593
-551
-585
-651
-675
-630
-499
-322
-115
71
187
167
43
-46
-38
31
38
-18
-82
-106
-104
-127
-213
-307
-340
-250
-108
-2
30
44
131
296
497
655
772
852
940
980
957
867
767
714
684
703
710
745
753
737
647
504
386
349
403
426
405
343
344
326
232
8
-228
-387
-446
-442
-424
-336
-249
-230
-392
-646
-857
-941
-928
-896
-834
-732
-562
-374
-182
-30
66
96
89
97
106
97
51
4
-31
-74
-142
-217
-245
-229
-255
-389
-578
-663
-593
-420
-285
-241
-277
-335
-354
-317
-200
-69
18
-5
-66
-69
68
286
500
629
723
816
870
821
676
575
547
544
444
254
71
-34
-26
4
-2
-64
-147
-209
-282
-374
-507
-642
-758
-841
-937
-1050
-1111
-1114
-1043
-1007
-981
-1013
-1038
-1007
-883
-659
-443
-257
-169
-90
5
178
309
355
300
273
332
460
639
751
743
564
392
339
397
445
424
397
417
479
537
534
482
412
407
502
670
815
868
837
779
754
774
856
943
1033
1078
1086
1050
1005
976
949
860
704
519
403
353
324
226
59
-88
-139
-113
-138
-274
-504
-698
-804
-799
-748
-706
-679
-683
-722
-854
-1030
-1192
-1263
-1273
-1275
-1318
-1381
-1367
-1259
-1067
-918
-818
-773
-724
-679
-666
-680
-682
-568
-396
-219
-159
-157
-201
-235
-250
-223
-137
-42
38
39
12
-1
106
287
530
740
898
964
983
1068
1232
1426
1461
1366
1249
1292
1466
1622
1638
1493
1286
1073
904
772
705
678
663
576
439
322
304
321
240
46
-172
-303
-357
-364
-359
-347
-347
-373
-380
-392
-433
-564
-769
-1000
-1203
-1342
-1398
-1379
-1294
-1205
-1199
-1278
-1417
-1512
-1542
-1455
-1261
-1044
-910
-901
-930
-918
-853
-763
-644
-489
-311
-161
-57
30
129
222
256
246
261
317
355
302
191
123
174
421
783
1144
1324
1362
1390
1487
1593
1600
1519
1401
1322
1275
1232
1156
1076
1055
1109
1193
1203
1113
953
800
688
635
664
710
690
529
319
168
123
109
59
-34
-165
-333
-546
-733
-850
-893
-926
-982
-1113
-1281
-1439
-1532
-1575
-1628
-1620
-1542
-1388
-1279
-1281
-1325
-1328
-1215
-1071
-995
-1037
-1142
-1215
-1188
-1095
-1012
-1007
-1009
-897
-666
-455
-386
-396
-387
-306
-187
-34
107
193
257
366
553
791
1064
1370
1600
1648
1587
1545
1680
1889
2040
2015
1871
1804
1845
1888
1800
1603
1414
1280
1176
1075
952
892
851
794
624
444
394
436
423
190
-127
-335
-289
-119
-31
-86
-167
-191
-178
-214
-260
-264
-197
-174
-256
-420
-522
-505
-461
-476
-584
-661
-696
-756
-969
-1274
-1517
-1591
-1569
-1504
-1416
-1355
-1369
-1500
-1600
-1601
-1405
-1139
-909
-822
-820
-810
-772
-701
-628
-479
-324
-171
-98
-33
43
156
265
352
465
607
777
840
809
661
466
285
178
250
356
472
512
597
696
775
770
677
543
408
378
411
471
410
276
98
38
85
171
135
3
-77
40
321
561
619
442
211
93
169
279
262
76
-148
-263
-192
-28
49
-88
-365
-570
-612
-523
-432
-408
-468
-605
-720
-762
-701
-569
-451
-381
-393
-395
-395
-401
-414
-402
-281
-66
205
382
416
387
420
564
732
824
820
717
596
469
408
434
514
680
825
969
961
922
873
878
885
851
808
709
601
395
157
-129
-291
-285
-117
27
-3
-178
-331
-287
-74
177
316
282
129
-55
-171
-228
-223
-139
51
311
422
242
-192
-540
-582
-416
-335
-474
-729
-912
-957
-854
-655
-453
-357
-444
-616
-732
-692
-575
-488
-497
-506
-380
-118
99
72
-96
-137
110
463
611
455
123
-56
34
354
613
654
404
-15
-388
-519
-317
48
376
451
280
44
-79
-40
27
78
121
197
243
159
-89
-330
-366
-148
121
175
-73
-503
-831
-859
-618
-264
49
278
370
265
66
-135
-206
-208
-140
-33
56
34
-159
-414
-558
-449
-91
296
449
208
-276
-699
-853
-677
-326
-15
31
-196
-515
-726
-679
-398
-4
342
503
494
322
124
31
138
420
690
780
605
272
-4
-112
13
280
562
667
558
334
132
28
89
308
532
545
250
-128
-344
-240
42
352
549
574
432
165
-72
-185
-63
216
488
549
345
75
-56
73
334
578
706
682
495
237
54
93
263
420
398
180
-148
-515
-736
-763
-481
-97
194
180
-109
-455
-695
-641
-380
-20
192
172
-50
-330
-456
-308
81
481
641
467
143
-97
-105
18
174
301
317
196
-90
-390
-567
-536
-340
-168
-130
-226
-330
-314
-146
122
309
310
135
-87
-227
-221
-106
-29
-63
-153
-189
-129
6
158
230
177
60
8
73
171
195
73
-130
-332
-453
-487
-463
-390
-348
-312
-272
-148
33
118
-17
-410
-816
-1061
-1026
-856
-693
-667
-769
-834
-765
-599
-561
-693
-871
-892
-757
-586
-448
-322
-173
-58
-39
-97
-121
24
274
442
425
341
380
519
696
789
815
771
725
688
643
627
661
704
615
419
223
179
259
354
379
380
456
571
585
455
340
453
799
1126
1141
817
431
305
484
773
938
890
729
587
529
572
736
922
927
638
274
71
99
172
120
-120
-401
-536
-508
-474
-571
-733
-846
-820
-743
-721
-761
-693
-460
-285
-441
-906
-1361
-1457
-1140
-664
-437
-634
-1090
-1435
-1348
-812
-153
162
-59
-554
-897
-811
-380
108
394
388
197
-42
-128
2
286
482
477
283
108
120
352
632
768
784
787
869
970
975
822
636
630
908
1272
1472
1378
1146
1095
1365
1786
1971
1781
1351
946
744
784
977
1138
1123
896
563
282
123
60
-2
-146
-485
-1047
-1654
-1998
-1962
-1789
-1834
-2262
-2835
-3222
-3231
-3031
-2882
-2909
-3042
-3165
-3249
-3264
-3188
-2946
-2573
-2185
-1923
-1766
-1568
-1201
-699
-212
93
186
183
199
294
436
604
723
748
682
598
568
606
695
795
912
1051
1166
1237
1306
1440
1665
1943
2239
2476
2607
2659
2724
2930
3317
3781
4103
4141
3991
3919
4089
4403
4583
4467
4123
3707
3230
2626
2021
1659
1653
1645
1132
-76
-1520
-2483
-2759
-2849
-3450
-4631
-5860
-6549
-6640
-6453
-6244
-5995
-5614
-5202
-4858
-4482
-3764
-2661
-1512
-834
-715
-710
-288
574
1380
1659
1395
964
711
700
805
941
1037
962
535
-142
-709
-803
-489
-210
-375
-916
-1341
-1253
-737
-179
182
438
768
1191
1653
2169
2875
3734
4491
4902
5057
5256
5666
6128
6332
6189
5895
5762
5723
5363
4311
2882
1858
1658
1776
1182
-471
-2485
-3719
-3904
-3794
-4347
-5648
-6942
-7528
-7384
-7037
-6826
-6700
-6434
-6077
-5757
-5325
-4398
-2963
-1618
-983
-969
-809
84
1439
2377
2402
1900
1622
1814
2068
1957
1505
1019
596
117
-418
-745
-740
-700
-1065
-1842
-2499
-2541
-2072
-1663
-1661
-1801
-1567
-839
16
632
1061
1620
2425
3269
3970
4604
5317
6012
6447
6588
6697
7016
7418
7517
7038
6074
4949
3994
3402
3130
2854
2071
528
-1427
-2956
-3475
-3339
-3586
-4854
-6674
-7916
-7910
-7080
-6438
-6597
-7146
-7238
-6431
-5018
-3576
-2457
-1697
-1117
-524
266
1344
2546
3416
3581
3198
2895
3121
3623
3684
2901
1714
978
1045
1364
1110
61
-1220
-1998
-2090
-1931
-2036
-2512
-3056
-3336
-3200
-2703
-2013
-1299
-686
-162
385
1160
2189
3276
4128
4718
5278
6014
6901
7692
8174
8161
7577
6516
5463
4955
5002
4826
3595
1330
-933
-2114
-2240
-2484
-3922
-6278
-8298
-9018
-8666
-8169
-8223
-8723
-8997
-8563
-7413
-5887
-4351
-3153
-2416
-1861
-957
558
2313
3524
3752
3455
3559
4422
5410
5640
4880
3747
2995
2821
2776
2350
1481
401
-697
-1724
-2543
-2989
-3148
-3320
-3751
-4250
-4327
-3723
-2753
-1972
-1557
-1163
-373
824
2045
3006
3803
4673
5591
6295
6694
7009
7488
7913
7718
6657
5364
4768
4968
4936
3628
1190
-1074
-2067
-2073
-2426
-4018
-6307
-8058
-8602
-8337
-8029
-8090
-8373
-8494
-8181
-7274
-5832
-4186
-2958
-2437
-2195
-1421
166
1931
2946
2986
2804
3280
4451
5450
5565
4933
4300
4107
4119
3840
3125
2256
1458
633
-379
-1439
-2227
-2658
-2973
-3373
-3712
-3680
-3262
-2800
-2534
-2254
-1556
-429
725
1558
2211
3022
4016
4909
5565
6207
7038
7758
7782
6928
5901
5632
6161
6361
5172
2859
790
-28
-61
-637
-2502
-4949
-6665
-7083
-6852
-6959
-7729
-8624
-8868
-8207
-7027
-5923
-5156
-4654
-4129
-3320
-2100
-665
549
1213
1428
1717
2476
3556
4341
4445
4102
3903
4149
4509
4413
3686
2767
2128
1735
1145
142
-985
-1781
-2123
-2311
-2687
-3258
-3724
-3829
-3542
-3008
-2373
-1800
-1358
-935
-241
901
2294
3463
4089
4379
4883
5902
7123
7816
7519
6516
5689
5666
6125
6035
4722
2587
736
-118
-363
-1053
-2751
-4890
-6447
-7012
-7079
-7340
-7951
-8547
-8720
-8404
-7738
-6843
-5848
-4991
-4399
-3825
-2887
-1510
-114
809
1188
1527
2318
3412
4189
4300
4067
3987
4181
4305
4037
3451
2911
2576
2220
1578
730
-45
-645
-1211
-1829
-2380
-2687
-2783
-2841
-2909
-2798
-2337
-1658
-1003
-420
274
1182
2160
2984
3621
4281
5158
6163
6922
7142
6842
6389
6211
6384
6454
5803
4316
2560
1259
566
-84
-1366
-3298
-5185
-6335
-6691
-6782
-7162
-7943
-8755
-9058
-8600
-7565
-6412
-5549
-5026
-4486
-3524
-2156
-831
87
673
1339
2330
3444
4224
4452
4447
4676
5186
5459
5023
4055
3297
3211
3391
2976
1649
73
-801
-781
-602
-1079
-2149
-3019
-3088
-2623
-2329
-2458
-2579
-2162
-1231
-251
411
847
1409
2305
3389
4369
5093
5625
6101
6510
6707
6562
6171
5804
5544
5164
4302
2945
1478
427
-138
-729
-1945
-3699
-5254
-6033
-6203
-6477
-7260
-8227
-8601
-8070
-7134
-6537
-6391
-6154
-5321
-3977
-2662
-1771
-1194
-512
443
1472
2266
2736
3011
3290
3686
4114
4370
4313
4021
3715
3547
3414
3045
2330
1479
810
359
-123
-874
-1793
-2504
-2729
-2593
-2462
-2510
-2538
-2220
-1502
-671
-57
357
880
1741
2810
3781
4451
4840
5142
5577
6227
6856
7027
6504
5616
4991
4884
4800
3999
2360
597
-482
-918
-1561
-3041
-4940
-6282
-6654
-6618
-6952
-7729
-8342
-8243
-7593
-6937
-6533
-6131
-5423
-4474
-3548
-2789
-2083
-1318
-490
305
1041
1719
2269
2579
2696
2859
3220
3589
3592
3118
2524
2289
2455
2547
2096
1197
367
-62
-254
-547
-982
-1306
-1380
-1364
-1443
-1499
-1262
-660
16
464
722
1166
2042
3152
4020
4357
4361
4493
5042
5835
6386
6332
5732
4985
4541
4557
4717
4444
3455
2080
973
473
272
-292
-1563
-3179
-4428
-4999
-5235
-5653
-6344
-6949
-7080
-6740
-6298
-6047
-5874
-5441
-4652
-3756
-3073
-2664
-2342
-1871
-1202
-480
114
484
626
636
709
985
1362
1568
1438
1122
939
1013
1098
845
234
-375
-635
-564
-523
-790
-1293
-1632
-1516
-1043
-582
-379
-329
-147
361
1105
1819
2288
2566
2889
3436
4129
4735
5087
5210
5259
5372
5606
5895
6078
5935
5403
4705
4225
4130
4068
3516
2358
1086
275
-67
-501
-1499
-2873
-3958
-4405
-4546
-4951
-5686
-6265
-6269
-5839
-5492
-5471
-5523
-5219
-4507
-3733
-3240
-3041
-2843
-2395
-1715
-1123
-859
-861
-818
-532
-94
230
271
116
-38
-75
-58
-100
-255
-466
-623
-652
-600
-582
-644
-729
-752
-657
-431
-127
161
374
544
761
1086
1481
1843
2101
2309
2612
3092
3645
4045
4168
4146
4240
4578
5008
5275
5202
4875
4530
4342
4232
3923
3254
2329
1474
896
481
-40
-747
-1465
-2036
-2534
-3061
-3595
-3967
-4080
-4022
-3992
-4099
-4245
-4279
-4124
-3806
-3400
-3019
-2766
-2641
-2528
-2276
-1851
-1375
-1050
-969
-1054
-1118
-1036
-835
-652
-611
-702
-814
-815
-697
-562
-547
-660
-758
-696
-489
-289
-212
-229
-197
-11
282
511
589
604
753
1096
1511
1835
2047
2277
2662
3198
3694
3980
4071
4145
4307
4481
4558
4536
4493
4406
4180
3744
3210
2750
2458
2222
1857
1310
712
246
-67
-323
-613
-915
-1192
-1441
-1682
-1915
-2116
-2278
-2407
-2549
-2761
-3010
-3179
-3185
-3092
-3028
-3016
-2977
-2849
-2720
-2746
-2938
-3135
-3145
-3008
-2880
-2852
-2856
-2801
-2696
-2588
-2449
-2178
-1809
-1563
-1580
-1678
-1498
-959
-374
-132
-252
-386
-209
221
579
695
729
945
1366
1802
2086
2286
2570
2976
3354
3540
3558
3563
3653
3745
3704
3511
3278
3083
2869
2552
2152
1784
1510
1286
1044
814
671
624
573
452
335
349
490
578
429
82
-222
-304
-261
-339
-607
-882
-974
-932
-964
-1174
-1491
-1792
-2024
-2190
-2257
-2234
-2246
-2471
-2884
-3180
-3059
-2580
-2177
-2207
-2584
-2835
-2605
-2018
-1527
-1426
-1555
-1521
-1133
-594
-215
-69
82
444
967
1423
1704
1928
2239
2639
2982
3180
3259
3310
3372
3400
3340
3199
3031
2841
2577
2219
1829
1489
1205
941
687
480
340
222
64
-134
-286
-307
-208
-99
-85
-152
-178
-52
186
381
387
209
-21
-146
-142
-113
-192
-419
-709
-959
-1122
-1246
-1409
-1641
-1915
-2173
-2379
-2554
-2741
-2958
-3151
-3254
-3288
-3333
-3421
-3461
-3330
-2997
-2581
-2229
-1967
-1690
-1278
-734
-182
247
555
885
1334
1826
2176
2340
2458
2684
2994
3231
3277
3182
3105
3112
3098
2907
2513
2014
1514
1041
579
178
-75
-152
-207
-437
-843
-1159
-1142
-846
-582
-587
-815
-977
-807
-323
162
339
223
124
299
659
907
882
717
618
604
521
277
-26
-198
-218
-283
-567
-1006
-1361
-1508
-1551
-1691
-2000
-2365
-2610
-2655
-2569
-2518
-2626
-2834
-2914
-2666
-2129
-1539
-1097
-801
-481
9
615
1146
1483
1697
1937
2264
2616
2899
3065
3125
3111
3044
2957
2888
2852
2793
2624
2317
1938
1616
1405
1239
987
616
256
71
78
129
69
-102
-257
-302
-249
-138
-5
117
182
175
129
110
177
311
402
351
206
74
-9
-97
-234
-414
-627
-874
-1170
-1484
-1749
-1921
-2053
-2240
-2489
-2698
-2755
-2667
-2558
-2566
-2688
-2771
-2663
-2356
-1991
-1724
-1598
-1519
-1321
-892
-303
232
531
639
780
1123
1602
1948
1972
1768
1645
1792
2062
2126
1873
1536
1407
1505
1569
1380
1001
715
722
913
994
803
474
284
348
527
573
403
168
83
215
440
587
578
482
438
512
636
676
554
313
93
6
44
82
-7
-231
-485
-663
-758
-853
-1032
-1308
-1612
-1846
-1954
-1967
-1988
-2085
-2232
-2345
-2358
-2271
-2159
-2087
-2024
-1867
-1574
-1223
-960
-843
-781
-624
-328
1
236
367
499
704
937
1076
1059
982
999
1168
1388
1507
1486
1402
1345
1340
1372
1435
1500
1492
1349
1124
975
1001
1149
1246
1215
1140
1165
1296
1404
1367
1232
1125
1107
1089
987
844
766
759
709
556
367
256
225
186
62
-138
-355
-554
-733
-875
-941
-929
-941
-1074
-1292
-1437
-1424
-1358
-1412
-1602
-1767
-1750
-1586
-1449
-1428
-1430
-1314
-1086
-862
-727
-675
-649
-581
-448
-286
-154
-61
22
100
176
265
392
522
560
465
351
392
621
856
900
742
556
510
593
665
608
459
333
305
360
456
555
623
619
534
406
326
358
452
484
389
217
73
38
128
277
375
359
250
131
51
16
2
-13
-50
-126
-233
-325
-367
-380
-447
-609
-818
-947
-915
-785
-708
-767
-864
-857
-721
-587
-595
-756
-913
-888
-653
-365
-216
-252
-350
-351
-217
-40
81
110
95
96
167
312
470
561
563
529
502
459
359
217
124
133
200
226
160
30
-110
-202
-219
-169
-97
-52
-65
-134
-219
-243
-175
-68
-1
9
42
166
367
543
603
561
523
575
673
731
716
673
645
599
474
250
2
-166
-185
-110
-41
-53
-107
-102
2
139
191
126
8
-61
-30
79
182
211
164
100
86
157
289
401
423
369
324
350
405
397
312
235
253
306
265
94
-73
-107
-46
-36
-158
-321
-381
-317
-256
-335
-554
-784
-903
-902
-849
-811
-795
-781
-754
-688
-579
-455
-350
-267
-170
-47
71
141
151
125
111
141
206
255
223
113
-22
-121
-181
-223
-272
-346
-449
-559
-631
-651
-638
-608
-544
-428
-273
-108
63
254
442
565
583
555
606
778
971
1038
927
746
659
743
910
994
927
797
711
684
648
567
447
291
115
-42
-139
-224
-378
-622
-861
-1001
-1025
-1000
-982
-975
-950
-900
-850
-810
-748
-628
-471
-352
-331
-360
-316
-132
95
214
159
29
-31
19
62
-39
-276
-484
-516
-415
-342
-396
-503
-508
-356
-164
-105
-209
-311
-244
-23
192
285
299
331
416
533
663
820
996
1157
1274
1329
1320
1279
1264
1321
1428
1512
1500
1377
1176
966
802
706
658
615
551
465
372
261
115
-33
-132
-154
-162
-235
-387
-557
-669
-709
-711
-709
-713
-712
-694
-661
-627
-576
-480
-340
-219
-190
-253
-315
-315
-275
-280
-367
-514
-667
-769
-823
-872
-961
-1060
-1094
-1033
-919
-826
-802
-824
-828
-740
-556
-340
-191
-158
-185
-168
-44
139
282
339
359
438
601
766
834
816
810
869
942
954
893
804
740
707
694
662
583
467
367
322
310
278
184
45
-76
-114
-98
-136
-285
-455
-514
-468
-438
-501
-585
-572
-443
-287
-204
-236
-336
-424
-430
-366
-293
-262
-268
-289
-337
-410
-482
-521
-537
-569
-624
-664
-649
-584
-514
-485
-505
-525
-480
-355
-204
-82
22
164
338
488
585
666
787
942
1071
1133
1143
1157
1206
1268
1301
1290
1258
1227
1211
1200
1176
1121
1029
897
738
584
460
357
230
74
-73
-179
-278
-423
-605
-736
-744
-670
-611
-638
-724
-789
-773
-682
-581
-536
-564
-647
-737
-790
-769
-697
-644
-662
-728
-763
-726
-666
-662
-736
-827
-860
-809
-716
-670
-708
-784
-795
-701
-566
-459
-395
-311
-157
63
297
488
636
776
933
1074
1170
1235
1312
1409
1480
1493
1475
1485
1542
1588
1557
1451
1344
1278
1229
1152
1053
960
866
746
593
441
308
183
51
-57
-128
-190
-299
-467
-634
-726
-736
-724
-756
-837
-930
-1007
-1068
-1121
-1150
-1146
-1108
-1063
-1047
-1087
-1171
-1261
-1320
-1337
-1308
-1253
-1211
-1202
-1201
-1177
-1137
-1106
-1063
-965
-794
-589
-428
-359
-347
-308
-197
-44
109
259
438
665
906
1091
1190
1240
1291
1356
1420
1479
1548
1608
1622
1579
1531
1533
1566
1559
1468
1324
1169
1040
937
869
827
804
774
722
647
549
425
266
89
-76
-203
-308
-419
-561
-722
-861
-945
-983
-1007
-1018
-1010
-1005
-1081
-1257
-1437
-1503
-1430
-1328
-1322
-1436
-1569
-1611
-1556
-1488
-1486
-1540
-1585
-1560
-1469
-1360
-1257
-1136
-959
-720
-452
-199
-17
62
77
133
317
607
885
1047
1090
1086
1108
1183
1317
1507
1716
1883
1972
1997
1991
1987
2006
2028
2000
1884
1722
1593
1531
1479
1366
1173
944
739
587
487
413
336
245
152
85
64
57
8
-131
-339
-539
-683
-771
-826
-880
-962
-1079
-1204
-1312
-1391
-1457
-1539
-1658
-1770
-1805
-1751
-1693
-1717
-1800
-1815
-1678
-1455
-1298
-1285
-1336
-1319
-1172
-946
-728
-549
-378
-170
68
283
445
595
799
1043
1233
1308
1314
1339
1414
1493
1517
1456
1358
1303
1341
1404
1400
1307
1204
1169
1202
1246
1235
1149
1033
944
903
874
797
664
509
371
246
104
-52
-196
-307
-394
-464
-520
-580
-687
-840
-1003
-1143
-1243
-1304
-1331
-1359
-1416
-1496
-1555
-1553
-1502
-1448
-1435
-1458
-1466
-1413
-1327
-1256
-1236
-1238
-1200
-1087
-928
-779
-654
-510
-312
-96
81
209
326
468
610
718
781
834
906
999
1087
1158
1226
1329
1473
1608
1666
1633
1549
1470
1411
1371
1339
1307
1240
1106
934
802
776
827
870
826
698
557
473
425
314
100
-128
-254
-261
-241
-285
-398
-534
-668
-810
-944
-1036
-1084
-1136
-1231
-1355
-1466
-1529
-1549
-1539
-1501
-1429
-1332
-1248
-1198
-1185
-1182
-1157
-1093
-992
-866
-716
-554
-396
-258
-135
8
199
419
604
717
783
856
946
1020
1076
1138
1229
1317
1361
1358
1336
1325
1344
1393
1455
1472
1384
1194
962
787
703
699
724
735
712
661
600
537
479
417
336
238
165
148
160
136
47
-58
-108
-83
-50
-108
-301
-586
-869
-1066
-1164
-1206
-1241
-1281
-1335
-1427
-1562
-1689
-1737
-1682
-1557
-1421
-1322
-1264
-1208
-1127
-1029
-938
-853
-740
-584
-408
-259
-167
-117
-74
-4
83
149
168
144
118
122
172
249
334
412
495
587
679
742
758
736
710
702
706
710
709
708
691
625
513
411
378
409
440
407
313
226
207
233
245
232
226
223
173
37
-140
-272
-313
-288
-268
-294
-349
-380
-380
-398
-481
-609
-697
-689
-616
-572
-593
-645
-656
-599
-486
-357
-256
-208
-196
-166
-99
-6
78
141
197
271
376
492
569
571
508
445
449
543
673
739
703
625
596
637
697
729
715
657
565
478
444
457
476
474
476
509
556
583
570
545
544
583
631
631
546
402
283
241
239
209
141
90
76
57
-21
-171
-330
-431
-452
-452
-513
-651
-799
-875
-859
-819
-837
-948
-1094
-1185
-1154
-1015
-840
-690
-567
-432
-267
-106
-9
1
-24
-17
30
63
46
8
-2
23
37
7
-56
-123
-193
-251
-261
-205
-126
-67
-28
-1
0
-39
-95
-122
-96
-31
36
68
77
90
127
165
165
119
70
85
168
253
272
234
189
173
183
203
198
137
4
-174
-333
-414
-416
-411
-452
-530
-605
-663
-715
-766
-801
-797
-748
-687
-647
-618
-571
-504
-440
-352
-200
9
208
344
432
520
636
757
822
790
692
602
562
558
540
474
380
311
293
310
332
350
360
344
290
222
179
163
141
99
74
116
209
270
247
180
147
182
257
336
387
401
366
306
271
268
278
264
223
155
66
-5
-4
65
119
82
-31
-135
-169
-143
-107
-98
-112
-127
-120
-80
-17
24
20
-10
-7
62
174
276
339
369
380
400
460
559
641
658
614
561
519
456
358
241
133
37
-47
-114
-161
-202
-262
-343
-411
-442
-446
-453
-458
-464
-493
-563
-647
-674
-631
-568
-548
-577
-618
-638
-645
-671
-726
-751
-690
-563
-471
-482
-569
-650
-680
-675
-679
-701
-724
-727
-712
-690
-658
-600
-494
-346
-190
-80
-34
-32
-30
10
88
194
305
401
464
502
524
535
540
561
612
680
719
704
652
630
681
775
837
826
773
731
714
702
678
645
597
502
369
228
126
70
53
59
56
15
-54
-104
-112
-105
-115
-129
-129
-109
-118
-173
-262
-342
-393
-422
-450
-486
-529
-570
-602
-608
-584
-543
-510
-506
-512
-504
-462
-418
-415
-448
-457
-390
-265
-157
-107
-80
-12
120
247
290
239
168
154
206
256
245
187
160
224
362
515
639
727
792
844
886
907
906
893
888
894
897
896
907
928
933
903
831
736
638
558
506
475
443
403
349
275
189
108
50
-12
-98
-208
-312
-392
-455
-501
-528
-555
-612
-713
-820
-906
-959
-996
-1012
-987
-911
-818
-758
-766
-829
-889
-910
-896
-886
-894
-883
-825
-716
-592
-473
-361
-254
-184
-192
-269
-350
-360
-287
-175
-64
29
93
108
83
59
77
152
256
348
414
474
558
653
714
712
676
645
633
633
634
627
590
519
442
390
346
277
191
155
213
318
371
309
181
82
76
142
183
111
-82
-303
-446
-480
-451
-402
-329
-243
-204
-265
-405
-554
-648
-678
-648
-598
-572
-596
-650
-679
-652
-585
-519
-473
-436
-416
-441
-509
-561
-538
-446
-341
-263
-209
-149
-72
-3
40
77
141
257
420
586
686
690
650
645
709
808
905
985
1048
1098
1138
1184
1237
1289
1303
1239
1093
899
727
614
567
570
599
624
614
550
443
321
222
171
151
121
56
-40
-137
-220
-303
-391
-459
-473
-449
-446
-493
-542
-538
-504
-511
-598
-719
-798
-808
-784
-768
-759
-739
-688
-611
-529
-483
-511
-597
-675
-693
-658
-620
-611
-612
-596
-557
-521
-478
-393
-233
-28
160
286
351
388
414
444
483
531
576
615
654
702
762
829
881
882
799
641
475
362
322
312
270
165
15
-120
-184
-172
-128
-84
-46
6
63
91
69
1
-76
-130
-139
-117
-101
-112
-126
-132
-138
-155
-176
-217
-296
-412
-531
-617
-656
-673
-718
-808
-906
-935
-868
-749
-663
-657
-720
-800
-840
-806
-696
-536
-355
-191
-75
-32
-55
-112
-150
-148
-123
-96
-55
7
82
148
217
318
440
538
574
561
548
578
653
726
750
708
620
531
481
489
552
656
764
833
841
815
792
762
706
633
592
610
657
673
624
540
467
436
444
468
481
451
364
252
163
118
90
30
-75
-210
-334
-425
-486
-520
-526
-510
-495
-504
-534
-563
-565
-531
-468
-377
-269
-162
-88
-53
-34
0
67
154
231
271
264
228
190
183
206
240
256
236
181
109
60
48
71
85
62
-3
-96
-187
-256
-292
-310
-305
-262
-177
-80
-10
14
3
-13
-8
11
14
-4
-21
-10
18
21
-24
-100
-158
-175
-171
-186
-247
-357
-499
-646
-789
-914
-1011
-1061
-1070
-1072
-1084
-1093
-1053
-947
-814
-710
-648
-599
-539
-475
-410
-348
-292
-251
-213
-152
-69
4
37
47
82
164
246
275
254
240
260
293
306
283
227
153
84
43
50
100
169
230
288
362
440
501
523
518
508
523
580
673
791
947
1148
1357
1493
1505
1413
1268
1121
992
886
784
670
552
465
427
406
355
270
175
84
-4
-90
-157
-194
-200
-201
-223
-290
-398
-512
-569
-509
-333
-116
48
108
85
38
20
46
68
34
-82
-236
-368
-438
-441
-415
-402
-434
-501
-576
-631
-657
-664
-678
-727
-817
-927
-1009
-1020
-950
-829
-692
-552
-402
-260
-146
-77
-31
21
94
183
270
328
345
332
333
363
405
431
437
438
442
435
405
370
338
278
167
45
-24
-28
-28
-52
-75
-56
-5
39
54
35
3
-7
33
95
136
126
90
59
39
19
1
4
41
87
110
104
80
53
15
-30
-70
-92
-97
-113
-164
-263
-390
-501
-557
-548
-488
-396
-284
-180
-98
-56
-58
-109
-187
-247
-253
-218
-180
-151
-117
-43
84
240
359
398
360
287
216
175
178
212
246
254
250
248
252
231
185
143
153
222
324
415
460
456
417
369
320
279
254
242
214
143
35
-56
-73
-21
40
37
-24
-76
-65
5
67
85
81
101
139
147
92
-5
-105
-183
-263
-356
-438
-449
-373
-256
-172
-176
-256
-350
-393
-367
-298
-235
-189
-155
-133
-134
-148
-160
-145
-106
-59
-46
-85
-151
-171
-108
14
131
199
218
201
152
68
-33
-108
-124
-81
-10
52
85
92
93
102
112
107
107
130
184
255
326
387
411
388
334
299
301
313
303
278
246
191
98
-11
-85
-96
-53
16
66
52
-21
-82
-61
38
119
107
19
-63
-92
-90
-99
-149
-234
-322
-370
-365
-320
-245
-139
-36
12
-5
-49
-77
-86
-91
-110
-152
-216
-285
-323
-313
-273
-248
-257
-280
-276
-229
-165
-100
-40
5
16
-21
-96
-187
-257
-260
-175
-57
9
-11
-53
-41
38
138
217
266
290
304
311
309
296
278
255
222
182
153
146
144
130
109
119
167
218
232
209
192
206
236
241
196
106
-14
-140
-244
-303
-314
-289
-236
-148
-50
24
40
2
-63
-101
-78
-15
23
-9
-89
-174
-221
-216
