-31
-20
46
136
193
190
144
101
99
140
187
194
159
121
112
138
168
180
174
188
238
290
298
244
175
128
93
33
-69
-196
-328
-437
-477
-439
-371
-334
-335
-330
-317
-309
-308
-295
-264
-226
-183
-131
-82
-51
-47
-61
-96
-156
-243
-332
-399
-428
-423
-409
-394
-381
-356
-322
-274
-202
-123
-84
-129
-234
-350
-436
-492
-509
-500
-492
-501
-503
-477
-430
-389
-358
-334
-314
-285
-232
-165
-123
-134
-187
-234
-237
-163
-34
111
220
270
276
259
252
265
293
314
317
321
341
369
386
378
346
301
257
243
257
286
311
342
401
487
561
572
513
438
396
378
357
327
302
266
208
148
123
151
213
286
338
343
283
173
61
-5
-3
49
106
150
180
205
215
195
148
101
80
76
55
4
-44
-54
-24
10
24
38
68
92
67
-10
-95
-157
-190
-206
-196
-156
-115
-110
-151
-193
-208
-193
-173
-160
-141
-98
-30
54
142
218
238
177
53
-65
-136
-158
-161
-176
-231
-316
-384
-394
-357
-309
-265
-218
-156
-100
-84
-124
-191
-227
-230
-225
-243
-276
-311
-350
-394
-435
-464
-486
-497
-478
-409
-291
-157
-40
29
46
26
3
-8
-12
3
46
120
191
215
188
124
60
47
112
213
273
262
202
137
101
119
199
298
362
372
349
326
321
325
313
274
240
230
224
194
148
119
98
83
94
163
249
290
268
221
182
157
149
137
119
98
105
141
163
132
52
-29
-82
-105
-125
-160
-204
-229
-216
-169
-128
-130
-168
-205
-217
-216
-225
-256
-300
-350
-397
-436
-446
-426
-393
-354
-311
-280
-258
-226
-164
-91
-54
-71
-129
-189
-213
-174
-96
-34
-11
6
59
117
131
90
39
8
9
23
48
72
90
102
106
98
78
63
72
106
132
138
121
97
73
61
66
95
142
195
241
275
283
259
204
145
97
62
32
0
-36
-76
-91
-59
13
93
149
157
121
61
29
35
67
113
177
254
305
307
273
243
245
271
297
304
281
240
188
114
18
-76
-119
-86
-1
90
142
142
112
90
76
41
-37
-112
-113
-34
52
74
30
-45
-119
-159
-133
-48
32
40
-28
-117
-181
-197
-173
-142
-140
-188
-262
-323
-342
-312
-237
-136
-40
16
8
-49
-117
-166
-201
-248
-312
-372
-404
-401
-384
-387
-410
-437
-455
-453
-424
-364
-302
-263
-238
-208
-171
-118
-34
69
161
218
241
236
212
185
148
84
1
-70
-102
-104
-81
-43
4
56
100
119
107
95
117
160
182
153
77
-18
-91
-111
-66
37
175
304
380
382
333
262
187
122
84
78
91
111
130
159
204
259
303
315
293
260
242
252
272
278
245
163
36
-93
-166
-158
-103
-51
-14
13
19
-16
-88
-157
-189
-199
-204
-204
-163
-92
-31
5
30
64
87
79
37
-17
-47
-35
2
28
34
32
15
-25
-49
-2
120
236
269
219
147
104
98
106
114
122
126
120
120
137
174
205
211
200
202
246
324
379
354
242
100
-7
-43
-16
22
25
-4
-3
62
154
223
246
243
235
221
184
110
24
-28
-33
-18
-12
6
55
122
141
78
-57
-205
-315
-375
-407
-430
-433
-416
-384
-368
-383
-405
-411
-392
-367
-351
-351
-377
-431
-507
-561
-578
-577
-590
-629
-650
-615
-510
-386
-316
-327
-384
-417
-391
-318
-248
-209
-189
-163
-138
-152
-231
-334
-396
-388
-342
-304
-287
-272
-247
-202
-142
-88
-52
-42
-38
-29
-1
54
124
174
168
127
82
59
54
67
97
133
158
172
199
253
328
394
421
421
421
466
538
600
622
606
576
539
498
455
414
382
368
381
421
471
526
586
629
623
561
482
427
411
436
495
572
621
617
567
503
449
403
368
355
374
399
398
346
250
134
50
38
87
140
159
159
162
172
183
196
222
242
224
153
45
-69
-171
-238
-252
-218
-182
-166
-151
-109
-62
-48
-71
-95
-103
-108
-117
-124
-134
-183
-280
-406
-516
-575
-575
-529
-460
-404
-387
-421
-479
-527
-535
-515
-495
-505
-545
-598
-670
-755
-832
-850
-799
-705
-613
-560
-537
-521
-491
-461
-444
-436
-417
-372
-303
-233
-196
-224
-309
-402
-472
-524
-564
-576
-540
-466
-378
-297
-229
-151
-47
75
188
286
372
443
484
482
430
345
270
226
200
188
197
223
236
235
241
261
275
273
258
238
239
271
315
342
332
298
256
242
289
386
487
541
520
432
328
277
314
408
495
540
535
503
458
398
317
206
84
-12
-59
-57
-21
16
32
15
-12
-26
-16
21
97
202
289
308
222
67
-76
-137
-122
-78
-40
-13
5
15
34
40
12
-56
-115
-116
-63
29
123
204
240
214
142
63
26
57
143
247
320
348
333
312
297
286
264
209
116
-14
-127
-168
-112
0
105
160
165
157
165
175
160
119
80
70
81
87
74
59
46
34
4
-55
-156
-298
-443
-525
-523
-477
-435
-414
-412
-423
-441
-454
-459
-471
-501
-525
-511
-455
-382
-333
-330
-369
-415
-433
-390
-305
-229
-203
-211
-210
-205
-229
-291
-329
-308
-248
-200
-173
-159
-166
-198
-202
-130
-8
87
113
76
-1
-87
-135
-112
-50
-15
-27
-62
-97
-140
-176
-200
-215
-224
-211
-152
-64
20
71
94
103
114
125
135
137
126
103
94
119
165
194
177
132
83
37
-9
-37
-44
-14
48
136
207
240
252
277
319
347
380
437
524
606
660
686
683
647
589
524
458
383
304
240
201
193
211
242
262
263
250
256
294
343
363
341
295
245
205
192
216
258
287
289
271
259
276
319
354
351
308
228
126
30
-35
-67
-107
-179
-274
-360
-423
-451
-427
-347
-225
-88
29
87
56
-61
-213
-342
-412
-440
-464
-500
-543
-558
-536
-477
-402
-327
-258
-215
-210
-242
-276
-279
-250
-211
-200
-235
-303
-362
-376
-357
-344
-361
-389
-396
-374
-327
-264
-198
-159
-169
-212
-254
-268
-263
-255
-234
-169
-51
72
150
161
126
73
30
11
3
-6
-4
30
87
122
129
132
133
97
10
-77
-117
-99
-49
17
60
42
-33
-93
-76
-2
57
62
54
84
148
197
208
197
190
203
221
220
181
115
66
67
121
186
212
191
155
129
112
93
91
113
138
130
82
31
17
52
138
255
354
387
341
280
255
274
307
349
397
433
412
325
205
122
109
128
128
70
-29
-129
-180
-150
-64
31
98
137
146
114
39
-55
-136
-184
-212
-242
-288
-326
-324
-285
-240
-221
-230
-249
-241
-202
-155
-136
-140
-132
-96
-36
19
54
54
33
14
7
-2
-32
-75
-92
-63
-3
54
89
98
80
58
53
61
64
43
16
-1
-22
-67
-118
-112
-39
53
137
216
290
315
265
181
117
90
79
76
100
161
231
253
207
106
-6
-96
-129
-94
-13
63
95
80
32
-28
-72
-73
-35
6
15
-25
-113
-211
-269
-266
-209
-145
-109
-132
-201
-285
-351
-388
-395
-389
-381
-365
-326
-274
-248
-268
-313
-330
-289
-202
-110
-44
-9
10
15
0
-42
-95
-139
-165
-160
-117
-56
-34
-80
-170
-230
-214
-141
-68
-36
-27
4
80
191
316
423
499
536
537
503
449
391
329
244
129
22
-39
-45
-27
-5
16
23
-1
-59
-112
-125
-96
-60
-42
-40
-37
-24
-20
-42
-81
-94
-55
16
60
51
24
29
76
118
118
75
19
-25
-33
22
138
272
378
437
448
404
323
232
160
119
112
146
211
281
332
350
325
259
181
120
73
31
0
-9
10
36
49
48
42
41
40
33
7
-42
-95
-107
-53
34
94
94
53
-12
-87
-165
-215
-222
-200
-168
-136
-101
-66
-39
-27
-21
-22
-30
-52
-83
-109
-125
-123
-103
-78
-83
-124
-176
-208
-229
-271
-327
-352
-319
-251
-190
-164
-160
-140
-69
29
90
83
52
57
84
68
-27
-143
-197
-170
-113
-75
-58
-43
-21
-2
2
-1
-8
7
42
78
86
67
56
56
31
-43
-145
-244
-314
-323
-243
-126
-64
-114
-223
-313
-345
-334
-304
-269
-243
-234
-244
-275
-316
-345
-325
-243
-101
65
207
291
322
323
332
334
310
260
226
237
270
305
322
327
320
305
284
263
244
235
231
226
215
198
175
142
107
76
54
26
-2
-8
3
-6
-69
-169
-241
-259
-239
-215
-191
-155
-115
-85
-86
-115
-141
-110
-39
12
24
48
111
178
212
224
232
245
279
344
428
506
563
588
590
587
583
567
548
539
534
542
587
668
732
721
623
485
351
255
193
116
-30
-268
-547
-790
-958
-1073
-1176
-1268
-1321
-1321
-1294
-1254
-1168
-996
-763
-556
-447
-434
-463
-487
-458
-360
-216
-95
-35
-13
30
115
188
198
133
50
10
38
128
246
357
437
515
608
695
750
803
905
1050
1176
1258
1316
1366
1389
1349
1253
1130
1008
907
812
684
489
237
-32
-286
-529
-772
-1029
-1295
-1548
-1730
-1791
-1739
-1640
-1551
-1459
-1316
-1106
-883
-700
-577
-511
-499
-520
-534
-521
-513
-527
-547
-543
-516
-497
-507
-552
-596
-606
-572
-521
-448
-329
-163
-5
111
183
219
247
301
407
531
648
759
857
925
937
914
880
870
904
991
1106
1205
1261
1258
1202
1110
1011
924
850
786
709
596
449
304
207
142
67
-52
-196
-330
-431
-517
-617
-738
-850
-904
-887
-823
-753
-693
-620
-502
-332
-147
-7
71
115
159
196
221
259
320
382
389
330
252
197
168
140
104
65
30
-5
-29
-50
-73
-110
-144
-162
-170
-184
-199
-178
-96
20
113
150
148
132
108
66
20
13
55
110
140
141
144
164
183
169
112
26
-78
-189
-282
-319
-303
-287
-300
-331
-366
-415
-481
-539
-566
-574
-575
-570
-538
-478
-396
-307
-228
-170
-131
-99
-72
-40
18
119
232
293
278
233
226
268
331
392
434
445
425
410
431
477
523
567
610
626
609
580
559
528
472
419
403
429
471
497
484
429
343
252
167
90
17
-56
-134
-228
-342
-486
-680
-918
-1156
-1341
-1492
-1651
-1807
-1895
-1869
-1752
-1586
-1396
-1202
-1024
-865
-718
-577
-446
-327
-206
-84
23
75
57
5
-28
-30
-13
-3
-3
1
40
136
265
390
478
556
624
687
744
823
934
1064
1201
1366
1557
1750
1924
2095
2299
2520
2710
2833
2909
2964
2986
2910
2688
2335
1919
1487
1040
558
33
-517
-1056
-1528
-1898
-2170
-2400
-2624
-2837
-2996
-3053
-3009
-2898
-2769
-2621
-2443
-2217
-1976
-1765
-1608
-1480
-1335
-1140
-916
-714
-587
-541
-526
-485
-398
-295
-206
-147
-122
-142
-206
-291
-361
-385
-356
-280
-167
-30
128
294
446
560
644
735
867
1048
1269
1515
1782
2055
2322
2563
2788
2994
3186
3368
3544
3704
3806
3789
3625
3337
2987
2605
2201
1752
1247
666
11
-675
-1347
-1952
-2495
-2986
-3434
-3815
-4116
-4334
-4457
-4464
-4340
-4109
-3790
-3399
-2965
-2531
-2127
-1755
-1408
-1065
-720
-379
-79
143
270
340
401
445
428
315
141
-46
-205
-318
-396
-457
-514
-545
-530
-463
-365
-273
-202
-134
-40
103
298
569
925
1341
1758
2130
2445
2723
3023
3384
3777
4117
4346
4482
4555
4564
4459
4223
3859
3388
2830
2216
1562
861
130
-586
-1236
-1819
-2372
-2929
-3485
-3977
-4326
-4472
-4442
-4310
-4150
-3975
-3745
-3456
-3114
-2755
-2428
-2187
-2020
-1847
-1592
-1264
-946
-704
-553
-463
-413
-381
-343
-266
-171
-109
-91
-95
-93
-120
-193
-288
-337
-309
-235
-161
-101
-7
157
408
715
1056
1390
1693
1971
2262
2618
3038
3492
3930
4324
4653
4920
5139
5303
5368
5284
5044
4669
4179
3586
2924
2229
1499
716
-103
-899
-1632
-2318
-2992
-3649
-4253
-4739
-5063
-5224
-5255
-5188
-5009
-4706
-4293
-3833
-3408
-3065
-2800
-2565
-2311
-2029
-1741
-1486
-1298
-1186
-1131
-1084
-1002
-890
-778
-704
-674
-672
-684
-708
-728
-699
-602
-454
-299
-145
22
222
449
683
907
1144
1426
1761
2129
2497
2866
3243
3632
4028
4425
4806
5149
5425
5650
5861
6061
6129
5869
5195
4272
3404
2775
2313
1790
1075
170
-840
-1892
-2913
-3823
-4564
-5130
-5569
-5934
-6247
-6473
-6534
-6327
-5791
-4974
-4058
-3252
-2673
-2312
-2101
-1935
-1693
-1311
-829
-374
-31
164
219
153
28
-73
-94
-52
-33
-128
-366
-660
-906
-1033
-1039
-941
-790
-649
-553
-485
-389
-214
78
500
1027
1595
2117
2560
2960
3390
3895
4461
5011
5463
5776
5982
6149
6284
6323
6174
5819
5320
4760
4154
3461
2643
1723
786
-91
-898
-1712
-2628
-3649
-4647
-5452
-5986
-6275
-6407
-6465
-6462
-6317
-5926
-5323
-4686
-4166
-3736
-3270
-2718
-2127
-1575
-1091
-679
-308
60
414
673
783
790
760
707
585
398
198
34
-123
-347
-661
-996
-1231
-1308
-1251
-1149
-1064
-994
-857
-573
-138
378
886
1362
1855
2442
3135
3826
4392
4824
5254
5788
6349
6752
6854
6679
6391
6148
5943
5580
4886
3912
2896
1989
1117
117
-1059
-2258
-3278
-4035
-4635
-5235
-5863
-6371
-6577
-6454
-6146
-5826
-5513
-5124
-4599
-3984
-3388
-2880
-2432
-1973
-1489
-1057
-765
-602
-471
-308
-140
-35
0
-30
-122
-265
-408
-531
-676
-869
-1077
-1225
-1312
-1372
-1426
-1453
-1428
-1343
-1182
-939
-605
-180
326
864
1387
1922
2543
3258
3983
4648
5265
5855
6343
6630
6722
6696
6582
6348
5997
5571
5027
4272
3322
2346
1464
609
-351
-1408
-2424
-3282
-3967
-4564
-5156
-5753
-6225
-6412
-6300
-6009
-5662
-5225
-4642
-3935
-3203
-2518
-1896
-1329
-801
-306
155
552
851
1042
1129
1137
1090
1001
821
516
140
-172
-380
-615
-1002
-1452
-1778
-1952
-2110
-2315
-2457
-2417
-2205
-1908
-1568
-1162
-648
-10
706
1433
2140
2867
3627
4353
4960
5465
5944
6420
6835
7115
7233
7154
6879
6478
6057
5587
4928
4024
3006
2029
1076
43
-1084
-2202
-3225
-4135
-4935
-5623
-6228
-6776
-7198
-7365
-7222
-6837
-6331
-5774
-5160
-4458
-3692
-2946
-2290
-1710
-1145
-566
-11
474
860
1130
1248
1211
1082
921
717
423
79
-252
-614
-1105
-1666
-2089
-2298
-2445
-2650
-2813
-2780
-2572
-2307
-2024
-1671
-1212
-635
50
792
1521
2240
3029
3899
4755
5514
6199
6839
7385
7747
7903
7878
7693
7369
6939
6406
5708
4821
3812
2763
1680
551
-584
-1661
-2673
-3640
-4557
-5414
-6205
-6873
-7297
-7417
-7293
-7007
-6565
-5956
-5248
-4546
-3883
-3226
-2537
-1824
-1133
-547
-134
126
330
543
728
820
821
774
692
569
413
225
-69
-529
-1067
-1466
-1645
-1784
-2100
-2538
-2829
-2839
-2645
-2361
-1984
-1499
-924
-247
537
1349
2077
2760
3532
4406
5235
5911
6466
6963
7388
7679
7822
7829
7711
7467
7087
6558
5856
4996
4039
3052
2020
897
-313
-1541
-2722
-3841
-4872
-5780
-6518
-7054
-7352
-7411
-7295
-7053
-6660
-6043
-5247
-4408
-3619
-2884
-2194
-1565
-988
-440
58
436
679
833
916
908
806
626
365
23
-334
-635
-893
-1211
-1636
-2097
-2459
-2662
-2767
-2853
-2902
-2812
-2563
-2230
-1870
-1426
-819
-63
768
1597
2390
3158
3943
4756
5516
6131
6602
7003
7361
7630
7754
7720
7507
7116
6604
6034
5359
4491
3464
2426
1428
354
-885
-2195
-3397
-4435
-5373
-6241
-6985
-7565
-7994
-8230
-8186
-7827
-7242
-6543
-5776
-4958
-4113
-3259
-2396
-1541
-779
-187
269
696
1147
1544
1775
1810
1707
1533
1314
1006
563
22
-504
-974
-1449
-1958
-2396
-2675
-2837
-2974
-3069
-3050
-2909
-2690
-2376
-1924
-1324
-600
228
1118
1996
2844
3703
4583
5397
6099
6721
7295
7766
8077
8245
8287
8163
7825
7340
6809
6219
5470
4556
3596
2645
1592
368
-910
-2077
-3155
-4250
-5345
-6293
-7014
-7524
-7818
-7853
-7639
-7267
-6752
-6055
-5187
-4270
-3415
-2628
-1854
-1063
-286
420
1013
1473
1784
1950
1996
1956
1811
1547
1171
723
220
-319
-895
-1527
-2203
-2822
-3270
-3574
-3851
-4136
-4311
-4239
-3914
-3433
-2870
-2241
-1513
-685
217
1149
2091
3022
3920
4768
5565
6321
7025
7645
8127
8459
8632
8605
8321
7823
7235
6634
5946
5079
4064
3020
1964
809
-481
-1800
-3033
-4170
-5226
-6161
-6914
-7506
-7944
-8144
-8015
-7611
-7104
-6590
-6021
-5334
-4546
-3735
-2973
-2301
-1706
-1129
-535
20
449
709
854
944
1018
1042
938
651
221
-231
-642
-1064
-1576
-2151
-2673
-3045
-3243
-3316
-3308
-3218
-3000
-2614
-2080
-1444
-747
5
786
1577
2389
3261
4193
5107
5913
6601
7213
7758
8157
8362
8411
8385
8271
8012
7617
7165
6615
5812
4718
3520
2387
1265
24
-1295
-2542
-3672
-4736
-5740
-6613
-7335
-7887
-8200
-8194
-7940
-7563
-7087
-6400
-5470
-4419
-3435
-2598
-1884
-1226
-599
-14
485
852
1055
1119
1133
1139
1081
884
566
206
-186
-639
-1128
-1585
-2054
-2638
-3265
-3657
-3667
-3482
-3374
-3345
-3181
-2749
-2121
-1418
-707
19
810
1738
2767
3771
4638
5394
6115
6818
7472
8030
8431
8646
8718
8719
8609
8310
7863
7364
6762
5888
4760
3580
2432
1189
-203
-1597
-2865
-4080
-5282
-6365
-7225
-7905
-8426
-8666
-8542
-8155
-7662
-7071
-6315
-5431
-4513
-3627
-2766
-1963
-1251
-640
-102
374
769
1047
1161
1119
977
807
611
345
-34
-559
-1239
-1963
-2553
-2965
-3364
-3866
-4296
-4395
-4185
-3942
-3830
-3686
-3247
-2457
-1511
-631
135
886
1752
2756
3845
4899
5807
6555
7248
7981
8663
9096
9205
9165
9126
9004
8626
8008
7290
6457
5384
4129
2920
1788
470
-1147
-2782
-4112
-5157
-6124
-7074
-7903
-8538
-8914
-8938
-8592
-8046
-7461
-6786
-5878
-4776
-3692
-2781
-2003
-1263
-536
154
776
1306
1725
2035
2227
2256
2108
1850
1536
1137
588
-76
-763
-1412
-2040
-2702
-3371
-3911
-4159
-4117
-3986
-3942
-3930
-3720
-3183
-2400
-1567
-792
-39
811
1820
2952
4101
5162
6075
6856
7567
8237
8789
9113
9186
9111
8991
8803
8449
7875
7095
6126
4999
3807
2632
1421
48
-1454
-2894
-4121
-5196
-6233
-7232
-8078
-8657
-8898
-8751
-8288
-7684
-7045
-6266
-5231
-4062
-3018
-2192
-1466
-725
37
762
1366
1753
1889
1899
1920
1949
1850
1516
929
156
-654
-1344
-1899
-2456
-3148
-3906
-4529
-4865
-4932
-4862
-4779
-4699
-4507
-4067
-3378
-2588
-1833
-1075
-173
918
2093
3232
4308
5320
6241
7050
7783
8471
9051
9425
9551
9505
9369
9162
8774
8116
7152
6008
4809
3622
2361
953
-576
-2078
-3448
-4717
-5918
-7007
-7861
-8472
-8867
-9003
-8741
-8098
-7274
-6449
-5594
-4619
-3561
-2581
-1760
-1088
-467
178
874
1482
1832
1898
1848
1823
1738
1424
840
126
-563
-1186
-1786
-2427
-3123
-3824
-4419
-4822
-5005
-5017
-4939
-4852
-4724
-4406
-3767
-2874
-1925
-1065
-262
615
1662
2868
4099
5203
6106
6877
7640
8430
9129
9562
9670
9582
9500
9457
9259
8648
7601
6364
5252
4294
3231
1791
49
-1644
-3018
-4155
-5306
-6529
-7598
-8295
-8645
-8817
-8825
-8537
-7871
-6959
-5988
-5037
-4051
-2995
-1980
-1152
-522
83
797
1549
2089
2250
2117
1932
1808
1604
1111
337
-464
-1073
-1552
-2131
-2924
-3755
-4375
-4722
-4957
-5193
-5305
-5111
-4642
-4144
-3754
-3324
-2611
-1581
-477
474
1298
2223
3380
4649
5773
6593
7194
7779
8477
9151
9545
9531
9295
9056
8827
8424
7751
6880
5881
4768
3515
2198
850
-515
-1923
-3322
-4641
-5805
-6797
-7588
-8197
-8613
-8787
-8595
-8022
-7186
-6275
-5376
-4461
-3463
-2389
-1354
-509
115
636
1154
1611
1850
1802
1556
1274
1073
902
550
-139
-1048
-1875
-2468
-2968
-3564
-4236
-4796
-5131
-5283
-5343
-5317
-5134
-4765
-4269
-3722
-3068
-2194
-1097
55
1106
2063
3060
4164
5315
6334
7108
7695
8281
8933
9482
9705
9598
9384
9178
8851
8216
7334
6336
5273
4049
2719
1365
31
-1376
-2845
-4276
-5561
-6675
-7590
-8247
-8637
-8762
-8602
-8127
-7393
-6498
-5507
-4456
-3405
-2395
-1429
-516
259
856
1326
1763
2126
2287
2163
1819
1399
1006
617
94
-660
-1538
-2295
-2822
-3266
-3814
-4440
-4937
-5178
-5219
-5190
-5117
-4937
-4592
-4098
-3490
-2770
-1903
-888
202
1260
2221
3125
4075
5127
6178
7057
7708
8274
8886
9462
9776
9749
9484
9093
8545
7805
6951
6019
4931
3578
2053
545
-814
-2059
-3292
-4604
-5959
-7150
-7923
-8226
-8252
-8199
-8044
-7620
-6821
-5718
-4499
-3354
-2352
-1433
-518
365
1105
1642
2007
2255
2388
2374
2185
1840
1400
912
344
-376
-1214
-2031
-2716
-3322
-3943
-4572
-5104
-5463
-5669
-5755
-5720
-5533
-5202
-4776
-4281
-3660
-2799
-1681
-438
739
1749
2620
3487
4498
5667
6766
7528
7969
8395
9000
9582
9786
9507
8960
8417
7928
7331
6408
5161
3812
2565
1339
-86
-1680
-3147
-4271
-5258
-6387
-7622
-8555
-8876
-8644
-8197
-7776
-7341
-6624
-5472
-4080
-2842
-1939
-1199
-390
470
1195
1685
2017
2270
2419
2362
2062
1618
1177
771
244
-534
-1469
-2320
-2951
-3448
-3936
-4466
-4958
-5318
-5496
-5543
-5512
-5346
-4936
-4255
-3410
-2487
-1510
-494
505
1435
2285
3072
3892
4876
6015
7071
7803
8263
8700
9243
9726
9884
9571
8891
8077
7337
6661
5825
4678
3309
1967
704
-610
-2077
-3558
-4843
-5883
-6769
-7563
-8142
-8351
-8130
-7630
-7053
-6478
-5784
-4813
-3585
-2312
-1226
-385
333
1070
1798
2317
2488
2371
2158
1947
1727
1456
1120
679
53
-777
-1734
-2658
-3446
-4065
-4549
-4913
-5136
-5241
-5274
-5254
-5101
-4741
-4238
-3713
-3174
-2466
-1473
-251
996
2058
2853
3519
4338
5447
6653
7608
8181
8550
8936
9341
9612
9604
9256
8588
7708
6763
5854
4948
3940
2725
1299
-234
-1682
-2954
-4113
-5297
-6509
-7570
-8283
-8561
-8487
-8175
-7712
-7070
-6225
-5222
-4202
-3236
-2302
-1370
-500
225
793
1276
1722
2107
2313
2205
1777
1207
706
304
-151
-785
-1580
-2408
-3147
-3745
-4251
-4756
-5254
-5608
-5722
-5635
-5424
-5082
-4590
-4015
-3423
-2767
-1934
-886
324
1594
2747
3645
4351
5130
6123
7160
7989
8555
9008
9435
9784
9936
9825
9400
8674
7718
6680
5675
4707
3651
2357
822
-774
-2225
-3499
-4688
-5863
-6963
-7871
-8452
-8616
-8385
-7888
-7255
-6511
-5628
-4607
-3506
-2404
-1377
-492
268
970
1642
2176
2437
2421
2252
2038
1768
1399
919
352
-271
-932
-1639
-2433
-3274
-4034
-4584
-4948
-5203
-5394
-5490
-5461
-5288
-4949
-4473
-3892
-3212
-2389
-1441
-434
635
1818
3052
4129
4956
5699
6551
7488
8315
8905
9276
9503
9672
9782
9717
9261
8413
7359
6353
5374
4320
3100
1759
334
-1148
-2615
-3995
-5207
-6266
-7158
-7909
-8444
-8658
-8445
-7851
-7062
-6199
-5259
-4157
-2938
-1756
-786
-95
425
948
1560
2100
2342
2181
1768
1305
908
538
69
-553
-1285
-2015
-2748
-3552
-4430
-5226
-5779
-6074
-6206
-6279
-6280
-6133
-5766
-5222
-4617
-4009
-3335
-2493
-1477
-366
776
1959
3181
4331
5285
6034
6725
7473
8277
9003
9568
9941
10167
10231
10059
9546
8675
7591
6472
5404
4279
3022
1634
217
-1222
-2670
-4083
-5351
-6410
-7271
-7968
-8478
-8667
-8399
-7692
-6743
-5765
-4806
-3805
-2704
-1573
-546
259
869
1402
1940
2399
2629
2544
2189
1674
1082
473
-157
-830
-1573
-2391
-3263
-4117
-4839
-5394
-5848
-6252
-6522
-6547
-6313
-5898
-5366
-4764
-4135
-3465
-2663
-1675
-568
569
1724
2918
4099
5179
6133
6984
7718
8328
8846
9324
9775
10155
10375
10296
9831
9020
8045
7039
5993
4827
3543
2266
1087
-28
-1244
-2630
-4120
-5494
-6600
-7406
-7979
-8315
-8301
-7850
-7013
-6007
-5010
-4091
-3199
-2318
-1484
-742
-84
528
1069
1480
1710
1773
1673
1403
936
296
-424
-1102
-1638
-2100
-2651
-3420
-4290
-5053
-5596
-6004
-6359
-6628
-6685
-6454
-5950
-5297
-4652
-4082
-3489
-2720
-1753
-696
380
1511
2725
3943
5076
6117
7059
7865
8491
8968
9355
9707
10042
10301
10322
9958
9223
8272
7245
6105
4789
3291
1758
323
-931
-2084
-3261
-4508
-5702
-6687
-7435
-7997
-8366
-8414
-8020
-7185
-6072
-4906
-3834
-2892
-2048
-1332
-776
-362
27
469
913
1235
1346
1242
957
512
-107
-877
-1694
-2411
-2998
-3568
-4203
-4828
-5298
-5600
-5843
-6104
-6326
-6381
-6180
-5715
-5036
-4232
-3376
-2486
-1526
-505
518
1505
2501
3535
4586
5623
6661
7689
8620
9371
9911
10269
10489
10617
10653
10507
10109
9439
8569
7515
6291
4924
3484
2027
581
-802
-2110
-3359
-4603
-5798
-6859
-7676
-8216
-8442
-8338
-7882
-7107
-6098
-4962
-3811
-2738
-1814
-1053
-457
-23
271
492
711
912
1017
963
750
415
-75
-758
-1627
-2557
-3439
-4243
-4980
-5633
-6130
-6434
-6535
-6497
-6389
-6265
-6074
-5727
-5162
-4417
-3557
-2613
-1558
-378
886
2145
3326
4394
5341
6198
7017
7834
8606
9273
9805
10223
10519
10652
10567
10241
9679
8897
7926
6779
5505
4150
2792
1450
128
-1200
-2525
-3826
-5042
-6118
-7044
-7801
-8331
-8502
-8252
-7603
-6698
-5658
-4591
-3547
-2589
-1779
-1163
-722
-388
-100
174
403
554
595
520
324
-27
-551
-1226
-1990
-2811
-3669
-4504
-5197
-5671
-5973
-6203
-6381
-6428
-6310
-6071
-5773
-5408
-4903
-4193
-3269
-2201
-1088
-4
1086
2230
3427
4572
5604
6542
7431
8264
8976
9552
9995
10374
10682
10886
10872
10570
9980
9143
8111
6892
5551
4132
2726
1333
-33
-1381
-2685
-3929
-5104
-6172
-7113
-7878
-8464
-8772
-8704
-8177
-7257
-6092
-4829
-3605
-2504
-1634
-1006
-648
-486
-447
-397
-281
-128
-22
-29
-167
-448
-856
-1389
-2016
-2747
-3571
-4447
-5250
-5846
-6187
-6280
-6164
-5873
-5512
-5143
-4758
-4309
-3807
-3277
-2659
-1853
-826
330
1514
2669
3835
5043
6252
7355
8251
8929
9449
9891
10273
10592
10833
10992
11013
10789
10227
9323
8160
6813
5332
3771
2232
823
-427
-1573
-2700
-3818
-4868
-5773
-6560
-7296
-7960
-8391
-8397
-7945
-7106
-6030
-4813
-3562
-2381
-1408
-758
-462
-459
-595
-741
-838
-943
-1076
-1219
-1342
-1478
-1715
-2077
-2546
-3103
-3794
-4599
-5414
-6079
-6504
-6634
-6458
-6014
-5405
-4733
-4081
-3526
-3098
-2738
-2307
-1705
-915
34
1122
2341
3654
4981
6222
7293
8143
8763
9210
9561
9876
10169
10447
10669
10755
10608
10147
9342
8215
6845
5318
3707
2081
494
-1012
-2425
-3697
-4813
-5785
-6668
-7483
-8192
-8724
-8952
-8806
-8279
-7475
-6459
-5294
-4043
-2840
-1820
-1045
-518
-184
4
111
136
65
-113
-353
-606
-871
-1163
-1510
-1941
-2526
-3290
-4179
-5046
-5765
-6286
-6584
-6629
-6388
-5893
-5225
-4467
-3678
-2887
-2107
-1334
-574
194
1026
2004
3142
4382
5616
6763
7777
8625
9306
9824
10196
10445
10626
10742
10733
10527
10141
9629
8970
8097
6967
5638
4188
2687
1134
-440
-1977
-3353
-4520
-5487
-6338
-7139
-7889
-8462
-8695
-8543
-8108
-7533
-6808
-5877
-4723
-3503
-2400
-1555
-963
-540
-206
32
106
10
-203
-427
-618
-782
-988
-1285
-1722
-2300
-2994
-3735
-4446
-5091
-5637
-6064
-6312
-6359
-6156
-5713
-5082
-4366
-3616
-2813
-1962
-1099
-258
623
1596
2681
3808
4932
6030
7101
8088
8919
9573
10078
10481
10777
10963
10995
10855
10498
9929
9125
8081
6782
5296
3761
2276
848
-589
-2000
-3303
-4425
-5436
-6381
-7286
-8076
-8672
-8977
-8940
-8588
-7988
-7201
-6229
-5117
-3927
-2827
-1947
-1378
-1059
-889
-766
-687
-688
-756
-825
-834
-838
-927
-1184
-1594
-2129
-2752
-3452
-4191
-4916
-5539
-5984
-6200
-6168
-5887
-5357
-4638
-3832
-3048
-2320
-1618
-878
-68
809
1712
2619
3563
4606
5743
6887
7929
8824
9577
10180
10636
10948
11134
11167
11042
10723
10181
9372
8320
7087
5733
4293
2787
1258
-273
-1755
-3156
-4390
-5433
-6298
-7085
-7799
-8379
-8683
-8647
-8284
-7656
-6825
-5828
-4717
-3571
-2517
-1691
-1170
-928
-867
-872
-904
-969
-1076
-1195
-1310
-1421
-1524
-1640
-1825
-2146
-2601
-3127
-3670
-4207
-4724
-5154
-5403
-5386
-5077
-4495
-3751
-2977
-2245
-1536
-801
-44
714
1446
2162
2884
3674
4572
5569
6578
7492
8269
8935
9531
10049
10438
10676
10772
10743
10542
10125
9451
8516
7318
5890
4311
2668
1058
-496
-1933
-3242
-4369
-5358
-6252
-7150
-8049
-8846
-9348
-9443
-9169
-8626
-7888
-6941
-5831
-4615
-3454
-2465
-1749
-1275
-985
-827
-809
-914
-1079
-1244
-1380
-1480
-1517
-1508
-1526
-1699
-2074
-2641
-3322
-4035
-4705
-5265
-5649
-5775
-5603
-5146
-4485
-3687
-2801
-1862
-922
-37
771
1509
2215
2934
3718
4613
5635
6743
7841
8828
9635
10236
10638
10892
11041
11079
10956
10631
10102
9364
8407
7223
5844
4339
2793
1250
-257
-1696
-3011
-4164
-5151
-6047
-6916
-7766
-8493
-8987
-9190
-9099
-8721
-8051
-7114
-5941
-4662
-3441
-2464
-1772
-1353
-1136
-1112
-1241
-1435
-1583
-1619
-1612
-1618
-1665
-1707
-1768
-1912
-2218
-2666
-3209
-3785
-4366
-4925
-5382
-5608
-5463
-4951
-4204
-3377
-2520
-1621
-704
157
894
1528
2143
2828
3612
4483
5426
6455
7534
8599
9541
10293
10830
11172
11343
11342
11154
10761
10192
9458
8561
7443
6107
4610
3059
1531
63
-1341
-2684
-3930
-5040
-6017
-6921
-7749
-8445
-8927
-9172
-9165
-8889
-8323
-7461
-6345
-5050
-3768
-2652
-1819
-1245
-910
-784
-858
-1069
-1304
-1464
-1502
-1473
-1451
-1512
-1650
-1867
-2167
-2615
-3229
-3934
-4598
-5131
-5508
-5651
-5472
-4922
-4117
-3220
-2354
-1536
-748
16
728
1360
1958
2593
3348
4219
5172
6147
7122
8066
8933
9673
10243
10651
10912
11026
10934
10610
10087
9452
8731
7858
6757
5410
3910
2342
788
-774
-2323
-3820
-5149
-6267
-7188
-7947
-8587
-9095
-9466
-9600
-9470
-9048
-8382
-7457
-6318
-5065
-3871
-2881
-2130
-1597
-1235
-1061
-1039
-1123
-1188
-1173
-1056
-912
-857
-974
-1270
-1674
-2187
-2813
-3535
-4231
-4793
-5143
-5257
-5123
-4758
-4194
-3466
-2641
-1791
-975
-171
643
1463
2239
2981
3742
4576
5478
6416
7366
8302
9193
9965
10569
10952
11134
11141
11009
10742
10359
9865
9258
8465
7415
6082
4554
2966
1409
-110
-1623
-3116
-4504
-5682
-6631
-7415
-8099
-8678
-9094
-9313
-9334
-9149
-8717
-7999
-7004
-5819
-4600
-3489
-2578
-1894
-1466
-1290
-1329
-1483
-1645
-1705
-1605
-1377
-1149
-1045
-1133
-1434
-1926
-2556
-3232
-3884
-4441
-4857
-5068
-5023
-4691
-4105
-3351
-2521
-1691
-897
-176
464
1022
1540
2072
2697
3455
4354
5361
6433
7518
8534
9404
10056
10486
10717
10819
10833
10761
10548
10185
9680
9025
8142
6963
5502
3839
2106
383
-1251
-2810
-4234
-5494
-6505
-7308
-7942
-8489
-8958
-9333
-9557
-9561
-9284
-8655
-7670
-6388
-4991
-3644
-2512
-1653
-1086
-774
-690
-784
-968
-1145
-1231
-1239
-1217
-1236
-1306
-1472
-1776
-2249
-2861
-3548
-4226
-4776
-5099
-5139
-4899
-4397
-3674
-2808
-1897
-1015
-201
513
1112
1616
2104
2684
3432
4361
5421
6554
7683
8704
9488
9984
10232
10345
10412
10476
10508
10444
10243
9876
9342
8575
7544
6213
4649
2924
1149
-626
-2323
-3856
-5128
-6111
-6867
-7481
-8042
-8558
-9054
-9470
-9755
-9791
-9511
-8866
-7893
-6685
-5356
-4038
-2851
-1920
-1301
-1001
-960
-1077
-1219
-1269
-1185
-992
-782
-649
-697
-965
-1441
-2070
-2804
-3565
-4216
-4613
-4690
-4468
-3989
-3313
-2529
-1738
-998
-337
232
723
1189
1711
2346
3117
4020
5035
6119
7218
8261
9174
9865
10303
10521
10606
10633
10659
10678
10611
10362
9884
9177
8220
6951
5358
3556
1735
37
-1495
-2874
-4122
-5229
-6193
-7013
-7742
-8403
-9015
-9549
-9973
-10192
-10071
-9508
-8497
-7155
-5661
-4228
-3005
-2101
-1528
-1273
-1244
-1338
-1422
-1391
-1188
-840
-483
-270
-304
-609
-1183
-1984
-2914
-3839
-4635
-5174
-5347
-5132
-4610
-3932
-3209
-2501
-1822
-1189
-618
-97
443
1075
1844
2746
3756
4833
5902
6882
7727
8452
9064
9549
9892
10127
10321
10519
10722
10830
10701
10240
9454
8392
7072
5519
3821
2135
592
-789
-2063
-3299
-4465
-5520
-6441
-7317
-8193
-9056
-9792
-10288
-10464
-10262
-9660
-8663
-7367
-5915
-4503
-3282
-2361
-1757
-1431
-1277
-1178
-1028
-784
-452
-74
279
476
392
-43
-760
-1646
-2539
-3339
-3978
-4423
-4613
-4513
-4183
-3763
-3362
-2972
-2538
-2042
-1518
-957
-277
621
1702
2811
3819
4733
5637
6556
7426
8174
8792
9322
9784
10185
10510
10759
10900
10906
10708
10268
9539
8543
7319
5915
4353
2688
1053
-420
-1696
-2872
-4049
-5250
-6393
-7387
-8206
-8871
-9428
-9850
-10075
-10010
-9621
-8913
-7915
-6691
-5347
-4060
-2962
-2130
-1519
-1085
-761
-508
-260
14
295
510
557
375
-27
-574
-1211
-1899
-2595
-3229
-3754
-4169
-4437
-4513
-4353
-3977
-3443
-2848
-2242
-1625
-962
-242
520
1347
2243
3185
4117
5029
5947
6881
7794
8612
9276
9764
10114
10375
10569
10682
10713
10666
10510
10149
9458
8377
6953
5308
3583
1875
251
-1275
-2679
-3987
-5209
-6384
-7462
-8374
-9100
-9701
-10233
-10628
-10757
-10517
-9911
-8987
-7806
-6437
-4997
-3655
-2580
-1843
-1380
-1073
-823
-573
-292
26
339
564
584
347
-108
-692
-1368
-2096
-2822
-3451
-3942
-4303
-4582
-4750
-4705
-4337
-3671
-2841
-1995
-1203
-458
277
1035
1830
2682
3609
4614
5650
6660
7607
8479
9252
9863
10273
10521
10699
10855
10947
10912
10693
10274
9607
8675
7450
5992
4378
2763
1222
-221
-1624
-2962
-4198
-5291
-6299
-7261
-8166
-8937
-9547
-10003
-10265
-10242
-9835
-9050
-7950
-6669
-5323
-4024
-2873
-1979
-1390
-1041
-799
-558
-267
72
430
732
890
798
438
-120
-753
-1391
-2015
-2597
-3088
-3437
-3660
-3795
-3839
-3744
-3438
-2935
-2330
-1741
-1175
-583
87
803
1579
2459
3497
4648
5792
6803
7641
8344
8943
9426
9798
10105
10376
10582
10668
10598
10352
9882
9123
7993
6517
4807
3069
1427
-64
-1456
-2772
-4040
-5267
-6468
-7608
-8574
-9318
-9841
-10255
-10551
-10661
-10445
-9878
-8982
-7814
-6425
-4920
-3467
-2267
-1452
-1000
-738
-506
-227
69
356
625
853
950
779
290
-428
-1201
-1922
-2565
-3116
-3553
-3837
-3987
-4014
-3926
-3670
-3227
-2659
-2058
-1479
-885
-239
483
1267
2138
3131
4254
5413
6475
7372
8147
8860
9512
10017
10346
10539
10693
10820
10856
10692
10283
9615
8690
7458
5939
4225
2512
943
-419
-1639
-2798
-3932
-5045
-6151
-7280
-8386
-9372
-10121
-10594
-10795
-10740
-10422
-9809
-8868
-7642
-6250
-4839
-3517
-2402
-1574
-1032
-642
-265
184
708
1260
1740
2001
1910
1442
725
-59
-792
-1442
-2027
-2534
-2939
-3198
-3331
-3389
-3400
-3304
-3026
-2573
-2036
-1508
-981
-380
350
1171
2044
2977
3990
5036
6014
6872
7647
8402
9109
9657
9988
10151
10270
10379
10413
10243
9780
9019
7995
6784
5429
4005
2582
1241
7
-1140
-2228
-3252
-4194
-5112
-6044
-7013
-7923
-8692
-9244
-9589
-9753
-9736
-9506
-9028
-8345
-7530
-6658
-5770
-4895
-4074
-3309
-2559
-1785
-1003
-275
331
770
1032
1123
1062
889
638
316
-76
-497
-888
-1222
-1506
-1761
-2008
-2235
-2372
-2357
-2191
-1931
-1616
-1227
-744
-157
506
1212
1920
2630
3357
4120
4927
5747
6553
7302
7973
8549
9019
9374
9592
9662
9544
9248
8744
8075
7215
6180
4989
3688
2373
1088
-92
-1163
-2104
-2974
-3776
-4607
-5455
-6319
-7060
-7615
-7986
-8230
-8381
-8399
-8262
-7960
-7507
-6920
-6235
-5512
-4821
-4202
-3653
-3140
-2628
-2108
-1612
-1188
-863
-642
-511
-482
-547
-673
-801
-892
-928
-895
-781
-597
-374
-135
98
324
548
772
977
1156
1329
1526
1783
2103
2474
2856
3223
3581
3945
4340
4749
5162
5576
6011
6468
6886
7242
7461
7525
7405
7121
6699
6149
5538
4893
4288
3645
2990
2245
1451
548
-428
-1381
-2209
-2869
-3446
-3962
-4524
-5140
-5835
-6470
-6944
-7220
-7326
-7299
-7139
-6853
-6514
-6197
-5941
-5695
-5375
-4962
-4453
-3875
-3235
-2588
-2016
-1596
-1357
-1260
-1230
-1218
-1180
-1073
-855
-524
-146
200
457
647
822
1034
1275
1536
1772
1986
2158
2316
2462
2610
2743
2878
3035
3209
3388
3511
3644
3734
3925
4201
4640
5094
5408
5518
5378
5078
4623
4143
3691
3337
3010
2674
2305
1948
1633
1291
940
502
85
-333
-701
-975
-1253
-1496
-1858
-2266
-2739
-3224
-3686
-4130
-4511
-4848
-5157
-5514
-5909
-6263
-6455
-6470
-6325
-6054
-5658
-5213
-4817
-4541
-4379
-4237
-4037
-3723
-3299
-2758
-2079
-1310
-557
78
564
971
1372
1813
2288
2742
3175
3546
3832
3931
3868
3716
3579
3496
3422
3323
3191
3037
2899
2816
2807
2929
3093
3293
3474
3599
3681
3593
3431
3176
2926
2674
2431
2216
2006
1869
1741
1721
1635
1620
1458
1312
1073
939
845
724
566
312
127
-189
-574
-1111
-1602
-2049
-2441
-2920
-3468
-4119
-4724
-5241
-5617
-5859
-6020
-6059
-6048
-6017
-6030
-6035
-5943
-5675
-5233
-4636
-3926
-3114
-2273
-1499
-861
-344
146
664
1245
1848
2439
2989
3486
3860
4046
4047
3919
3759
3584
3423
3256
3080
2885
2700
2488
2280
2059
1820
1600
1307
1085
831
675
511
408
324
301
322
374
482
605
828
974
1111
1112
1161
1265
1493
1783
2037
2267
2384
2472
2372
2149
1776
1350
907
401
-131
-679
-1188
-1626
-2064
-2540
-3074
-3628
-4115
-4541
-4910
-5256
-5556
-5725
-5757
-5642
-5410
-5069
-4649
-4231
-3802
-3363
-2815
-2149
-1355
-520
270
1006
1661
2274
2792
3205
3476
3640
3712
3734
3641
3493
3322
3214
3151
3037
2812
2474
2037
1530
1007
541
189
-129
-385
-632
-804
-939
-963
-925
-817
-741
-659
-513
-299
-8
259
601
999
1485
1962
2381
2737
2964
3136
3145
3102
2912
2670
2342
1963
1591
1191
814
335
-140
-701
-1204
-1731
-2199
-2633
-2981
-3246
-3480
-3690
-3894
-4019
-4098
-4045
-3908
-3661
-3423
-3176
-2883
-2477
-1967
-1402
-835
-280
225
680
1067
1403
1708
1989
2215
2375
2456
2552
2626
2692
2637
2515
2294
2036
1678
1274
824
380
-49
-467
-837
-1191
-1500
-1798
-2005
-2152
-2179
-2155
-2018
-1864
-1651
-1436
-1097
-712
-245
161
586
956
1345
1655
1958
2189
2401
2508
2562
2521
2422
2238
2023
1767
1483
1135
753
348
-79
-468
-824
-1048
-1245
-1370
-1555
-1679
-1830
-1874
-1921
-1872
-1810
-1664
-1442
-1187
-944
-761
-551
-301
-15
200
367
501
688
873
1039
1129
1210
1260
1302
1275
1236
1213
1206
1182
1090
922
700
440
177
-117
-430
-749
-1026
-1239
-1428
-1580
-1735
-1849
-1984
-2057
-2059
-1905
-1689
-1439
-1230
-978
-713
-444
-234
-68
109
278
530
764
1018
1103
1178
1172
1208
1129
1018
886
805
713
539
361
225
246
261
311
297
311
285
248
209
184
181
232
349
470
487
375
203
54
-15
-9
72
129
162
111
110
135
260
405
591
729
797
793
728
677
571
475
311
169
-42
-227
-440
-565
-698
-814
-951
-1051
-1096
-1121
-1127
-1133
-1094
-1053
-968
-939
-889
-882
-839
-779
-697
-609
-545
-501
-425
-345
-212
-115
29
146
266
301
290
215
165
84
87
130
300
466
572
585
537
531
558
692
813
978
1077
1223
1291
1374
1343
1325
1258
1222
1118
913
665
416
311
214
172
45
-49
-171
-204
-167
-14
141
240
210
73
-125
-309
-425
-475
-462
-467
-483
-530
-532
-509
-491
-506
-529
-557
-548
-589
-590
-629
-609
-617
-604
-592
-580
-569
-561
-493
-436
-350
-321
-266
-279
-353
-534
-751
-945
-1060
-1057
-960
-804
-689
-581
-519
-423
-361
-266
-198
-82
29
193
374
580
798
993
1139
1173
1140
1061
996
883
724
516
344
233
189
140
53
-84
-195
-251
-238
-200
-186
-246
-345
-450
-432
-377
-272
-265
-298
-388
-474
-486
-454
-288
-135
60
115
130
82
130
285
518
740
867
938
904
878
814
848
868
866
827
760
786
746
710
513
307
78
-8
-11
63
80
92
66
102
126
186
235
301
357
385
406
447
574
762
951
1007
949
841
770
662
437
118
-161
-326
-397
-512
-617
-761
-820
-970
-1091
-1283
-1368
-1440
-1408
-1418
-1398
-1440
-1451
-1462
-1495
-1493
-1537
-1424
-1290
-1050
-933
-860
-864
-818
-796
-725
-691
-585
-403
-148
179
365
572
644
792
814
863
868
945
1037
1157
1248
1241
1138
918
717
500
387
344
430
569
698
803
867
933
1009
1093
1196
1282
1334
1376
1448
1571
1675
1651
1568
1427
1321
1186
1037
871
647
338
-32
-425
-762
-1037
-1253
-1439
-1621
-1727
-1761
-1731
-1793
-1914
-2140
-2288
-2390
-2393
-2405
-2409
-2432
-2347
-2218
-2018
-1932
-1903
-1858
-1705
-1500
-1362
-1293
-1194
-1006
-761
-517
-339
-193
-73
75
231
424
628
838
1005
1095
1147
1174
1206
1233
1207
1187
1106
1116
1129
1261
1383
1615
1852
2120
2212
2144
1957
1810
1840
1983
2236
2415
2575
2610
2652
2629
2660
2581
2444
2176
1853
1541
1217
996
781
599
305
-40
-468
-824
-1151
-1337
-1510
-1674
-1907
-2153
-2375
-2509
-2576
-2593
-2601
-2610
-2558
-2526
-2508
-2560
-2526
-2364
-2083
-1837
-1629
-1499
-1408
-1403
-1442
-1455
-1412
-1240
-990
-700
-457
-292
-145
-48
65
82
137
156
249
274
306
318
404
537
660
778
898
1096
1281
1483
1657
1884
2053
2131
2100
2057
2145
2295
2481
2521
2558
2508
2476
2355
2238
2063
1787
1509
1260
1160
1017
887
636
377
-17
-365
-680
-831
-1004
-1157
-1377
-1541
-1702
-1848
-1950
-2120
-2241
-2429
-2482
-2578
-2589
-2639
-2499
-2310
-2024
-1887
-1797
-1762
-1704
-1638
-1659
-1611
-1607
-1396
-1222
-925
-796
-642
-584
-452
-378
-303
-237
-144
-19
22
76
63
140
184
295
382
545
717
975
1189
1414
1551
1680
1793
1916
2017
2047
2051
2050
2149
2249
2395
2430
2434
2301
2157
1957
1819
1713
1666
1577
1360
1036
667
383
194
117
62
-23
-238
-468
-735
-889
-1035
-1122
-1243
-1361
-1473
-1516
-1524
-1471
-1439
-1375
-1274
-1200
-1138
-1178
-1166
-1141
-1046
-990
-969
-1002
-992
-966
-887
-820
-775
-719
-633
-455
-279
-203
-247
-395
-451
-414
-235
-8
280
562
761
801
754
698
735
839
1017
1183
1313
1366
1372
1341
1306
1332
1396
1509
1502
1409
1207
1053
963
938
924
869
770
674
555
435
182
-97
-394
-519
-549
-541
-616
-734
-911
-1082
-1297
-1388
-1423
-1392
-1434
-1536
-1576
-1543
-1334
-1183
-1056
-1144
-1219
-1335
-1307
-1258
-1106
-957
-783
-623
-493
-359
-316
-277
-326
-362
-399
-336
-191
-42
23
-11
-79
-110
-106
-82
-19
122
353
630
831
957
968
998
1033
1155
1321
1557
1775
1886
1795
1548
1388
1384
1568
1611
1555
1289
1079
829
672
490
362
241
178
80
-97
-377
-664
-829
-928
-940
-971
-954
-993
-1149
-1416
-1651
-1664
-1377
-970
-627
-578
-681
-819
-822
-758
-656
-561
-463
-465
-582
-692
-674
-446
-185
36
136
164
189
214
271
304
358
384
387
285
201
110
135
215
422
667
830
897
870
916
953
1056
1142
1285
1348
1388
1372
1402
1432
1454
1524
1570
1600
1513
1375
1221
1057
883
729
598
528
427
287
32
-326
-700
-933
-949
-817
-713
-775
-976
-1247
-1411
-1464
-1413
-1420
-1476
-1566
-1565
-1560
-1550
-1576
-1514
-1439
-1406
-1460
-1489
-1418
-1363
-1328
-1355
-1229
-1038
-748
-586
-523
-619
-665
-586
-395
-201
-167
-173
-184
-103
-59
-63
-49
84
258
402
475
629
821
975
987
908
900
974
1175
1365
1558
1632
1649
1550
1489
1396
1416
1422
1461
1406
1298
1228
1200
1235
1147
1003
729
500
222
54
-137
-226
-342
-394
-424
-414
-449
-576
-766
-959
-1072
-1168
-1178
-1200
-1079
-968
-796
-706
-600
-545
-535
-653
-807
-925
-938
-882
-855
-874
-961
-990
-930
-732
-538
-391
-377
-358
-336
-257
-243
-223
-263
-262
-335
-322
-227
-13
212
347
472
525
568
582
677
826
1015
1136
1253
1261
1238
1167
1140
1205
1256
1340
1340
1364
1282
1112
833
564
443
470
560
515
331
158
144
277
442
506
494
337
132
-129
-293
-403
-433
-484
-475
-430
-334
-308
-397
-509
-550
-410
-288
-212
-352
-479
-623
-630
-726
-791
-871
-701
-507
-360
-509
-739
-895
-869
-772
-715
-676
-646
-577
-550
-546
-568
-476
-286
-104
-116
-325
-520
-574
-457
-335
-206
-59
143
284
273
124
-1
79
291
472
396
264
163
310
434
551
550
541
460
269
108
35
217
429
649
584
378
9
-181
-255
-107
43
264
374
365
202
85
179
453
748
839
742
482
298
247
347
391
380
312
353
326
292
179
183
193
203
111
-12
-141
-239
-310
-374
-330
-183
44
109
-3
-246
-379
-436
-405
-430
-423
-506
-624
-822
-892
-801
-570
-367
-351
-549
-883
-1028
-867
-444
-118
-53
-176
-325
-407
-379
-281
-4
181
230
-33
-373
-562
-462
-157
116
186
79
-101
-266
-357
-354
-136
191
505
582
453
233
113
154
371
686
969
1134
1103
901
612
418
556
984
1394
1384
960
440
227
359
703
1024
1199
1157
904
460
18
-164
30
494
781
759
318
-205
-599
-578
-309
70
238
198
-165
-685
-1119
-1165
-818
-317
-59
-108
-483
-932
-1275
-1293
-934
-415
-53
-52
-385
-824
-1108
-1139
-928
-705
-510
-483
-600
-845
-1003
-920
-659
-415
-274
-159
-22
27
-65
-255
-320
-165
225
623
902
939
850
608
380
288
514
931
1200
1059
615
214
186
536
995
1340
1343
1107
646
218
-57
12
274
665
744
569
93
-218
-276
-57
195
327
199
-84
-411
-603
-582
-419
-194
-184
-395
-701
-851
-804
-734
-695
-703
-684
-750
-830
-946
-957
-973
-936
-960
-954
-959
-859
-742
-661
-728
-887
-1003
-1025
-888
-715
-521
-433
-416
-456
-360
-202
64
219
392
568
862
1136
1307
1226
1023
881
963
1299
1657
1941
1962
1754
1414
1115
1017
1118
1291
1365
1239
942
637
479
532
721
841
778
514
208
24
-8
0
28
-24
-65
-234
-388
-510
-542
-599
-692
-840
-885
-837
-654
-536
-608
-831
-1022
-1050
-959
-878
-813
-769
-789
-880
-994
-956
-758
-516
-406
-445
-562
-574
-440
-236
-150
-303
-501
-566
-358
-63
204
388
517
606
606
555
448
430
479
670
835
1025
1115
1197
1194
1193
1167
1180
1183
1130
1007
832
748
755
853
862
788
620
497
373
275
161
121
139
160
91
-31
-146
-247
-439
-683
-864
-867
-744
-707
-819
-1054
-1198
-1168
-1027
-981
-1132
-1443
-1659
-1680
-1532
-1384
-1286
-1175
-1057
-1063
-1156
-1240
-1132
-936
-763
-667
-601
-525
-498
-550
-634
-573
-264
265
611
616
289
167
415
974
1327
1336
1047
775
585
513
625
982
1472
1703
1532
1057
812
907
1351
1648
1661
1279
840
574
634
839
1004
971
674
186
-360
-567
-395
99
437
513
291
36
-69
104
455
775
885
776
440
-81
-600
-850
-702
-500
-632
-1299
-2117
-2622
-2528
-2103
-1788
-1878
-2220
-2458
-2309
-1798
-1148
-620
-353
-350
-457
-452
-146
399
914
1114
930
615
486
720
1089
1268
1069
694
410
401
550
713
771
738
639
496
437
553
840
1068
1088
914
759
778
977
1182
1247
1182
1126
1151
1218
1222
1157
1057
932
784
535
261
24
-6
89
126
-47
-352
-588
-701
-696
-662
-632
-660
-766
-965
-1222
-1424
-1446
-1320
-1251
-1358
-1611
-1806
-1846
-1752
-1656
-1674
-1795
-1926
-2024
-2034
-1921
-1642
-1319
-1110
-1053
-1056
-975
-765
-418
-50
243
367
370
316
266
247
296
442
635
784
832
837
929
1147
1390
1502
1449
1358
1343
1440
1534
1551
1432
1282
1160
1161
1247
1409
1537
1572
1467
1327
1309
1504
1778
1871
1650
1278
1048
1098
1337
1482
1385
1057
772
657
694
636
403
39
-308
-630
-964
-1210
-1234
-1133
-1279
-1890
-2725
-3293
-3371
-3158
-3068
-3310
-3756
-4088
-4128
-3925
-3699
-3517
-3366
-3147
-2833
-2388
-1767
-1013
-325
54
83
36
257
822
1462
1827
1822
1623
1473
1464
1514
1542
1509
1433
1311
1157
1041
1022
1128
1254
1254
1103
998
1207
1705
2210
2467
2546
2691
3001
3333
3573
3794
4177
4643
4929
4883
4668
4544
4491
4229
3552
2576
1657
1052
675
236
-571
-1711
-2905
-3802
-4331
-4728
-5206
-5772
-6239
-6491
-6537
-6437
-6217
-5896
-5482
-4996
-4408
-3690
-2890
-2136
-1592
-1268
-1020
-600
90
845
1265
1148
695
339
312
499
619
466
44
-461
-798
-824
-633
-504
-626
-935
-1158
-1075
-734
-375
-166
-64
143
512
984
1442
1877
2325
2795
3274
3759
4240
4698
5073
5361
5618
5902
6180
6306
6157
5712
5145
4620
4122
3414
2370
1200
256
-332
-830
-1571
-2607
-3654
-4423
-4928
-5414
-6030
-6647
-7033
-7114
-7032
-6836
-6441
-5728
-4919
-4257
-3756
-3082
-2021
-788
195
658
883
1267
2008
2752
3112
3018
2777
2649
2586
2357
1837
1153
489
-44
-492
-885
-1264
-1649
-2073
-2505
-2821
-2875
-2680
-2389
-2197
-2028
-1660
-930
21
887
1509
2013
2629
3355
4036
4600
5161
5811
6431
6891
7172
7378
7487
7344
6831
6036
5221
4571
4075
3443
2412
912
-705
-2055
-2976
-3715
-4537
-5496
-6417
-7074
-7410
-7421
-7251
-6966
-6658
-6284
-5773
-5051
-4160
-3242
-2424
-1764
-1171
-544
176
872
1448
1825
2104
2337
2545
2605
2479
2214
1905
1561
1142
696
267
-117
-578
-1130
-1696
-2112
-2343
-2478
-2639
-2821
-2915
-2817
-2558
-2254
-1964
-1613
-1058
-282
566
1312
1956
2678
3579
4529
5258
5677
5977
6390
6946
7385
7438
7005
6264
5549
5064
4676
3982
2738
1146
-291
-1319
-2137
-3129
-4395
-5655
-6578
-7109
-7453
-7756
-7901
-7704
-7165
-6501
-5886
-5250
-4414
-3373
-2382
-1661
-1127
-495
349
1209
1810
2105
2264
2459
2665
2781
2791
2814
2860
2764
2355
1736
1165
855
653
310
-327
-1042
-1497
-1558
-1429
-1483
-1745
-1936
-1804
-1495
-1275
-1148
-815
-89
864
1635
2027
2236
2683
3514
4485
5197
5526
5682
5945
6350
6644
6531
5981
5224
4564
4056
3472
2511
1169
-251
-1387
-2172
-2846
-3670
-4691
-5637
-6282
-6580
-6740
-6897
-7041
-6995
-6635
-5986
-5205
-4417
-3649
-2891
-2134
-1359
-522
353
1141
1723
2079
2303
2505
2691
2800
2776
2644
2445
2144
1698
1171
721
435
167
-270
-867
-1404
-1706
-1803
-1835
-1897
-1966
-1936
-1748
-1461
-1171
-870
-480
34
611
1168
1688
2215
2837
3527
4198
4731
5111
5396
5656
5891
6019
5962
5659
5091
4298
3450
2696
1991
1101
-51
-1254
-2199
-2864
-3484
-4303
-5262
-6076
-6515
-6640
-6673
-6713
-6630
-6270
-5700
-5095
-4574
-4029
-3329
-2476
-1671
-1065
-616
-134
413
865
1034
976
995
1310
1798
2062
1867
1393
1038
984
1068
1017
748
384
59
-164
-279
-283
-231
-242
-417
-698
-859
-721
-339
12
168
253
534
1108
1776
2308
2654
2982
3423
3958
4408
4668
4776
4884
5091
5378
5612
5601
5231
4540
3778
3174
2771
2268
1367
70
-1192
-2047
-2560
-3154
-4111
-5205
-6002
-6269
-6214
-6127
-6099
-5952
-5553
-4947
-4323
-3769
-3220
-2580
-1897
-1333
-917
-495
81
679
1018
1012
918
995
1236
1384
1285
1006
727
500
273
22
-200
-365
-576
-902
-1245
-1400
-1347
-1308
-1457
-1666
-1649
-1309
-863
-577
-483
-389
-67
477
1051
1474
1791
2168
2676
3210
3653
3981
4257
4502
4681
4779
4869
4974
4971
4686
4136
3582
3208
2932
2468
1753
955
306
-249
-878
-1626
-2318
-2787
-3082
-3361
-3695
-3992
-4139
-4124
-4024
-3877
-3672
-3396
-3142
-2962
-2774
-2417
-1873
-1343
-1031
-937
-888
-751
-580
-469
-458
-472
-486
-522
-598
-653
-582
-391
-206
-190
-387
-679
-887
-932
-846
-678
-415
-72
214
314
258
227
319
519
737
970
1220
1506
1800
2055
2258
2472
2779
3147
3441
3569
3594
3602
3612
3505
3284
3050
2942
2914
2725
2207
1504
976
790
702
397
-134
-634
-949
-1216
-1560
-1912
-2100
-2150
-2209
-2391
-2637
-2869
-3040
-3159
-3248
-3280
-3229
-3049
-2798
-2580
-2492
-2492
-2410
-2121
-1717
-1421
-1333
-1330
-1241
-1074
-934
-867
-822
-762
-679
-555
-345
-61
225
387
396
353
399
572
740
802
774
759
836
990
1133
1201
1247
1395
1663
1918
2040
2060
2127
2294
2464
2496
2383
2242
2140
2060
1949
1855
1820
1787
1636
1367
1143
1096
1139
1100
929
737
615
534
437
333
270
221
127
-43
-213
-308
-350
-445
-696
-1020
-1239
-1264
-1243
-1386
-1707
-1991
-2066
-2023
-2096
-2397
-2757
-2942
-2893
-2752
-2642
-2526
-2335
-2062
-1813
-1649
-1537
-1345
-1003
-582
-212
51
278
531
781
947
1038
1141
1325
1521
1622
1603
1533
1502
1511
1486
1356
1146
953
840
775
716
655
575
414
148
-130
-288
-314
-323
-412
-532
-565
-454
-254
-50
77
152
248
434
659
809
820
697
527
420
484
712
966
1061
955
749
573
426
253
27
-198
-408
-666
-1006
-1396
-1756
-2058
-2303
-2451
-2464
-2355
-2228
-2166
-2154
-2110
-1966
-1719
-1391
-1033
-713
-459
-235
31
347
687
1003
1280
1516
1709
1856
1951
2008
2072
2151
2213
2201
2095
1921
1715
1512
1300
1062
794
520
252
0
-216
-383
-509
-647
-807
-966
-1044
-993
-825
-615
-451
-374
-353
-299
-145
116
416
683
873
1004
1127
1285
1418
1437
1301
1108
997
1014
1051
936
604
155
-258
-587
-879
-1188
-1478
-1719
-1898
-2080
-2305
-2559
-2763
-2837
-2775
-2597
-2309
-1916
-1480
-1109
-863
-705
-528
-232
196
686
1148
1525
1811
2000
2115
2212
2336
2459
2507
2432
2273
2102
1952
1775
1533
1243
962
690
384
23
-331
-595
-752
-860
-1002
-1146
-1220
-1197
-1179
-1241
-1334
-1326
-1152
-879
-640
-486
-391
-286
-148
14
201
428
656
802
822
761
700
641
533
355
171
56
-13
-153
-445
-847
-1202
-1424
-1542
-1666
-1831
-1994
-2090
-2110
-2098
-2081
-2052
-1961
-1815
-1650
-1474
-1220
-867
-485
-170
66
305
634
1044
1436
1725
1948
2181
2424
2584
2608
2559
2511
2483
2408
2261
2067
1875
1685
1460
1170
844
546
332
190
72
-58
-197
-328
-439
-505
-502
-448
-397
-371
-355
-326
-291
-247
-185
-107
-44
-13
-25
-91
-184
-237
-210
-149
-160
-286
-478
-642
-729
-747
-776
-888
-1072
-1214
-1237
-1198
-1240
-1420
-1644
-1757
-1724
-1628
-1583
-1604
-1616
-1529
-1335
-1098
-865
-611
-291
51
325
476
588
763
1052
1372
1609
1712
1721
1726
1774
1875
1979
2053
2072
2030
1903
1704
1484
1326
1245
1172
1013
741
433
197
94
88
125
149
157
144
107
31
-60
-121
-118
-84
-61
-73
-109
-160
-231
-283
-291
-232
-151
-74
-39
-62
-147
-263
-364
-459
-584
-773
-991
-1173
-1273
-1314
-1342
-1382
-1405
-1381
-1312
-1245
-1208
-1184
-1138
-1071
-1011
-971
-931
-865
-765
-648
-537
-423
-276
-91
87
216
278
285
247
202
186
219
281
343
396
442
474
461
408
348
335
365
406
430
466
565
722
862
919
900
871
872
896
901
869
814
789
807
837
825
794
787
818
826
750
596
425
288
172
41
-113
-247
-322
-336
-329
-337
-408
-545
-707
-808
-804
-744
-712
-758
-857
-973
-1071
-1148
-1181
-1155
-1098
-1073
-1135
-1225
-1226
-1069
-844
-707
-700
-710
-594
-331
-52
126
186
223
307
422
499
497
453
435
456
475
457
426
446
548
716
861
916
891
887
980
1146
1307
1395
1406
1358
1281
1206
1178
1209
1254
1237
1154
1077
1072
1114
1100
957
722
509
391
327
229
69
-109
-235
-287
-290
-290
-313
-344
-345
-325
-324
-399
-541
-690
-787
-834
-886
-956
-1001
-993
-985
-1049
-1189
-1306
-1297
-1169
-1039
-1010
-1067
-1108
-1079
-982
-884
-834
-862
-917
-921
-828
-677
-563
-544
-593
-605
-510
-339
-194
-146
-174
-211
-219
-201
-176
-151
-113
-54
12
47
42
51
140
317
513
658
730
765
811
886
964
996
960
874
780
705
655
603
530
446
374
330
297
255
216
200
206
193
146
105
110
152
185
201
196
171
120
63
11
-32
-79
-124
-135
-92
-19
33
26
-17
-48
-31
28
75
63
-12
-90
-125
-128
-157
-242
-352
-416
-390
-294
-186
-131
-158
-235
-313
-360
-391
-407
-389
-311
-205
-122
-65
3
96
165
164
121
125
223
369
478
518
518
515
496
428
314
207
144
130
133
130
103
68
40
26
18
35
106
237
371
426
379
284
220
223
261
286
284
282
307
339
339
290
247
250
294
306
241
135
70
110
199
231
142
-9
-129
-182
-218
-282
-373
-450
-492
-497
-474
-429
-376
-353
-383
-446
-490
-502
-493
-491
-486
-455
-399
-354
-360
-406
-432
-377
-235
-69
47
87
78
56
24
-32
-119
-214
-284
-331
-389
-468
-533
-528
-454
-363
-313
-315
-328
-284
-154
20
174
271
328
371
410
418
388
337
324
381
488
583
599
517
371
229
120
30
-61
-137
-167
-164
-177
-238
-321
-357
-317
-227
-147
-114
-129
-162
-169
-149
-120
-116
-138
-173
-209
-234
-248
-249
-233
-183
-94
2
52
52
58
134
276
383
380
289
200
174
199
231
253
299
396
502
531
438
276
149
133
229
370
491
566
595
594
563
517
462
417
387
379
396
452
527
556
491
373
298
301
331
325
265
165
42
-96
-239
-373
-464
-507
-532
-581
-650
-708
-734
-742
-750
-745
-725
-691
-657
-638
-638
-653
-661
-664
-648
-615
-563
-502
-448
-386
-299
-188
-88
-28
1
44
129
226
281
262
208
190
231
284
270
173
61
20
69
143
165
117
56
63
154
282
365
384
381
416
482
530
539
560
635
735
795
800
800
831
886
933
949
931
878
793
688
578
479
405
356
309
238
149
63
-18
-109
-213
-312
-389
-466
-574
-731
-913
-1086
-1229
-1322
-1360
-1345
-1289
-1218
-1163
-1159
-1191
-1206
-1168
-1113
-1093
-1114
-1114
-1041
-919
-821
-802
-829
-828
-748
-625
-519
-469
-449
-405
-328
-248
-204
-195
-204
-204
-177
-107
-4
120
250
380
505
630
757
890
1019
1131
1217
1274
1318
1360
1411
1462
1510
1534
1528
1504
1503
1545
1611
1638
1571
1412
1223
1071
971
886
770
613
435
277
146
15
-153
-339
-480
-526
-502
-483
-529
-646
-774
-864
-901
-916
-926
-923
-886
-825
-800
-845
-939
-1002
-987
-904
-812
-743
-703
-689
-686
-668
-624
-576
-555
-554
-544
-518
-495
-490
-480
-431
-331
-213
-108
-1
142
320
484
597
671
750
862
995
1124
1216
1262
1275
1285
1316
1368
1423
1446
1408
1312
1196
1108
1054
1004
926
805
657
494
328
173
49
-37
-105
-205
-348
-506
-629
-713
-782
-846
-882
-883
-869
-871
-910
-982
-1077
-1176
-1269
-1361
-1447
-1504
-1508
-1454
-1341
-1212
-1131
-1150
-1238
-1307
-1291
-1201
-1104
-1053
-1049
-1058
-1043
-1004
-960
-922
-869
-771
-619
-445
-284
-147
-17
123
267
395
499
598
730
909
1108
1296
1451
1576
1679
1773
1865
1940
1979
1988
1974
1930
1833
1665
1455
1267
1148
1089
1044
990
934
874
789
674
553
463
419
412
418
390
298
145
-18
-159
-262
-337
-388
-429
-484
-567
-658
-731
-770
-786
-809
-855
-913
-960
-991
-1025
-1065
-1089
-1080
-1059
-1074
-1136
-1197
-1197
-1116
-1013
-946
-926
-908
-865
-807
-755
-713
-663
-584
-465
-309
-146
-2
110
221
374
576
794
973
1083
1127
1133
1118
1117
1145
1213
1293
1358
1383
1357
1261
1114
967
872
832
812
788
741
676
599
542
505
471
417
348
281
216
121
-20
-187
-319
-389
-410
-424
-466
-537
-608
-644
-646
-646
-670
-723
-784
-823
-817
-785
-769
-783
-801
-796
-784
-794
-835
-882
-915
-942
-969
-993
-988
-948
-874
-776
-666
-558
-466
-397
-338
-274
-192
-83
44
170
280
368
436
492
539
582
636
707
789
848
874
878
881
881
854
798
725
671
673
731
784
761
658
538
443
365
277
193
150
153
154
89
-35
-151
-203
-198
-188
-217
-297
-411
-529
-611
-637
-617
-589
-586
-602
-624
-641
-658
-666
-644
-596
-537
-490
-457
-437
-419
-390
-343
-276
-209
-160
-142
-153
-179
-195
-174
-111
-30
41
94
137
183
262
381
524
653
735
772
789
818
867
907
902
852
793
770
778
785
764
726
695
679
654
580
453
319
240
222
217
176
93
6
-65
-115
-133
-115
-83
-79
-132
-219
-294
-327
-327
-326
-333
-349
-373
-423
-500
-583
-639
-640
-589
-517
-457
-411
-360
-281
-186
-103
-64
-71
-93
-106
-119
-151
-209
-280
-341
-374
-356
-299
-235
-198
-175
-144
-101
-60
-11
53
109
119
78
28
16
69
156
207
182
107
43
27
47
71
70
45
1
-58
-131
-208
-261
-272
-246
-220
-215
-226
-228
-202
-150
-98
-73
-73
-83
-85
-72
-30
40
118
166
174
150
109
61
11
-15
6
83
184
264
300
302
288
271
262
280
325
376
393
360
278
170
69
10
0
14
14
-19
-79
-139
-180
-195
-194
-185
-162
-134
-116
-116
-114
-82
-12
75
147
178
167
132
103
101
119
128
107
73
56
71
90
88
65
39
18
-4
-18
-33
-52
-87
-117
-121
-96
-59
-30
-1
41
88
118
119
103
87
76
84
116
163
207
242
268
276
256
236
245
277
286
267
259
287
322
333
332
347
376
374
321
235
149
87
56
39
3
-63
-142
-217
-293
-367
-430
-480
-527
-569
-593
-581
-536
-482
-446
-437
-432
-420
-404
-385
-350
-288
-215
-154
-107
-55
-7
2
-45
-110
-130
-83
-13
17
-11
-62
-87
-86
-91
-134
-198
-236
-218
-141
-43
45
94
114
137
173
203
205
195
202
239
282
324
355
374
378
373
379
397
413
392
327
235
138
57
14
22
43
40
7
-22
-28
-35
-78
-168
-269
-352
-418
-489
-559
-600
-591
-549
-514
-515
-545
-589
-625
-646
-647
-623
-579
-523
-477
-451
-430
-383
-297
-204
-146
-131
-127
-100
-40
30
74
83
88
126
193
245
265
262
263
281
319
389
478
571
646
688
692
657
617
617
663
727
769
800
839
867
848
785
720
684
672
662
641
610
586
577
577
560
499
401
291
201
141
99
52
-7
-69
-130
-196
-272
-360
-438
-497
-545
-602
-671
-738
-779
-790
-784
-774
-766
-759
-744
-715
-663
-604
-567
-567
-584
-591
-582
-570
-560
-553
-545
-532
-499
-430
-316
-178
-51
50
133
209
274
329
378
408
409
394
400
444
514
586
647
697
745
788
820
828
811
779
755
747
754
764
751
701
633
578
546
515
462
397
344
309
266
200
129
83
41
-34
-162
-318
-449
-535
-574
-601
-629
-671
-724
-775
-830
-891
-965
-1033
-1068
-1059
-1001
-913
-821
-768
-774
-818
-861
-894
-919
-938
-945
-924
-891
-860
-844
-833
-799
-724
-616
-519
-465
-429
-373
-281
-181
-102
-46
4
62
128
197
273
366
471
561
617
643
650
660
693
762
856
943
1010
1055
1089
1115
1138
1152
1160
1167
1182
1192
1176
1130
1066
1006
965
951
945
907
811
684
573
503
458
391
266
87
-102
-235
-302
-329
-360
-414
-488
-581
-668
-727
-724
-681
-642
-634
-662
-710
-777
-852
-916
-942
-928
-883
-825
-752
-663
-568
-484
-413
-346
-272
-199
-134
-88
-59
-34
9
63
92
75
47
66
147
254
344
396
418
439
474
521
560
577
570
547
515
488
479
494
530
583
645
711
763
782
759
710
650
575
491
405
321
232
145
67
-6
-76
-138
-179
-222
-279
-344
-389
-406
-414
-432
-472
-536
-604
-657
-690
-732
-783
-824
-833
-819
-811
-823
-851
-875
-870
-829
-777
-741
-705
-648
-589
-567
-595
-628
-636
-606
-553
-492
-430
-359
-255
-119
13
97
121
106
86
90
130
205
292
356
370
346
325
350
428
532
622
654
631
591
586
622
669
709
746
774
760
674
541
416
347
335
352
374
382
370
333
285
239
200
158
111
80
87
125
151
115
-4
-167
-314
-403
-420
-388
-337
-290
-261
-258
-291
-344
-387
-385
-350
-309
-275
-246
-211
-176
-147
-146
-174
-196
-170
-94
3
68
74
40
22
56
116
151
142
128
140
185
229
252
253
258
302
385
463
498
503
515
539
556
556
549
548
551
544
511
448
378
338
335
336
296
223
157
126
117
90
33
-41
-102
-139
-163
-196
-242
-284
-295
-285
-279
-299
-353
-437
-535
-613
-651
-648
-615
-557
-496
-468
-485
-529
-563
-574
-568
-550
-526
-491
-449
-396
-335
-287
-278
-315
-380
-426
-431
-411
-395
-381
-349
-292
-221
-157
-121
-135
-187
-235
-248
-234
-211
-173
-103
-3
113
244
382
504
576
598
590
578
565
556
566
586
588
551
486
422
380
364
372
403
436
452
437
401
357
316
283
250
206
131
26
-78
-159
-200
-207
-194
-185
-180
-170
-162
-164
-177
-192
-217
-247
-258
-240
-216
-217
-246
-295
-341
-357
-324
-236
-127
-31
23
35
24
19
34
63
81
60
-4
-83
-139
-155
-140
-113
-84
-55
-22
41
138
249
333
377
391
403
425
456
486
508
513
497
464
434
428
451
487
513
511
462
386
337
345
380
368
283
155
43
-35
-103
-178
-247
-289
-303
-305
-306
-303
-301
-307
-333
-364
-381
-376
-356
-342
-332
-321
-307
-310
-338
-373
-386
-380
-381
-403
-411
-381
-327
-294
-318
-374
-419
-414
-373
-342
-354
-409
-473
-526
-567
-595
-591
-551
-486
-421
-364
-292
-206
-119
-41
43
138
222
284
344
422
494
538
555
564
567
551
525
514
536
576
611
631
649
662
651
605
555
527
523
512
474
416
348
288
256
262
284
294
283
253
197
114
23
-60
-127
-179
-209
-211
-203
-195
-186
-172
-178
-214
-267
-304
-310
-304
-318
-364
-433
-501
-547
-566
-555
-520
-473
-435
-425
-447
-482
-498
-484
-452
-421
-389
-340
-277
-217
-174
-150
-131
-114
-90
-53
-2
60
118
182
249
320
375
409
426
448
485
516
517
477
434
402
372
320
258
215
198
211
252
314
377
428
472
497
479
418
352
298
248
201
158
117
53
-18
-58
-51
-8
40
95
146
171
150
96
40
-4
-42
-78
-117
-154
-193
-242
-305
-384
-462
-523
-554
-553
-535
-513
-498
-491
-490
-483
-467
-443
-424
-397
-351
-292
-252
-240
-233
-206
-150
-86
-27
22
82
159
237
286
289
258
223
204
207
229
258
283
296
295
287
279
276
271
268
284
316
331
302
238
187
187
227
259
241
174
97
39
12
9
18
32
46
51
34
-17
-77
-104
-82
-51
-62
-122
-193
-241
-257
-258
-256
-252
-240
-203
-152
-109
-103
-135
-184
-218
-223
-213
-223
-268
-327
-369
-392
-408
-418
-412
-383
-342
-301
-281
-287
-309
-316
-282
-213
-131
-77
-71
-117
-180
-216
-203
-154
-94
-33
30
100
162
198
209
207
214
239
279
322
352
366
372
384
399
406
391
352
310
293
312
361
410
438
432
403
359
303
249
215
205
213
236
269
302
321
317
299
284
285
304
314
275
181
72
-7
-61
-118
-187
-245
-278
-293
-291
-263
-203
-125
-60
-28
-40
-82
-123
-136
-124
-115
-142
-202
-262
-294
-294
-274
-243
-211
-189
-183
-181
-163
-105
-19
56
87
78
58
49
49
59
64
60
54
59
74
81
68
42
21
11
8
19
52
105
166
213
233
204
131
37
-47
-114
-160
-183
-187
-190
-206
-227
-229
-187
-102
-3
69
90
74
43
3
-69
-176
-286
-350
-349
-313
-285
-285
-302
-314
-315
-317
-327
-330
-304
-248
-176
-113
-73
-66
-97
-165
-253
-330
-373
-391
-411
-435
-435
-394
-336
-280
-207
-105
15
117
188
223
221
186
141
102
87
108
167
243
297
320
328
348
389
434
464
478
487
490
481
476
498
551
607
637
633
609
583
574
599
648
692
693
651
585
519
457
390
315
240
174
109
29
-67
-158
-227
-269
-276
-258
-240
-248
-280
-316
-350
-379
-407
-426
-435
-431
-427
-445
-495
-551
-574
-552
-518
-494
-467
-419
-374
-363
-378
-384
-350
-281
-210
-169
-168
-181
-189
-181
-156
-112
-56
-5
39
85
133
184
240
308
382
450
508
537
538
525
526
546
563
554
512
453
401
376
378
382
370
335
291
247
210
180
153
126
89
34
-38
-119
-182
-208
-193
-158
-138
-152
-200
-272
-340
-388
-405
-414
-446
-504
-556
-575
-581
-609
-656
-682
-655
-585
-503
-442
-426
-454
-486
-490
-464
-417
-342
-244
-173
-175
-229
-271
-250
-179
-102
-46
-11
12
35
62
93
136
188
242
295
348
398
430
430
400
350
282
209
166
174
220
266
291
302
321
377
457
519
522
472
408
350
296
241
189
160
163
188
205
195
161
118
71
29
-3
-15
-18
-32
-71
-131
-195
-249
-287
-306
-314
-315
-317
-313
-297
-274
-254
-232
-200
-170
-168
-200
-244
-270
-263
-235
-202
-174
-145
-108
-62
-19
16
51
89
136
183
222
251
265
268
253
226
220
265
358
460
538
573
562
521
481
465
476
510
555
597
606
571
507
446
408
393
377
333
254
150
60
5
-20
-35
-58
-90
-125
-144
-150
-154
-161
-161
-160
-185
-254
-341
-405
-432
-447
-466
-476
-477
-474
-480
-497
-516
-525
-515
-484
-446
-415
-399
-390
-387
-395
-421
-448
-450
-421
-370
-323
-297
-289
-302
-321
-332
-303
-219
-114
-32
2
2
-7
-20
-34
-36
-24
5
60
146
235
284
285
263
250
252
256
256
249
229
183
108
29
-23
-35
-28
-16
-5
-2
-4
-9
-13
-18
-27
-25
-8
32
92
163
210
201
138
67
19
1
5
31
69
104
130
142
132
90
45
36
69
105
103
66
19
-27
-77
-119
-131
-103
-50
1
30
37
44
69
99
113
112
119
151
197
233
231
193
148
132
149
183
213
232
252
282
326
359
358
329
293
262
230
193
155
121
102
94
86
79
86
104
110
99
95
111
135
149
157
169
175
167
152
141
130
104
69
47
45
58
68
66
47
20
-7
-34
-67
-114
-174
-226
-236
-194
-125
-76
-78
-124
-175
-201
-206
-207
-210
-201
-175
-135
-109
-131
-219
-338
-420
-441
-433
-437
-456
-460
-433
-385
-343
-328
-347
-395
-450
-481
-472
-433
-390
-362
-345
-334
-316
-293
-265
-241
-219
-204
-194
-195
-209
-229
-239
-229
-203
-158
-104
-52
-16
5
20
51
104
165
207
224
235
253
269
267
236
189
148
124
111
85
44
1
-28
-41
-39
-18
18
62
100
128
150
166
181
204
243
284
311
321
328
335
329
296
243
195
179
198
242
290
319
320
291
245
208
211
260
321
356
346
308
256
198
149
137
170
233
291
320
309
282
274
295
324
326
298
257
220
192
173
164
170
199
229
237
208
152
105
88
105
138
163
153
101
25
-44
-100
-152
-190
-187
-148
-114
-117
-158
-223
-306
-394
-464
-501
-501
-465
-411
-377
-390
-436
-471
-473
-455
-454
-491
-548
-590
-582
-522
-447
-396
-385
-395
-402
-399
-386
-367
-345
-328
-313
-289
-268
-252
-230
-190
-143
-111
-98
-91
-88
-88
-82
-59
-27
0
27
55
82
96
104
121
153
187
203
196
192
213
252
282
300
320
358
395
412
397
363
338
332
335
325
308
305
314
313
286
249
220
195
158
106
59
40
55
91
113
99
54
3
-34
-61
-72
-59
-22
17
26
-1
-44
-81
-89
-72
-55
-64
-92
-99
-76
-50
-51
-78
-107
-129
-150
-176
-200
-203
-183
-142
-99
-68
-50
-35
-9
18
24
-1
-31
-37
-4
48
94
117
124
128
143
164
179
191
214
255
303
337
344
318
277
235
199
163
126
97
76
51
27
13
5
-11
-49
-96
-129
-127
-95
-53
-25
-8
18
52
79
79
58
29
-6
-54
-123
-201
-252
-252
-217
-186
-187
-213
-242
-255
-241
-206
-168
-149
-155
-176
-205
-237
-257
-248
-215
-189
-190
-209
-221
-216
-202
-189
-174
-142
-92
-41
-15
-13
-2
45
106
146
159
168
196
228
240
215
169
131
117
121
122
105
78
58
56
69
93
132
183
219
217
175
115
54
11
-2
12
45
89
149
218
268
280
260
231
215
205
182
129
64
16
-4
-19
-47
-76
-77
-52
-29
-38
-88
-150
-199
-222
-222
-207
-191
-198
-239
-306
-363
-377
-336
-271
-219
-192
-190
-200
-209
-203
-174
-134
-104
-90
-88
-91
-88
-70
-38
-12
-9
-31
-55
-59
-47
-32
-19
5
40
70
77
71
54
19
-31
-81
-99
-78
-30
18
59
101
151
194
222
241
256
269
260
221
171
131
112
110
123
149
172
169
129
59
-5
-33
-19
16
49
75
99
111
96
60
30
25
40
54
41
6
-32
-53
-64
-93
-144
-195
-216
-202
-171
-146
-125
-97
-70
-56
-55
-47
-27
8
46
83
107
106
90
81
93
124
165
201
221
209
174
145
137
154
172
187
211
262
337
406
445
450
436
416
398
389
388
378
360
336
312
288
260
224
181
133
96
80
79
75
53
18
-2
9
42
57
21
-68
-167
-235
-255
-248
-247
-263
-285
-293
-291
-295
-320
-357
-400
-449
-506
-559
-606
-656
-707
-735
-720
-667
-598
-528
-473
-445
-448
-458
-457
-434
-401
-374
-364
-373
-390
-416
-458
-512
-557
-574
-552
-498
-417
-342
-298
-289
-279
-248
-204
-173
-169
-177
-165
-111
-43
7
31
62
121
198
265
305
319
324
340
391
469
531
543
510
476
476
500
526
536
529
513
501
503
521
545
569
569
551
517
482
458
445
446
448
442
430
426
426
415
385
348
334
349
374
374
338
301
294
314
332
328
302
259
205
155
116
80
36
-19
-70
-95
-90
-76
-72
-70
-48
-14
11
6
-26
-67
-94
-94
-74
-70
-92
-111
-93
-42
9
41
65
82
76
44
6
-33
-73
-110
-135
-159
-202
-265
-317
-350
-366
-375
-379
-381
-383
-385
