-387
-362
-328
-291
-243
-178
-83
19
91
93
49
6
-20
-52
-115
-188
-238
-243
-248
-295
-356
-371
-316
-246
-196
-161
-110
-45
40
140
237
293
287
228
148
103
135
211
269
266
232
217
239
279
311
330
358
404
447
447
400
335
282
242
225
242
290
339
364
360
324
266
196
138
114
125
152
152
103
7
-108
-203
-256
-264
-254
-232
-216
-213
-243
-296
-329
-282
-136
44
162
163
98
39
34
71
123
164
180
174
159
149
150
155
174
196
216
229
237
245
231
202
168
146
128
100
50
-18
-86
-119
-95
-23
62
125
160
157
130
89
42
2
-19
-19
-32
-81
-164
-258
-361
-471
-569
-627
-634
-608
-582
-575
-602
-656
-728
-795
-839
-853
-852
-847
-822
-741
-596
-427
-299
-233
-201
-194
-223
-281
-312
-302
-287
-307
-347
-354
-295
-191
-101
-54
-36
-22
-4
8
29
68
125
184
238
291
353
412
468
545
640
729
777
792
783
753
718
686
657
627
610
609
612
595
553
489
401
294
182
81
7
-20
29
143
276
363
379
352
338
369
442
517
570
605
622
595
509
394
303
271
273
267
238
181
96
-16
-133
-235
-302
-325
-299
-244
-192
-144
-88
-26
17
31
20
-11
-62
-106
-106
-52
15
46
48
66
122
172
163
90
7
-30
-18
5
-11
-79
-195
-318
-435
-541
-638
-704
-739
-760
-776
-747
-660
-547
-451
-385
-331
-290
-256
-229
-202
-162
-119
-86
-80
-98
-143
-234
-351
-450
-479
-439
-358
-272
-208
-172
-162
-152
-132
-132
-190
-293
-378
-407
-423
-471
-543
-578
-550
-480
-386
-278
-161
-79
-56
-97
-165
-218
-225
-186
-128
-89
-101
-147
-187
-183
-135
-56
35
137
226
281
294
323
407
514
578
578
537
477
419
401
441
502
526
510
505
536
587
615
620
632
660
695
716
713
678
618
567
538
520
497
480
507
580
665
713
714
696
664
609
522
428
346
279
226
186
151
98
36
-24
-82
-157
-242
-319
-375
-408
-422
-403
-334
-232
-144
-133
-205
-307
-386
-424
-457
-508
-571
-605
-579
-513
-446
-388
-331
-287
-271
-281
-292
-309
-324
-325
-295
-259
-251
-280
-349
-432
-502
-525
-495
-423
-337
-249
-178
-140
-148
-192
-215
-170
-57
56
122
140
145
125
72
4
-34
-29
27
120
214
245
197
127
102
121
137
133
111
76
15
-34
-33
22
93
151
193
205
179
138
113
106
101
110
144
175
183
156
98
0
-113
-189
-205
-212
-270
-373
-453
-483
-503
-564
-644
-680
-655
-610
-570
-518
-436
-355
-304
-278
-251
-192
-101
18
134
211
237
224
205
196
201
200
192
180
195
249
318
363
353
293
209
141
113
129
147
149
151
188
266
349
408
460
537
657
789
903
983
1034
1053
1024
966
892
825
757
693
633
577
524
460
382
290
194
97
-3
-95
-169
-220
-251
-259
-257
-259
-268
-286
-315
-366
-435
-505
-561
-588
-590
-575
-555
-518
-472
-439
-438
-460
-476
-496
-528
-556
-548
-510
-466
-422
-370
-299
-235
-185
-135
-73
-14
11
11
10
26
27
-7
-69
-124
-159
-183
-200
-207
-195
-174
-143
-99
-41
12
51
87
134
183
213
216
206
199
205
235
280
316
311
251
151
38
-48
-89
-116
-163
-224
-262
-262
-249
-248
-266
-291
-293
-250
-173
-100
-53
-14
28
77
118
155
180
181
157
118
82
76
97
123
125
112
118
148
169
158
131
128
152
171
155
90
10
-48
-65
-46
-17
-6
-35
-93
-159
-222
-276
-286
-230
-140
-55
9
61
99
130
170
213
238
240
238
233
214
197
187
158
111
92
141
214
244
213
150
83
29
15
47
85
82
22
-59
-122
-143
-112
-58
-26
-36
-47
-13
47
84
106
154
237
306
325
314
296
277
247
199
143
99
70
35
-14
-44
-17
47
81
50
-14
-39
-3
44
60
40
16
-2
-11
-5
-6
-30
-84
-139
-168
-173
-162
-156
-159
-171
-186
-193
-189
-194
-244
-335
-399
-367
-258
-158
-123
-128
-127
-102
-70
-23
47
109
107
29
-51
-78
-62
-55
-74
-106
-146
-199
-262
-325
-391
-458
-499
-479
-397
-310
-267
-249
-216
-140
-50
33
98
151
192
197
150
68
6
-6
6
-4
-45
-89
-124
-157
-192
-206
-181
-127
-73
-24
11
25
11
-13
-24
-3
72
186
293
345
359
381
431
468
460
434
413
392
333
255
189
152
117
69
22
-24
-65
-102
-102
-47
48
150
215
232
202
151
107
86
66
34
3
2
27
51
53
40
23
5
-1
29
98
155
143
51
-61
-130
-134
-98
-59
-57
-110
-203
-281
-307
-281
-244
-227
-217
-208
-205
-219
-231
-203
-129
-32
56
120
147
124
52
-19
-38
-1
38
48
49
80
140
200
243
276
279
230
147
90
84
80
41
-15
-46
-45
-27
2
48
92
139
202
283
341
354
356
380
422
450
470
496
531
542
515
461
404
351
292
215
142
101
72
11
-115
-279
-425
-517
-546
-546
-548
-563
-585
-609
-622
-596
-506
-369
-229
-112
-21
48
95
116
112
81
30
-33
-101
-174
-253
-331
-406
-476
-544
-601
-639
-659
-667
-683
-721
-771
-787
-724
-592
-452
-353
-287
-221
-158
-120
-109
-89
-18
95
183
179
86
-3
-4
54
88
45
-29
-72
-46
20
74
106
154
242
346
429
477
484
452
385
309
267
282
350
439
528
594
628
636
632
631
626
621
615
603
571
523
486
480
494
501
475
403
291
166
55
-33
-99
-144
-170
-178
-177
-175
-187
-208
-225
-215
-164
-62
74
209
300
311
264
212
224
302
396
452
447
393
309
218
131
40
-62
-175
-298
-419
-529
-602
-630
-620
-592
-549
-489
-428
-398
-394
-388
-374
-362
-357
-321
-241
-145
-84
-42
42
182
310
337
242
97
-17
-78
-123
-176
-238
-292
-357
-441
-520
-559
-560
-556
-549
-508
-407
-262
-110
15
92
107
84
72
114
184
231
248
258
266
224
122
9
-60
-77
-65
-47
-37
-38
-42
-43
-54
-84
-141
-203
-258
-284
-281
-269
-278
-317
-345
-315
-227
-138
-84
-55
-35
-21
-17
-25
-45
-52
-21
46
115
159
182
197
207
206
186
141
84
43
41
77
140
215
308
394
437
393
270
121
-7
-97
-163
-207
-225
-212
-170
-106
-32
53
159
310
493
654
734
744
735
741
740
699
621
529
456
415
410
412
391
333
254
147
0
-176
-330
-427
-470
-486
-479
-455
-422
-395
-362
-293
-182
-48
52
100
122
166
238
312
353
360
331
278
223
192
171
120
21
-128
-282
-396
-438
-434
-434
-465
-518
-551
-549
-512
-479
-462
-446
-411
-362
-296
-193
-44
113
240
334
406
448
442
390
329
278
221
119
-15
-134
-191
-190
-165
-140
-139
-164
-215
-275
-338
-387
-401
-372
-346
-366
-414
-411
-324
-194
-89
-26
18
58
90
101
96
72
59
101
223
355
399
343
244
168
96
4
-104
-177
-187
-150
-102
-81
-103
-161
-208
-202
-136
-44
54
156
253
327
361
359
334
322
349
411
473
495
482
457
460
500
532
512
454
411
407
417
409
366
286
212
188
238
313
357
346
306
269
249
246
257
281
311
321
293
222
146
104
98
89
32
-74
-205
-329
-434
-509
-551
-576
-621
-702
-780
-807
-775
-710
-644
-572
-495
-428
-403
-438
-509
-570
-602
-631
-679
-737
-781
-825
-872
-918
-949
-962
-951
-890
-792
-691
-619
-589
-581
-567
-510
-430
-355
-298
-241
-189
-171
-167
-113
28
213
368
465
520
538
534
555
635
725
751
695
609
540
494
466
462
487
533
580
603
593
588
630
713
784
816
826
820
809
789
765
719
636
530
427
354
316
312
333
364
380
368
335
291
252
222
183
107
-1
-92
-128
-105
-57
-18
-22
-76
-163
-237
-261
-218
-135
-40
33
59
34
-16
-48
-56
-74
-129
-211
-298
-387
-469
-534
-557
-531
-461
-378
-294
-204
-114
-44
-1
33
82
144
186
175
110
24
-37
-56
-47
-39
-28
3
57
100
93
27
-77
-183
-261
-291
-302
-309
-316
-324
-324
-307
-256
-195
-180
-231
-329
-430
-506
-544
-537
-517
-491
-453
-387
-319
-292
-293
-275
-204
-119
-86
-131
-203
-233
-198
-142
-120
-141
-174
-186
-172
-131
-67
12
85
118
107
74
43
22
-3
-48
-106
-151
-152
-110
-46
1
28
62
132
203
221
186
168
237
371
494
512
403
219
75
43
97
163
199
219
279
413
610
795
888
875
794
716
678
678
666
587
447
313
255
267
276
214
79
-57
-117
-75
43
164
234
261
302
402
536
642
673
633
546
434
317
205
84
-51
-171
-233
-246
-279
-389
-551
-671
-690
-615
-501
-403
-359
-371
-394
-394
-382
-401
-459
-510
-518
-501
-498
-518
-534
-531
-514
-495
-477
-431
-344
-250
-211
-246
-307
-346
-358
-347
-310
-258
-236
-235
-214
-156
-79
7
133
288
433
519
529
474
388
324
312
347
404
456
460
409
326
265
252
277
307
282
161
-40
-233
-350
-395
-402
-378
-323
-270
-249
-255
-264
-254
-213
-141
-58
17
76
129
184
240
310
381
410
376
314
278
256
199
103
28
12
26
16
-44
-145
-262
-346
-355
-301
-219
-165
-164
-228
-324
-388
-384
-327
-270
-225
-171
-90
-2
62
91
105
123
161
212
240
219
160
116
110
112
90
36
-17
-43
-28
22
87
143
161
139
98
74
78
101
145
225
331
403
401
345
291
268
256
243
229
233
247
247
224
185
147
99
21
-70
-133
-155
-156
-150
-159
-209
-318
-452
-573
-667
-735
-768
-741
-680
-618
-565
-504
-420
-345
-300
-279
-245
-182
-113
-49
16
96
174
232
273
315
361
402
430
445
457
480
522
559
559
534
524
555
589
584
531
493
510
551
531
439
345
318
343
348
298
209
107
-11
-143
-241
-256
-192
-126
-117
-151
-167
-143
-116
-121
-158
-186
-180
-156
-155
-197
-265
-346
-434
-523
-570
-578
-587
-653
-754
-817
-824
-794
-774
-781
-829
-903
-938
-864
-687
-471
-275
-108
28
124
160
144
112
110
168
273
371
416
395
341
298
289
294
296
325
403
503
546
512
458
449
498
554
567
539
492
443
384
336
331
363
391
389
374
356
315
218
83
-42
-92
-63
5
51
48
7
-59
-121
-155
-152
-139
-137
-143
-136
-115
-99
-95
-101
-114
-147
-200
-258
-306
-336
-341
-296
-207
-116
-62
-56
-85
-138
-198
-251
-271
-242
-160
-52
55
134
172
183
195
223
261
304
355
419
477
482
413
297
195
132
80
18
-65
-145
-207
-241
-264
-288
-294
-267
-203
-143
-104
-108
-149
-194
-188
-107
17
136
218
246
220
166
141
185
267
308
260
129
-38
-172
-228
-196
-123
-48
-13
-47
-138
-246
-308
-316
-290
-247
-193
-118
-44
12
32
23
-15
-69
-99
-81
-16
58
97
68
-22
-127
-196
-235
-286
-372
-464
-525
-527
-476
-387
-313
-288
-321
-369
-390
-368
-318
-244
-146
-42
35
61
54
48
68
103
123
113
92
97
130
171
190
176
130
48
-43
-116
-146
-139
-107
-48
24
75
63
1
-70
-117
-138
-140
-110
-46
43
141
238
298
308
275
255
286
379
506
600
620
561
470
351
206
49
-56
-67
-7
49
5
-159
-362
-461
-367
-121
150
329
410
474
601
790
975
1083
1090
1045
1031
1081
1132
1079
898
678
532
508
535
507
349
77
-209
-395
-442
-425
-461
-582
-720
-783
-742
-655
-581
-545
-507
-449
-372
-302
-251
-229
-235
-247
-226
-170
-120
-107
-130
-161
-198
-243
-269
-255
-210
-174
-176
-216
-281
-360
-443
-508
-534
-526
-507
-488
-464
-428
-375
-316
-274
-270
-285
-286
-267
-248
-261
-289
-292
-209
-35
150
239
181
35
-107
-170
-155
-94
-29
27
64
73
53
27
40
98
166
192
176
151
137
103
30
-51
-91
-77
-19
79
190
260
262
234
219
223
229
232
238
241
248
265
288
301
295
266
206
133
100
121
163
191
212
231
208
104
-46
-170
-192
-116
-4
65
62
19
-17
-22
3
54
112
163
216
268
288
262
225
226
265
306
340
390
461
514
502
416
294
204
190
221
226
159
41
-72
-153
-217
-276
-329
-350
-348
-339
-321
-301
-291
-302
-314
-317
-320
-319
-314
-321
-340
-332
-273
-188
-130
-123
-167
-235
-297
-346
-402
-473
-530
-540
-520
-505
-500
-465
-384
-279
-186
-114
-46
33
134
257
382
482
546
618
765
1008
1272
1426
1413
1284
1149
1069
1026
969
865
728
594
490
414
338
217
28
-192
-373
-475
-526
-553
-569
-568
-523
-418
-290
-236
-319
-481
-611
-646
-618
-610
-690
-863
-1066
-1236
-1350
-1471
-1654
-1887
-2070
-2108
-2013
-1868
-1776
-1759
-1761
-1678
-1463
-1155
-859
-658
-535
-420
-267
-111
-2
48
86
162
283
418
519
567
584
599
649
760
930
1129
1329
1524
1730
1933
2112
2254
2374
2500
2656
2860
3079
3249
3327
3344
3353
3368
3350
3283
3200
3134
3097
3037
2884
2561
2066
1470
884
398
9
-371
-839
-1426
-2084
-2723
-3252
-3642
-3947
-4260
-4577
-4798
-4823
-4661
-4378
-4054
-3739
-3443
-3125
-2732
-2295
-1903
-1658
-1566
-1568
-1565
-1484
-1315
-1104
-919
-790
-705
-613
-466
-273
-91
8
26
36
119
292
476
591
633
679
782
925
1050
1112
1134
1193
1353
1586
1793
1917
1984
2060
2195
2398
2651
2905
3108
3238
3323
3421
3562
3721
3838
3869
3803
3678
3541
3429
3340
3239
3088
2853
2524
2103
1599
1026
422
-179
-770
-1377
-2023
-2695
-3350
-3946
-4449
-4844
-5145
-5398
-5616
-5759
-5760
-5584
-5258
-4829
-4360
-3893
-3419
-2895
-2316
-1748
-1269
-886
-563
-279
-60
70
124
138
131
128
144
182
189
108
-10
-55
29
138
166
117
80
111
184
243
253
230
253
391
646
956
1257
1534
1818
2157
2570
3021
3425
3729
3945
4145
4383
4648
4905
5123
5302
5433
5505
5508
5438
5281
5022
4671
4251
3780
3248
2636
1936
1150
286
-637
-1570
-2486
-3386
-4267
-5087
-5774
-6283
-6620
-6838
-6985
-7039
-6927
-6605
-6104
-5491
-4832
-4178
-3556
-2960
-2379
-1849
-1420
-1119
-907
-721
-525
-326
-179
-121
-156
-237
-325
-431
-597
-832
-1068
-1191
-1129
-928
-709
-581
-531
-463
-293
-25
278
558
809
1026
1213
1407
1634
1851
2012
2152
2382
2738
3153
3514
3747
3875
3992
4209
4559
4954
5270
5446
5529
5576
5610
5587
5457
5194
4815
4378
3938
3483
2943
2248
1405
512
-325
-1073
-1791
-2554
-3405
-4289
-5113
-5768
-6223
-6517
-6737
-6915
-6998
-6862
-6442
-5793
-5064
-4381
-3771
-3175
-2516
-1791
-1077
-485
-71
201
450
766
1117
1347
1337
1130
878
685
536
363
107
-229
-568
-779
-803
-720
-690
-790
-961
-1087
-1081
-924
-665
-396
-172
36
327
764
1289
1778
2136
2405
2710
3136
3637
4082
4401
4621
4822
5045
5283
5474
5556
5509
5391
5278
5185
5073
4885
4571
4102
3477
2748
1958
1140
291
-606
-1576
-2609
-3658
-4662
-5561
-6334
-6965
-7455
-7790
-7949
-7906
-7651
-7221
-6675
-6065
-5405
-4690
-3916
-3121
-2362
-1700
-1129
-614
-107
391
844
1199
1438
1580
1658
1701
1736
1750
1699
1553
1349
1164
1016
868
667
412
153
-50
-165
-199
-195
-173
-128
-7
213
518
853
1179
1504
1848
2229
2637
3055
3462
3850
4212
4555
4872
5160
5412
5613
5755
5820
5817
5756
5654
5497
5237
4839
4295
3641
2895
2056
1126
139
-854
-1849
-2859
-3912
-4977
-5981
-6831
-7446
-7814
-7990
-8064
-8089
-8025
-7776
-7284
-6583
-5774
-4945
-4132
-3321
-2481
-1618
-798
-94
467
926
1353
1795
2243
2626
2851
2893
2825
2761
2744
2706
2561
2289
1965
1655
1372
1089
773
418
48
-273
-475
-562
-600
-652
-712
-696
-518
-153
322
806
1250
1685
2161
2682
3197
3649
4008
4310
4612
4950
5278
5508
5578
5518
5414
5316
5188
4936
4497
3865
3118
2335
1573
791
-82
-1111
-2282
-3516
-4690
-5713
-6553
-7246
-7828
-8281
-8549
-8602
-8467
-8189
-7792
-7264
-6613
-5839
-4970
-4055
-3170
-2334
-1529
-722
51
762
1393
1955
2444
2854
3174
3390
3515
3584
3626
3622
3555
3418
3232
2993
2710
2419
2171
1973
1786
1579
1352
1131
952
846
820
846
906
993
1110
1243
1391
1577
1808
2056
2297
2544
2807
3101
3424
3752
4037
4240
4348
4373
4325
4215
4048
3831
3553
3207
2772
2234
1599
870
57
-815
-1696
-2570
-3466
-4425
-5414
-6339
-7092
-7638
-8031
-8343
-8603
-8750
-8683
-8345
-7751
-6979
-6120
-5245
-4364
-3439
-2450
-1432
-461
424
1220
1955
2628
3222
3691
4022
4239
4392
4502
4531
4449
4239
3934
3579
3226
2898
2604
2328
2049
1751
1429
1116
860
704
638
616
602
632
750
963
1225
1506
1807
2125
2445
2766
3093
3436
3785
4136
4477
4796
5073
5274
5363
5347
5250
5096
4884
4592
4193
3636
2920
2095
1249
437
-366
-1239
-2248
-3362
-4480
-5501
-6385
-7159
-7878
-8531
-9051
-9340
-9345
-9070
-8591
-8019
-7443
-6857
-6175
-5321
-4302
-3228
-2236
-1401
-674
45
821
1597
2256
2709
2981
3188
3419
3679
3878
3928
3795
3534
3261
3062
2931
2781
2532
2187
1818
1506
1259
1064
918
843
842
875
916
945
987
1079
1260
1516
1802
2083
2370
2699
3090
3527
3956
4317
4589
4790
4941
5062
5133
5134
5020
4778
4427
3991
3468
2846
2130
1360
573
-219
-1056
-1991
-3023
-4094
-5106
-6000
-6768
-7468
-8137
-8731
-9116
-9204
-9012
-8655
-8224
-7734
-7112
-6306
-5323
-4270
-3237
-2267
-1330
-393
525
1354
2043
2639
3209
3762
4209
4488
4586
4561
4455
4313
4126
3861
3502
3126
2802
2546
2295
2007
1712
1455
1284
1199
1178
1176
1170
1177
1229
1343
1534
1813
2155
2493
2765
2983
3218
3492
3767
3979
4146
4362
4703
5117
5448
5573
5511
5366
5207
5004
4666
4134
3418
2608
1809
1043
206
-808
-1962
-3107
-4143
-5108
-6069
-7031
-7950
-8745
-9310
-9593
-9661
-9645
-9568
-9331
-8829
-8076
-7177
-6234
-5303
-4372
-3384
-2303
-1165
-118
710
1342
1951
2656
3378
3924
4164
4154
4065
4060
4150
4197
4054
3689
3215
2791
2489
2249
1939
1515
1076
772
642
586
487
308
123
26
90
313
620
918
1166
1391
1658
2033
2535
3088
3560
3884
4140
4449
4829
5175
5369
5390
5306
5195
5073
4902
4600
4082
3332
2455
1606
840
56
-879
-1956
-3048
-4029
-4901
-5749
-6637
-7531
-8289
-8767
-8915
-8848
-8711
-8546
-8230
-7646
-6788
-5763
-4673
-3589
-2523
-1458
-377
686
1655
2494
3215
3843
4370
4783
5066
5210
5211
5109
4950
4748
4480
4123
3675
3170
2676
2228
1824
1435
1043
631
202
-195
-484
-645
-738
-825
-893
-884
-730
-426
2
478
942
1387
1839
2301
2743
3154
3562
3989
4406
4769
5059
5263
5362
5355
5253
5070
4776
4341
3748
3031
2234
1378
431
-618
-1742
-2894
-4028
-5098
-6072
-6979
-7858
-8660
-9257
-9559
-9598
-9456
-9174
-8737
-8125
-7323
-6353
-5282
-4218
-3236
-2307
-1338
-269
822
1801
2570
3174
3727
4288
4761
5010
5016
4893
4752
4616
4448
4189
3787
3234
2641
2145
1791
1496
1170
806
464
210
72
36
55
72
81
141
326
628
954
1226
1452
1699
2027
2445
2883
3259
3532
3787
4127
4570
4984
5229
5277
5234
5180
5078
4830
4385
3747
2961
2131
1337
530
-437
-1577
-2753
-3850
-4902
-5962
-7008
-7959
-8745
-9300
-9579
-9600
-9463
-9226
-8846
-8229
-7358
-6318
-5208
-4088
-2971
-1870
-788
294
1377
2386
3219
3858
4403
4933
5412
5721
5798
5697
5525
5330
5093
4791
4410
3960
3450
2942
2490
2111
1737
1330
909
551
288
72
-143
-363
-527
-589
-524
-354
-126
109
350
622
956
1348
1752
2135
2485
2835
3203
3559
3837
4001
4075
4141
4236
4304
4231
3948
3462
2822
2108
1402
698
-149
-1244
-2504
-3725
-4806
-5789
-6743
-7672
-8531
-9234
-9657
-9737
-9540
-9201
-8770
-8167
-7309
-6228
-5046
-3893
-2820
-1805
-749
436
1714
2890
3774
4348
4780
5230
5707
6085
6225
6102
5826
5541
5310
5087
4763
4283
3683
3103
2659
2355
2063
1650
1113
606
306
259
345
369
227
-21
-176
-114
112
341
479
568
725
1029
1449
1882
2238
2511
2788
3156
3608
4024
4269
4327
4316
4342
4352
4173
3670
2896
2061
1324
614
-301
-1531
-2915
-4177
-5212
-6136
-7096
-8108
-9040
-9728
-10058
-10055
-9848
-9554
-9153
-8545
-7682
-6599
-5387
-4170
-3051
-2003
-903
309
1530
2599
3452
4129
4697
5210
5668
5993
6072
5894
5595
5318
5067
4750
4318
3795
3245
2751
2412
2214
2030
1721
1331
1028
932
977
1002
905
733
636
707
895
1033
1023
932
944
1166
1528
1847
2025
2125
2308
2637
3030
3353
3566
3711
3829
3927
4016
4062
3951
3561
2882
2056
1297
716
181
-589
-1748
-3125
-4403
-5402
-6191
-6980
-7913
-8900
-9646
-9913
-9782
-9514
-9243
-8831
-8099
-7020
-5727
-4399
-3157
-2021
-903
272
1507
2715
3798
4670
5303
5741
6091
6407
6615
6574
6264
5833
5451
5147
4824
4371
3775
3112
2516
2083
1788
1497
1116
694
357
193
162
163
82
-81
-222
-187
51
361
581
667
736
932
1299
1687
1924
1986
2060
2327
2772
3218
3493
3536
3417
3309
3375
3586
3663
3300
2424
1323
418
-131
-625
-1573
-3120
-4858
-6174
-6860
-7256
-7906
-8975
-10080
-10640
-10421
-9734
-9061
-8584
-8075
-7207
-5870
-4248
-2656
-1346
-329
605
1712
3039
4347
5310
5797
5991
6185
6513
6834
6913
6645
6129
5550
5034
4610
4201
3716
3128
2515
1991
1620
1373
1128
772
323
-17
-50
199
451
422
113
-179
-133
285
797
1085
1076
986
1066
1371
1738
1973
2041
2079
2268
2659
3145
3524
3643
3503
3293
3251
3421
3538
3189
2177
763
-455
-1051
-1247
-1744
-3045
-4914
-6571
-7419
-7573
-7742
-8520
-9761
-10665
-10558
-9550
-8369
-7610
-7224
-6679
-5486
-3651
-1624
39
1166
1988
2910
4145
5578
6818
7480
7510
7243
7109
7242
7432
7341
6814
5961
5084
4436
4012
3561
2858
1952
1130
631
443
312
-12
-572
-1131
-1399
-1265
-924
-687
-734
-942
-997
-671
-28
598
912
883
800
983
1525
2194
2631
2706
2669
2902
3499
4145
4406
4144
3651
3341
3354
3383
2930
1759
208
-1039
-1593
-1790
-2413
-3925
-6000
-7771
-8609
-8655
-8677
-9277
-10296
-10975
-10701
-9574
-8211
-7154
-6429
-5655
-4421
-2664
-704
1012
2247
3109
3894
4848
5967
7003
7625
7661
7241
6740
6515
6585
6603
6143
5105
3841
2875
2455
2355
2093
1373
348
-498
-783
-577
-338
-468
-930
-1322
-1287
-883
-473
-351
-456
-502
-301
88
489
806
1059
1312
1606
1971
2410
2898
3380
3798
4118
4347
4518
4619
4627
4559
4447
4222
3694
2702
1351
33
-888
-1485
-2256
-3655
-5571
-7375
-8461
-8779
-8851
-9261
-10098
-10845
-10856
-9928
-8481
-7124
-6139
-5289
-4129
-2435
-418
1479
2954
4016
4867
5708
6633
7556
8238
8434
8108
7494
6927
6590
6387
6019
5218
4021
2798
1942
1507
1223
774
54
-786
-1438
-1680
-1568
-1419
-1510
-1817
-2076
-2048
-1736
-1332
-1087
-1082
-1173
-1096
-737
-207
277
587
765
978
1391
2006
2650
3142
3480
3794
4153
4464
4614
4613
4556
4430
4018
3100
1746
358
-672
-1351
-2094
-3335
-5134
-7049
-8472
-9083
-9168
-9318
-9859
-10509
-10693
-10098
-8885
-7468
-6149
-4992
-3842
-2514
-924
838
2589
4100
5195
5859
6303
6834
7569
8278
8540
8130
7248
6390
5933
5832
5632
4861
3490
2023
1058
752
732
488
-188
-1064
-1727
-1915
-1746
-1552
-1557
-1720
-1846
-1794
-1527
-1128
-727
-453
-315
-201
20
386
841
1286
1666
2007
2380
2827
3299
3721
4045
4278
4416
4481
4501
4475
4304
3812
2872
1559
173
-970
-1828
-2686
-3876
-5482
-7215
-8627
-9433
-9726
-9848
-10071
-10375
-10497
-10132
-9149
-7676
-6022
-4481
-3157
-1962
-695
810
2551
4287
5667
6489
6858
7076
7408
7872
8239
8189
7572
6572
5611
5002
4660
4198
3322
2126
993
257
-65
-247
-577
-1104
-1640
-1972
-2036
-1928
-1794
-1736
-1751
-1775
-1731
-1563
-1244
-822
-393
-39
258
566
908
1260
1620
2048
2587
3199
3765
4166
4370
4438
4480
4568
4688
4723
4488
3823
2699
1308
-27
-1047
-1802
-2640
-3928
-5684
-7490
-8828
-9495
-9752
-9970
-10278
-10508
-10435
-9954
-9055
-7753
-6125
-4368
-2694
-1232
92
1462
3021
4670
6082
6972
7361
7551
7800
8118
8314
8204
7701
6863
5879
4992
4298
3695
3023
2211
1314
467
-172
-524
-653
-739
-921
-1206
-1477
-1599
-1516
-1295
-1089
-1024
-1105
-1190
-1129
-889
-592
-352
-167
45
343
713
1109
1469
1805
2193
2697
3254
3665
3751
3527
3266
3286
3620
3884
3532
2321
580
-1019
-1985
-2394
-2812
-3827
-5599
-7695
-9381
-10154
-10102
-9767
-9649
-9826
-9996
-9773
-8934
-7480
-5614
-3655
-1922
-578
491
1632
3145
4978
6677
7748
8081
8015
7995
8156
8288
8100
7544
6799
6051
5322
4529
3645
2758
1986
1309
625
-126
-822
-1279
-1406
-1322
-1255
-1347
-1533
-1608
-1466
-1181
-924
-764
-660
-537
-361
-121
179
514
834
1096
1312
1551
1896
2366
2908
3452
3918
4218
4272
4105
3873
3752
3758
3643
3032
1775
151
-1315
-2312
-3002
-3850
-5201
-6955
-8670
-9912
-10555
-10750
-10730
-10626
-10442
-10088
-9432
-8385
-6941
-5212
-3392
-1688
-206
1120
2448
3873
5297
6503
7314
7743
7962
8126
8215
8089
7657
7004
6307
5676
5046
4250
3257
2254
1516
1104
804
363
-228
-742
-982
-954
-834
-760
-740
-694
-582
-449
-363
-333
-289
-174
9
220
464
767
1071
1264
1328
1443
1799
2391
3004
3418
3591
3619
3613
3601
3578
3528
3377
2942
2031
647
-925
-2279
-3203
-3868
-4701
-6000
-7640
-9190
-10269
-10772
-10827
-10637
-10372
-10092
-9713
-9052
-7944
-6347
-4409
-2434
-742
572
1696
2925
4359
5823
7001
7684
7923
7983
8083
8186
8069
7581
6794
5925
5169
4551
3919
3094
2106
1195
605
340
201
-14
-356
-710
-920
-919
-767
-610
-535
-513
-466
-375
-271
-176
-90
-12
83
271
588
942
1185
1290
1412
1759
2383
3131
3717
3945
3838
3641
3596
3754
3903
3725
3013
1796
332
-1079
-2246
-3195
-4114
-5224
-6605
-8121
-9477
-10394
-10780
-10748
-10494
-10137
-9665
-8991
-8041
-6784
-5220
-3406
-1499
276
1743
2916
3979
5111
6301
7329
7955
8118
7990
7786
7578
7247
6661
5846
4995
4256
3581
2819
1924
1025
307
-141
-357
-473
-598
-744
-855
-891
-852
-714
-468
-176
34
107
80
29
12
51
133
226
338
523
770
1002
1155
1301
1596
2165
2942
3644
3960
3823
3503
3349
3463
3579
3276
2327
882
-650
-1921
-2870
-3718
-4744
-6058
-7544
-8949
-10014
-10593
-10696
-10492
-10151
-9718
-9090
-8156
-6901
-5407
-3774
-2084
-383
1293
2859
4208
5297
6191
6996
7727
8294
8566
8479
8081
7500
6842
6112
5295
4428
3594
2814
2051
1255
450
-242
-687
-851
-851
-820
-843
-912
-978
-948
-756
-421
-52
205
275
175
42
31
240
580
875
1008
1024
1047
1180
1453
1828
2251
2677
3069
3331
3356
3143
2857
2691
2622
2416
1817
798
-455
-1694
-2779
-3731
-4700
-5808
-7062
-8334
-9472
-10306
-10705
-10666
-10336
-9903
-9426
-8794
-7842
-6504
-4869
-3133
-1424
250
1919
3516
4898
5955
6734
7387
8022
8574
8857
8748
8303
7695
7048
6368
5597
4731
3845
3024
2269
1515
728
12
-476
-682
-697
-637
-556
-470
-407
-373
-305
-118
200
547
771
786
658
543
562
722
952
1159
1296
1395
1549
1800
2108
2427
2728
2956
3032
2964
2854
2782
2707
2462
1862
866
-375
-1614
-2724
-3730
-4743
-5847
-7063
-8320
-9477
-10382
-10907
-11008
-10735
-10254
-9707
-9102
-8279
-7085
-5534
-3798
-2058
-390
1225
2812
4306
5567
6510
7219
7847
8438
8860
8961
8673
8059
7261
6408
5566
4700
3801
2915
2123
1418
733
37
-604
-1072
-1303
-1303
-1165
-1001
-880
-791
-663
-441
-127
202
460
604
657
670
708
810
979
1170
1319
1389
1418
1505
1731
2079
2429
2671
2763
2726
2611
2479
2377
2256
1967
1343
368
-801
-1951
-2964
-3855
-4760
-5835
-7102
-8407
-9524
-10318
-10735
-10782
-10506
-10003
-9331
-8491
-7450
-6187
-4692
-3005
-1240
498
2170
3751
5144
6249
7064
7678
8174
8603
8935
9051
8799
8159
7272
6327
5442
4622
3797
2921
2039
1248
599
36
-491
-970
-1258
-1247
-960
-594
-353
-275
-231
-66
268
698
1089
1327
1383
1357
1392
1541
1723
1830
1814
1721
1653
1715
1918
2169
2344
2366
2248
2060
1882
1768
1702
1580
1218
485
-584
-1783
-2907
-3873
-4734
-5635
-6676
-7856
-9046
-10067
-10760
-11030
-10889
-10432
-9786
-9026
-8141
-7047
-5698
-4113
-2393
-638
1049
2601
4016
5315
6461
7332
7882
8202
8452
8657
8696
8423
7795
6887
5861
4882
4033
3297
2591
1865
1123
406
-230
-739
-1056
-1146
-1022
-774
-520
-333
-216
-119
36
291
652
1047
1365
1532
1580
1622
1711
1803
1807
1716
1633
1694
1942
2281
2564
2665
2536
2235
1885
1612
1471
1423
1275
786
-170
-1440
-2730
-3818
-4684
-5487
-6405
-7510
-8696
-9777
-10588
-11045
-11118
-10842
-10283
-9519
-8611
-7591
-6446
-5109
-3532
-1772
24
1723
3263
4648
5902
6999
7871
8455
8793
8994
9119
9095
8784
8108
7114
5954
4822
3864
3125
2557
2042
1474
799
94
-477
-768
-750
-522
-240
-26
85
146
246
439
727
1068
1399
1648
1781
1835
1892
2000
2121
2166
2077
1918
1831
1913
2112
2277
2292
2123
1824
1481
1201
1043
972
814
332
-576
-1790
-3036
-4092
-4908
-5622
-6445
-7512
-8760
-9923
-10712
-10993
-10864
-10495
-9997
-9347
-8487
-7374
-6043
-4552
-2952
-1275
426
2068
3588
4959
6169
7172
7932
8453
8782
8951
8964
8792
8380
7687
6741
5644
4520
3471
2573
1842
1224
610
-77
-804
-1434
-1802
-1825
-1564
-1194
-880
-690
-575
-430
-171
208
632
1004
1251
1374
1448
1559
1718
1825
1797
1670
1580
1644
1843
2059
2158
2062
1777
1370
968
709
649
666
477
-162
-1249
-2536
-3708
-4598
-5264
-5906
-6704
-7699
-8765
-9675
-10222
-10353
-10147
-9717
-9122
-8376
-7477
-6383
-5082
-3618
-2083
-529
1028
2576
4077
5473
6677
7626
8308
8754
9015
9139
9153
9038
8732
8176
7358
6320
5170
4059
3143
2465
1926
1372
721
20
-594
-980
-1081
-948
-708
-491
-355
-263
-138
52
275
507
749
981
1159
1291
1427
1582
1689
1695
1609
1500
1463
1574
1821
2059
2100
1839
1353
824
434
221
60
-275
-935
-1885
-2953
-3955
-4829
-5617
-6416
-7297
-8252
-9183
-9947
-10415
-10540
-10383
-10037
-9535
-8825
-7866
-6673
-5312
-3831
-2274
-673
941
2507
3960
5243
6346
7276
8019
8570
8935
9126
9114
8862
8361
7644
6759
5775
4770
3820
2988
2318
1786
1281
707
76
-462
-767
-811
-684
-517
-388
-287
-160
14
195
369
579
852
1146
1386
1569
1732
1884
1965
1943
1854
1785
1789
1864
1961
2010
1931
1678
1262
764
304
-41
-294
-620
-1192
-2066
-3098
-4084
-4902
-5587
-6258
-7021
-7888
-8756
-9482
-9950
-10133
-10055
-9755
-9233
-8472
-7456
-6226
-4859
-3438
-2019
-614
800
2258
3719
5073
6184
7008
7588
8015
8323
8482
8451
8228
7843
7308
6629
5810
4898
3962
3106
2387
1796
1263
737
245
-142
-376
-488
-529
-520
-448
-307
-118
83
259
406
543
710
923
1177
1436
1628
1686
1619
1520
1473
1481
1478
1428
1360
1312
1251
1068
696
205
-237
-505
-635
-814
-1241
-1976
-2898
-3812
-4586
-5216
-5792
-6409
-7109
-7855
-8531
-9023
-9271
-9310
-9181
-8868
-8304
-7425
-6260
-4930
-3596
-2343
-1110
244
1779
3411
4939
6173
7041
7619
8040
8368
8578
8623
8482
8164
7693
7094
6377
5570
4732
3945
3270
2714
2218
1714
1178
661
233
-63
-238
-316
-313
-257
-187
-146
-130
-97
-13
131
310
507
699
841
884
834
760
734
766
808
799
736
631
474
230
-107
-478
-800
-1004
-1123
-1280
-1631
-2232
-3027
-3897
-4722
-5405
-5923
-6361
-6859
-7481
-8160
-8728
-9023
-9004
-8745
-8352
-7849
-7158
-6206
-5048
-3823
-2655
-1526
-338
1021
2537
4054
5344
6262
6845
7249
7611
7924
8081
7993
7689
7258
6772
6225
5610
4946
4284
3678
3151
2693
2290
1925
1545
1106
640
273
127
202
370
488
517
477
423
380
371
408
487
587
670
703
687
663
669
677
643
560
454
344
218
77
-107
-337
-588
-815
-989
-1141
-1314
-1588
-2003
-2559
-3181
-3786
-4336
-4846
-5357
-5867
-6373
-6843
-7243
-7501
-7566
-7449
-7173
-6726
-6064
-5197
-4222
-3241
-2272
-1214
39
1464
2895
4136
5095
5818
6384
6822
7083
7137
7027
6820
6546
6185
5727
5208
4673
4154
3646
3140
2671
2284
1981
1700
1367
972
579
260
15
-218
-475
-717
-874
-917
-883
-836
-806
-767
-684
-579
-505
-462
-383
-213
1
142
140
12
-141
-249
-309
-344
-405
-483
-609
-749
-890
-1062
-1273
-1519
-1777
-2065
-2451
-2905
-3388
-3857
-4307
-4728
-5054
-5274
-5417
-5497
-5520
-5475
-5327
-5017
-4499
-3841
-3126
-2369
-1514
-510
604
1691
2620
3362
4007
4641
5262
5775
6083
6179
6139
6027
5850
5590
5288
5000
4730
4431
4041
3558
3034
2532
2090
1679
1256
825
445
160
-70
-333
-666
-1002
-1248
-1355
-1322
-1218
-1133
-1140
-1229
-1335
-1405
-1405
-1309
-1116
-894
-718
-654
-696
-806
-905
-894
-790
-664
-622
-674
-773
-938
-1130
-1364
-1570
-1771
-2012
-2297
-2596
-2861
-3074
-3282
-3480
-3636
-3708
-3667
-3566
-3408
-3166
-2811
-2315
-1764
-1213
-684
-133
505
1179
1811
2329
2762
3168
3564
3905
4173
4372
4520
4609
4607
4536
4447
4377
4315
4212
4030
3764
3449
3157
2910
2679
2410
2083
1713
1336
975
614
184
-335
-892
-1424
-1886
-2260
-2524
-2681
-2792
-2925
-3107
-3315
-3404
-3345
-3164
-2986
-2876
-2787
-2735
-2690
-2617
-2494
-2276
-2001
-1629
-1242
-994
-931
-1010
-1097
-1190
-1284
-1361
-1414
-1472
-1590
-1806
-2085
-2343
-2474
-2439
-2298
-2097
-1833
-1498
-1109
-714
-328
103
636
1311
2031
2701
3238
3659
3973
4216
4397
4559
4748
4927
5039
4982
4776
4491
4199
3995
3869
3799
3715
3592
3476
3347
3215
3042
2840
2618
2356
2064
1723
1335
871
333
-269
-873
-1474
-2033
-2511
-2943
-3363
-3851
-4316
-4685
-4934
-5064
-5156
-5185
-5154
-5058
-4900
-4730
-4490
-4209
-3886
-3556
-3217
-2889
-2611
-2403
-2195
-1942
-1646
-1396
-1241
-1148
-1097
-1098
-1175
-1278
-1322
-1311
-1231
-1090
-904
-746
-637
-459
-117
414
1037
1677
2251
2741
3173
3605
4030
4384
4629
4763
4831
4854
4846
4808
4711
4595
4458
4331
4171
3995
3849
3718
3614
3506
3412
3299
3109
2848
2541
2259
2018
1751
1419
986
509
0
-535
-1090
-1631
-2150
-2666
-3183
-3656
-4058
-4417
-4748
-5046
-5247
-5332
-5340
-5312
-5281
-5215
-5038
-4765
-4446
-4225
-4055
-3864
-3586
-3229
-2859
-2474
-2152
-1932
-1835
-1804
-1735
-1571
-1306
-1042
-896
-887
-919
-851
-620
-233
204
605
967
1388
1899
2436
2866
3218
3568
4004
4419
4698
4819
4820
4803
4802
4816
4820
4703
4535
4336
4178
4097
4028
4010
3950
3877
3777
3638
3502
3379
3256
3132
2878
2580
2247
1914
1573
1136
657
93
-540
-1142
-1731
-2249
-2795
-3368
-3930
-4513
-4980
-5360
-5616
-5851
-6070
-6225
-6247
-6146
-5955
-5735
-5495
-5222
-4931
-4597
-4242
-3903
-3597
-3344
-3119
-2919
-2753
-2560
-2361
-2127
-1890
-1698
-1563
-1492
-1389
-1186
-894
-512
-139
255
684
1188
1732
2201
2592
2884
3164
3490
3864
4189
4313
4262
4204
4245
4424
4586
4678
4647
4576
4547
4518
4459
4386
4329
4334
4329
4337
4307
4212
4099
3950
3789
3616
3381
3078
2586
1991
1393
872
472
49
-441
-1070
-1760
-2404
-2959
-3454
-3937
-4395
-4709
-4883
-4917
-4926
-4951
-5020
-5080
-5043
-4907
-4694
-4487
-4336
-4215
-4113
-3941
-3747
-3550
-3385
-3288
-3212
-3209
-3135
-2942
-2614
-2264
-2038
-1848
-1707
-1510
-1238
-851
-387
60
524
1025
1531
1969
2378
2723
3027
3193
3326
3438
3575
3700
3731
3641
3501
3446
3547
3681
3764
3728
3643
3581
3613
3761
3918
4051
4071
4062
3955
3844
3657
3474
3263
3085
2849
2462
1937
1333
759
155
-427
-1009
-1548
-2055
-2552
-3034
-3537
-3967
-4214
-4247
-4132
-4077
-4100
-4189
-4190
-4074
-3844
-3635
-3478
-3347
-3180
-2953
-2812
-2682
-2633
-2588
-2570
-2566
-2474
-2387
-2259
-2121
-1984
-1909
-1892
-1859
-1647
-1324
-872
-416
-4
369
669
970
1269
1588
1977
2315
2535
2635
2650
2664
2617
2582
2596
2680
2794
2908
2948
2944
2901
2858
2894
2950
3115
3240
3335
3325
3238
3151
3095
3057
2962
2767
2466
2174
1827
1474
966
425
-139
-689
-1141
-1575
-1897
-2276
-2629
-2935
-3178
-3295
-3404
-3395
-3371
-3271
-3109
-2913
-2701
-2556
-2411
-2257
-2104
-1953
-1864
-1780
-1720
-1660
-1618
-1660
-1712
-1752
-1689
-1619
-1572
-1560
-1529
-1461
-1330
-1131
-879
-611
-354
-65
217
523
868
1285
1679
1960
2084
2210
2365
2620
2827
2919
2864
2682
2547
2428
2375
2320
2279
2255
2203
2181
2181
2183
2154
2102
2068
2012
1904
1769
1660
1568
1481
1348
1190
947
630
297
-80
-413
-786
-1063
-1380
-1706
-2054
-2387
-2683
-3003
-3236
-3361
-3376
-3358
-3330
-3300
-3230
-3139
-2947
-2676
-2363
-2035
-1790
-1585
-1484
-1373
-1207
-983
-757
-660
-630
-654
-670
-664
-598
-425
-243
-52
87
233
367
523
762
1014
1306
1557
1816
2005
2109
2117
2096
2055
2068
2103
2170
2222
2185
2135
1996
1901
1827
1834
1916
1977
2023
1968
1840
1752
1678
1741
1725
1740
1671
1538
1365
1118
914
618
331
28
-291
-649
-1084
-1530
-1979
-2411
-2793
-3073
-3243
-3342
-3507
-3692
-3880
-3973
-3946
-3795
-3505
-3224
-2925
-2654
-2369
-2157
-1989
-1849
-1698
-1543
-1306
-987
-664
-467
-430
-407
-319
-113
66
227
333
478
587
702
794
960
1204
1514
1816
2019
2088
2136
2232
2457
2682
2870
3011
3028
2958
2751
2643
2625
2757
2858
2906
2857
2792
2770
2755
2672
2502
2310
2246
2217
2179
1954
1583
1155
821
667
541
346
-9
-429
-900
-1339
-1727
-2059
-2350
-2604
-2805
-3005
-3293
-3573
-3834
-3893
-3838
-3705
-3649
-3714
-3750
-3682
-3470
-3226
-2998
-2834
-2729
-2654
-2477
-2232
-1990
-1813
-1684
-1521
-1358
-1158
-926
-706
-468
-227
83
398
662
843
950
1075
1316
1681
2118
2512
2754
2817
2765
2774
2901
3065
3169
3157
3034
2817
2584
2468
2460
2503
2487
2420
2374
2356
2453
2510
2528
2431
2356
2383
2393
2345
2149
1877
1557
1210
990
795
539
74
-527
-1053
-1477
-1743
-1999
-2268
-2628
-2981
-3278
-3481
-3639
-3783
-3870
-3980
-4075
-4208
-4281
-4267
-4200
-4016
-3810
-3554
-3338
-3185
-3045
-2924
-2697
-2428
-2184
-2006
-1888
-1723
-1568
-1382
-1184
-945
-670
-393
-53
291
668
1011
1348
1713
2062
2458
2823
3169
3378
3406
3331
3248
3337
3549
3771
3840
3717
3499
3268
3108
3056
3059
3070
3032
3017
3012
3036
3019
2999
2942
2894
2869
2844
2824
2689
2495
2166
1781
1352
976
647
318
-99
-589
-1118
-1611
-2053
-2433
-2764
-3041
-3298
-3540
-3788
-3970
-4063
-4045
-4003
-3954
-3945
-3864
-3750
-3560
-3413
-3282
-3193
-3153
-3091
-2985
-2763
-2569
-2490
-2508
-2506
-2355
-2099
-1817
-1591
-1456
-1327
-1186
-929
-606
-209
186
543
838
1073
1330
1647
2036
2403
2688
2861
2980
3060
3165
3260
3347
3386
3328
3236
3137
3160
3252
3355
3389
3305
3199
3104
3134
3161
3095
2854
2564
2367
2252
2180
2014
1742
1324
833
407
36
-234
-555
-880
-1282
-1663
-1990
-2245
-2418
-2571
-2669
-2809
-2947
-3102
-3221
-3307
-3351
-3335
-3334
-3363
-3405
-3455
-3502
-3615
-3677
-3709
-3644
-3568
-3472
-3378
-3261
-3065
-2832
-2586
-2415
-2226
-1943
-1502
-1018
-589
-253
60
351
687
1028
1440
1804
2157
2406
2618
2809
3042
3241
3299
3231
3112
3136
3237
3419
3481
3441
3315
3243
3277
3423
3616
3758
3755
3520
3208
2912
2809
2822
2813
2685
2354
1998
1690
1470
1276
947
559
145
-194
-474
-772
-1038
-1296
-1511
-1734
-1980
-2184
-2339
-2410
-2493
-2604
-2722
-2828
-2851
-2828
-2734
-2695
-2709
-2754
-2788
-2821
-2918
-2973
-2980
-2901
-2882
-2906
-2948
-2932
-2837
-2682
-2480
-2253
-2001
-1662
-1302
-947
-691
-458
-163
208
650
990
1280
1480
1710
1904
2104
2259
2389
2431
2427
2425
2470
2561
2588
2627
2624
2675
2683
2681
2639
2584
2563
2575
2602
2554
2403
2172
1960
1849
1820
1781
1633
1354
958
531
196
3
-107
-292
-597
-1027
-1494
-1905
-2183
-2332
-2431
-2484
-2482
-2449
-2476
-2567
-2610
-2536
-2285
-1994
-1763
-1756
-1938
-2142
-2217
-2076
-1833
-1622
-1531
-1598
-1702
-1791
-1775
-1650
-1447
-1192
-972
-814
-749
-723
-659
-506
-264
67
432
793
1098
1367
1613
1829
2012
2166
2280
2408
2501
2609
2609
2534
2408
2300
2285
2284
2314
2274
2211
2116
1997
1879
1782
1727
1669
1586
1454
1266
1006
728
522
385
308
227
111
-61
-316
-552
-776
-976
-1175
-1410
-1589
-1701
-1685
-1650
-1700
-1842
-1972
-1963
-1789
-1633
-1586
-1722
-1897
-2021
-2062
-1951
-1834
-1736
-1820
-1950
-2033
-2002
-1847
-1646
-1476
-1427
-1457
-1374
-1138
-816
-531
-360
-215
-105
82
333
643
949
1193
1354
1463
1553
1689
1827
1960
2034
2064
2046
2029
2030
2038
2047
2087
2161
2185
2157
2077
2047
1971
1925
1894
1975
2075
2102
1937
1600
1218
980
934
967
897
543
-5
-578
-922
-1019
-988
-980
-1160
-1515
-2011
-2420
-2556
-2378
-2024
-1847
-1932
-2209
-2396
-2389
-2268
-2165
-2166
-2220
-2256
-2232
-2138
-1996
-1862
-1772
-1717
-1626
-1476
-1373
-1335
-1395
-1410
-1290
-996
-611
-349
-261
-249
-183
43
391
867
1355
1654
1796
1790
1909
2101
2413
2679
2743
2583
2266
2045
1924
1931
1979
2041
2023
1905
1786
1749
1779
1802
1773
1742
1716
1745
1771
1746
1617
1397
1188
972
865
764
708
470
134
-239
-480
-554
-602
-721
-1093
-1573
-2017
-2268
-2350
-2369
-2404
-2528
-2698
-2797
-2789
-2670
-2558
-2432
-2375
-2305
-2214
-2094
-2030
-2061
-2002
-1856
-1595
-1387
-1198
-1087
-1105
-1185
-1210
-1052
-793
-578
-458
-429
-323
-112
211
516
750
944
1137
1375
1648
1942
2216
2390
2482
2535
2647
2834
3054
3230
3273
3181
3056
2939
2868
2723
2596
2478
2389
2231
2014
1798
1594
1381
1176
983
806
622
413
181
-89
-279
-376
-411
-549
-795
-1120
-1369
-1495
-1472
-1386
-1342
-1383
-1552
-1751
-1937
-1991
-1960
-1858
-1830
-1946
-2266
-2624
-2925
-3035
-3000
-2876
-2798
-2813
-2855
-2871
-2837
-2721
-2467
-2094
-1757
-1572
-1535
-1508
-1335
-1047
-713
-421
-64
377
820
1145
1315
1456
1664
1964
2269
2432
2487
2503
2578
2650
2599
2491
2331
2308
2370
2482
2508
2317
2048
1761
1740
1881
2154
2246
2122
1786
1434
1188
1114
1219
1345
1353
1028
506
-33
-241
-133
97
134
-139
-593
-980
-1103
-970
-769
-736
-940
-1347
-1720
-1895
-1801
-1652
-1690
-1967
-2301
-2470
-2441
-2358
-2399
-2546
-2640
-2533
-2317
-2187
-2250
-2399
-2441
-2246
-1916
-1584
-1405
-1379
-1505
-1653
-1579
-1151
-458
149
423
396
281
419
900
1617
2220
2455
2410
2277
2332
2516
2804
3088
3261
3229
2917
2504
2220
2222
2462
2666
2595
2215
1758
1540
1604
1807
1948
1917
1720
1430
1174
1077
1128
1290
1358
1168
691
148
-155
-164
-49
-130
-517
-1117
-1626
-1911
-1942
-1899
-1841
-1866
-2008
-2265
-2576
-2788
-2842
-2730
-2549
-2417
-2415
-2548
-2764
-2997
-3143
-3040
-2642
-2122
-1810
-1939
-2406
-2868
-2872
-2309
-1432
-811
-755
-1162
-1582
-1631
-1215
-514
131
502
590
582
665
920
1406
2015
2544
2741
2580
2336
2288
2565
2962
3264
3330
3222
3007
2772
2596
2616
2851
3134
3170
2760
2083
1554
1526
1923
2308
2288
1779
1105
600
470
626
870
964
715
166
-452
-719
-473
59
379
126
-620
-1378
-1669
-1369
-871
-647
-938
-1558
-2124
-2373
-2332
-2225
-2245
-2427
-2756
-3099
-3274
-3121
-2714
-2339
-2249
-2555
-3024
-3303
-3115
-2604
-2098
-1843
-1804
-1814
-1717
-1429
-1041
-662
-338
-64
197
401
607
833
1089
1365
1621
1851
1979
2001
1935
1896
1986
2210
2420
2440
2255
2009
1896
1988
2210
2370
2370
2200
1994
1845
1746
1721
1707
1758
1739
1569
1226
863
743
857
1067
1077
813
326
-174
-400
-283
8
145
-32
-406
-814
-1018
-971
-752
-654
-883
-1388
-1891
-2115
-2025
-1765
-1610
-1704
-2105
-2628
-3009
-2986
-2559
-2007
-1735
-1902
-2334
-2656
-2566
-2063
-1419
-1049
-1114
-1414
-1545
-1273
-688
-94
234
257
193
298
661
1121
1474
1598
1590
1584
1678
1822
1939
1973
1923
1823
1766
1852
2110
2399
2480
2193
1667
1264
1271
1633
1972
1980
1637
1214
941
937
1088
1249
1274
1087
709
268
27
102
385
546
390
-31
-463
-661
-594
-405
-321
-420
-685
-1025
-1326
-1468
-1437
-1350
-1388
-1612
-1931
-2161
-2204
-2154
-2176
-2324
-2465
-2499
-2420
-2306
-2222
-2235
-2345
-2453
-2405
-2124
-1717
-1382
-1271
-1316
-1310
-1087
-654
-170
202
405
529
709
978
1269
1501
1670
1787
1864
1867
1839
1868
2022
2197
2205
1977
1688
1580
1736
1975
2012
1754
1382
1164
1181
1288
1306
1169
938
709
527
450
492
637
729
644
427
263
314
529
716
696
451
141
-61
-81
15
60
-33
-285
-583
-824
-928
-914
-851
-833
-905
-1036
-1176
-1285
-1382
-1481
-1583
-1662
-1667
-1602
-1535
-1555
-1662
-1768
-1757
-1582
-1286
-1023
-922
-974
-1024
-949
-738
-484
-292
-205
-211
-215
-135
95
421
737
890
834
656
566
715
1062
1392
1491
1352
1156
1107
1275
1541
1730
1716
1556
1385
1351
1482
1693
1823
1725
1431
1107
962
1048
1238
1310
1113
733
395
275
316
335
210
-19
-206
-261
-194
-130
-146
-269
-422
-548
-561
-487
-403
-439
-609
-847
-1037
-1119
-1108
-1120
-1253
-1508
-1785
-1989
-2152
-2318
-2521
-2661
-2702
-2681
-2751
-2964
-3223
-3311
-3147
-2874
-2740
-2789
-2797
-2512
-1947
-1344
-971
-803
-631
-205
461
1162
1689
1958
2086
2192
2414
2730
3040
3194
3141
2922
2660
2466
2435
2519
2541
2323
1881
1484
1345
1475
1615
1547
1266
994
940
1103
1283
1303
1160
977
922
1046
1309
1548
1671
1682
1696
1805
2025
2277
2407
2292
1970
1615
1432
1417
1431
1256
806
134
-622
-1241
-1591
-1692
-1872
-2444
-3470
-4547
-5185
-5192
-4892
-4838
-5288
-5953
-6287
-6008
-5345
-4735
-4417
-4213
-3776
-2933
-1868
-940
-366
-76
202
665
1296
1897
2275
2415
2422
2421
2471
2549
2589
2521
2342
2150
2021
1957
1835
1567
1170
805
647
704
825
815
655
462
406
534
775
984
1118
1192
1284
1429
1653
1947
2221
2407
2460
2484
2575
2804
3036
3075
2833
2448
2142
1982
1876
1658
1247
667
76
-394
-722
-1032
-1417
-1906
-2469
-3007
-3382
-3533
-3608
-3860
-4399
-5049
-5438
-5329
-4864
-4491
-4518
-4794
-4848
-4372
-3530
-2780
-2422
-2280
-1899
-1041
68
952
1354
1407
1458
1744
2173
2512
2608
2530
2397
2267
2149
2022
1875
1667
1408
1143
923
768
627
458
257
115
93
161
214
194
143
141
261
490
736
899
991
1142
1447
1863
2201
2339
2319
2321
2475
2736
2969
3048
2977
2812
2604
2327
1968
1588
1281
1045
769
355
-196
-770
-1254
-1616
-1934
-2270
-2645
-3042
-3494
-3958
-4259
-4227
-3927
-3696
-3803
-4169
-4383
-4126
-3514
-2975
-2770
-2739
-2492
-1860
-1047
-434
-160
-32
273
836
1464
1872
1995
2009
2116
2334
2492
2468
2278
2047
1840
1656
1469
1270
1067
885
730
575
412
277
225
224
218
171
142
218
421
659
797
802
774
840
1059
1363
1629
1759
1798
1877
2038
2178
2158
1995
1817
1731
1699
1573
1267
875
569
387
177
-207
-740
-1271
-1663
-1885
-2016
-2192
-2458
-2777
-3020
-3138
-3153
-3156
-3208
-3280
-3284
-3133
-2867
-2604
-2423
-2262
-2026
-1681
-1296
-945
-709
-575
-429
-153
222
521
652
679
757
940
1188
1412
1555
1626
1677
1739
1766
1676
1504
1353
1281
1188
963
632
335
189
137
59
-154
-442
-651
-657
-506
-362
-306
-292
-217
-63
111
226
305
454
734
1037
1188
1141
1058
1117
1321
1468
1403
1151
896
765
742
708
545
278
12
-151
-289
-548
-950
-1325
-1513
-1536
-1554
-1686
-1915
-2109
-2170
-2103
-2003
-1900
-1751
-1521
-1287
-1157
-1122
-1012
-652
-107
365
542
514
573
936
1533
2097
2418
2498
2519
2624
2841
3049
3130
3033
2820
2607
2471
2405
2337
2178
1887
1490
1097
816
673
560
316
-104
-573
-905
-1042
-1057
-1098
-1239
-1461
-1666
-1766
-1756
-1697
-1668
-1649
-1575
-1397
-1158
-965
-876
-863
-848
-761
-606
-442
-369
-420
-548
-664
-760
-866
-1009
-1191
-1399
-1627
-1839
-2010
-2119
-2172
-2222
-2309
-2398
-2391
-2252
-2050
-1870
-1730
-1573
-1307
-921
-504
-165
74
303
571
902
1242
1560
1827
2050
2244
2396
2507
2608
2733
2842
2878
2835
2813
2864
2941
2917
2748
2512
2319
2208
2137
2023
1809
1498
1177
931
768
620
417
135
-216
-570
-819
-904
-895
-950
-1154
-1436
-1639
-1668
-1586
-1549
-1649
-1813
-1877
-1741
-1500
-1330
-1338
-1474
-1603
-1620
-1503
-1334
-1222
-1204
-1259
-1340
-1419
-1444
-1410
-1373
-1396
-1466
-1546
-1608
-1667
-1706
-1701
-1590
-1346
-1020
-733
-563
-445
-267
16
359
671
903
1068
1244
1493
1809
2134
2395
2575
2723
2903
3111
3263
3306
3271
3231
3196
3115
2962
2758
2563
2415
2288
2132
1908
1664
1468
1334
1231
1103
940
733
493
262
81
-33
-120
-227
-396
-619
-860
-1067
-1229
-1343
-1426
-1497
-1570
-1658
-1756
-1888
-2050
-2186
-2244
-2248
-2308
-2473
-2711
-2914
-3002
-2967
-2866
-2816
-2845
-2908
-2889
-2742
-2516
-2295
-2127
-1993
-1853
-1670
-1429
-1147
-881
-677
-549
-425
-213
135
548
896
1117
1255
1413
1622
1846
2022
2129
2207
2311
2440
2558
2596
2554
2494
2476
2501
2495
2423
2286
2149
2044
1993
1974
1956
1902
1781
1610
1420
1261
1159
1106
1058
973
855
745
650
527
332
94
-104
-225
-303
-413
-579
-776
-960
-1107
-1217
-1315
-1423
-1538
-1647
-1745
-1826
-1903
-1986
-2116
-2283
-2442
-2523
-2510
-2448
-2402
-2417
-2458
-2467
-2396
-2240
-2031
-1795
-1576
-1396
-1251
-1113
-949
-763
-560
-352
-155
33
235
461
689
869
1008
1140
1300
1462
1600
1712
1801
1850
1823
1730
1631
1584
1620
1683
1713
1669
1595
1550
1555
1607
1675
1751
1786
1763
1701
1661
1671
1697
1698
1669
1611
1515
1376
1232
1113
1006
883
732
559
370
156
-77
-307
-488
-597
-669
-781
-975
-1232
-1484
-1680
-1808
-1892
-1954
-2013
-2089
-2207
-2376
-2543
-2637
-2613
-2507
-2396
-2341
-2328
-2298
-2197
-2035
-1854
-1678
-1475
-1231
-976
-761
-596
-464
-329
-180
-10
152
307
473
672
862
972
966
900
868
934
1074
1204
1261
1238
1189
1157
1150
1143
1134
1143
1187
1234
1237
1201
1176
1198
1255
1281
1228
1090
947
880
902
939
922
859
798
769
755
708
617
514
426
336
205
46
-109
-238
-331
-407
-501
-635
-771
-869
-955
-1070
-1194
-1261
-1284
-1343
-1465
-1585
-1604
-1511
-1388
-1338
-1374
-1387
-1288
-1082
-870
-721
-646
-606
-576
-536
-477
-383
-254
-123
-21
36
70
113
182
284
400
499
564
593
612
646
722
837
949
1026
1053
1055
1027
979
933
934
963
952
843
673
538
491
499
468
370
256
198
202
223
226
210
191
159
89
-17
-100
-96
-21
29
-10
-74
-45
113
286
336
249
116
33
-14
-94
-237
-388
-474
-491
-486
-530
-641
-789
-894
-909
-862
-809
-760
-699
-629
-571
-524
-467
-400
-352
-371
-455
-539
-524
-382
-184
-51
-21
-61
-83
-50
29
116
189
259
341
444
535
591
596
569
535
508
480
432
374
317
272
217
147
76
26
7
-2
-23
-60
-78
-58
-15
-1
-22
-40
-4
77
149
157
102
48
68
165
274
329
327
295
255
218
208
235
284
291
214
64
-76
-147
-151
-113
-66
-23
-13
-34
-68
-109
-170
-261
-346
-397
-423
-456
-512
-561
-572
-521
-441
-366
-324
-303
-274
-222
-151
-76
10
101
174
204
219
268
361
438
428
328
230
233
344
473
526
488
404
316
254
218
193
160
137
136
152
158
153
144
135
115
66
-10
-105
-200
-286
-359
-417
-481
-562
-650
-706
-725
-737
-778
-840
-889
-910
-895
-849
-771
-662
-547
-443
-373
-315
-242
-136
-13
99
162
162
121
85
84
92
93
78
57
18
-48
-126
-160
-110
2
120
213
302
391
479
560
637
695
731
761
811
906
1033
1164
1252
1291
1301
1312
1342
1380
1408
1399
1356
1320
1298
1256
1139
953
744
564
444
354
254
106
-46
-161
-245
-351
-514
-687
-795
-795
-749
-747
-834
-971
-1102
-1204
-1272
-1313
-1321
-1310
-1291
-1288
-1294
-1282
-1232
-1152
-1069
-1006
-979
-985
-978
-926
-858
-844
-899
-951
-932
-848
-758
-687
-623
-531
-409
-295
-216
-165
-123
-87
-52
-2
74
161
269
415
606
795
948
1053
1124
1159
1159
1140
1130
1147
1175
1174
1110
996
895
881
959
1043
1049
968
849
745
670
646
659
690
700
679
639
588
525
437
357
326
358
399
382
287
126
-59
-237
-395
-553
-732
-923
-1102
-1248
-1352
-1415
-1450
-1466
-1462
-1442
-1415
-1377
-1320
-1270
-1246
-1238
-1208
-1136
-1013
-839
-638
-466
-366
-326
-289
-207
-91
11
57
55
34
36
72
136
178
182
169
161
152
136
152
223
343
476
604
715
802
863
914
968
1038
1131
1244
1349
1429
1472
1491
1501
1513
1533
1547
1551
1518
1438
1315
1181
1076
998
932
850
744
608
457
304
151
-14
-184
-332
-426
-485
-555
-680
-844
-1026
-1210
-1385
-1501
-1520
-1477
-1452
-1499
-1567
-1592
-1557
-1499
-1447
-1385
-1296
-1184
-1079
-1017
-1004
-1025
-1046
-1055
-1057
-1059
-1057
-1023
-938
-807
-680
-600
-582
-590
-564
-456
-274
-80
67
171
275
397
535
682
821
927
984
1019
1073
1158
1260
1358
1437
1492
1513
1503
1472
1446
1439
1455
1483
1501
1484
1409
1295
1175
1086
1032
993
937
833
672
481
322
241
240
260
248
195
111
23
-59
-138
-253
-421
-609
-771
-892
-994
-1094
-1194
-1285
-1347
-1381
-1399
-1424
-1445
-1452
-1460
-1503
-1574
-1632
-1632
-1576
-1489
-1393
-1324
-1287
-1264
-1186
-1026
-819
-625
-460
-311
-189
-98
-1
139
292
422
540
661
754
807
864
969
1096
1200
1281
1348
1380
1342
1231
1085
957
901
921
980
1033
1061
1060
1015
932
838
766
724
690
658
633
613
589
559
516
441
324
180
57
-30
-85
-131
-176
-232
-299
-369
-421
-453
-492
-582
-719
-871
-988
-1057
-1093
-1118
-1160
-1227
-1313
-1381
-1397
-1362
-1307
-1265
-1259
-1275
-1274
-1225
-1139
-1028
-903
-793
-724
-697
-658
-559
-406
-237
-78
88
267
444
586
696
804
935
1090
1243
1352
1396
1419
1472
1563
1635
1644
1589
1489
1388
1317
1290
1275
1238
1176
1110
1047
979
892
786
668
549
451
374
304
216
121
41
-12
-61
-123
-190
-240
-267
-268
-245
-215
-226
-292
-393
-504
-606
-679
-704
-711
-735
-777
-813
-843
-881
-924
-966
-1022
-1109
-1197
-1246
-1246
-1237
-1246
-1277
-1319
-1352
-1361
-1321
-1239
-1132
-1012
-884
-767
-688
-626
-530
-361
-142
62
197
274
340
425
522
610
672
705
708
693
671
632
568
492
453
494
596
697
748
737
680
609
569
567
584
599
627
679
724
711
631
520
433
407
427
457
462
439
383
290
170
66
12
17
55
94
118
116
87
44
7
-7
-20
-42
-61
-54
-37
-51
-120
-217
-283
-299
-286
-290
-318
-347
-339
-275
-175
-92
-49
-23
26
77
87
40
-29
-69
-46
26
98
119
100
88
113
175
241
305
363
413
430
400
353
321
321
342
372
395
390
349
282
204
112
16
-57
-96
-94
-65
-41
-74
-172
-279
-354
-407
-477
-565
-642
-695
-721
-736
-767
-828
-890
-911
-873
-807
-739
-660
-565
-475
-419
-403
-413
-423
-409
-373
-341
-330
-311
-248
-140
-28
36
51
45
61
100
130
109
30
-75
-168
-230
-269
-293
-305
-296
-268
-234
-203
-174
-120
-34
59
130
181
239
318
400
446
448
446
487
582
692
790
864
915
925
887
821
761
718
682
638
575
500
413
310
192
100
43
1
-59
-118
-161
-176
-163
-127
-110
-135
-178
-196
-186
-162
-142
-131
-137
-145
-122
-49
51
119
140
159
217
289
327
317
284
251
226
208
196
184
164
137
105
90
95
109
105
81
80
121
196
266
313
337
322
288
259
247
222
152
66
7
-20
-42
-88
-149
-212
-258
-268
-237
-175
-127
-99
-66
-22
9
-1
-19
-25
-30
-78
-166
-268
-350
-396
-401
-381
-380
-423
-499
-568
-623
-688
-762
-822
-850
-869
-903
-930
-923
-868
-791
-737
-721
-736
-759
-772
-761
-712
-626
-518
-404
-311
-256
-237
-226
-198
-154
-102
-51
-8
12
6
-9
-17
-8
34
91
154
223
319
432
509
532
537
584
673
771
831
834
794
760
762
794
826
836
825
795
766
745
748
769
789
796
789
794
804
796
733
645
585
570
573
557
518
466
411
368
353
357
359
337
289
213
109
-14
-146
-277
-408
-523
-604
-627
-586
-525
-507
-560
-645
-698
-686
-622
-549
-512
-529
-581
-624
-627
-595
-546
-494
-442
-390
-345
-303
-276
-273
-293
-313
-327
-339
-351
-350
-348
-354
-375
-381
-346
-281
-217
-172
-114
-13
123
265
396
520
612
651
640
618
606
583
540
488
459
452
457
454
431
371
285
205
173
202
266
325
354
349
319
266
211
172
157
134
64
-53
-182
-271
-304
-291
-266
-259
-284
-332
-371
-388
-390
-409
-458
-522
-574
-593
-579
-553
-552
-594
-663
-720
-732
-705
-684
-707
-770
-817
-812
-768
-727
-699
-662
-614
-585
-586
-572
-494
-354
-197
-61
57
164
269
369
460
537
593
606
562
483
413
390
437
552
703
820
854
815
750
706
720
824
1002
1175
1244
1157
981
841
831
940
1065
1120
1082
988
895
850
842
818
732
588
437
314
221
133
33
-78
-194
-314
-441
-576
-707
-814
-881
-916
-951
-992
-1015
-985
-905
-817
-756
-735
-752
-802
-872
-928
-928
-857
-750
-656
-603
-592
-612
-663
-722
-759
-750
-695
-605
-488
-357
-238
-157
-114
-96
-82
-53
2
79
155
231
311
401
494
582
657
715
754
767
750
713
683
684
703
711
693
662
638
631
636
648
651
643
648
699
790
869
890
836
725
593
469
380
323
271
199
103
3
-69
-112
-144
-200
-298
-418
-525
-586
-614
-620
-633
-668
-735
-789
-794
-764
-744
-750
-749
-736
-738
-766
-788
-759
-675
-565
-467
-406
-385
-392
-385
-323
-191
-27
81
75
-34
-164
-234
-221
-161
-109
-93
-115
-144
-145
-83
49
214
353
423
422
387
353
339
336
336
354
406
482
550
589
587
543
463
371
284
216
180
170
161
125
64
-2
-56
-86
-94
-103
-137
-210
-310
-397
-426
-380
-289
-204
-155
-131
-111
-105
-126
-161
-182
-184
-204
-245
-286
-302
-316
-337
-353
-350
-338
-338
-342
-330
-274
-178
-63
44
124
174
212
280
398
558
715
827
882
890
882
868
841
789
712
638
588
586
632
694
718
675
582
475
376
300
258
245
236
204
136
23
-120
-244
-298
-254
-142
-17
70
108
125
140
136
97
36
-3
-13
-30
-95
-213
-345
-466
-572
-665
-734
-769
-762
-725
-667
-622
-614
-642
-673
-681
-666
-635
-589
-538
-489
-442
-395
-347
-302
-271
-265
-283
-303
-315
-318
-326
-343
-358
-361
-345
-326
-311
-285
-217
-110
-2
67
99
143
238
366
473
515
514
517
559
622
672
682
653
605
567
549
541
517
460
385
312
252
193
114
26
-56
-113
-145
-150
-133
-111
-116
-153
-200
-232
-243
-239
-221
-188
-138
-67
5
32
-7
-82
-138
-159
-178
-230
-329
-430
-472
-431
-346
-271
-217
-161
-102
-62
-52
-43
-21
9
31
45
66
79
73
52
35
26
27
33
44
46
22
-32
-90
-109
-72
29
183
366
531
648
712
736
733
716
699
692
703
731
758
756
701
598
472
388
385
433
475
481
465
432
378
311
242
163
65
-32
-87
-109
-132
-178
-231
-276
-322
-371
-411
-428
-455
-525
-630
-706
-711
-664
-622
-623
-667
-719
-733
-699
-644
-602
-586
-593
-609
-608
-585
-542
-483
-399
-306
-240
-211
-212
-224
-261
-309
-345
-331
-256
-126
24
151
228
249
225
185
163
190
261
338
386
392
393
439
542
657
727
740
712
667
619
570
520
475
445
423
394
347
273
207
192
253
357
469
567
632
629
532
379
233
131
64
11
-53
-136
-236
-323
-379
-407
-428
-462
-520
-579
-622
-644
-658
-669
-673
-682
-699
-717
-715
-698
-685
-687
-678
-640
-562
-447
-315
-204
-149
-144
-166
-189
-194
-156
-74
22
81
98
92
91
99
101
89
78
90
127
163
162
119
73
68
118
197
256
269
256
270
346
453
534
553
535
507
480
448
421
414
429
460
490
519
521
493
440
377
317
267
221
167
98
35
8
29
82
128
143
130
106
86
61
10
-77
-186
-281
-336
-363
-382
-413
-435
-433
-401
-374
-375
-396
-409
-391
-366
-361
-389
-419
-403
-328
-232
-176
-183
-217
-214
-142
-22
81
132
136
132
137
141
132
108
68
22
-16
-39
-53
-70
-84
-80
-48
13
73
110
126
143
163
164
126
50
-31
-75
-62
-20
6
-3
-29
-25
23
89
135
166
209
259
292
302
304
299
277
232
164
93
54
66
101
111
85
44
-5
-67
-127
-162
-162
-132
-83
-18
17
-16
-102
-174
-166
-73
67
191
238
195
101
17
-11
17
69
100
92
49
-13
-62
-85
-90
-100
-130
-168
-197
-211
-218
-242
-278
-300
-268
-190
-117
-101
-146
-209
-237
-209
-126
-13
87
131
100
34
-15
-30
-25
-21
-13
17
70
132
168
162
116
75
54
44
22
-20
-76
-147
-218
-268
-284
-265
-214
-143
-72
-41
-63
-113
-142
-131
-93
-35
44
121
156
137
94
43
-5
-37
-25
24
80
125
143
121
63
10
-17
-25
-35
-37
-16
21
54
62
34
-9
-31
-14
38
88
121
136
145
148
148
162
203
257
284
266
235
238
294
383
475
541
563
544
517
510
512
482
409
312
217
130
48
-29
-76
-58
34
143
200
179
110
30
-44
-79
-71
-39
-40
-108
-230
-365
-465
-507
-499
-475
-453
-434
-412
-391
-364
-322
-257
-191
-149
-130
-114
-87
-80
-99
-128
-138
-132
-127
-118
-112
-133
-207
-317
-404
-426
-386
-333
-302
-300
-313
-355
-425
-488
-498
-433
-311
-170
-51
23
73
138
239
360
480
571
615
608
567
513
454
405
377
374
376
361
306
212
101
9
-57
-107
-149
-176
-196
-219
-254
-280
-279
-241
-180
-125
-103
-120
-150
-170
-170
-167
-173
-184
-198
-223
-248
-255
-229
-196
-175
-170
-170
-171
-178
-197
-227
-254
-263
-235
-177
-106
-47
-9
16
49
103
174
229
259
265
268
266
240
184
120
97
138
221
304
368
417
452
483
521
556
562
533
500
498
528
561
579
587
598
611
618
630
661
706
750
784
802
772
674
541
431
360
296
207
103
10
-84
-194
-342
-494
-609
-661
-667
-659
-659
-675
-699
-730
-764
-792
-801
-789
-779
-781
-788
-779
-755
-736
-732
-739
-726
-672
-579
-479
-402
-353
-328
-303
-265
-218
-191
-190
-191
-171
-134
-95
-65
-37
4
67
136
180
188
180
182
186
169
117
51
19
45
116
183
214
211
206
212
216
198
157
130
148
199
249
265
269
292
331
348
343
360
412
460
469
444
428
433
453
467
458
446
448
460
421
312
165
49
-13
-44
-88
-158
-232
-275
-285
-286
-297
-321
-321
-270
-179
-91
-33
2
25
46
69
93
100
73
21
-39
-79
-77
-29
27
50
32
-21
-107
-233
-367
-453
-448
-377
-307
-277
-268
-243
-202
-186
-208
-204
-115
47
208
311
348
347
336
340
365
387
372
284
152
34
-26
-46
-56
-60
-40
6
49
70
43
-37
-143
-229
-260
-227
-151
-71
-16
-1
-12
-26
-33
-33
-41
-68
-100
-124
-140
-160
-206
-273
-352
-413
-431
-392
-317
-266
-272
-315
-331
-300
-247
-217
-225
-258
-305
-329
-302
-223
-139
-88
-72
-66
-40
17
97
178
248
301
336
347
336
295
244
199
177
178
187
196
210
239
273
285
257
211
192
229
311
390
432
432
405
376
351
337
336
354
371
351
294
243
227
224
203
172
156
158
152
124
104
106
129
141
130
112
91
70
30
-9
-23
-10
1
-17
-68
-152
-252
-354
-428
-458
-438
-380
-324
-313
-359
-424
-457
-438
-389
-338
-304
-291
-285
-267
-232
-198
-185
-186
-186
-172
-157
-145
-124
-91
-60
-61
-89
-116
-121
-98
-58
-27
-34
-85
-151
-191
-207
-218
-235
-239
-205
-128
-26
72
153
208
245
266
271
251
223
222
269
349
401
380
293
177
89
52
55
38
-45
-161
-249
-295
-341
-386
-378
-285
-156
-51
-11
-21
-47
-51
-18
46
137
245
342
407
446
489
525
518
463
410
410
468
539
574
550
474
370
275
212
174
133
95
73
72
85
118
173
219
219
167
98
39
7
-7
-2
31
96
188
283
349
351
280
150
6
-112
-191
-246
-299
-361
-425
-482
-540
-601
-656
-680
-667
-638
-607
-564
-485
-374
-263
-189
-152
-150
-171
-200
-213
-198
-176
-177
-208
-259
-329
-431
-535
-599
-610
-611
-615
-607
-586
-574
-577
-565
-514
-420
-308
-194
-97
-28
18
56
108
189
299
415
517
567
552
490
405
308
192
88
32
29
42
41
40
71
129
182
214
239
264
290
317
355
401
440
468
487
499
488
459
408
354
316
308
313
311
284
232
147
53
-18
-37
-5
44
87
108
125
132
137
151
184
231
273
296
293
264
230
222
246
275
278
254
222
176
120
63
28
6
-14
-45
-84
-133
-176
-205
-224
-241
-244
-201
-120
