-365
-407
-459
-500
-520
-498
-437
-363
-315
-296
-276
-236
-187
-146
-114
-86
-87
-134
-189
-193
-129
-36
37
56
10
-71
-128
-145
-161
-191
-204
-162
-102
-75
-113
-197
-287
-345
-349
-296
-206
-101
0
68
85
63
44
63
102
124
114
89
70
50
28
-4
-51
-105
-145
-160
-149
-126
-86
-29
47
127
181
212
232
246
246
245
260
277
256
196
130
88
61
28
8
21
68
114
137
156
193
260
348
441
516
570
614
641
622
542
426
313
247
245
295
369
435
465
440
369
269
154
30
-66
-112
-115
-108
-117
-128
-118
-80
-40
-11
-5
-21
-63
-112
-129
-96
-27
45
81
58
-13
-96
-132
-112
-64
-14
46
117
168
176
165
162
154
117
71
48
60
87
101
88
58
32
6
-45
-127
-202
-238
-240
-245
-288
-372
-467
-514
-500
-452
-413
-388
-378
-374
-357
-305
-226
-171
-169
-200
-208
-176
-139
-131
-159
-210
-291
-406
-526
-612
-636
-599
-518
-437
-403
-408
-420
-403
-368
-315
-229
-107
6
57
24
-58
-128
-137
-95
-40
5
44
90
148
203
237
249
261
283
303
317
322
316
288
244
214
206
202
173
132
113
135
172
185
180
188
233
306
373
406
392
360
344
359
395
429
448
453
460
450
389
270
126
-5
-101
-145
-139
-112
-83
-49
3
51
77
88
119
163
181
128
7
-119
-178
-161
-124
-126
-170
-207
-201
-141
-54
15
35
21
18
47
102
143
155
154
170
234
336
451
536
553
490
376
258
179
161
199
238
235
191
149
124
112
116
128
100
2
-125
-218
-263
-295
-322
-327
-308
-296
-321
-370
-415
-442
-451
-447
-426
-398
-376
-350
-307
-251
-206
-173
-156
-162
-214
-280
-330
-354
-358
-344
-297
-226
-161
-149
-184
-226
-226
-189
-142
-104
-78
-62
-58
-60
-55
-29
13
55
76
61
3
-93
-196
-255
-237
-180
-124
-74
-4
78
132
169
245
380
517
579
564
510
465
422
356
264
184
166
204
259
280
260
198
112
25
-55
-135
-219
-275
-289
-283
-278
-254
-186
-103
-47
-35
-38
-53
-99
-180
-257
-274
-211
-93
35
136
180
169
125
97
119
177
229
256
273
283
265
217
175
156
137
110
117
180
249
257
217
186
183
164
110
33
-31
-70
-90
-97
-102
-101
-112
-157
-229
-265
-223
-111
11
95
134
143
141
119
77
29
-3
-22
-45
-80
-139
-210
-276
-296
-270
-225
-194
-179
-153
-117
-84
-64
-44
-14
15
10
-34
-108
-185
-257
-324
-368
-378
-346
-287
-218
-178
-194
-261
-325
-349
-333
-305
-288
-276
-245
-181
-87
12
97
157
200
239
262
234
175
148
196
281
335
346
346
349
335
319
323
355
402
448
467
426
334
250
231
275
344
405
458
492
509
494
443
364
264
165
98
84
106
121
94
36
-23
-45
-12
58
109
86
-2
-117
-228
-324
-395
-438
-442
-388
-284
-192
-170
-210
-262
-304
-348
-393
-419
-428
-443
-460
-450
-407
-363
-342
-337
-336
-319
-269
-177
-78
-9
37
101
188
252
253
205
125
11
-126
-231
-256
-191
-92
-5
33
41
48
75
121
163
191
198
190
153
92
36
28
72
132
195
272
347
387
370
313
248
212
216
249
251
192
95
34
45
89
109
91
59
16
-42
-116
-191
-257
-313
-344
-350
-368
-405
-425
-393
-319
-258
-231
-214
-168
-88
-5
56
81
76
57
40
18
-32
-91
-128
-127
-107
-101
-102
-107
-113
-133
-159
-148
-99
-36
8
27
21
0
-25
-54
-83
-106
-95
-54
-13
3
4
12
28
53
110
203
300
351
349
335
339
359
387
416
446
470
486
499
513
524
528
529
521
496
441
355
233
91
-38
-122
-149
-130
-85
-51
-42
-48
-54
-52
-38
10
81
161
231
271
243
148
48
-3
-5
-6
-31
-90
-175
-288
-427
-555
-630
-618
-533
-406
-282
-214
-218
-265
-306
-316
-303
-287
-287
-300
-302
-284
-258
-237
-218
-180
-113
-22
42
46
-2
-61
-107
-150
-200
-266
-346
-410
-420
-369
-287
-198
-113
-30
41
90
107
99
100
135
208
294
385
472
529
524
451
345
251
183
125
56
-23
-93
-148
-175
-169
-141
-128
-162
-220
-249
-229
-201
-211
-261
-312
-334
-328
-318
-307
-278
-208
-90
55
195
302
362
364
323
254
185
116
67
55
84
112
73
-31
-141
-173
-121
-31
58
141
216
261
264
240
219
219
242
251
222
158
107
91
104
138
201
273
330
380
426
451
414
321
200
88
7
-53
-115
-208
-305
-360
-324
-205
-64
15
16
1
11
24
-11
-72
-119
-140
-132
-109
-80
-70
-77
-52
32
172
310
425
507
555
541
461
353
288
302
380
461
499
478
411
336
279
239
192
123
45
-32
-102
-175
-242
-289
-328
-368
-420
-464
-509
-567
-624
-659
-651
-613
-561
-512
-467
-421
-389
-397
-451
-510
-522
-443
-269
-59
103
162
145
101
56
11
-16
-9
-4
-46
-162
-306
-411
-411
-297
-124
8
41
16
5
44
97
119
84
18
-16
25
111
172
198
224
283
331
324
264
212
198
196
171
135
92
16
-105
-236
-327
-379
-416
-450
-449
-387
-276
-151
-46
33
80
97
117
168
235
264
242
209
202
219
220
160
51
-56
-101
-86
-67
-56
-42
-11
8
4
13
53
104
129
142
184
274
367
412
402
391
416
450
445
395
353
355
377
373
332
287
270
269
255
220
187
176
178
171
143
101
61
33
9
-25
-73
-140
-248
-393
-521
-576
-554
-514
-488
-491
-515
-551
-568
-538
-458
-356
-268
-203
-162
-150
-164
-178
-156
-100
-43
6
59
120
160
163
144
114
72
22
-22
-49
-63
-79
-108
-152
-181
-190
-190
-192
-162
-69
72
195
252
238
197
169
163
146
111
92
114
151
162
151
146
147
131
117
127
169
202
230
266
320
352
327
251
168
125
118
125
113
84
50
25
34
94
181
214
150
32
-55
-70
-48
-36
-59
-102
-127
-142
-188
-280
-382
-447
-465
-436
-361
-264
-201
-210
-285
-360
-384
-344
-292
-264
-266
-269
-260
-244
-243
-275
-313
-320
-295
-289
-357
-481
-591
-605
-491
-292
-82
81
186
242
252
213
141
84
96
192
313
386
381
331
273
237
246
308
400
498
588
668
695
660
598
558
564
605
684
757
754
637
463
318
241
217
225
232
197
93
-58
-197
-278
-297
-282
-267
-277
-313
-358
-380
-376
-356
-334
-306
-261
-207
-166
-153
-173
-225
-281
-302
-261
-189
-112
-49
19
85
128
141
129
106
81
55
34
27
41
67
95
136
206
297
368
384
348
307
300
325
318
242
126
28
-26
-60
-78
-76
-57
-38
-36
-43
-40
-17
-4
-28
-88
-146
-181
-205
-233
-276
-333
-393
-428
-435
-444
-485
-535
-531
-469
-402
-382
-403
-431
-456
-488
-528
-581
-634
-652
-610
-514
-399
-295
-213
-156
-124
-113
-123
-139
-139
-119
-108
-128
-165
-200
-214
-214
-203
-167
-84
62
232
376
435
422
382
361
375
413
469
505
507
491
474
444
384
336
336
383
415
397
338
276
232
211
210
217
237
265
311
372
445
514
563
579
561
536
518
521
532
546
551
528
466
378
286
216
178
155
118
59
11
-21
-59
-114
-159
-185
-203
-226
-250
-277
-324
-376
-414
-417
-382
-322
-257
-219
-199
-184
-171
-184
-228
-267
-274
-250
-226
-212
-195
-159
-114
-90
-95
-109
-116
-114
-104
-77
-37
-1
13
20
35
54
50
4
-79
-182
-259
-278
-224
-153
-138
-210
-328
-418
-440
-402
-331
-249
-181
-135
-116
-114
-103
-71
-16
37
74
93
103
111
133
171
209
217
194
159
143
152
146
86
-18
-110
-143
-113
-76
-65
-112
-197
-280
-326
-323
-306
-285
-266
-250
-249
-275
-297
-274
-188
-96
-56
-83
-125
-128
-80
-10
25
9
-31
-38
0
63
120
152
143
110
90
104
140
188
248
293
280
210
154
164
219
274
321
366
419
459
463
423
369
337
320
288
228
155
91
68
113
207
289
329
333
331
334
346
380
428
471
487
484
476
463
432
372
276
135
-36
-206
-338
-423
-484
-536
-569
-571
-550
-522
-489
-442
-395
-379
-409
-456
-455
-381
-268
-193
-173
-183
-169
-104
16
171
300
354
335
291
248
187
91
-14
-63
-35
31
81
75
-3
-139
-260
-308
-288
-263
-275
-315
-365
-406
-421
-394
-318
-205
-78
46
139
191
202
196
204
231
270
304
324
316
290
284
314
361
373
340
289
254
245
241
216
154
71
17
15
40
33
-21
-67
-54
28
115
158
150
118
77
36
9
2
-7
-50
-121
-202
-279
-362
-456
-557
-644
-698
-728
-737
-749
-791
-883
-981
-1021
-990
-931
-897
-891
-890
-863
-801
-719
-624
-491
-321
-147
-16
65
115
162
228
317
420
515
603
678
737
767
782
797
828
865
890
882
829
763
720
734
789
846
874
878
880
894
934
999
1071
1132
1184
1213
1173
1056
902
764
634
486
326
161
-19
-246
-502
-752
-956
-1117
-1266
-1433
-1621
-1801
-1949
-2052
-2106
-2106
-2070
-2014
-1936
-1799
-1562
-1231
-875
-576
-354
-186
-43
89
226
363
447
453
430
463
543
609
610
558
518
536
623
744
861
956
1031
1123
1264
1448
1622
1737
1790
1808
1823
1854
1901
1947
1954
1920
1875
1856
1856
1840
1791
1707
1567
1327
984
613
306
77
-145
-442
-835
-1301
-1771
-2171
-2463
-2672
-2860
-3070
-3286
-3413
-3365
-3118
-2757
-2404
-2133
-1921
-1688
-1397
-1120
-965
-976
-1069
-1109
-1011
-801
-590
-491
-532
-640
-700
-638
-486
-319
-176
-51
97
280
501
717
871
942
973
1029
1135
1242
1271
1188
1046
967
1031
1206
1373
1418
1319
1161
1072
1106
1222
1326
1344
1283
1205
1177
1198
1198
1141
1056
981
916
839
757
661
527
356
195
88
14
-81
-232
-428
-636
-811
-936
-1002
-1024
-1017
-1004
-985
-951
-907
-870
-852
-835
-806
-748
-643
-498
-363
-296
-292
-306
-299
-273
-245
-227
-222
-215
-187
-141
-108
-105
-120
-131
-127
-136
-203
-338
-481
-546
-485
-329
-164
-56
-31
-67
-125
-179
-189
-129
-13
106
182
232
292
376
470
557
645
730
798
832
815
767
735
761
841
925
974
965
914
841
768
689
606
527
462
406
348
289
225
165
110
62
26
1
-25
-88
-199
-333
-454
-538
-584
-592
-576
-590
-668
-790
-884
-906
-874
-823
-793
-787
-781
-744
-676
-620
-600
-607
-622
-639
-669
-691
-696
-694
-712
-769
-838
-873
-814
-644
-424
-256
-189
-173
-121
-8
119
219
309
440
609
775
919
1058
1192
1304
1382
1452
1512
1548
1538
1481
1386
1264
1142
1034
941
854
774
695
609
523
446
365
255
136
61
52
67
58
1
-89
-208
-357
-538
-744
-938
-1098
-1234
-1378
-1538
-1685
-1791
-1888
-1997
-2131
-2233
-2255
-2169
-1997
-1787
-1559
-1327
-1087
-851
-624
-421
-236
-79
52
152
250
368
493
593
659
700
710
709
734
819
955
1103
1242
1362
1467
1556
1621
1660
1682
1742
1909
2187
2480
2663
2701
2648
2595
2608
2702
2835
2924
2891
2694
2324
1832
1332
947
707
502
157
-433
-1210
-1988
-2581
-2923
-3086
-3202
-3386
-3660
-3954
-4130
-4087
-3800
-3339
-2828
-2384
-2062
-1848
-1702
-1582
-1463
-1336
-1207
-1088
-1010
-1024
-1142
-1311
-1450
-1489
-1403
-1213
-1006
-851
-748
-633
-444
-159
186
514
750
878
943
1020
1154
1355
1570
1729
1808
1856
1956
2139
2364
2543
2636
2676
2731
2822
2920
2979
2998
3024
3111
3268
3439
3567
3635
3652
3627
3568
3463
3266
2917
2407
1827
1296
867
466
-40
-769
-1712
-2726
-3608
-4235
-4646
-4984
-5366
-5759
-6022
-6032
-5771
-5321
-4789
-4270
-3784
-3277
-2694
-2064
-1482
-1024
-689
-430
-192
65
317
476
463
310
143
50
37
54
57
15
-72
-162
-222
-250
-278
-322
-368
-374
-304
-179
-43
80
225
439
736
1095
1483
1866
2218
2526
2825
3164
3567
3992
4360
4620
4772
4867
4961
5082
5214
5299
5283
5121
4791
4309
3764
3244
2741
2140
1344
372
-667
-1654
-2534
-3350
-4193
-5080
-5868
-6376
-6558
-6554
-6521
-6484
-6312
-5881
-5209
-4474
-3839
-3346
-2905
-2434
-1920
-1415
-988
-668
-417
-158
135
405
571
634
649
685
729
731
660
532
388
225
49
-129
-265
-338
-358
-337
-271
-126
110
385
632
834
1072
1450
1981
2556
3033
3397
3739
4134
4544
4900
5191
5461
5742
6023
6240
6329
6290
6178
5997
5643
5038
4265
3487
2739
1899
865
-303
-1421
-2345
-3109
-3918
-4924
-6012
-6863
-7301
-7469
-7645
-7919
-8123
-7996
-7456
-6673
-5936
-5358
-4852
-4278
-3605
-2890
-2209
-1630
-1166
-758
-318
161
622
978
1187
1277
1349
1492
1684
1805
1710
1411
1093
961
1030
1113
1044
824
606
539
647
850
1034
1136
1180
1280
1541
1978
2483
2929
3267
3573
3953
4434
4925
5307
5540
5681
5809
5949
6063
6102
6017
5752
5266
4631
4011
3459
2797
1819
586
-611
-1569
-2362
-3223
-4279
-5419
-6364
-6920
-7157
-7317
-7547
-7739
-7683
-7284
-6657
-5990
-5403
-4885
-4353
-3736
-3045
-2370
-1837
-1491
-1267
-990
-523
83
603
839
833
812
946
1199
1405
1446
1325
1131
965
889
883
849
698
448
236
203
383
645
812
831
868
1146
1699
2317
2768
3024
3255
3653
4233
4837
5277
5513
5673
5894
6174
6404
6519
6520
6409
6128
5666
5112
4535
3858
2942
1807
649
-341
-1173
-2025
-3077
-4289
-5404
-6179
-6635
-6984
-7360
-7684
-7788
-7591
-7166
-6667
-6184
-5694
-5132
-4507
-3869
-3252
-2696
-2266
-1985
-1764
-1471
-1070
-640
-312
-151
-114
-84
28
198
327
360
332
303
300
338
410
471
467
410
397
494
672
824
888
927
1086
1479
2077
2736
3314
3778
4212
4717
5293
5830
6222
6482
6703
6924
7083
7117
7035
6842
6490
5949
5289
4643
4019
3275
2258
1007
-266
-1374
-2300
-3172
-4127
-5180
-6170
-6898
-7329
-7629
-7923
-8149
-8159
-7894
-7377
-6687
-5961
-5312
-4766
-4244
-3687
-3074
-2453
-1921
-1600
-1460
-1321
-1044
-700
-477
-444
-503
-519
-456
-361
-307
-315
-376
-433
-406
-238
28
251
342
373
516
858
1294
1648
1846
2005
2318
2865
3531
4119
4526
4837
5225
5760
6327
6763
7043
7262
7500
7716
7838
7820
7665
7361
6900
6306
5629
4897
4077
3122
2024
845
-365
-1568
-2747
-3878
-4950
-5951
-6849
-7592
-8143
-8518
-8762
-8877
-8815
-8561
-8160
-7649
-7031
-6335
-5634
-4989
-4405
-3872
-3387
-2940
-2551
-2253
-2040
-1848
-1607
-1319
-1065
-924
-891
-841
-672
-405
-159
-1
100
230
438
715
995
1215
1386
1597
1925
2342
2740
3067
3363
3707
4120
4596
5111
5641
6157
6632
7050
7391
7651
7858
8031
8115
8039
7812
7538
7285
7022
6629
5997
5117
4147
3276
2511
1638
482
-889
-2237
-3359
-4261
-5137
-6172
-7292
-8220
-8760
-8999
-9131
-9236
-9246
-9064
-8649
-8022
-7250
-6444
-5729
-5162
-4683
-4155
-3516
-2888
-2483
-2346
-2275
-2032
-1595
-1158
-917
-891
-918
-829
-605
-396
-328
-370
-395
-334
-174
70
361
628
831
1004
1212
1522
1946
2436
2895
3292
3680
4129
4662
5260
5886
6458
6909
7247
7564
7908
8219
8378
8335
8150
7951
7797
7615
7265
6649
5790
4835
3955
3167
2295
1151
-244
-1671
-2908
-3885
-4727
-5645
-6728
-7781
-8515
-8831
-8894
-8908
-8925
-8839
-8489
-7820
-6954
-6135
-5509
-5016
-4494
-3859
-3164
-2541
-2117
-1928
-1863
-1761
-1550
-1296
-1110
-1065
-1143
-1226
-1190
-1033
-887
-829
-809
-705
-455
-68
352
674
854
987
1209
1556
1985
2469
2996
3538
4054
4548
5077
5654
6223
6692
7016
7238
7454
7711
7942
8028
7936
7765
7623
7533
7416
7145
6619
5789
4743
3696
2852
2154
1292
36
-1476
-2870
-3906
-4676
-5496
-6580
-7781
-8659
-8926
-8764
-8641
-8795
-9018
-8889
-8213
-7173
-6172
-5479
-5031
-4554
-3858
-3048
-2394
-2078
-2030
-2020
-1850
-1529
-1254
-1223
-1428
-1663
-1732
-1594
-1380
-1240
-1241
-1300
-1292
-1140
-852
-487
-126
150
351
592
1005
1602
2248
2811
3263
3701
4232
4883
5552
6083
6432
6740
7205
7804
8291
8449
8335
8205
8222
8293
8221
7938
7548
7162
6739
6104
5174
4103
3119
2234
1219
-93
-1616
-3073
-4223
-5039
-5761
-6663
-7754
-8692
-9178
-9238
-9170
-9175
-9199
-9013
-8449
-7577
-6686
-6030
-5576
-5101
-4453
-3727
-3113
-2750
-2625
-2603
-2487
-2196
-1839
-1592
-1512
-1501
-1435
-1243
-951
-651
-442
-328
-212
13
375
811
1208
1501
1721
1984
2392
2922
3449
3865
4191
4545
5037
5646
6226
6649
6932
7222
7630
8096
8457
8610
8610
8572
8530
8418
8144
7710
7212
6731
6197
5422
4338
3133
2062
1130
80
-1290
-2889
-4392
-5534
-6302
-6957
-7760
-8714
-9557
-10015
-10042
-9793
-9496
-9273
-9065
-8649
-7856
-6787
-5776
-5074
-4637
-4229
-3681
-3023
-2436
-2090
-1996
-1989
-1866
-1556
-1121
-701
-445
-435
-548
-512
-169
347
733
834
754
776
1102
1666
2161
2344
2313
2382
2771
3405
4026
4424
4611
4791
5184
5819
6507
7007
7252
7366
7515
7741
7975
8124
8143
8039
7842
7579
7272
6942
6563
6024
5208
4146
3053
2132
1320
335
-1032
-2676
-4226
-5358
-6084
-6748
-7640
-8686
-9507
-9866
-9856
-9743
-9645
-9461
-9007
-8243
-7335
-6513
-5886
-5347
-4764
-4119
-3538
-3075
-2672
-2230
-1757
-1370
-1183
-1152
-1062
-748
-279
77
193
193
316
636
1035
1329
1447
1482
1615
1935
2365
2750
3017
3204
3393
3644
3964
4304
4602
4863
5149
5518
5964
6430
6856
7209
7478
7681
7828
7941
8030
8080
8038
7831
7443
6947
6446
5910
5169
4113
2872
1710
750
-158
-1309
-2832
-4500
-5870
-6690
-7156
-7699
-8524
-9402
-9911
-9852
-9407
-8928
-8582
-8230
-7635
-6758
-5795
-4954
-4296
-3742
-3229
-2755
-2324
-1883
-1402
-985
-824
-954
-1143
-1089
-739
-328
-123
-171
-300
-279
-2
452
884
1120
1147
1114
1231
1596
2122
2572
2774
2763
2774
3025
3520
4059
4407
4513
4554
4764
5232
5838
6373
6684
6757
6718
6747
6940
7229
7447
7434
7154
6731
6348
6036
5580
4732
3498
2184
1094
254
-654
-1964
-3686
-5390
-6605
-7253
-7668
-8230
-9014
-9767
-10140
-9997
-9485
-8882
-8312
-7756
-7136
-6415
-5566
-4642
-3793
-3155
-2733
-2425
-2127
-1776
-1390
-1040
-808
-660
-482
-194
150
454
656
760
818
902
1075
1358
1729
2115
2421
2582
2648
2750
2989
3344
3704
3966
4113
4237
4459
4802
5173
5479
5728
6006
6359
6763
7141
7409
7527
7540
7566
7673
7803
7820
7645
7314
6903
6434
5811
4892
3675
2363
1203
203
-862
-2216
-3843
-5485
-6821
-7700
-8270
-8826
-9517
-10228
-10727
-10843
-10538
-9891
-9093
-8315
-7606
-6897
-6130
-5284
-4384
-3506
-2783
-2287
-1930
-1579
-1144
-635
-135
215
354
401
570
899
1215
1343
1324
1324
1450
1659
1845
1985
2156
2436
2754
2963
3019
3026
3101
3256
3407
3499
3562
3684
3911
4184
4433
4657
4918
5248
5597
5893
6102
6250
6378
6525
6713
6914
7043
6993
6737
6310
5750
5029
4078
2921
1712
630
-325
-1355
-2671
-4266
-5850
-7077
-7833
-8330
-8880
-9591
-10288
-10723
-10742
-10331
-9576
-8629
-7677
-6842
-6142
-5458
-4621
-3563
-2413
-1427
-772
-386
-57
372
894
1376
1722
1960
2169
2347
2409
2338
2253
2300
2473
2620
2602
2434
2271
2275
2435
2568
2506
2289
2120
2120
2242
2352
2412
2487
2645
2873
3117
3400
3812
4390
4999
5442
5653
5777
6004
6361
6694
6871
6947
7048
7170
7153
6859
6271
5422
4374
3247
2184
1209
198
-1014
-2532
-4291
-6008
-7306
-8048
-8484
-8989
-9682
-10366
-10752
-10677
-10144
-9274
-8219
-7123
-6121
-5310
-4675
-4046
-3242
-2241
-1256
-518
-83
208
533
930
1302
1583
1822
2104
2382
2488
2341
2088
1980
2128
2400
2530
2358
1975
1645
1525
1549
1542
1441
1275
1099
953
920
1071
1388
1775
2105
2329
2516
2809
3266
3776
4208
4580
5019
5552
6053
6370
6505
6584
6744
6982
7143
7025
6513
5615
4463
3261
2182
1242
269
-945
-2505
-4296
-6034
-7395
-8253
-8750
-9147
-9606
-10101
-10480
-10538
-10139
-9274
-8085
-6774
-5564
-4597
-3858
-3161
-2336
-1383
-428
417
1106
1624
1981
2205
2349
2498
2753
3098
3350
3310
2988
2591
2323
2253
2328
2409
2357
2110
1746
1389
1132
1030
1039
1044
935
751
664
794
1088
1388
1604
1814
2169
2705
3259
3626
3794
3972
4388
5061
5786
6308
6521
6530
6525
6582
6646
6596
6327
5717
4702
3388
2023
818
-200
-1180
-2362
-3916
-5765
-7533
-8836
-9589
-9995
-10254
-10436
-10526
-10494
-10287
-9818
-8991
-7786
-6348
-4949
-3801
-2921
-2192
-1493
-751
82
981
1858
2592
3075
3243
3138
2959
2926
3129
3449
3684
3679
3418
3011
2604
2286
2092
2031
2050
2012
1796
1414
993
654
476
523
788
1173
1504
1651
1598
1470
1483
1794
2359
2963
3414
3697
3952
4319
4799
5290
5723
6109
6474
6744
6823
6696
6391
5840
4918
3685
2403
1314
401
-558
-1791
-3386
-5186
-6867
-8154
-9008
-9569
-9963
-10229
-10384
-10412
-10258
-9840
-9097
-8019
-6680
-5271
-3996
-2955
-2094
-1312
-527
311
1236
2217
3126
3788
4072
3984
3717
3529
3568
3759
3908
3868
3609
3164
2593
1976
1424
1057
908
884
817
607
273
-96
-409
-576
-526
-244
182
613
898
1004
1057
1243
1640
2168
2728
3272
3792
4273
4709
5109
5499
5912
6346
6737
6989
7063
6944
6548
5760
4600
3298
2109
1112
178
-918
-2344
-4081
-5898
-7510
-8725
-9507
-9902
-10030
-10047
-10076
-10118
-10036
-9619
-8726
-7405
-5918
-4555
-3411
-2413
-1465
-580
232
1028
1882
2797
3632
4165
4217
3845
3351
3068
3109
3327
3482
3405
3047
2456
1742
1044
536
318
325
345
237
21
-216
-435
-609
-664
-519
-138
394
890
1175
1256
1305
1453
1723
2114
2659
3333
4016
4565
4959
5282
5656
6139
6678
7145
7423
7479
7312
6852
5995
4795
3507
2382
1444
504
-664
-2155
-3894
-5666
-7259
-8530
-9406
-9854
-9938
-9858
-9814
-9829
-9708
-9229
-8328
-7130
-5806
-4473
-3159
-1917
-879
-138
417
1052
1926
2908
3697
4073
4037
3750
3382
3038
2765
2612
2577
2539
2295
1728
937
152
-414
-706
-792
-758
-659
-546
-501
-572
-692
-705
-485
-53
450
881
1187
1399
1551
1684
1882
2280
2917
3667
4327
4809
5181
5553
5940
6275
6512
6702
6927
7162
7200
6767
5795
4495
3213
2144
1220
225
-1027
-2559
-4252
-5939
-7481
-8717
-9483
-9749
-9732
-9701
-9756
-9776
-9591
-9103
-8290
-7175
-5772
-4160
-2524
-1146
-210
376
911
1655
2595
3516
4189
4525
4571
4410
4086
3664
3272
3042
2945
2781
2355
1635
762
-93
-814
-1333
-1611
-1640
-1495
-1337
-1321
-1467
-1635
-1630
-1353
-846
-248
324
806
1178
1450
1685
2027
2575
3301
4057
4721
5280
5781
6246
6654
6977
7245
7522
7778
7836
7463
6593
5410
4175
3042
1992
916
-314
-1750
-3350
-5004
-6603
-7991
-8998
-9570
-9835
-9976
-10056
-10026
-9795
-9308
-8559
-7541
-6248
-4726
-3181
-1883
-948
-253
424
1198
2028
2790
3389
3798
4015
4017
3771
3326
2855
2533
2391
2281
2015
1497
775
7
-650
-1101
-1290
-1205
-946
-710
-661
-790
-941
-941
-707
-261
292
820
1237
1526
1760
2025
2399
2910
3539
4215
4853
5389
5802
6113
6374
6652
6975
7313
7586
7674
7422
6721
5642
4414
3260
2236
1239
109
-1268
-2881
-4606
-6259
-7668
-8719
-9417
-9855
-10140
-10298
-10313
-10154
-9798
-9214
-8362
-7215
-5826
-4366
-3049
-2012
-1209
-467
378
1334
2256
2994
3505
3809
3909
3785
3503
3206
3019
2938
2828
2564
2098
1465
732
-7
-632
-1043
-1183
-1088
-887
-748
-762
-877
-923
-751
-339
199
735
1217
1643
1996
2265
2515
2877
3438
4162
4906
5522
5923
6155
6331
6562
6862
7186
7463
7577
7376
6754
5779
4658
3588
2630
1711
673
-595
-2091
-3700
-5300
-6769
-7983
-8873
-9463
-9834
-10035
-10103
-10047
-9839
-9400
-8685
-7696
-6480
-5153
-3883
-2799
-1888
-1043
-183
694
1527
2247
2846
3325
3645
3741
3625
3411
3217
3064
2890
2626
2237
1732
1140
508
-105
-585
-801
-724
-519
-426
-526
-685
-710
-515
-124
376
927
1505
2073
2542
2840
3014
3235
3658
4287
4978
5548
5930
6168
6340
6502
6689
6933
7195
7360
7240
6707
5784
4667
3571
2600
1683
667
-546
-1953
-3487
-5067
-6550
-7758
-8612
-9178
-9580
-9867
-10026
-10042
-9909
-9595
-9047
-8216
-7106
-5816
-4521
-3388
-2466
-1661
-858
-15
831
1638
2374
2979
3378
3522
3448
3252
3033
2844
2680
2510
2274
1919
1394
717
15
-534
-806
-799
-632
-477
-433
-462
-456
-337
-96
261
735
1321
1956
2533
2952
3200
3394
3693
4177
4770
5328
5762
6071
6288
6419
6460
6429
6379
6330
6202
5851
5211
4355
3420
2470
1497
468
-630
-1802
-3056
-4370
-5681
-6860
-7820
-8533
-9039
-9367
-9526
-9528
-9390
-9150
-8794
-8263
-7508
-6524
-5380
-4175
-3030
-2005
-1098
-279
463
1158
1850
2533
3133
3537
3678
3564
3297
3000
2769
2612
2472
2242
1845
1287
659
88
-312
-493
-500
-422
-314
-171
14
212
397
601
920
1422
2061
2680
3135
3404
3610
3899
4327
4827
5308
5741
6130
6443
6619
6629
6517
6369
6239
6075
5766
5222
4448
3516
2515
1511
518
-495
-1546
-2628
-3742
-4909
-6090
-7164
-8021
-8654
-9107
-9374
-9429
-9290
-9037
-8720
-8322
-7760
-6974
-5967
-4825
-3665
-2577
-1611
-778
-59
585
1197
1796
2364
2831
3116
3171
3057
2875
2683
2479
2262
2059
1836
1537
1130
685
301
36
-127
-216
-218
-94
133
365
538
689
935
1335
1844
2348
2759
3066
3314
3562
3853
4191
4562
4931
5255
5501
5653
5729
5743
5719
5648
5490
5181
4686
4047
3336
2595
1806
939
-14
-1034
-2107
-3248
-4440
-5607
-6624
-7429
-8054
-8554
-8932
-9133
-9115
-8901
-8571
-8192
-7738
-7111
-6266
-5267
-4230
-3230
-2278
-1385
-580
122
748
1347
1924
2449
2859
3109
3193
3163
3086
2977
2793
2518
2197
1894
1620
1333
1009
683
421
277
265
348
448
499
505
532
657
918
1294
1730
2165
2554
2883
3152
3404
3692
4063
4523
5004
5418
5699
5827
5827
5733
5583
5392
5170
4948
4690
4276
3580
2602
1518
507
-369
-1203
-2120
-3149
-4210
-5199
-6066
-6824
-7506
-8088
-8507
-8707
-8709
-8567
-8330
-7995
-7546
-6958
-6204
-5281
-4255
-3233
-2297
-1476
-746
-77
573
1210
1783
2221
2512
2705
2838
2906
2872
2714
2456
2182
1954
1782
1603
1384
1132
868
609
383
234
187
245
375
539
680
786
902
1091
1372
1723
2123
2519
2868
3163
3472
3814
4135
4377
4565
4766
4991
5175
5228
5093
4795
4421
4067
3734
3335
2782
2060
1258
454
-336
-1139
-1968
-2811
-3660
-4498
-5311
-6088
-6801
-7389
-7792
-7998
-8052
-8014
-7904
-7703
-7373
-6896
-6265
-5476
-4556
-3581
-2659
-1862
-1193
-587
16
613
1174
1691
2174
2573
2810
2866
2791
2642
2444
2236
2079
1981
1897
1771
1577
1333
1056
787
563
419
373
411
511
631
767
923
1095
1295
1548
1878
2255
2626
2976
3297
3595
3850
4034
4191
4374
4601
4794
4865
4790
4591
4336
4065
3785
3441
2968
2361
1649
901
164
-559
-1296
-2084
-2896
-3652
-4285
-4777
-5187
-5568
-5912
-6174
-6329
-6400
-6408
-6352
-6224
-6010
-5670
-5203
-4652
-4080
-3498
-2896
-2307
-1762
-1259
-754
-227
287
736
1090
1363
1586
1764
1887
1957
2000
2018
2011
1976
1914
1813
1656
1456
1249
1067
910
779
665
579
532
538
605
700
813
928
1065
1253
1488
1778
2094
2433
2767
3071
3330
3536
3688
3771
3773
3720
3672
3642
3580
3378
2991
2446
1852
1332
895
457
-65
-669
-1279
-1865
-2405
-2936
-3473
-3964
-4324
-4483
-4498
-4482
-4529
-4663
-4818
-4880
-4806
-4592
-4305
-3976
-3611
-3233
-2862
-2535
-2217
-1854
-1418
-932
-446
3
398
726
991
1222
1446
1664
1856
2033
2191
2288
2251
2062
1771
1449
1154
887
678
529
434
377
271
122
-49
-140
-114
-59
2
47
190
458
851
1315
1750
2093
2339
2532
2715
2920
3114
3289
3364
3340
3164
2842
2431
2017
1719
1489
1233
865
385
-108
-625
-1115
-1590
-1963
-2196
-2291
-2268
-2242
-2200
-2197
-2222
-2295
-2389
-2391
-2330
-2228
-2131
-2042
-1942
-1873
-1810
-1754
-1691
-1605
-1489
-1333
-1136
-912
-680
-470
-282
-71
179
486
833
1183
1491
1679
1721
1659
1534
1405
1264
1120
983
833
672
454
195
-47
-235
-345
-404
-433
-410
-323
-150
68
265
451
646
892
1156
1352
1467
1541
1626
1778
1918
2005
1946
1725
1437
1120
859
596
325
27
-281
-589
-868
-1109
-1316
-1481
-1615
-1653
-1602
-1475
-1330
-1269
-1292
-1396
-1498
-1534
-1481
-1326
-1137
-984
-915
-929
-998
-1088
-1150
-1162
-1097
-1012
-879
-735
-603
-495
-422
-274
-49
261
589
861
1058
1161
1194
1204
1241
1333
1438
1490
1442
1315
1146
970
806
669
574
473
346
203
100
70
104
170
267
415
613
819
907
853
698
555
520
553
630
639
598
510
371
177
-87
-323
-521
-661
-783
-864
-910
-931
-967
-1052
-1167
-1256
-1235
-1076
-846
-613
-456
-381
-405
-476
-563
-606
-634
-627
-611
-595
-625
-735
-851
-940
-944
-857
-675
-456
-269
-114
84
332
649
980
1321
1575
1723
1767
1740
1676
1597
1565
1574
1560
1469
1307
1109
897
646
448
307
303
339
352
290
175
123
153
269
433
567
642
625
555
473
332
178
-7
-102
-165
-220
-340
-543
-756
-995
-1175
-1368
-1568
-1794
-1994
-2074
-2058
-1966
-1881
-1792
-1662
-1477
-1248
-1060
-938
-872
-803
-742
-727
-749
-742
-673
-599
-557
-576
-653
-778
-920
-962
-902
-712
-514
-328
-210
-121
3
235
595
1022
1382
1621
1722
1794
1869
1949
2010
2052
2085
2046
1952
1834
1736
1580
1389
1222
1156
1163
1178
1196
1190
1167
1166
1236
1394
1537
1636
1643
1581
1439
1240
1040
851
683
492
276
22
-295
-685
-1130
-1574
-1963
-2276
-2503
-2660
-2760
-2815
-2850
-2871
-2854
-2762
-2578
-2332
-2082
-1863
-1661
-1447
-1240
-1105
-1034
-1001
-900
-773
-651
-607
-658
-754
-871
-948
-959
-911
-787
-646
-520
-425
-343
-158
156
582
997
1297
1461
1563
1659
1789
1921
2020
2061
1981
1875
1791
1759
1753
1705
1639
1546
1449
1407
1387
1423
1454
1529
1660
1836
1990
2050
2028
1988
1960
1949
1880
1750
1553
1340
1087
755
357
-82
-487
-813
-1066
-1282
-1527
-1802
-2008
-2175
-2297
-2458
-2575
-2600
-2541
-2410
-2273
-2193
-2205
-2264
-2270
-2183
-2036
-1877
-1779
-1739
-1744
-1724
-1699
-1683
-1681
-1650
-1540
-1389
-1176
-1009
-878
-795
-694
-514
-265
53
397
724
1018
1229
1327
1337
1323
1368
1430
1489
1540
1575
1566
1483
1364
1276
1247
1296
1351
1403
1430
1496
1640
1829
2092
2345
2594
2701
2690
2617
2539
2476
2392
2261
2127
1950
1781
1505
1117
645
177
-207
-496
-751
-969
-1226
-1524
-1864
-2199
-2379
-2424
-2325
-2198
-2088
-2030
-2033
-2045
-2052
-2042
-2033
-2032
-1989
-1882
-1710
-1647
-1734
-2004
-2230
-2297
-2223
-2056
-1945
-1790
-1675
-1535
-1350
-1113
-791
-489
-201
25
165
303
450
641
804
904
1000
1046
1081
1084
1080
1115
1136
1206
1259
1321
1369
1420
1507
1639
1785
1957
2070
2167
2250
2399
2605
2769
2848
2797
2709
2615
2554
2492
2343
2059
1643
1175
780
479
272
69
-224
-609
-1068
-1421
-1641
-1740
-1768
-1796
-1775
-1774
-1713
-1658
-1593
-1578
-1601
-1575
-1517
-1324
-1175
-1079
-1176
-1398
-1594
-1740
-1784
-1854
-1953
-2053
-2128
-2083
-1975
-1865
-1815
-1746
-1585
-1270
-938
-623
-461
-382
-306
-135
116
329
448
558
697
864
988
1040
1073
1058
1062
1059
1111
1171
1283
1360
1434
1470
1576
1765
1986
2175
2245
2236
2193
2221
2304
2340
2231
1969
1636
1310
1036
817
626
426
182
-82
-372
-597
-743
-773
-851
-969
-1125
-1187
-1134
-1025
-888
-870
-946
-1060
-1074
-920
-723
-574
-539
-644
-814
-1024
-1156
-1185
-1166
-1135
-1139
-1193
-1213
-1235
-1178
-1081
-942
-725
-595
-513
-511
-478
-336
-145
103
250
283
263
281
348
397
407
428
451
438
375
223
109
45
115
208
344
493
712
891
968
928
901
1010
1236
1462
1593
1553
1463
1307
1175
979
735
523
320
224
100
-48
-334
-718
-1058
-1250
-1296
-1272
-1316
-1341
-1410
-1415
-1435
-1379
-1255
-1026
-748
-496
-333
-261
-193
-135
-53
10
96
135
127
93
47
4
-37
-53
-28
-72
-96
-166
-142
-110
-31
121
225
356
375
410
371
293
287
379
605
738
722
550
343
261
279
464
633
778
788
704
687
741
946
1121
1228
1265
1267
1352
1427
1439
1308
1124
977
936
938
938
884
704
435
57
-271
-482
-594
-679
-906
-1201
-1442
-1570
-1521
-1485
-1450
-1557
-1716
-1805
-1762
-1552
-1359
-1203
-1144
-1093
-1006
-825
-581
-429
-372
-451
-480
-519
-472
-408
-317
-254
-230
-171
-77
10
13
-51
-109
-114
-110
-57
-38
54
61
71
31
57
154
236
293
275
229
165
127
141
239
400
683
990
1225
1250
1091
942
914
1047
1259
1444
1542
1497
1343
1163
965
890
849
863
763
524
165
-224
-514
-670
-713
-724
-758
-832
-918
-1084
-1313
-1593
-1678
-1536
-1239
-1067
-1116
-1330
-1494
-1449
-1229
-939
-718
-565
-478
-457
-493
-582
-604
-481
-259
-3
170
329
386
364
281
262
376
599
798
885
799
665
560
557
611
677
709
707
672
659
626
636
635
702
758
778
740
675
730
874
1070
1174
1175
1106
1071
1076
1123
1073
991
876
817
762
729
690
625
459
209
-11
-160
-219
-305
-450
-622
-817
-973
-1097
-1192
-1286
-1469
-1656
-1775
-1785
-1763
-1847
-1964
-2058
-2026
-1918
-1761
-1620
-1499
-1441
-1406
-1357
-1236
-1057
-852
-637
-397
-188
-53
20
82
174
220
247
247
291
420
569
680
641
495
355
233
225
233
372
509
606
611
535
544
591
786
990
1216
1405
1574
1699
1760
1790
1880
2014
2104
2048
1855
1686
1596
1607
1524
1374
1151
998
825
676
498
326
72
-183
-400
-507
-628
-796
-985
-1203
-1346
-1492
-1489
-1481
-1422
-1427
-1453
-1533
-1547
-1451
-1271
-1164
-1171
-1255
-1331
-1367
-1339
-1308
-1270
-1232
-1201
-1222
-1310
-1347
-1217
-940
-595
-373
-316
-382
-431
-321
-99
189
406
508
458
287
88
5
84
321
538
667
654
611
495
415
389
581
883
1183
1401
1505
1580
1567
1585
1564
1621
1701
1839
1889
1818
1617
1367
1222
1223
1370
1391
1259
924
630
345
186
62
7
-69
-194
-383
-640
-896
-1071
-1045
-908
-761
-811
-963
-1145
-1178
-1049
-858
-642
-487
-370
-357
-438
-512
-583
-649
-759
-863
-883
-865
-790
-811
-910
-1140
-1272
-1282
-1126
-961
-861
-848
-963
-1007
-966
-754
-597
-480
-408
-267
-128
36
147
283
357
502
693
925
1093
1155
1185
1169
1198
1210
1308
1370
1424
1395
1344
1289
1270
1300
1288
1207
1042
886
726
606
544
560
563
462
256
3
-211
-369
-415
-387
-351
-396
-512
-628
-724
-817
-902
-966
-998
-1040
-1114
-1242
-1334
-1341
-1212
-1038
-849
-729
-724
-794
-848
-786
-633
-527
-485
-606
-724
-801
-724
-559
-471
-479
-654
-786
-883
-846
-755
-638
-581
-648
-728
-702
-476
-111
257
518
596
602
667
873
1125
1339
1521
1732
1924
1985
1917
1773
1709
1700
1794
1856
1849
1663
1427
1237
1215
1268
1297
1188
982
792
641
531
353
194
9
-107
-167
-99
-33
-143
-418
-707
-820
-854
-832
-782
-673
-598
-601
-634
-617
-523
-340
-161
-98
-205
-423
-551
-593
-534
-439
-363
-303
-379
-480
-603
-717
-778
-902
-920
-865
-690
-549
-633
-804
-980
-954
-818
-689
-606
-569
-468
-378
-371
-450
-504
-379
-106
216
443
500
391
171
-9
31
298
704
968
966
742
472
457
667
1057
1336
1443
1328
1050
742
506
458
513
556
486
331
152
-29
-233
-442
-591
-648
-539
-409
-327
-514
-867
-1192
-1267
-985
-573
-245
-257
-558
-913
-1005
-782
-329
45
289
295
158
7
-73
67
230
425
431
336
70
-202
-402
-488
-441
-382
-211
-80
-2
-135
-457
-710
-721
-303
255
637
623
230
-175
-381
-132
366
920
1167
1100
799
511
398
491
798
1116
1289
1188
846
472
175
126
315
622
838
762
477
130
-44
-21
133
267
314
286
147
-67
-382
-654
-799
-735
-451
-187
-32
-177
-405
-638
-675
-509
-159
199
339
155
-204
-401
-321
-6
293
460
428
231
2
-146
-125
84
306
436
281
-7
-321
-456
-406
-253
-170
-274
-458
-581
-538
-458
-389
-331
-248
-160
-179
-264
-412
-486
-430
-221
21
105
35
-145
-230
-215
-86
72
150
177
135
174
265
382
441
411
362
344
317
251
97
-12
-55
-43
-30
-73
-104
-199
-305
-455
-565
-593
-569
-514
-515
-540
-590
-627
-559
-371
-90
98
129
71
-6
48
155
355
436
491
460
467
432
367
354
343
388
267
137
40
97
152
14
-243
-370
-164
229
390
191
-275
-572
-544
-198
161
272
70
-308
-641
-805
-737
-432
-41
195
114
-198
-455
-483
-200
193
559
723
711
595
497
545
739
992
1153
1108
891
640
518
586
694
715
520
136
-305
-638
-698
-567
-346
-247
-374
-670
-913
-855
-524
-137
39
0
-139
-124
44
347
561
643
581
473
444
444
512
514
566
592
621
616
545
494
421
468
486
417
186
-158
-414
-586
-557
-504
-479
-569
-792
-1053
-1307
-1353
-1214
-1007
-927
-1039
-1198
-1261
-1128
-918
-724
-601
-437
-187
102
341
472
559
670
838
1032
1173
1253
1293
1293
1206
964
630
305
115
19
-42
-179
-399
-670
-920
-1093
-1209
-1264
-1273
-1233
-1222
-1245
-1230
-1055
-720
-347
-87
16
22
43
146
324
572
840
1077
1118
944
673
597
823
1225
1490
1399
969
479
266
427
765
943
801
403
8
-105
138
536
671
320
-323
-756
-633
-130
223
-32
-809
-1612
-1905
-1600
-1070
-768
-925
-1392
-1876
-2063
-1817
-1222
-514
27
216
139
95
378
950
1471
1635
1423
1109
984
1135
1364
1423
1206
821
416
123
-40
-98
-185
-368
-685
-1038
-1262
-1210
-899
-604
-547
-731
-933
-952
-752
-436
-91
171
349
391
346
340
495
864
1282
1572
1628
1511
1403
1425
1596
1769
1841
1768
1648
1528
1428
1315
1198
1132
1104
1068
856
422
-150
-584
-726
-653
-675
-1021
-1693
-2419
-2877
-2970
-2879
-2887
-3083
-3375
-3563
-3478
-3050
-2380
-1665
-1076
-647
-273
185
805
1468
2006
2300
2376
2339
2295
2364
2525
2654
2511
2025
1293
586
111
-103
-225
-532
-1085
-1733
-2166
-2313
-2278
-2213
-2181
-2132
-2035
-1812
-1509
-1215
-1025
-895
-679
-280
248
732
1038
1166
1273
1512
1927
2391
2731
2827
2716
2551
2492
2562
2633
2569
2315
1971
1614
1320
1090
876
574
73
-537
-1058
-1311
-1397
-1633
-2247
-3147
-3896
-4123
-3873
-3556
-3643
-4150
-4696
-4769
-4220
-3335
-2527
-1973
-1524
-962
-166
773
1709
2504
3107
3535
3822
4050
4220
4307
4203
3864
3344
2797
2346
1985
1583
1033
335
-364
-946
-1349
-1633
-1873
-2123
-2371
-2533
-2571
-2450
-2215
-1903
-1618
-1417
-1244
-974
-546
-39
395
722
1016
1441
1971
2473
2752
2848
2896
3047
3301
3533
3599
3415
3097
2744
2450
2201
2014
1867
1578
986
92
-782
-1321
-1490
-1616
-2111
-3065
-4156
-4884
-5013
-4789
-4692
-5022
-5574
-5847
-5479
-4597
-3643
-3009
-2675
-2329
-1604
-401
1002
2191
2887
3219
3486
3965
4614
5167
5336
5054
4529
4012
3635
3305
2842
2134
1252
409
-252
-735
-1165
-1659
-2231
-2770
-3117
-3196
-3113
-2991
-2902
-2860
-2798
-2603
-2094
-1327
-544
-56
128
288
747
1538
2373
2967
3227
3353
3527
3843
4172
4312
4110
3634
3133
2823
2718
2601
2296
1771
1152
494
-201
-918
-1594
-2154
-2659
-3172
-3797
-4503
-5189
-5717
-6030
-6165
-6189
-6140
-6001
-5723
-5278
-4697
-3976
-3128
-2158
-1165
-211
698
1612
2526
3357
3975
4366
4613
4863
5135
5311
5234
4820
4187
3545
3050
2652
2177
1514
715
-60
-685
-1150
-1523
-1877
-2240
-2574
-2809
-2895
-2800
-2587
-2326
-2079
-1833
-1482
-963
-294
334
791
1113
1480
2018
2617
3060
3225
3251
3361
3624
3858
3890
3696
3434
3218
3042
2830
2479
1991
1404
775
82
-684
-1431
-2035
-2482
-2929
-3537
-4324
-5105
-5640
-5863
-5906
-5979
-6090
-6078
-5776
-5202
-4527
-3882
-3243
-2474
-1528
-478
542
1484
2353
3179
3931
4518
4896
5091
5228
5344
5356
5170
4747
4214
3654
3089
2467
1785
1116
511
-69
-678
-1272
-1747
-2031
-2216
-2413
-2686
-2932
-2987
-2794
-2429
-2075
-1783
-1511
-1163
-744
-290
202
748
1332
1844
2191
2361
2480
2694
2982
3157
3081
2849
2667
2605
2551
2334
1914
1349
776
290
-91
-486
-1050
-1816
-2617
-3185
-3399
-3420
-3559
-4026
-4695
-5206
-5253
-4901
-4528
-4462
-4651
-4685
-4224
-3287
-2327
-1708
-1431
-1056
-253
943
2148
3017
3460
3694
4025
4547
5054
5229
4990
4514
4067
3764
3559
3280
2792
2085
1315
680
258
-43
-402
-898
-1468
-1935
-2147
-2086
-1911
-1849
-1960
-2077
-1957
-1540
-995
-565
-318
-141
148
554
982
1318
1574
1835
2151
2473
2625
2522
2270
2105
2093
2073
1852
1419
965
651
480
264
-154
-754
-1328
-1654
-1740
-1781
-2021
-2466
-2931
-3220
-3300
-3292
-3289
-3313
-3292
-3185
-2986
-2706
-2370
-2004
-1651
-1320
-982
-584
-97
447
945
1334
1648
2029
2517
3011
3332
3399
3269
3045
2846
2713
2655
2596
2418
1988
1301
536
-44
-322
-421
-615
-1070
-1687
-2144
-2232
-2029
-1860
-1924
-2133
-2211
-2003
-1639
-1337
-1204
-1097
-858
-447
20
415
711
934
1149
1326
1449
1509
1567
1655
1703
1628
1385
1102
919
860
772
507
99
-292
-553
-706
-867
-1131
-1467
-1750
-1846
-1816
-1806
-1900
-2019
-2015
-1818
-1449
-1012
-659
-479
-409
-239
190
793
1320
1559
1588
1668
1997
2480
2853
2935
2799
2641
2584
2598
2563
2403
2139
1864
1662
1493
1262
922
565
307
152
-9
-294
-715
-1146
-1422
-1486
-1494
-1658
-1999
-2314
-2386
-2218
-1993
-1903
-1975
-2084
-2065
-1866
-1572
-1328
-1228
-1231
-1193
-987
-645
-313
-121
-88
-134
-159
-105
-11
32
-53
-243
-435
-537
-540
-531
-586
-709
-818
-854
-821
-809
-897
-1058
-1179
-1143
-960
-724
-565
-497
-407
-149
298
784
1169
1411
1598
1817
2101
2428
2744
3003
3160
3209
3191
3183
3223
3264
3210
3022
2742
2438
2138
1828
1503
1186
902
634
345
20
-302
-568
-753
-907
-1092
-1338
-1602
-1809
-1917
-1950
-1972
-2014
-2040
-1992
-1872
-1752
-1665
-1581
-1433
-1255
-1138
-1160
-1256
-1284
-1159
-948
-806
-807
-893
-904
-788
-617
-543
-617
-775
-881
-888
-851
-855
-903
-925
-854
-710
-573
-506
-486
-413
-243
0
235
425
587
760
977
1230
1478
1686
1846
1964
2035
2081
2164
2314
2463
2499
2376
2180
2064
2090
2179
2171
1996
1721
1466
1305
1205
1080
868
587
310
104
-7
-61
-117
-236
-423
-624
-755
-788
-800
-882
-1053
-1222
-1298
-1281
-1263
-1315
-1442
-1582
-1652
-1644
-1603
-1622
-1693
-1741
-1692
-1561
-1449
-1424
-1502
-1625
-1715
-1748
-1730
-1703
-1683
-1666
-1619
-1518
-1377
-1229
-1088
-950
-813
-660
-512
-342
-164
42
266
511
768
990
1161
1309
1500
1748
1968
2095
2110
2090
2080
2086
2076
2010
1890
1732
1616
1563
1549
1479
1314
1108
955
925
976
1040
1035
938
771
608
534
563
616
599
471
273
68
-91
-185
-262
-379
-563
-783
-988
-1141
-1248
-1353
-1497
-1667
-1802
-1855
-1825
-1755
-1696
-1689
-1721
-1724
-1644
-1471
-1249
-1039
-894
-838
-835
-809
-699
-512
-310
-156
-63
-26
-27
-52
-58
-23
51
144
273
424
557
615
604
610
693
867
1051
1193
1272
1341
1435
1542
1620
1640
1622
1577
1527
1465
1423
1397
1362
1272
1123
973
870
834
821
787
705
573
444
340
281
227
147
36
-68
-120
-144
-175
-238
-310
-395
-506
-656
-806
-930
-1007
-1056
-1102
-1167
-1257
-1358
-1475
-1599
-1706
-1742
-1680
-1565
-1478
-1464
-1478
-1445
-1356
-1254
-1170
-1088
-1003
-929
-880
-836
-782
-708
-610
-505
-427
-415
-442
-440
-357
-194
-34
75
121
162
256
422
614
750
803
826
898
1025
1133
1161
1124
1089
1117
1213
1334
1405
1381
1292
1220
1227
1291
1332
1298
1204
1117
1086
1112
1143
1103
985
849
771
731
658
536
391
268
161
47
-108
-309
-519
-693
-813
-914
-1034
-1178
-1292
-1326
-1271
-1176
-1112
-1104
-1135
-1137
-1080
-987
-928
-904
-868
-780
-665
-578
-533
-509
-460
-374
-303
-292
-331
-333
-261
-147
-68
-66
-71
-2
157
312
386
399
420
494
598
691
733
699
624
559
544
548
544
544
578
651
720
764
778
778
778
802
856
927
976
1000
1005
1006
1009
1015
1009
948
837
696
570
464
345
166
-79
-329
-533
-705
-903
-1138
-1368
-1553
-1696
-1822
-1933
-2005
-2011
-1962
-1886
-1798
-1685
-1550
-1409
-1289
-1182
-1049
-844
-558
-262
-35
90
165
236
330
426
502
535
523
491
463
453
439
409
351
278
206
125
47
8
67
203
349
477
604
734
826
874
900
930
950
948
940
934
918
882
847
829
806
744
654
576
542
550
573
578
550
495
432
363
279
184
73
-57
-217
-390
-546
-667
-763
-872
-996
-1125
-1239
-1366
-1511
-1658
-1777
-1846
-1866
-1857
-1836
-1780
-1640
-1403
-1142
-953
-882
-861
-785
-598
-320
-29
214
396
565
751
924
1023
1022
962
906
900
954
1028
1061
1005
889
769
697
683
691
668
591
505
483
565
696
834
937
998
1010
984
936
869
777
667
581
562
635
757
859
879
828
766
743
771
801
803
763
714
668
624
555
451
298
102
-126
-386
-675
-975
-1241
-1460
-1664
-1878
-2055
-2122
-2100
-2083
-2141
-2243
-2307
-2269
-2136
-1941
-1725
-1513
-1319
-1157
-1017
-867
-670
-447
-275
-196
-169
-113
22
203
369
477
548
609
665
696
701
706
714
715
702
694
716
739
727
660
596
595
669
764
817
805
757
711
700
738
813
895
935
921
885
863
860
842
820
841
918
1004
1057
1064
1036
961
854
729
600
460
305
156
8
-170
-404
-663
-892
-1091
-1305
-1576
-1863
-2089
-2200
-2216
-2217
-2263
-2352
-2414
-2396
-2293
-2134
-1948
-1748
-1529
-1292
-1070
-905
-795
-700
-587
-443
-274
-89
79
205
278
349
465
630
791
911
989
1033
1030
979
920
891
913
983
1086
1202
1307
1413
1527
1635
1684
1632
1512
1411
1390
1452
1541
1613
1666
1701
1717
1677
1573
1419
1260
1121
1016
955
910
858
753
617
460
284
87
-87
-176
-199
-225
-314
-444
-572
-693
-823
-974
-1144
-1325
-1517
-1703
-1868
-1996
-2073
-2076
-2010
-1937
-1918
-1969
-2044
-2094
-2084
-1982
-1784
-1544
-1338
-1209
-1113
-990
-810
-608
-437
-339
-293
-243
-133
35
212
340
407
425
418
401
387
389
405
423
419
380
334
349
484
717
946
1061
1036
953
901
912
966
1038
1114
1177
1218
1251
1290
1334
1363
1335
1218
1041
902
873
933
1006
1037
1019
952
829
657
449
221
-25
-279
-518
-718
-855
-930
-945
-951
-999
-1100
-1221
-1329
-1416
-1464
-1439
-1348
-1234
-1161
-1133
-1102
-1028
-913
-801
-726
-703
-709
-709
-677
-604
-528
-473
-434
-368
-253
-131
-41
12
70
152
245
320
381
449
526
589
628
643
622
575
545
569
628
679
714
759
838
954
1079
1156
1144
1059
946
833
736
681
692
766
862
920
903
829
740
670
614
553
466
357
240
142
65
-20
-134
-271
-376
-443
-512
-616
-734
-810
-833
-830
-829
-844
-870
-888
-890
-901
-962
-1077
-1181
-1195
-1118
-1000
-892
-790
-691
-614
-577
-548
-477
-364
-256
-206
-209
-226
-217
-189
-163
-159
-176
-212
-263
-321
-367
-368
-293
-151
-4
105
179
254
335
392
403
401
444
565
745
942
1123
1247
1299
1271
1194
1102
1042
1025
1024
1006
954
888
826
775
710
608
446
240
41
-105
-203
-275
-315
-291
-226
-183
-200
-257
-310
-365
-444
-568
-713
-853
-962
-1028
-1048
-1039
-1020
-989
-943
-892
-859
-848
-829
-751
-590
-392
-227
-126
-86
-92
-159
-278
-404
-478
-460
-371
-264
-184
-129
-69
0
73
140
205
259
307
374
479
602
711
796
859
904
928
936
935
914
875
834
828
877
971
1066
1113
1107
1088
1083
1086
1056
962
823
690
613
589
580
539
468
383
272
93
-167
-454
-712
-926
-1112
-1271
-1397
-1469
-1469
-1409
-1345
-1315
-1314
-1306
-1270
-1201
-1092
-933
-733
-529
-376
-297
-291
-312
-321
-315
-340
-433
-564
-665
-681
-626
-546
-501
-514
-568
-628
-659
-638
-543
-390
-214
-54
97
252
399
514
588
644
723
843
977
1090
1183
1280
1376
1440
1455
1433
1382
1302
1201
1109
1050
1025
1029
1052
1082
1115
1141
1145
1106
1017
896
772
674
605
533
428
285
121
-63
-272
-492
-694
-866
-1009
-1120
-1196
-1241
-1266
-1280
-1291
-1304
-1327
-1345
-1356
-1375
-1399
-1403
-1346
-1232
-1082
-923
-777
-662
-585
-540
-522
-534
-554
-556
-525
-485
-431
-337
-197
-73
-35
-73
-114
-91
-29
15
19
23
64
149
246
323
357
362
379
444
543
628
685
742
822
910
978
1025
1042
1016
957
909
900
913
920
915
909
910
914
912
902
887
861
788
649
474
330
232
147
40
-88
-222
-358
-502
-661
-816
-940
-1008
-1032
-1034
-1013
-947
-837
-730
-675
-690
-746
-803
-827
-794
-705
-599
-522
-477
-437
-389
-351
-342
-372
-411
-426
-393
-328
-265
-207
-150
-76
12
100
160
175
165
179
241
337
447
558
668
737
737
669
568
462
346
231
164
201
355
568
759
874
900
879
867
892
928
926
864
786
729
704
707
746
804
836
786
638
442
245
61
-128
-316
-464
-561
-623
-687
-766
-880
-1027
-1190
-1321
-1386
-1364
-1267
-1149
-1048
-984
-940
-916
-913
-929
-950
-962
-959
-943
-925
-897
-842
-744
-620
-496
-394
-312
-237
-164
-97
-23
70
183
286
365
422
471
530
577
602
607
630
694
785
869
915
923
905
887
872
851
814
756
699
668
691
760
852
933
966
930
826
677
514
377
294
275
282
282
261
235
210
175
127
60
-17
-113
-223
-341
-450
-550
-667
-800
-935
-1053
-1151
-1224
-1257
-1274
-1317
-1391
-1458
-1486
-1472
-1436
-1389
-1331
-1264
-1191
-1114
-1023
-903
-760
-620
-490
-367
-231
-82
62
188
297
394
472
532
582
629
680
745
850
975
1075
1120
1132
1142
1169
1236
1351
1482
1546
1501
1365
1216
1108
1043
993
941
906
903
927
955
971
950
887
787
690
639
617
579
490
379
304
291
322
335
302
234
145
22
-170
-434
-717
-937
-1054
-1096
-1124
-1171
-1243
-1336
-1444
-1531
-1573
-1560
-1490
-1390
-1289
-1236
-1219
-1205
-1162
-1098
-1023
-948
-885
-867
-896
-941
-968
-962
-918
-822
-683
-530
-404
-300
-201
-92
11
116
254
444
649
822
939
989
986
960
944
930
890
810
733
708
747
792
789
737
665
596
521
447
387
364
395
482
592
685
734
724
668
587
512
453
408
379
349
294
206
106
28
-12
-19
-21
-50
-114
-199
-288
-379
-469
-540
-591
-639
-709
-790
-864
-936
-1035
-1157
-1260
-1294
-1239
-1126
-1006
-930
-901
-883
-836
-737
-599
-439
-273
-110
36
144
192
185
168
188
254
337
411
470
510
542
585
636
671
674
675
687
697
691
698
739
795
836
875
922
959
968
964
982
1011
1005
928
785
601
405
225
92
26
21
53
92
102
70
12
-30
-36
-11
25
46
25
-57
-168
-265
-314
-332
-363
-442
-546
-632
-681
-730
-810
-921
-1027
-1094
-1125
-1155
-1227
-1339
-1455
-1535
-1556
-1505
-1384
-1211
-1020
-835
-686
-598
-556
-513
-431
-313
-182
-46
75
169
240
318
425
538
631
691
754
839
930
987
999
998
1007
1021
1029
1019
1000
990
1007
1052
1104
1137
1123
1060
971
901
874
894
942
987
992
949
898
864
826
721
542
335
171
73
8
-76
-205
-350
-451
-471
-432
-372
-337
-360
-442
-550
-650
-731
-786
-806
-806
-835
-911
-1007
-1093
-1176
-1269
-1343
-1379
-1384
-1394
-1429
-1467
-1470
-1410
-1306
-1192
-1097
-1013
-928
-850
-796
-755
-678
-529
-335
-150
-13
80
137
192
262
338
392
398
375
348
359
447
636
883
1102
1226
1235
1176
1108
1071
1047
1010
965
934
918
893
843
776
714
658
602
533
459
404
379
371
370
377
393
408
421
438
455
457
421
348
260
181
120
63
-9
-99
-197
-296
-403
-512
-597
-646
-665
-673
-670
-677
-707
-754
-778
-755
-697
-635
-568
-488
-395
-320
-281
-259
-250
-251
-273
-304
-332
-363
-391
-393
-329
-189
1
198
368
497
588
658
741
830
901
936
949
977
1025
1090
1141
1145
1078
953
796
612
394
163
-27
-160
-240
-263
-214
-108
-11
41
39
-7
-110
-254
-375
-410
-354
-260
-188
-184
-256
-376
-502
-593
-645
-667
-685
-724
-796
-895
-983
-1028
-1032
-1038
-1073
-1108
-1126
-1127
-1124
-1097
-1034
-966
-915
-884
-863
-868
-902
-928
-910
-851
-780
-714
-639
-541
-412
-269
-129
-13
68
141
250
412
573
689
763
834
906
961
976
959
931
899
866
827
789
762
774
848
987
1148
1272
1328
1332
1314
1298
1301
1323
1347
1346
1313
1257
1206
1162
1108
1014
868
697
543
444
399
378
358
330
291
237
163
76
-5
-57
-69
-65
-83
-153
-263
-394
-542
-694
-811
-862
-861
-853
-841
-815
-799
-816
-861
-888
-868
-813
-762
-748
-777
-826
-859
-852
-808
-738
-655
-564
-467
-380
-330
-324
-348
-380
-401
-388
-322
-207
-65
76
195
278
307
277
211
154
146
186
243
282
296
295
291
303
320
305
234
139
71
67
105
150
154
104
13
-74
-130
-164
-198
-260
-335
-399
-425
-408
-362
-305
-268
-270
-310
-366
-425
-478
-509
-510
-454
-344
-194
-61
6
4
-30
-71
-125
-197
-261
-295
-310
-327
-353
-364
-344
-273
-164
-35
78
157
225
303
382
436
465
491
536
598
671
745
796
820
834
845
833
781
710
660
634
609
591
597
625
637
614
571
554
578
630
681
700
687
648
610
569
520
456
385
303
196
79
-23
-90
-147
-237
-368
-499
-584
-623
-660
-706
-750
-787
-838
-930
-1039
-1118
-1123
-1059
-971
-907
-880
-882
-894
-883
-838
-773
-717
-679
-643
-614
-588
-548
-480
-378
-242
-67
126
296
427
535
642
738
783
750
651
521
388
271
184
148
177
279
428
572
651
665
637
591
504
387
287
259
298
348
372
364
347
331
319
306
296
283
258
217
188
187
216
232
195
103
-1
-84
-142
-184
-201
-180
-129
-82
-72
-101
-159
-229
-313
-404
-480
-525
-548
-574
-605
-617
-596
-556
-515
-489
-494
-535
-587
-604
-586
-578
-606
-626
-595
-512
-425
-383
-407
-468
-508
-481
-376
-246
-147
-102
-92
-78
-29
54
153
220
242
245
280
383
536
713
882
1024
1113
1123
1051
941
848
807
804
815
830
844
837
786
689
570
475
422
389
345
286
241
222
217
215
203
184
162
138
103
44
-32
-111
-178
-239
-289
-316
-327
-338
-376
-446
-547
-664
-773
-841
-851
-812
-742
-677
-634
-614
-612
-642
-714
-802
-850
-830
-777
-746
-747
-742
