164
88
47
66
127
170
169
125
52
-32
-107
-173
-232
-265
-267
-261
-279
-307
-321
-326
-342
-360
-349
-292
-229
-206
-228
-252
-253
-243
-246
-258
-254
-228
-190
-158
-117
-60
7
45
33
-43
-166
-268
-273
-170
-46
15
6
-19
-35
-45
-60
-105
-182
-270
-319
-315
-272
-213
-159
-124
-109
-112
-128
-172
-245
-330
-421
-507
-567
-567
-494
-396
-341
-364
-433
-480
-467
-403
-321
-239
-172
-123
-84
-47
-1
62
148
231
295
331
326
274
200
171
217
314
405
443
410
319
214
138
95
78
102
187
298
358
344
307
309
343
368
362
341
334
363
422
484
517
513
486
451
417
402
404
419
419
377
295
214
191
218
261
298
322
304
230
149
151
265
440
603
702
725
678
564
396
214
75
5
-19
-46
-85
-112
-110
-84
-72
-86
-126
-165
-182
-168
-154
-190
-289
-399
-449
-431
-408
-448
-531
-588
-561
-474
-381
-328
-307
-291
-263
-235
-233
-269
-341
-409
-438
-419
-382
-365
-399
-488
-611
-709
-742
-698
-610
-528
-489
-488
-501
-503
-479
-424
-353
-304
-289
-285
-256
-196
-118
-40
8
17
17
34
63
68
56
43
46
74
116
163
199
222
232
239
243
224
173
123
121
174
236
263
262
278
339
428
497
515
503
516
568
617
601
501
353
222
146
112
85
43
2
-12
9
56
105
118
106
125
227
384
497
505
436
365
345
365
381
358
299
225
144
55
-29
-80
-87
-77
-67
-69
-88
-120
-155
-167
-173
-182
-182
-137
-54
27
91
136
167
148
57
-76
-174
-194
-162
-144
-163
-193
-184
-121
-47
-12
-41
-95
-138
-173
-215
-253
-261
-246
-227
-218
-205
-170
-113
-61
-19
34
115
200
255
265
226
146
39
-49
-87
-92
-125
-205
-289
-318
-291
-249
-228
-229
-262
-311
-342
-329
-289
-266
-255
-244
-229
-240
-290
-353
-398
-398
-351
-255
-154
-91
-91
-129
-173
-206
-217
-198
-170
-165
-188
-207
-197
-160
-117
-86
-71
-57
-29
10
44
59
68
91
158
263
379
464
502
524
550
578
583
569
566
587
623
624
574
515
476
441
391
364
377
384
335
259
217
218
222
192
125
42
-15
-19
32
85
98
64
27
26
44
48
26
16
26
29
-19
-91
-152
-198
-245
-283
-276
-249
-248
-295
-351
-391
-426
-464
-483
-449
-377
-306
-254
-219
-205
-209
-225
-251
-294
-328
-306
-241
-211
-251
-311
-325
-282
-219
-143
-48
70
197
305
390
466
562
676
767
821
861
917
953
914
778
581
376
207
88
2
-77
-161
-222
-253
-279
-322
-363
-379
-359
-329
-296
-264
-238
-212
-184
-146
-116
-109
-140
-208
-292
-345
-336
-295
-266
-262
-254
-214
-157
-126
-160
-234
-298
-331
-358
-393
-428
-453
-474
-479
-452
-387
-318
-275
-262
-237
-161
-48
73
175
284
408
514
556
533
518
559
619
632
595
559
549
533
489
417
343
296
302
341
366
365
372
404
421
381
297
209
149
122
105
82
56
70
135
224
282
283
237
176
136
130
134
137
144
166
185
157
50
-125
-303
-415
-433
-382
-336
-352
-423
-494
-525
-511
-469
-432
-436
-477
-519
-535
-530
-500
-431
-328
-230
-164
-127
-120
-142
-197
-258
-303
-326
-347
-379
-417
-439
-434
-414
-383
-332
-231
-100
10
48
16
-28
-14
69
152
177
140
85
29
-23
-59
-56
-6
74
160
228
285
332
345
292
203
151
179
246
277
244
166
96
81
131
206
259
287
315
338
314
227
98
-29
-102
-96
-40
-15
-58
-126
-151
-124
-84
-51
-18
37
113
203
282
321
316
299
313
354
381
365
310
255
223
228
253
266
250
208
138
23
-117
-244
-321
-371
-416
-467
-511
-525
-496
-423
-345
-270
-184
-64
58
130
146
146
167
215
269
324
373
411
443
474
498
492
445
347
206
26
-172
-345
-448
-465
-430
-393
-370
-346
-300
-243
-200
-182
-169
-124
-37
60
105
77
2
-70
-105
-92
-44
14
71
138
219
300
355
365
332
267
177
56
-89
-223
-319
-393
-451
-461
-389
-262
-137
-34
45
101
129
144
171
214
250
245
182
90
1
-70
-111
-97
-27
62
127
165
187
195
166
99
7
-79
-130
-157
-183
-218
-227
-184
-111
-51
-23
-20
-32
-44
-25
38
119
179
215
241
259
252
215
158
110
96
115
129
94
10
-74
-116
-134
-178
-261
-340
-372
-360
-338
-331
-331
-313
-246
-148
-80
-77
-124
-186
-243
-292
-321
-305
-244
-157
-99
-107
-176
-262
-311
-303
-262
-240
-280
-372
-457
-487
-477
-471
-480
-475
-425
-332
-220
-104
16
135
234
291
322
368
440
511
555
578
611
658
708
747
766
760
726
689
687
714
732
696
619
542
472
392
305
260
300
396
479
514
510
489
437
350
257
202
195
192
147
47
-83
-218
-318
-349
-311
-267
-264
-297
-328
-355
-393
-430
-425
-369
-289
-219
-186
-203
-280
-379
-446
-464
-481
-553
-633
-651
-603
-580
-628
-702
-739
-717
-653
-568
-498
-471
-473
-458
-392
-288
-186
-88
21
140
237
297
321
315
297
304
351
390
373
302
215
140
94
90
115
131
120
88
64
60
80
123
180
253
324
377
412
436
437
387
298
243
266
343
410
438
434
393
332
277
259
281
304
268
143
-32
-189
-292
-357
-399
-439
-491
-565
-632
-658
-631
-572
-512
-461
-416
-392
-386
-374
-326
-231
-134
-66
-45
-42
-16
42
103
134
148
175
227
275
282
219
121
46
32
69
116
148
155
144
126
126
150
187
196
152
75
27
53
125
189
221
259
339
432
488
493
486
508
552
587
559
456
327
246
228
231
200
148
107
93
85
60
4
-86
-184
-248
-250
-222
-218
-255
-302
-342
-385
-439
-470
-430
-328
-230
-222
-318
-460
-564
-601
-603
-602
-606
-602
-580
-544
-488
-410
-321
-239
-175
-110
-48
2
36
63
68
48
30
51
105
156
197
228
236
212
168
140
147
200
291
394
465
477
441
393
369
359
339
298
255
232
232
249
279
310
309
274
234
215
203
180
151
133
117
94
81
85
91
54
-45
-197
-364
-478
-480
-408
-357
-367
-384
-360
-328
-334
-381
-438
-478
-486
-452
-374
-292
-240
-208
-148
-45
57
102
80
25
-22
-47
-48
-39
-35
-45
-66
-97
-128
-130
-71
40
135
159
112
53
26
40
65
69
22
-84
-206
-290
-311
-309
-319
-322
-287
-213
-148
-108
-77
-19
66
160
234
265
263
242
246
278
317
333
329
327
324
306
269
225
185
149
131
152
214
296
367
411
427
423
407
381
358
342
327
291
227
154
101
91
124
210
320
421
472
461
425
371
306
237
200
217
244
233
186
136
98
44
-35
-112
-152
-147
-131
-139
-201
-325
-468
-570
-574
-499
-408
-356
-362
-414
-475
-489
-425
-309
-209
-170
-184
-206
-214
-212
-213
-208
-178
-125
-80
-70
-91
-114
-111
-74
-17
30
50
22
-44
-120
-150
-129
-103
-120
-185
-249
-287
-296
-306
-336
-352
-316
-221
-129
-107
-164
-274
-376
-420
-385
-295
-212
-175
-199
-273
-363
-423
-419
-375
-342
-344
-354
-343
-327
-313
-304
-294
-293
-284
-253
-214
-184
-169
-155
-136
-118
-78
1
110
220
321
438
564
657
705
753
831
900
907
882
890
940
961
912
821
718
595
455
366
377
446
498
500
461
386
295
221
181
154
125
121
169
266
377
460
490
473
440
396
331
237
158
99
35
-54
-126
-148
-142
-149
-175
-211
-261
-322
-368
-385
-398
-431
-465
-472
-456
-445
-449
-447
-424
-387
-341
-291
-246
-203
-160
-125
-111
-123
-150
-175
-188
-179
-130
-30
109
252
360
426
459
470
441
360
242
131
80
88
103
76
-4
-99
-188
-265
-328
-359
-351
-323
-294
-260
-206
-147
-91
-36
9
36
50
99
171
232
259
258
234
190
145
96
19
-88
-182
-214
-200
-175
-152
-143
-171
-271
-415
-533
-568
-523
-457
-386
-313
-250
-235
-282
-341
-364
-350
-343
-373
-415
-418
-366
-277
-189
-111
-37
32
75
81
63
54
70
99
113
90
48
-4
-48
-77
-89
-106
-132
-120
-32
90
176
209
220
220
207
200
217
255
295
341
395
429
433
437
479
564
658
729
742
665
514
335
184
81
36
36
37
3
-60
-112
-135
-124
-77
-16
27
44
52
53
25
-32
-81
-102
-102
-98
-86
-63
-50
-74
-131
-180
-174
-112
-34
1
-26
-78
-123
-152
-180
-207
-235
-259
-265
-247
-219
-204
-190
-162
-122
-67
16
96
123
103
120
218
337
407
413
380
316
242
195
199
237
286
329
347
338
308
260
188
96
31
49
146
237
222
102
-31
-77
-52
-19
-24
-58
-115
-193
-280
-343
-379
-402
-426
-456
-484
-497
-463
-370
-246
-129
-22
87
177
205
183
140
93
23
-47
-70
-41
-3
1
-2
21
87
151
158
84
-33
-137
-194
-222
-246
-274
-294
-284
-254
-227
-221
-224
-225
-212
-161
-66
33
80
70
53
57
74
100
129
149
141
100
52
6
-25
-13
26
38
-43
-194
-331
-395
-398
-397
-399
-383
-331
-261
-205
-187
-200
-218
-218
-202
-173
-142
-114
-97
-94
-96
-101
-83
-21
94
239
374
465
502
479
400
282
168
133
194
288
330
307
260
245
263
269
234
167
128
133
160
185
201
207
195
184
199
229
250
258
269
290
311
333
360
396
427
432
392
305
204
147
165
219
246
219
174
151
164
203
225
209
149
88
32
-23
-73
-89
-71
-68
-100
-146
-152
-108
-38
13
18
-17
-46
-42
-15
10
17
-2
-31
-36
-5
19
-22
-112
-174
-169
-157
-196
-279
-325
-310
-271
-271
-321
-391
-448
-476
-475
-437
-373
-322
-328
-396
-478
-524
-527
-505
-494
-520
-587
-672
-722
-697
-601
-476
-370
-295
-240
-192
-154
-139
-161
-186
-172
-116
-64
-71
-133
-213
-257
-243
-190
-138
-106
-67
10
126
254
360
432
437
380
307
286
313
325
283
196
98
13
-29
-18
31
91
155
231
301
361
407
460
525
595
655
672
654
624
612
617
627
621
578
510
460
459
490
496
446
353
254
178
115
69
33
1
-37
-60
-51
-35
-48
-77
-83
-50
-3
13
-18
-82
-135
-164
-178
-191
-200
-194
-179
-170
-180
-211
-254
-298
-347
-410
-455
-454
-394
-322
-295
-333
-396
-428
-408
-351
-294
-258
-238
-206
-146
-77
-35
-26
-18
3
21
16
-9
-21
-19
-3
47
160
319
446
496
474
398
276
145
82
110
174
203
184
151
117
79
42
39
79
104
63
-31
-119
-167
-188
-182
-145
-84
-22
7
-20
-103
-200
-253
-235
-162
-72
7
53
65
61
64
88
125
126
61
-58
-158
-192
-183
-193
-259
-345
-386
-337
-225
-108
-27
8
31
74
136
185
178
102
-11
-107
-142
-129
-103
-78
-60
-62
-96
-133
-133
-93
-49
-22
3
18
2
-65
-162
-229
-237
-196
-157
-148
-162
-180
-182
-162
-99
-1
120
226
304
345
352
331
313
314
307
276
227
174
114
46
-9
-43
-60
-62
-36
17
71
135
207
283
339
376
394
389
366
347
344
344
323
271
219
197
212
232
241
244
257
290
317
305
221
89
-25
-80
-79
-71
-86
-128
-195
-278
-347
-355
-310
-272
-284
-320
-328
-301
-276
-258
-247
-230
-222
-230
-237
-198
-97
12
60
18
-73
-171
-244
-276
-259
-206
-144
-79
-14
44
81
103
114
116
99
80
71
69
61
37
8
-14
-15
11
48
68
67
60
72
100
127
110
18
-123
-260
-341
-366
-353
-320
-279
-238
-206
-180
-136
-72
-12
49
146
293
433
499
463
356
219
106
57
67
92
88
49
-5
-51
-67
-54
-26
1
16
14
-23
-100
-201
-300
-386
-448
-460
-398
-280
-155
-65
-14
1
9
50
141
245
311
323
296
245
188
142
119
105
74
19
-47
-87
-109
-160
-267
-383
-440
-433
-405
-390
-376
-342
-270
-162
-34
82
144
145
119
122
189
294
370
367
287
181
114
117
174
255
344
433
481
453
366
285
234
188
126
70
60
90
109
93
57
45
68
118
168
209
243
282
323
327
266
160
74
26
3
-23
-51
-66
-75
-70
-52
-19
12
25
15
-35
-125
-234
-322
-364
-355
-311
-268
-273
-339
-417
-455
-437
-393
-338
-286
-252
-263
-320
-400
-465
-502
-515
-517
-507
-487
-461
-427
-397
-359
-305
-226
-127
-11
106
190
218
213
232
290
363
420
441
418
348
249
160
106
72
4
-92
-145
-99
1
75
105
123
135
118
64
21
28
103
211
326
444
542
589
562
507
481
501
533
526
457
355
273
244
237
224
205
193
182
170
169
187
203
188
152
139
192
313
448
522
498
411
334
317
336
338
306
237
144
49
-6
-11
8
10
-19
-75
-160
-263
-355
-409
-436
-459
-483
-495
-515
-584
-717
-863
-958
-996
-1007
-1027
-1064
-1109
-1140
-1139
-1105
-1073
-1063
-1061
-1041
-987
-911
-844
-820
-839
-853
-813
-727
-636
-560
-488
-416
-349
-259
-118
85
315
530
716
871
1005
1114
1193
1244
1274
1301
1328
1355
1381
1394
1393
1383
1374
1360
1322
1273
1222
1161
1056
908
758
658
625
637
645
607
500
339
160
-4
-128
-223
-307
-400
-517
-676
-870
-1083
-1282
-1461
-1597
-1675
-1700
-1704
-1703
-1652
-1514
-1312
-1119
-976
-868
-764
-643
-504
-351
-202
-74
29
123
223
333
432
504
537
565
636
758
894
1003
1089
1146
1163
1165
1211
1326
1479
1614
1689
1708
1712
1731
1755
1771
1774
1774
1762
1724
1638
1493
1319
1166
1079
1047
1041
1002
864
602
282
-15
-284
-579
-913
-1245
-1566
-1919
-2317
-2705
-3013
-3225
-3374
-3509
-3637
-3706
-3649
-3463
-3216
-2966
-2727
-2497
-2257
-1989
-1716
-1526
-1485
-1528
-1499
-1287
-914
-516
-248
-174
-228
-271
-200
-7
239
465
641
790
945
1115
1259
1326
1291
1214
1185
1241
1349
1449
1504
1496
1447
1411
1435
1515
1604
1684
1775
1897
2050
2203
2324
2387
2405
2391
2350
2267
2151
2007
1841
1658
1490
1363
1243
1083
864
630
445
333
263
199
134
82
44
7
-56
-162
-292
-412
-530
-675
-852
-1013
-1141
-1265
-1428
-1653
-1910
-2137
-2270
-2299
-2278
-2266
-2278
-2286
-2239
-2083
-1807
-1495
-1260
-1122
-992
-774
-485
-226
-109
-154
-303
-441
-484
-414
-294
-223
-264
-385
-489
-508
-452
-387
-346
-308
-219
-48
167
352
452
502
551
632
754
930
1160
1388
1562
1692
1827
1988
2149
2272
2334
2331
2301
2280
2263
2197
2053
1885
1779
1778
1824
1823
1716
1528
1339
1202
1100
957
702
326
-98
-470
-739
-953
-1232
-1672
-2264
-2884
-3385
-3688
-3812
-3831
-3809
-3759
-3653
-3447
-3141
-2813
-2565
-2428
-2309
-2076
-1706
-1306
-1047
-976
-1008
-966
-755
-420
-114
28
12
-35
25
222
469
648
708
705
760
928
1126
1217
1142
989
906
978
1187
1428
1597
1641
1590
1545
1581
1698
1843
1969
2058
2119
2176
2236
2269
2213
2063
1898
1817
1872
2020
2172
2230
2163
2025
1906
1863
1868
1853
1782
1659
1503
1283
944
479
-44
-523
-912
-1257
-1674
-2238
-2909
-3527
-3930
-4079
-4087
-4122
-4270
-4448
-4478
-4232
-3724
-3080
-2449
-1920
-1498
-1127
-745
-328
93
446
684
817
893
949
972
925
791
605
446
364
323
228
12
-290
-559
-667
-576
-372
-191
-119
-119
-83
55
250
412
500
579
748
1046
1399
1689
1869
1968
2064
2208
2419
2657
2854
2948
2948
2936
2991
3116
3240
3269
3166
2971
2769
2620
2529
2440
2257
1896
1357
760
243
-174
-610
-1192
-1935
-2720
-3401
-3896
-4254
-4603
-5025
-5445
-5665
-5537
-5106
-4597
-4212
-3955
-3665
-3177
-2480
-1730
-1109
-679
-351
8
435
831
1065
1105
1055
1054
1131
1206
1174
980
686
438
336
335
295
132
-112
-335
-451
-459
-415
-365
-295
-156
73
358
631
855
1050
1280
1587
1953
2318
2635
2899
3116
3284
3390
3426
3413
3389
3393
3421
3417
3332
3185
3026
2896
2795
2700
2542
2247
1784
1239
749
372
13
-503
-1233
-2058
-2795
-3372
-3852
-4341
-4862
-5345
-5674
-5754
-5610
-5371
-5156
-4931
-4561
-3974
-3258
-2572
-2001
-1518
-1029
-467
132
663
1038
1273
1457
1685
1959
2166
2184
2012
1784
1622
1550
1471
1282
951
553
234
104
162
284
317
218
88
97
307
616
846
919
931
1034
1301
1645
1924
2063
2113
2203
2418
2725
3003
3150
3167
3147
3181
3267
3332
3299
3165
2985
2825
2701
2554
2286
1857
1344
843
368
-189
-906
-1728
-2519
-3198
-3816
-4444
-5095
-5674
-6052
-6196
-6201
-6189
-6152
-5952
-5475
-4775
-4009
-3288
-2621
-1969
-1311
-640
47
719
1304
1751
2083
2356
2610
2801
2840
2671
2364
2082
1911
1761
1481
1051
596
271
124
100
75
-35
-220
-362
-347
-182
10
106
103
99
191
418
736
1049
1264
1392
1549
1819
2165
2472
2673
2792
2905
3066
3279
3481
3597
3592
3498
3381
3281
3184
2990
2591
2004
1382
836
293
-378
-1191
-2022
-2752
-3375
-3969
-4631
-5352
-6002
-6425
-6598
-6607
-6511
-6293
-5908
-5377
-4754
-4079
-3347
-2553
-1721
-908
-144
554
1162
1641
1998
2297
2599
2901
3133
3214
3108
2882
2644
2443
2226
1953
1659
1388
1110
789
467
219
59
-59
-148
-157
-48
166
406
601
716
827
1033
1361
1736
2060
2317
2563
2850
3160
3436
3659
3845
4003
4123
4199
4245
4247
4184
4036
3805
3493
3092
2599
2039
1459
851
156
-656
-1523
-2333
-3048
-3718
-4456
-5310
-6184
-6878
-7249
-7349
-7339
-7315
-7238
-7024
-6616
-6012
-5271
-4521
-3824
-3142
-2368
-1494
-623
109
655
1084
1498
1956
2414
2760
2899
2854
2769
2789
2902
2974
2878
2615
2269
1922
1632
1422
1274
1133
973
811
712
704
756
790
784
794
884
1055
1267
1491
1721
1955
2223
2557
2934
3284
3575
3823
4037
4193
4273
4294
4265
4163
3977
3737
3453
3065
2539
1933
1343
776
155
-565
-1380
-2230
-3069
-3904
-4802
-5784
-6709
-7363
-7659
-7732
-7773
-7838
-7815
-7543
-6934
-6065
-5131
-4322
-3646
-2954
-2099
-1090
-56
841
1515
1982
2369
2802
3269
3612
3700
3594
3460
3423
3458
3466
3316
2965
2504
2112
1895
1796
1684
1481
1214
957
796
790
903
1017
1042
1023
1081
1269
1546
1813
1989
2072
2148
2332
2643
2992
3267
3466
3656
3877
4093
4240
4295
4269
4184
4058
3886
3626
3233
2737
2214
1655
949
13
-1049
-2089
-3035
-3923
-4782
-5620
-6433
-7164
-7720
-8077
-8313
-8478
-8494
-8253
-7759
-7109
-6401
-5668
-4894
-4034
-3068
-2056
-1109
-280
464
1185
1896
2550
3075
3434
3663
3831
3964
4024
3962
3733
3336
2848
2405
2095
1852
1542
1129
746
521
459
465
452
410
378
419
564
776
1001
1237
1542
1942
2391
2820
3198
3532
3829
4130
4460
4780
5002
5070
5045
5039
5110
5178
5075
4712
4147
3521
2934
2413
1873
1162
168
-1023
-2169
-3102
-3867
-4642
-5548
-6517
-7365
-7930
-8199
-8315
-8434
-8554
-8495
-8073
-7291
-6359
-5518
-4831
-4164
-3336
-2312
-1224
-277
400
850
1281
1860
2553
3159
3527
3668
3713
3769
3834
3799
3560
3143
2677
2288
2002
1760
1454
1046
627
367
320
390
432
391
331
343
496
757
1048
1305
1532
1781
2092
2473
2888
3279
3623
3972
4383
4827
5183
5365
5367
5259
5145
5076
5005
4796
4357
3722
3015
2316
1580
687
-397
-1572
-2683
-3658
-4550
-5460
-6424
-7373
-8167
-8670
-8845
-8811
-8741
-8671
-8466
-7957
-7143
-6174
-5227
-4368
-3551
-2672
-1672
-594
399
1180
1789
2368
2996
3597
4018
4169
4099
3958
3869
3818
3693
3422
3040
2622
2225
1883
1618
1410
1215
1028
889
838
859
904
924
928
979
1150
1438
1769
2042
2235
2411
2654
3000
3409
3799
4093
4297
4467
4675
4899
5078
5146
5090
4932
4727
4479
4120
3552
2798
2012
1301
586
-316
-1453
-2702
-3861
-4841
-5690
-6536
-7438
-8304
-8942
-9253
-9320
-9301
-9231
-9001
-8486
-7662
-6627
-5532
-4502
-3564
-2646
-1649
-566
490
1372
2046
2594
3131
3685
4188
4524
4638
4582
4472
4376
4260
4048
3695
3249
2772
2324
1947
1650
1404
1149
858
565
337
217
209
276
390
532
714
955
1249
1574
1898
2206
2518
2865
3252
3642
3973
4221
4399
4524
4594
4608
4582
4537
4471
4361
4123
3644
2908
2072
1319
639
-147
-1184
-2417
-3637
-4654
-5440
-6161
-7014
-7978
-8773
-9144
-9125
-8959
-8790
-8550
-8088
-7325
-6315
-5205
-4141
-3168
-2214
-1166
-5
1165
2169
2909
3419
3866
4386
4976
5469
5696
5617
5364
5097
4853
4530
4026
3383
2747
2243
1868
1530
1150
739
377
136
27
28
106
214
303
354
424
617
979
1422
1795
2061
2340
2749
3234
3651
3932
4138
4365
4644
4923
5085
5051
4863
4640
4445
4208
3786
3082
2144
1177
363
-343
-1175
-2304
-3626
-4844
-5740
-6378
-7050
-7967
-9011
-9790
-10013
-9763
-9395
-9157
-8962
-8518
-7625
-6361
-5015
-3855
-2924
-2038
-994
220
1407
2334
2939
3381
3869
4457
4998
5306
5311
5104
4828
4601
4414
4159
3729
3153
2594
2186
1935
1714
1423
1074
804
720
781
828
783
726
792
1008
1293
1582
1894
2270
2698
3136
3513
3795
3999
4203
4462
4746
4962
5038
4982
4866
4748
4633
4463
4166
3689
3013
2142
1157
244
-475
-1122
-1985
-3217
-4644
-5888
-6707
-7189
-7684
-8447
-9358
-9999
-10039
-9555
-8941
-8510
-8205
-7699
-6705
-5278
-3760
-2506
-1570
-686
441
1821
3151
4094
4599
4893
5251
5745
6206
6400
6222
5781
5283
4857
4485
4077
3568
2984
2400
1894
1506
1243
1054
860
606
342
184
235
476
747
886
884
931
1226
1747
2291
2683
2934
3173
3494
3888
4264
4494
4538
4482
4457
4486
4489
4392
4180
3847
3393
2796
2021
1092
132
-727
-1520
-2437
-3622
-4994
-6281
-7232
-7827
-8313
-8968
-9785
-10449
-10640
-10332
-9765
-9195
-8676
-8049
-7098
-5787
-4336
-3025
-1942
-936
192
1486
2795
3892
4676
5223
5670
6077
6404
6598
6597
6387
5992
5479
4903
4308
3729
3186
2670
2167
1699
1321
1069
915
751
493
189
36
201
626
1049
1231
1190
1182
1459
2046
2713
3230
3544
3774
4061
4436
4842
5182
5379
5399
5255
5050
4899
4799
4607
4168
3451
2525
1494
486
-396
-1172
-2021
-3151
-4576
-6049
-7223
-7919
-8275
-8638
-9252
-10015
-10541
-10494
-9869
-8979
-8160
-7506
-6817
-5834
-4475
-2910
-1411
-157
870
1822
2855
3973
5040
5877
6391
6615
6640
6566
6455
6314
6071
5615
4896
4016
3170
2532
2097
1711
1202
554
-85
-489
-566
-422
-292
-314
-430
-469
-285
97
545
935
1278
1652
2108
2621
3130
3563
3885
4149
4446
4797
5114
5297
5306
5167
4948
4718
4487
4169
3655
2878
1843
649
-518
-1491
-2290
-3160
-4372
-5916
-7460
-8588
-9176
-9456
-9781
-10285
-10764
-10879
-10436
-9553
-8525
-7571
-6677
-5684
-4474
-3101
-1699
-375
870
2052
3113
3957
4596
5193
5891
6625
7110
7110
6660
6051
5576
5291
5003
4460
3609
2663
1926
1532
1352
1131
751
313
34
23
204
397
498
562
705
982
1337
1717
2106
2543
3015
3467
3840
4142
4435
4784
5186
5560
5789
5802
5639
5405
5161
4883
4525
4069
3511
2807
1881
724
-531
-1672
-2577
-3355
-4274
-5540
-7080
-8531
-9510
-9914
-10001
-10148
-10509
-10893
-10921
-10350
-9243
-7915
-6672
-5612
-4584
-3397
-1999
-515
920
2225
3349
4235
4882
5388
5878
6390
6827
7006
6784
6194
5485
4924
4547
4141
3479
2561
1609
884
485
309
148
-105
-408
-625
-680
-588
-410
-163
158
525
873
1161
1444
1803
2250
2682
3021
3273
3522
3842
4234
4622
4890
4981
4947
4882
4816
4705
4519
4268
3912
3358
2515
1428
230
-929
-1978
-2953
-3993
-5227
-6619
-7976
-9046
-9726
-10058
-10216
-10358
-10538
-10618
-10363
-9601
-8375
-6909
-5467
-4180
-3001
-1758
-320
1263
2802
4105
5090
5771
6239
6613
6976
7301
7474
7362
6933
6268
5527
4819
4151
3450
2678
1883
1162
580
126
-237
-508
-638
-617
-488
-338
-180
29
346
761
1187
1548
1842
2139
2508
2961
3460
3934
4323
4604
4804
4978
5140
5253
5246
5067
4726
4290
3856
3480
3109
2598
1815
742
-496
-1712
-2764
-3680
-4616
-5750
-7101
-8480
-9609
-10341
-10708
-10849
-10893
-10901
-10808
-10457
-9720
-8600
-7216
-5734
-4308
-3006
-1781
-507
862
2264
3564
4629
5411
5954
6351
6666
6897
7021
6991
6729
6185
5427
4611
3861
3190
2541
1852
1140
468
-74
-433
-598
-630
-606
-546
-401
-147
157
439
696
1005
1404
1876
2366
2836
3251
3611
3960
4315
4655
4932
5132
5258
5348
5406
5405
5276
5027
4722
4393
3968
3355
2518
1473
263
-1024
-2249
-3313
-4267
-5296
-6539
-7931
-9230
-10218
-10799
-11031
-11027
-10921
-10751
-10458
-9922
-9060
-7855
-6354
-4676
-3008
-1499
-168
1086
2355
3615
4755
5657
6282
6679
6963
7195
7342
7312
7056
6574
5905
5126
4344
3620
2935
2233
1509
827
253
-180
-483
-654
-694
-605
-427
-203
32
274
533
842
1212
1628
2053
2474
2908
3354
3794
4191
4536
4818
5037
5201
5312
5354
5294
5116
4846
4533
4200
3821
3310
2578
1576
367
-916
-2144
-3279
-4363
-5475
-6683
-7978
-9214
-10213
-10873
-11221
-11341
-11297
-11113
-10756
-10182
-9339
-8192
-6753
-5112
-3445
-1917
-570
674
1897
3104
4253
5292
6147
6757
7113
7293
7358
7305
7085
6669
6068
5314
4444
3515
2617
1819
1120
472
-151
-716
-1139
-1356
-1368
-1241
-1044
-799
-470
-42
461
986
1506
2019
2517
2984
3405
3786
4171
4575
4948
5192
5270
5260
5314
5483
5630
5538
5129
4555
4049
3704
3392
2893
2055
895
-453
-1814
-3055
-4132
-5101
-6096
-7211
-8414
-9572
-10518
-11143
-11395
-11340
-11089
-10735
-10276
-9644
-8748
-7507
-5936
-4183
-2476
-939
444
1776
3101
4374
5488
6353
6948
7314
7522
7620
7628
7505
7192
6665
5945
5079
4118
3146
2274
1553
958
409
-122
-586
-897
-1003
-935
-769
-560
-306
47
531
1102
1657
2129
2536
2939
3355
3749
4112
4458
4775
4993
5078
5077
5087
5170
5288
5315
5128
4715
4177
3650
3164
2642
1950
1007
-166
-1468
-2765
-3966
-5054
-6102
-7206
-8378
-9528
-10511
-11218
-11595
-11653
-11458
-11107
-10670
-10137
-9407
-8336
-6860
-5066
-3188
-1457
36
1358
2634
3934
5205
6307
7114
7616
7887
8003
7988
7828
7485
6943
6210
5340
4392
3426
2493
1631
852
156
-437
-884
-1148
-1216
-1132
-985
-849
-700
-444
-6
564
1143
1633
2035
2414
2815
3256
3718
4179
4602
4938
5120
5137
5075
5061
5136
5180
5024
4602
4008
3397
2886
2468
2016
1328
288
-1025
-2400
-3663
-4772
-5774
-6779
-7874
-9058
-10174
-11054
-11581
-11744
-11556
-11130
-10600
-10057
-9414
-8507
-7201
-5528
-3670
-1862
-251
1174
2487
3740
4927
6037
7004
7769
8269
8497
8456
8200
7809
7333
6747
5998
5104
4147
3214
2328
1492
719
43
-486
-824
-944
-895
-769
-660
-574
-433
-116
408
1063
1705
2230
2622
2920
3198
3531
3956
4462
4942
5260
5330
5223
5117
5149
5284
5348
5183
4758
4168
3535
2938
2356
1672
763
-410
-1757
-3124
-4391
-5514
-6529
-7519
-8563
-9651
-10672
-11463
-11881
-11879
-11562
-11099
-10582
-9967
-9143
-8033
-6605
-4908
-3090
-1324
285
1729
3022
4184
5246
6220
7058
7700
8112
8309
8304
8091
7641
6930
6006
4981
3988
3083
2246
1421
592
-217
-918
-1388
-1562
-1478
-1263
-1032
-844
-662
-392
42
632
1300
1954
2529
3005
3386
3706
4001
4309
4640
4941
5132
5169
5096
5010
4962
4906
4743
4420
3970
3487
3022
2533
1910
1058
-16
-1214
-2433
-3611
-4724
-5758
-6750
-7777
-8877
-9990
-10966
-11621
-11829
-11609
-11138
-10609
-10068
-9423
-8544
-7360
-5860
-4125
-2303
-543
1054
2448
3646
4726
5766
6761
7614
8247
8620
8724
8543
8091
7404
6551
5635
4765
3972
3208
2427
1624
834
105
-486
-849
-958
-863
-658
-437
-247
-57
252
775
1487
2263
2951
3470
3785
3954
4081
4288
4601
4933
5163
5225
5166
5063
4970
4845
4623
4248
3773
3291
2878
2507
2069
1416
463
-735
-2018
-3225
-4287
-5215
-6089
-7021
-8076
-9213
-10301
-11188
-11736
-11855
-11573
-11042
-10443
-9854
-9208
-8347
-7123
-5496
-3587
-1637
129
1598
2815
3894
4911
5862
6712
7447
8029
8379
8438
8207
7704
6942
5984
4966
4034
3231
2485
1674
745
-211
-1007
-1477
-1597
-1470
-1255
-1065
-923
-767
-517
-123
416
1084
1841
2615
3277
3719
3936
4054
4241
4571
4967
5278
5414
5390
5288
5163
4996
4726
4330
3863
3406
2971
2472
1772
798
-402
-1680
-2908
-4027
-5045
-5992
-6944
-7973
-9077
-10155
-11053
-11612
-11731
-11447
-10955
-10448
-9985
-9445
-8662
-7488
-5898
-4021
-2105
-352
1167
2483
3653
4755
5840
6873
7743
8365
8715
8787
8595
8147
7482
6646
5718
4792
3927
3117
2314
1464
575
-224
-767
-970
-905
-711
-488
-292
-129
20
230
579
1125
1828
2566
3193
3614
3823
3910
4003
4208
4547
4931
5243
5407
5434
5349
5153
4813
4348
3856
3445
3097
2659
1960
934
-332
-1658
-2869
-3888
-4774
-5627
-6557
-7617
-8810
-10008
-11026
-11674
-11876
-11652
-11158
-10582
-10056
-9545
-8882
-7906
-6547
-4863
-2975
-1073
647
2041
3111
3984
4843
5777
6746
7593
8159
8360
8220
7802
7177
6415
5587
4762
3994
3299
2627
1881
1022
139
-583
-994
-1050
-843
-541
-294
-157
-73
57
334
814
1497
2286
3044
3648
4039
4203
4214
4219
4345
4591
4838
4994
5050
5020
4855
4508
4017
3510
3100
2802
2514
2070
1340
287
-982
-2285
-3448
-4395
-5181
-5964
-6895
-8024
-9252
-10387
-11233
-11663
-11672
-11338
-10789
-10141
-9467
-8756
-7922
-6845
-5446
-3728
-1799
119
1777
3054
4007
4788
5551
6375
7224
7942
8377
8469
8251
7761
7047
6183
5260
4379
3617
2974
2334
1590
756
-42
-672
-1030
-1061
-803
-399
-3
301
502
661
908
1352
1996
2720
3392
3916
4254
4423
4497
4559
4648
4766
4917
5082
5177
5086
4741
4180
3550
3021
2654
2350
1910
1178
139
-1098
-2363
-3507
-4480
-5330
-6183
-7127
-8164
-9208
-10168
-10936
-11420
-11556
-11391
-11014
-10515
-9925
-9233
-8378
-7284
-5908
-4291
-2559
-866
652
1942
3036
4017
4966
5906
6788
7492
7908
8003
7834
7485
6996
6362
5577
4700
3826
3034
2321
1625
909
220
-329
-641
-718
-634
-467
-253
-1
264
547
908
1393
1969
2554
3089
3552
3930
4223
4465
4670
4820
4893
4917
4952
5012
5051
4973
4680
4151
3505
2913
2450
2003
1408
558
-516
-1705
-2881
-3947
-4899
-5813
-6748
-7695
-8622
-9494
-10263
-10819
-11092
-11077
-10841
-10435
-9893
-9199
-8320
-7227
-5939
-4504
-2963
-1378
165
1555
2722
3670
4496
5309
6140
6881
7383
7584
7551
7387
7131
6736
6135
5333
4420
3522
2706
1987
1353
803
331
-52
-317
-442
-419
-250
34
357
652
938
1282
1701
2159
2597
2997
3357
3706
4031
4276
4366
4302
4175
4092
4119
4217
4259
4090
3643
2986
2270
1637
1128
676
165
-511
-1376
-2387
-3440
-4445
-5357
-6189
-6961
-7696
-8416
-9116
-9754
-10244
-10536
-10594
-10436
-10090
-9593
-8946
-8144
-7200
-6115
-4885
-3508
-2017
-486
972
2249
3315
4232
5078
5855
6508
7002
7347
7558
7598
7411
6964
6275
5436
4559
3750
3073
2529
2059
1586
1068
528
48
-256
-302
-105
244
630
987
1290
1563
1839
2148
2519
2963
3464
3958
4372
4632
4685
4539
4306
4131
4084
4105
4058
3827
3368
2705
1936
1186
548
30
-440
-953
-1591
-2391
-3322
-4271
-5123
-5830
-6432
-7003
-7616
-8259
-8865
-9350
-9679
-9835
-9796
-9560
-9145
-8566
-7845
-6986
-6006
-4904
-3694
-2404
-1067
287
1633
2907
4028
4933
5636
6196
6659
7023
7243
7283
7127
6770
6215
5495
4680
3869
3157
2577
2095
1636
1153
646
183
-157
-320
-313
-170
88
416
731
977
1173
1376
1615
1910
2282
2716
3144
3474
3646
3639
3487
3277
3107
3008
2946
2834
2586
2148
1541
862
212
-350
-804
-1192
-1628
-2239
-3073
-4031
-4946
-5677
-6194
-6576
-6939
-7368
-7866
-8358
-8767
-9027
-9105
-8973
-8627
-8098
-7434
-6660
-5798
-4862
-3864
-2794
-1630
-358
989
2329
3529
4486
5185
5715
6204
6707
7163
7440
7436
7126
6564
5858
5119
4450
3911
3503
3167
2798
2321
1742
1170
747
551
548
649
787
939
1084
1199
1268
1343
1487
1773
2158
2539
2776
2843
2790
2701
2662
2606
2547
2435
2324
2183
1894
1472
885
263
-295
-737
-989
-1179
-1386
-1753
-2341
-3026
-3704
-4251
-4660
-4996
-5318
-5710
-6184
-6725
-7229
-7573
-7682
-7612
-7439
-7212
-6903
-6455
-5830
-5037
-4152
-3246
-2324
-1304
-156
1040
2145
3072
3823
4443
4983
5466
5832
6009
5950
5695
5321
4910
4496
4088
3688
3299
2901
2474
2025
1624
1325
1138
1015
926
863
808
764
710
667
655
732
904
1129
1313
1410
1384
1245
1089
999
1018
1087
1136
1173
1105
900
559
175
-148
-444
-703
-900
-1055
-1179
-1393
-1726
-2134
-2553
-2864
-3053
-3175
-3283
-3512
-3879
-4338
-4799
-5135
-5364
-5450
-5370
-5151
-4860
-4548
-4207
-3827
-3439
-3023
-2502
-1830
-998
-97
775
1562
2239
2825
3362
3881
4383
4802
5078
5196
5159
5001
4757
4482
4225
3997
3768
3485
3140
2787
2467
2212
1992
1795
1596
1397
1261
1156
1049
900
688
523
405
337
305
195
101
-64
-160
-216
-291
-346
-424
-449
-541
-710
-944
-1160
-1367
-1495
-1602
-1666
-1699
-1770
-1817
-1947
-2099
-2232
-2398
-2454
-2539
-2557
-2605
-2761
-2953
-3232
-3416
-3518
-3496
-3404
-3307
-3144
-2909
-2543
-2194
-1863
-1633
-1342
-889
-284
416
1033
1619
2098
2500
2872
3242
3625
3871
3958
3902
3796
3708
3675
3686
3660
3600
3488
3398
3233
3000
2738
2522
2421
2297
2157
1940
1706
1529
1300
1076
732
427
192
-37
-239
-569
-864
-1206
-1512
-1757
-1972
-2093
-2193
-2259
-2272
-2330
-2369
-2496
-2615
-2668
-2654
-2529
-2390
-2197
-2057
-2003
-2052
-2108
-2137
-2088
-2017
-1953
-2022
-2198
-2363
-2439
-2429
-2431
-2391
-2334
-2225
-2066
-1811
-1496
-1193
-914
-646
-345
1
462
955
1476
1907
2306
2674
3049
3418
3705
3905
3982
4016
4032
4053
4036
3969
3902
3849
3785
3668
3462
3254
3040
2887
2733
2592
2480
2361
2243
2007
1702
1310
932
599
254
-125
-632
-1183
-1708
-2146
-2474
-2838
-3179
-3515
-3760
-3908
-4032
-4078
-4105
-4073
-3994
-3864
-3648
-3404
-3201
-3024
-2905
-2734
-2565
-2334
-2071
-1800
-1579
-1466
-1413
-1418
-1348
-1266
-1095
-1021
-1024
-1069
-1086
-969
-852
-725
-569
-367
-18
343
770
1181
1555
1940
2293
2675
3034
3333
3630
3816
3963
4010
4014
3973
3884
3812
3779
3781
3780
3738
3641
3588
3568
3642
3634
3561
3409
3261
3144
2986
2774
2473
2122
1735
1314
861
341
-261
-873
-1437
-1885
-2306
-2681
-3070
-3421
-3764
-4063
-4295
-4494
-4618
-4764
-4881
-4966
-4937
-4757
-4499
-4182
-3842
-3536
-3272
-3059
-2814
-2566
-2383
-2255
-2170
-2077
-1989
-1912
-1864
-1899
-1975
-2016
-1943
-1722
-1415
-1101
-853
-674
-410
-26
482
953
1371
1711
2049
2354
2663
2913
3103
3262
3382
3487
3523
3548
3598
3685
3789
3871
3921
3938
3886
3857
3826
3840
3771
3653
3537
3449
3401
3310
3150
2930
2635
2362
2032
1686
1275
844
382
-104
-599
-1100
-1623
-2152
-2628
-3055
-3408
-3743
-4034
-4290
-4448
-4528
-4539
-4513
-4401
-4229
-4007
-3812
-3622
-3483
-3350
-3226
-3095
-2986
-2894
-2759
-2652
-2541
-2499
-2360
-2267
-2122
-1974
-1706
-1428
-1218
-1074
-913
-678
-352
48
497
914
1241
1463
1629
1838
2128
2537
2881
3160
3219
3267
3275
3376
3498
3606
3702
3728
3813
3900
4000
4016
3968
3949
3935
3948
3940
3929
3951
3902
3805
3539
3183
2790
2398
2044
1629
1242
802
327
-255
-888
-1473
-1938
-2247
-2490
-2771
-3121
-3503
-3781
-3926
-3959
-3913
-3848
-3712
-3590
-3486
-3422
-3399
-3302
-3207
-3032
-2908
-2826
-2776
-2756
-2696
-2673
-2653
-2639
-2692
-2739
-2779
-2691
-2492
-2258
-1981
-1763
-1512
-1219
-763
-221
268
632
917
1153
1375
1530
1701
1856
2023
2166
2272
2311
2309
2303
2352
2444
2575
2756
2959
3129
3240
3304
3412
3528
3649
3736
3752
3703
3581
3462
3379
3242
2954
2468
1871
1334
890
513
119
-356
-838
-1289
-1656
-1974
-2314
-2568
-2747
-2832
-2901
-2923
-2836
-2709
-2559
-2447
-2355
-2253
-2146
-1956
-1823
-1692
-1669
-1620
-1623
-1633
-1663
-1743
-1797
-1919
-1985
-2105
-2143
-2166
-2126
-2061
-1964
-1822
-1665
-1486
-1200
-849
-399
22
419
725
907
1115
1263
1480
1652
1904
2157
2310
2433
2464
2503
2482
2526
2707
2884
3080
3173
3249
3245
3209
3279
3354
3435
3402
3363
3250
3045
2720
2318
1865
1374
963
659
496
309
-4
-466
-1047
-1578
-1997
-2241
-2377
-2524
-2674
-2837
-2997
-3063
-3026
-2779
-2502
-2262
-2121
-2021
-1837
-1628
-1389
-1271
-1242
-1299
-1379
-1407
-1446
-1416
-1427
-1462
-1597
-1776
-1893
-1955
-1925
-1860
-1703
-1512
-1323
-1166
-1036
-842
-615
-264
85
415
646
820
1007
1193
1369
1472
1554
1642
1792
1918
2046
2127
2174
2176
2165
2230
2364
2478
2556
2494
2443
2354
2329
2311
2255
2166
1979
1823
1638
1430
1105
696
283
-66
-336
-565
-852
-1156
-1484
-1690
-1957
-2231
-2554
-2771
-2777
-2694
-2462
-2301
-2142
-2093
-2073
-1967
-1782
-1479
-1206
-990
-847
-805
-746
-738
-668
-609
-547
-504
-525
-506
-503
-500
-526
-495
-383
-207
-82
23
68
148
301
542
828
1060
1257
1433
1595
1681
1661
1602
1550
1554
1520
1500
1481
1532
1665
1798
1956
2060
2152
2206
2232
2352
2521
2721
2711
2524
2198
1912
1747
1630
1506
1185
765
263
-150
-472
-749
-1068
-1454
-1830
-2143
-2454
-2765
-3140
-3498
-3772
-3774
-3564
-3271
-3092
-2992
-2977
-2948
-2824
-2528
-2142
-1830
-1616
-1528
-1491
-1498
-1393
-1175
-937
-794
-799
-858
-871
-788
-613
-541
-493
-467
-316
-106
86
235
270
323
482
783
1178
1480
1685
1707
1665
1689
1822
2107
2313
2481
2455
2384
2320
2364
2504
2628
2753
2856
2946
3001
2995
2982
2941
2810
2635
2415
2307
2138
1981
1708
1449
1075
670
258
-53
-363
-734
-1207
-1695
-2143
-2472
-2668
-2801
-2894
-3005
-3081
-3211
-3265
-3259
-3095
-2960
-2786
-2679
-2500
-2373
-2254
-2172
-2090
-1947
-1846
-1718
-1663
-1570
-1556
-1544
-1514
-1390
-1234
-1120
-1052
-970
-856
-615
-349
-73
86
223
420
715
1101
1469
1765
1889
1922
1900
2029
2194
2448
2572
2602
2449
2238
2122
2131
2282
2399
2498
2500
2446
2326
2211
2173
2226
2305
2382
2416
2417
2267
1984
1652
1384
1206
1054
941
753
429
-67
-558
-963
-1259
-1477
-1636
-1791
-2022
-2312
-2625
-2934
-3184
-3285
-3220
-3100
-3055
-3058
-3111
-3153
-3193
-3154
-3031
-2821
-2578
-2347
-2254
-2236
-2297
-2245
-2058
-1734
-1392
-1170
-1032
-945
-851
-707
-474
-104
300
647
885
998
1114
1255
1525
1779
2026
2214
2417
2564
2669
2687
2670
2603
2548
2555
2674
2842
3005
3081
3104
3041
2973
2974
3123
3344
3464
3410
3129
2836
2573
2519
2418
2242
1885
1457
983
497
102
-231
-552
-932
-1335
-1658
-1914
-2084
-2304
-2528
-2755
-2857
-2837
-2750
-2703
-2796
-3033
-3312
-3484
-3484
-3383
-3284
-3245
-3327
-3499
-3693
-3730
-3631
-3407
-3186
-2920
-2764
-2665
-2695
-2661
-2583
-2372
-2055
-1686
-1253
-928
-653
-519
-332
33
532
1118
1518
1815
1912
1901
1939
2052
2356
2603
2853
2993
2988
2875
2737
2824
3068
3335
3491
3527
3567
3539
3555
3515
3492
3321
3131
3027
2990
2952
2647
2243
1701
1306
1106
1054
994
686
288
-178
-617
-986
-1196
-1171
-1123
-1157
-1292
-1521
-1738
-1987
-2102
-2151
-2159
-2128
-2138
-2141
-2289
-2448
-2603
-2607
-2453
-2234
-2098
-2166
-2384
-2607
-2750
-2668
-2414
-2010
-1726
-1614
-1692
-1783
-1730
-1556
-1242
-1008
-754
-484
-89
346
683
865
963
1093
1394
1770
2064
2100
1913
1742
1699
1812
1982
2136
2278
2319
2316
2284
2317
2430
2543
2667
2661
2594
2385
2152
1888
1648
1511
1466
1532
1510
1273
803
243
-161
-389
-444
-490
-601
-796
-1047
-1288
-1508
-1683
-1765
-1802
-1789
-1792
-1760
-1759
-1776
-1862
-1935
-2028
-2086
-2091
-2028
-1911
-1883
-1920
-2017
-2061
-2036
-1978
-1910
-1880
-1854
-1794
-1703
-1588
-1473
-1286
-1034
-737
-494
-358
-294
-201
33
424
780
1052
1075
1065
1023
1124
1358
1621
1888
1933
1963
1932
2090
2293
2485
2589
2579
2622
2645
2770
2816
2805
2656
2446
2312
2236
2225
2066
1806
1478
1234
1039
836
568
245
-53
-373
-642
-893
-1051
-1144
-1259
-1319
-1380
-1384
-1470
-1607
-1659
-1648
-1536
-1519
-1487
-1512
-1567
-1726
-1955
-2119
-2122
-1938
-1736
-1654
-1799
-2030
-2217
-2205
-1981
-1708
-1487
-1519
-1642
-1733
-1659
-1328
-917
-458
-190
-97
-98
-92
115
446
810
1065
1153
1196
1204
1252
1325
1411
1524
1614
1714
1816
1910
1985
1976
1916
1845
1847
1927
2009
2023
1980
1867
1798
1764
1804
1857
1864
1830
1678
1446
1170
885
657
478
370
257
-5
-352
-830
-1200
-1456
-1453
-1317
-1258
-1378
-1671
-1900
-2042
-2006
-1862
-1603
-1416
-1417
-1609
-1878
-2084
-2214
-2159
-1951
-1687
-1518
-1515
-1591
-1661
-1568
-1315
-983
-823
-874
-1046
-1132
-1012
-727
-387
-123
-1
33
31
139
412
791
1133
1283
1308
1311
1416
1620
1873
2106
2280
2360
2272
2038
1768
1680
1834
2071
2232
2133
1918
1644
1509
1518
1657
1797
1746
1435
964
579
458
571
737
706
451
35
-289
-507
-616
-737
-844
-873
-842
-834
-997
-1276
-1557
-1655
-1609
-1499
-1539
-1751
-1995
-2090
-2013
-1916
-1882
-1882
-1918
-1961
-2045
-2086
-2081
-1933
-1714
-1494
-1426
-1435
-1397
-1236
-978
-778
-683
-677
-610
-398
-92
185
373
426
459
512
679
880
1041
1136
1142
1110
1072
1075
1133
1226
1319
1376
1367
1414
1573
1809
1989
2042
2055
2082
2177
2323
2465
2520
2482
2366
2193
1980
1812
1744
1703
1599
1369
1051
704
461
347
309
178
-91
-480
-880
-1132
-1199
-1156
-1201
-1368
-1606
-1864
-2088
-2186
-2063
-1812
-1646
-1740
-2076
-2447
-2637
-2538
-2345
-2313
-2553
-2884
-3049
-2995
-2827
-2724
-2696
-2643
-2516
-2342
-2213
-2036
-1711
-1218
-720
-352
-93
207
661
1199
1661
1919
2046
2194
2428
2677
2768
2667
2466
2298
2258
2293
2346
2320
2206
2043
1966
2030
2231
2421
2483
2413
2279
2209
2214
2301
2406
2502
2561
2535
2412
2197
2008
1904
1864
1708
1384
977
693
599
569
392
-30
-572
-990
-1175
-1270
-1517
-2041
-2666
-3178
-3435
-3574
-3793
-4142
-4489
-4680
-4768
-4879
-5028
-5110
-5005
-4742
-4406
-4137
-3915
-3702
-3346
-2897
-2406
-1939
-1495
-1015
-575
-186
74
319
620
1016
1404
1660
1757
1739
1732
1785
1845
1823
1725
1640
1629
1655
1678
1685
1665
1641
1621
1653
1737
1910
2169
2448
2626
2624
2539
2535
2764
3157
3509
3592
3402
3104
2951
3018
3207
3316
3221
2928
2537
2188
2027
2013
1971
1670
1074
377
-120
-241
-107
-110
-590
-1599
-2743
-3500
-3603
-3300
-3200
-3712
-4728
-5654
-5988
-5680
-5181
-4958
-5168
-5529
-5672
-5378
-4701
-3853
-3096
-2590
-2313
-2026
-1506
-671
289
1064
1409
1351
1233
1426
1996
2580
2744
2366
1766
1358
1337
1532
1615
1379
918
507
314
350
502
705
835
812
669
579
768
1263
1921
2449
2694
2704
2730
2950
3366
3763
3960
3905
3745
3629
3610
3601
3489
3233
2879
2530
2235
1952
1577
1095
574
148
-139
-285
-418
-750
-1451
-2427
-3310
-3747
-3719
-3595
-3895
-4780
-5899
-6610
-6633
-6260
-6046
-6273
-6729
-7004
-6803
-6171
-5350
-4615
-4008
-3424
-2708
-1838
-824
239
1191
1850
2199
2454
2852
3451
4032
4311
4102
3555
2979
2671
2612
2543
2209
1573
910
479
374
415
395
267
109
56
153
412
782
1194
1588
1938
2258
2583
2993
3497
3994
4295
4358
4335
4434
4699
4934
4939
4638
4203
3818
3547
3314
2995
2559
1984
1344
718
200
-211
-619
-1165
-1936
-2801
-3522
-3891
-4025
-4258
-4938
-6000
-6985
-7394
-7157
-6736
-6658
-7080
-7570
-7528
-6715
-5532
-4561
-4052
-3696
-3072
-2008
-703
493
1346
1853
2253
2746
3354
3921
4280
4362
4198
3890
3594
3400
3275
3025
2468
1636
789
242
56
3
-230
-777
-1389
-1691
-1456
-883
-381
-202
-212
-33
567
1469
2262
2686
2793
2960
3461
4269
5011
5336
5194
4865
4696
4780
4965
4968
4660
4103
3526
3062
2681
2251
1670
969
224
-489
-1206
-1985
-2794
-3517
-4066
-4530
-5050
-5721
-6463
-7083
-7447
-7585
-7689
-7839
-7952
-7841
-7408
-6713
-5909
-5151
-4447
-3685
-2734
-1591
-375
729
1602
2247
2807
3399
4021
4550
4846
4855
4628
4293
3976
3682
3331
2822
2178
1523
970
545
169
-217
-641
-1079
-1410
-1484
-1266
-959
-799
-793
-706
-306
376
1125
1688
2046
2368
2859
3512
4138
4588
4840
4999
5115
5209
5216
5086
4824
4495
4177
3853
3469
2946
2295
1562
876
290
-247
-903
-1762
-2681
-3411
-3813
-4134
-4721
-5704
-6691
-7234
-7236
-7114
-7282
-7760
-8130
-7950
-7219
-6322
-5659
-5200
-4609
-3641
-2344
-1017
117
981
1704
2429
3220
4022
4707
5147
5272
5149
4914
4701
4518
4295
3906
3325
2657
2075
1637
1232
718
97
-501
-904
-1078
-1088
-1052
-1013
-991
-940
-819
-522
-42
542
1090
1494
1814
2170
2689
3276
3748
3987
4071
4198
4428
4641
4605
4242
3727
3335
3194
3097
2777
2114
1295
566
69
-282
-721
-1448
-2438
-3414
-4097
-4478
-4811
-5406
-6265
-7094
-7527
-7510
-7327
-7312
-7502
-7594
-7247
-6415
-5420
-4591
-3982
-3308
-2305
-1001
288
1276
1949
2528
3196
3950
4603
5003
5131
5098
4993
4865
4692
4434
4047
3530
2931
2320
1762
1281
842
380
-122
-605
-980
-1171
-1203
-1177
-1231
-1368
-1451
-1296
-856
-301
145
370
531
848
1420
2112
2688
2986
3045
3040
3135
3332
3480
3418
3105
2663
2272
2033
1863
1591
1093
403
-332
-969
-1458
-1879
-2361
-2951
-3603
-4249
-4815
-5225
-5446
-5562
-5731
-5986
-6217
-6223
-5931
-5451
-4995
-4666
-4326
-3743
-2843
-1823
-928
-212
526
1455
2531
3494
4129
4465
4721
5074
5463
5662
5552
5224
4901
4651
4366
3870
3168
2458
1954
1670
1373
886
228
-344
-639
-680
-657
-745
-946
-1145
-1181
-990
-665
-388
-260
-161
108
592
1100
1424
1550
1639
1850
2161
2414
2436
2235
1933
1701
1571
1445
1195
799
356
-57
-470
-935
-1412
-1807
-2106
-2426
-2892
-3525
-4148
-4548
-4627
-4539
-4514
-4672
-4900
-4976
-4731
-4220
-3679
-3326
-3185
-3015
-2581
-1845
-1044
-470
-194
-44
292
955
1796
2468
2723
2670
2632
2877
3328
3689
3692
3368
3001
2845
2884
2886
2650
2208
1722
1365
1132
901
572
193
-109
-314
-500
-717
-893
-944
-864
-755
-690
-668
-599
-438
-215
10
221
441
663
855
973
1048
1136
1277
1372
1311
1080
824
654
551
413
140
-218
-563
-796
-971
-1210
-1561
-1961
-2266
-2439
-2555
-2730
-2983
-3211
-3293
-3199
-3028
-2879
-2741
-2485
-2040
-1527
-1108
-804
-464
11
580
1101
1472
1738
2039
2450
2861
3110
3144
3097
3094
3167
3201
3091
2854
2603
2422
2252
2011
1704
1430
1260
1171
1083
928
704
454
252
114
-11
-181
-389
-540
-561
-473
-390
-430
-572
-683
-623
-450
-317
-333
-409
-409
-292
-146
-107
-196
-339
-423
-435
-432
-482
-616
-806
-1007
-1197
-1376
-1530
-1638
-1718
-1821
-1989
-2170
-2303
-2377
-2448
-2538
-2587
-2520
-2371
-2246
-2187
-2089
-1829
-1416
-986
-658
-429
-219
48
394
771
1109
1387
1639
1902
2139
2289
2332
2327
2364
2450
2509
2452
2267
2062
1955
1971
2012
1937
1723
1447
1234
1089
944
723
455
216
76
24
-25
-146
-362
-602
-765
-757
-603
-463
-514
-721
-881
-813
-587
-427
-488
-701
-851
-802
-622
-517
-614
-846
-1048
-1109
-1041
-933
-868
-870
-903
-951
-1011
-1086
-1142
-1160
-1149
-1143
-1159
-1182
-1174
-1102
-988
-868
-755
-593
-359
-110
52
118
172
313
553
822
1039
1182
1301
1445
1609
1741
1806
1811
1816
1872
1994
2145
2258
2290
2245
2158
2081
2028
1993
1931
1832
1692
1547
1418
1291
1132
925
726
561
412
231
1
-253
-504
-700
-802
-819
-830
-923
-1115
-1308
-1371
-1270
-1116
-1088
-1232
-1440
-1555
-1559
-1555
-1620
-1719
-1766
-1744
-1718
-1752
-1873
-2034
-2167
-2246
-2273
-2284
-2267
-2230
-2194
-2174
-2131
-2001
-1783
-1556
-1390
-1277
-1150
-943
-651
-328
-62
110
226
376
604
885
1130
1270
1324
1393
1566
1805
2011
2120
2182
2248
2321
2357
2335
2290
2257
2257
2224
2138
2014
1938
1950
2025
2070
2003
1823
1634
1524
1473
1380
1174
904
673
539
461
372
249
109
-15
-140
-306
-515
-694
-771
-764
-751
-781
-841
-888
-934
-1008
-1140
-1302
-1444
-1531
-1563
-1572
-1580
-1604
-1660
-1765
-1899
-2005
-2024
-2003
-2010
-2058
-2063
-1952
-1770
-1629
-1581
-1547
-1379
-1023
-571
-202
-26
20
105
348
701
986
1090
1047
1020
1112
1288
1438
1489
1476
1458
1471
1499
1521
1505
1444
1348
1257
1211
1193
1157
1057
936
845
831
863
879
831
743
674
648
623
537
375
190
49
-26
-69
-130
-223
-320
-412
-506
-595
-648
-651
-618
-564
-518
-514
-577
-675
-762
-821
-877
-969
-1105
-1253
-1391
-1507
-1613
-1679
-1690
-1658
-1633
-1655
-1705
-1728
-1664
-1509
-1305
-1119
-994
-905
-776
-555
-283
-70
35
86
215
459
753
968
1048
1041
1043
1125
1248
1352
1400
1417
1438
1463
1467
1426
1361
1327
1342
1387
1402
1367
1304
1267
1294
1359
1411
1415
1374
1295
1195
1117
1074
1031
924
754
561
399
291
230
175
91
-14
-90
-94
-47
-13
-41
-119
-205
-270
-315
-360
-414
-490
-577
-687
-832
-1025
-1229
-1382
-1464
-1531
-1638
-1762
-1841
-1860
-1875
-1926
-1972
-1954
-1860
-1749
-1679
-1639
-1577
-1450
-1266
-1069
-912
-806
-722
-606
-447
-267
-105
18
108
189
295
425
556
649
683
674
680
758
905
1051
1140
1165
1140
1111
1132
1238
1392
1501
1498
1382
1224
1086
995
913
824
731
666
617
538
385
170
-37
-159
-173
-151
-168
-222
-225
-132
-4
58
33
-18
-37
-17
14
23
12
5
22
41
8
-99
-251
-389
-475
-521
-562
-617
-693
-794
-911
-1026
-1101
-1125
-1113
-1105
-1090
-1019
-853
-646
-494
-419
-354
-215
-13
196
365
488
589
691
817
942
1029
1079
1135
1216
1281
1292
1262
1237
1228
1205
1127
996
861
796
821
857
804
633
416
229
129
119
147
123
10
-121
-188
-181
-212
-356
-594
-819
-941
-967
-951
-955
-991
-1042
-1075
-1070
-1023
-943
-842
-733
-653
-631
-663
-693
-655
-541
-423
-384
-441
-515
-528
-474
-427
-472
-602
-738
-775
-714
-626
-581
-584
-608
-619
-586
-502
-381
-260
-165
-104
-41
66
210
340
427
502
609
752
888
985
1045
1116
1223
1362
1510
1637
1723
1748
1706
1616
1506
1414
1352
1293
1183
997
758
532
376
288
205
71
-112
-284
-408
-479
-513
-557
-654
-805
-929
-955
-895
-832
-835
-890
-929
-894
-781
-635
-511
-427
-377
-346
-336
-352
-352
-314
-253
-239
-312
-464
-632
-739
-733
-657
-597
-593
-593
-530
-429
-363
-377
-429
-440
-362
-199
-17
117
168
175
200
277
384
465
499
495
509
583
717
864
967
1019
1055
1118
1201
1261
1268
1246
1238
1254
1250
1184
1054
903
775
677
588
482
374
271
169
43
-97
-247
-389
-512
-609
-689
-768
-843
-914
-996
-1102
-1207
-1268
-1251
-1164
-1039
-923
-858
-852
-872
-869
-837
-806
-808
-821
-784
-671
-539
-484
-516
-557
-523
-420
-323
-283
-306
-346
-343
-275
-161
-41
73
199
349
521
672
766
798
813
876
1007
1165
1277
1305
1247
1147
1060
1030
1056
1079
1041
932
796
697
679
741
821
839
765
654
575
545
529
491
430
374
342
321
275
172
18
-155
-308
-427
-522
-609
-708
-816
-915
-988
-1058
-1152
-1278
-1413
-1531
-1600
-1601
-1563
-1537
-1552
-1559
-1509
-1396
-1269
-1183
-1150
-1143
-1100
-990
-835
-689
-593
-530
-474
-401
-314
-226
-150
-76
22
158
305
415
451
437
444
499
576
602
581
570
626
730
828
890
922
941
966
1017
1088
1164
1221
1266
1301
1326
1343
1360
1378
1379
1358
1332
1311
1296
1266
1216
1145
1048
910
739
585
492
443
366
222
57
-62
-129
-192
-292
-408
-497
-533
-536
-554
-628
-752
-862
-898
-859
-797
-773
-809
-902
-1017
-1109
-1154
-1157
-1144
-1123
-1094
-1058
-1038
-1033
-1028
-992
-914
-806
-691
-592
-520
-469
-421
-366
-299
-228
-148
-53
73
217
343
402
387
339
318
365
456
545
587
607
660
777
912
991
974
891
800
747
735
738
732
708
683
660
626
549
421
277
155
58
-48
-189
-341
-448
-465
-423
-385
-394
-431
-450
-423
-366
-316
-301
-309
-312
-294
-268
-252
-254
-274
-314
-388
-488
-582
-652
-700
-760
-830
-894
-937
-956
-963
-952
-942
-940
-929
-879
-786
-681
-596
-527
-439
-310
-162
-49
36
138
285
450
595
703
763
765
727
703
745
844
944
980
943
872
829
854
929
984
972
948
968
1015
999
896
761
661
624
627
629
569
429
260
158
144
157
114
18
-66
-104
-99
-81
-59
-61
-94
-138
-172
-196
-215
-211
-156
-64
11
16
-49
-127
-157
-135
-105
-95
-103
-117
-144
-182
-254
-357
-466
-518
-488
-427
-407
-466
-552
-607
-595
-532
-449
-378
-338
-312
-285
-256
-256
-284
-300
-265
-181
-98
-53
-36
3
96
224
347
438
500
550
611
688
764
825
855
857
812
713
579
444
333
241
177
151
137
71
-75
-257
-406
-489
-519
-531
-555
-598
-649
-685
-691
-662
-608
-559
-537
-547
-551
-503
-401
-291
-236
-239
-262
-276
-301
-354
-428
-488
-493
-432
-345
-288
-291
-331
-361
-366
-353
-358
-368
-351
-296
-254
-290
-401
-519
-563
-521
-450
-417
-413
-387
-321
-241
-191
-156
-100
-4
125
277
445
613
773
929
1076
1199
1291
1366
1430
1455
1420
1349
1278
1225
1163
1071
945
822
727
647
550
407
240
85
-35
-131
-216
-294
-360
-402
-396
-345
-297
-308
-378
-449
-462
-409
-315
-205
-90
9
72
93
105
133
175
203
200
184
176
177
172
162
167
192
223
236
209
134
30
-62
-124
-150
-156
-142
-120
-108
-119
-147
-174
-204
-243
-276
-264
-208
-145
-111
-105
-119
-145
-158
-123
-36
76
186
288
377
434
462
483
523
573
612
619
590
531
461
388
315
247
197
153
61
-99
-306
-517
-706
-860
-979
-1074
-1171
-1269
-1334
-1335
-1294
-1259
-1248
-1230
-1173
-1087
-1009
-969
-954
-908
-788
-611
-439
-320
-253
-214
-190
-177
-160
-104
22
189
323
359
293
171
60
8
27
91
155
187
183
179
207
279
368
455
526
575
583
549
510
508
549
611
667
692
691
697
745
797
805
784
807
917
1059
1141
1103
984
868
817
811
785
687
541
384
260
172
115
77
37
-13
-75
-147
-228
-314
-388
-431
-436
-406
-369
-358
-409
-512
-642
-754
-807
-785
-723
-668
-640
-627
-626
-652
-701
-742
-731
-652
-531
-410
-327
-290
-270
-221
-131
-29
47
97
157
250
348
407
414
409
428
464
489
480
431
327
190
81
44
57
76
92
115
150
183
204
213
221
257
341
464
587
673
709
709
704
701
693
660
591
487
352
211
96
36
9
-29
-108
-234
-383
-529
-628
-670
-696
-750
-856
-988
-1121
-1207
-1214
-1166
-1127
-1136
-1160
-1150
-1107
-1063
-1039
-1024
-1001
-968
-926
-872
-802
-718
-639
-546
-422
-257
-71
97
222
297
364
463
596
725
814
861
876
892
934
988
995
926
818
738
713
733
774
800
785
730
685
677
699
745
811
892
957
984
967
906
830
772
752
742
702
614
504
414
373
373
369
311
183
15
-153
-305
-449
-592
-714
-794
-827
-848
-892
-986
-1115
-1223
-1264
-1239
-1199
-1185
-1196
-1212
-1246
-1299
-1345
-1323
-1229
-1115
-1035
-993
-956
-888
-778
-637
-496
-375
-274
-184
-89
13
101
145
147
161
229
342
455
552
658
777
877
926
921
901
896
926
981
1042
1085
1119
1166
1230
1271
1250
1173
1070
978
910
887
889
871
792
659
516
393
299
238
221
246
306
370
406
388
337
283
248
215
157
60
-81
-250
-418
-550
-635
-692
-737
-769
-789
-817
-877
-978
-1099
-1211
-1284
-1302
-1287
-1272
-1275
-1277
-1251
-1201
-1150
-1110
-1060
-973
-835
-674
-513
-362
-215
-77
38
132
218
304
370
413
447
488
532
571
613
658
698
730
761
805
848
856
818
748
689
668
676
682
668
642
620
613
615
597
539
458
415
416
423
387
321
282
274
249
152
2
-130
-215
-276
-342
-406
-468
-555
-669
-777
-835
-836
-809
-774
-753
-766
-822
-905
-977
-1029
-1075
-1115
-1114
-1060
-977
-923
-907
-903
-857
-756
-649
-579
-546
-502
-440
-387
-365
-336
-256
-133
-22
46
91
152
247
364
487
599
693
764
828
906
979
1032
1067
1110
1166
1189
1148
1042
925
837
805
813
819
800
751
693
639
607
599
605
618
646
694
742
758
737
694
634
552
458
376
312
246
163
74
7
-26
-41
-71
-134
-213
-261
-262
-252
-284
-363
-445
-500
-524
-546
-569
-587
-588
-586
-602
-635
-676
-717
-778
-855
-934
-1002
-1057
-1091
-1100
-1082
-1047
-1008
-965
-918
-856
-775
-663
-529
-383
-251
-145
-70
-11
43
90
117
123
134
177
267
389
507
579
598
591
593
624
677
722
734
713
680
640
576
487
413
386
400
426
440
435
397
337
280
242
202
153
103
61
19
-40
-108
-170
-232
-313
-405
-464
-456
-397
-345
-327
-350
-396
-443
-453
-400
-300
-207
-177
-214
-277
-325
-351
-343
-302
-246
-225
-257
-299
-300
-249
-185
-138
-127
-149
-190
-237
-264
-258
-206
-120
-31
42
95
149
214
279
323
354
399
490
612
729
811
849
855
836
801
754
720
720
743
746
705
645
604
585
583
592
593
559
498
423
339
245
163
110
55
-27
-129
-237
-356
-479
-581
-614
-576
-509
-475
-497
-520
-486
-397
-315
-280
-289
-325
-367
-398
-406
-392
-373
-367
-384
-423
-474
-522
-577
-638
-683
-693
-665
-620
-571
-526
-498
-501
-546
-604
-639
-614
-517
-369
-208
-95
-47
-39
-16
44
128
223
329
442
541
620
682
738
784
827
879
940
976
956
880
794
752
746
736
693
645
599
534
429
300
191
121
93
93
93
62
-11
