-175
-260
-323
-318
-260
-197
-174
-210
-291
-366
-392
-349
-251
-131
-43
-20
-63
-160
-277
-359
-336
-211
-50
60
98
97
77
53
41
71
124
139
78
-35
-132
-173
-148
-73
21
104
157
172
148
90
20
-24
-10
50
117
149
139
89
24
-16
-21
-25
-52
-51
29
147
197
152
75
39
42
43
16
-56
-157
-261
-337
-381
-395
-380
-340
-271
-182
-92
-23
26
51
50
39
51
88
114
112
95
66
26
-23
-60
-88
-128
-183
-246
-289
-286
-222
-117
-40
-34
-87
-145
-165
-148
-113
-82
-60
-23
45
131
205
248
266
270
289
335
404
466
502
493
450
388
330
268
178
77
16
29
77
101
74
25
6
43
100
121
63
-45
-141
-176
-146
-91
-56
-63
-80
-65
-20
12
10
-4
0
19
37
54
83
117
138
129
98
62
27
-14
-85
-181
-262
-274
-208
-123
-81
-115
-185
-238
-242
-221
-207
-176
-102
-10
39
28
-6
-26
-22
31
132
241
288
259
190
124
60
-24
-120
-183
-189
-162
-144
-127
-74
32
174
298
367
388
405
442
473
468
415
332
250
205
199
192
160
115
77
29
-53
-163
-263
-325
-350
-370
-411
-462
-490
-473
-428
-371
-321
-285
-268
-267
-270
-271
-278
-295
-320
-340
-348
-344
-329
-299
-245
-163
-72
-18
-7
-10
19
79
143
187
192
169
143
136
133
122
111
135
198
259
291
302
300
272
213
148
101
76
60
23
-37
-96
-122
-112
-73
-23
25
38
-9
-107
-196
-235
-232
-217
-194
-144
-66
15
64
68
50
35
53
104
167
209
216
216
240
294
340
349
324
294
280
280
285
289
296
305
314
308
282
232
181
146
132
130
119
85
22
-52
-125
-202
-276
-319
-307
-253
-215
-219
-284
-380
-454
-457
-387
-296
-238
-224
-224
-205
-162
-110
-68
-36
-11
-3
-32
-87
-121
-95
-22
47
95
125
161
209
256
273
235
173
155
217
304
334
281
185
93
13
-37
-20
75
183
231
208
161
114
57
-1
-43
-40
-5
33
32
-31
-136
-238
-272
-211
-100
-22
-27
-82
-148
-202
-234
-226
-199
-191
-205
-208
-190
-172
-173
-180
-181
-170
-133
-86
-53
-49
-30
20
78
108
109
113
131
151
150
133
120
129
145
133
82
22
-14
-34
-74
-143
-210
-241
-232
-203
-174
-142
-110
-99
-114
-123
-91
-53
-61
-111
-138
-117
-76
-62
-86
-119
-134
-127
-116
-107
-98
-98
-131
-179
-170
-77
30
50
-10
-53
-5
105
189
212
188
150
138
168
228
277
293
292
310
348
371
361
328
293
267
240
231
244
255
237
187
152
155
190
214
191
114
27
-24
-36
-24
-2
27
43
43
39
46
67
101
157
221
260
245
174
69
-20
-69
-85
-115
-167
-223
-269
-311
-339
-318
-229
-119
-47
-26
-14
22
72
100
99
78
69
79
98
106
69
0
-79
-134
-160
-162
-152
-150
-178
-219
-242
-235
-224
-240
-272
-302
-308
-297
-300
-341
-410
-457
-444
-381
-293
-213
-156
-135
-170
-262
-369
-419
-392
-328
-285
-265
-232
-154
-46
40
74
57
28
4
-6
-9
-27
-60
-85
-78
-53
-30
8
69
151
242
339
429
490
518
521
521
513
494
462
413
352
288
250
236
225
198
165
147
118
60
-23
-80
-76
-20
55
128
190
227
227
196
159
115
54
-20
-72
-69
8
145
282
346
325
271
246
267
311
347
346
282
189
117
97
104
97
66
33
7
-44
-141
-254
-317
-305
-246
-194
-196
-247
-306
-313
-259
-163
-62
14
52
58
51
41
27
9
3
28
83
134
148
118
43
-43
-108
-120
-70
15
92
113
84
34
-15
-69
-112
-109
-62
-3
15
4
-19
-47
-107
-186
-248
-256
-213
-158
-142
-206
-338
-483
-576
-590
-556
-546
-598
-685
-723
-669
-549
-423
-316
-233
-181
-167
-200
-263
-332
-359
-321
-217
-91
19
102
191
309
452
587
692
753
757
708
622
527
447
391
362
344
323
294
264
242
217
176
123
97
131
222
309
343
334
320
315
305
278
245
203
153
92
15
-77
-156
-195
-192
-166
-130
-101
-101
-124
-138
-124
-85
-17
87
202
280
297
250
174
83
17
-14
-22
-45
-95
-143
-158
-130
-89
-72
-95
-126
-127
-96
-61
-45
-54
-91
-139
-173
-171
-158
-160
-186
-230
-261
-270
-273
-313
-395
-464
-486
-459
-409
-341
-267
-231
-247
-282
-287
-278
-264
-247
-225
-226
-238
-217
-170
-170
-259
-373
-431
-404
-328
-250
-199
-169
-132
-77
-43
-51
-85
-105
-100
-88
-89
-100
-107
-85
-26
69
174
275
360
423
466
501
552
603
625
600
539
464
386
324
284
270
290
359
464
560
614
621
594
533
453
391
365
358
332
292
257
234
188
106
20
-38
-49
-39
-28
-29
-11
59
176
283
339
359
370
371
365
385
431
468
446
367
273
212
193
191
179
162
148
138
115
70
-18
-148
-277
-331
-305
-280
-318
-383
-404
-382
-349
-324
-284
-208
-85
54
143
128
22
-103
-186
-229
-270
-330
-393
-428
-436
-439
-437
-410
-349
-285
-268
-325
-432
-525
-554
-519
-471
-464
-500
-537
-540
-507
-452
-378
-287
-201
-145
-121
-118
-131
-163
-217
-295
-389
-466
-489
-451
-395
-362
-345
-323
-292
-278
-286
-302
-317
-306
-240
-110
24
80
52
2
-5
33
81
120
147
173
188
161
72
-55
-139
-122
-18
99
185
242
286
319
326
312
308
347
427
528
633
734
801
821
807
791
776
745
705
676
658
618
541
461
411
384
357
325
313
322
323
281
197
122
117
186
290
386
468
520
523
467
388
318
286
290
303
283
188
33
-132
-242
-281
-265
-247
-259
-307
-367
-404
-416
-406
-394
-363
-302
-211
-113
-34
14
29
34
32
32
39
61
92
95
46
-45
-127
-159
-126
-57
13
51
31
-46
-147
-232
-281
-320
-366
-406
-402
-334
-241
-172
-167
-208
-244
-233
-178
-131
-119
-126
-124
-133
-163
-202
-232
-283
-382
-492
-553
-536
-490
-491
-586
-758
-935
-1057
-1089
-1038
-925
-787
-668
-603
-588
-574
-535
-496
-475
-437
-349
-238
-157
-113
-85
-52
-38
-61
-104
-117
-76
-5
50
79
110
177
271
349
376
367
355
354
364
392
465
593
751
866
893
837
750
697
703
756
790
748
646
559
559
627
709
753
743
699
657
623
560
441
311
243
250
279
294
307
330
357
369
388
430
492
548
579
584
543
444
302
171
85
33
-24
-100
-175
-214
-211
-196
-206
-249
-286
-297
-287
-279
-268
-243
-214
-200
-207
-227
-254
-272
-269
-236
-194
-179
-198
-215
-182
-114
-75
-125
-243
-363
-430
-432
-384
-334
-323
-359
-396
-399
-397
-423
-472
-499
-511
-547
-615
-665
-654
-597
-546
-525
-518
-498
-459
-407
-362
-340
-333
-328
-303
-251
-182
-133
-121
-96
-1
159
301
370
362
315
258
211
203
251
345
436
480
463
394
280
141
19
-42
-38
-1
42
83
120
150
185
228
272
304
340
385
424
436
434
455
513
595
680
756
821
860
862
840
790
709
580
424
272
129
-15
-197
-430
-722
-1044
-1349
-1584
-1718
-1788
-1850
-1945
-2051
-2106
-2025
-1763
-1385
-1018
-755
-553
-318
-34
217
358
396
397
424
502
607
707
769
789
801
863
1014
1212
1380
1462
1494
1549
1679
1872
2066
2221
2330
2413
2482
2539
2573
2556
2482
2390
2319
2238
2063
1727
1242
703
239
-81
-326
-664
-1211
-1922
-2618
-3122
-3368
-3429
-3455
-3554
-3699
-3745
-3560
-3162
-2693
-2301
-2025
-1805
-1554
-1258
-975
-796
-768
-838
-865
-738
-519
-383
-463
-704
-942
-1032
-928
-710
-518
-458
-471
-411
-213
55
284
463
639
852
1113
1385
1591
1658
1609
1581
1704
1961
2225
2378
2388
2282
2140
2083
2165
2308
2334
2163
1885
1671
1588
1559
1444
1199
904
659
497
379
249
59
-188
-428
-589
-661
-708
-826
-1059
-1374
-1654
-1789
-1738
-1590
-1477
-1477
-1547
-1561
-1432
-1162
-825
-524
-346
-293
-270
-175
-12
120
146
84
10
-1
77
204
288
281
235
223
223
140
-65
-315
-514
-623
-667
-693
-763
-898
-1051
-1135
-1102
-984
-860
-818
-857
-892
-814
-612
-359
-139
12
115
210
329
478
620
712
721
637
508
429
469
589
669
646
579
575
662
769
791
692
533
437
478
624
769
830
791
696
612
576
566
490
303
91
-9
19
19
-174
-566
-990
-1256
-1301
-1260
-1358
-1676
-2039
-2161
-1933
-1519
-1198
-1108
-1155
-1122
-883
-494
-149
2
-45
-152
-166
-51
106
173
111
-20
-127
-128
-1
217
427
567
666
787
997
1301
1657
1963
2147
2260
2449
2806
3229
3532
3641
3666
3747
3917
4076
4114
4012
3857
3711
3525
3203
2741
2249
1819
1402
849
95
-724
-1409
-1905
-2370
-2995
-3772
-4494
-4930
-5067
-5095
-5205
-5366
-5369
-5075
-4567
-4054
-3662
-3350
-3041
-2715
-2441
-2255
-2119
-1982
-1818
-1675
-1566
-1440
-1223
-956
-785
-776
-810
-712
-443
-122
135
328
523
745
963
1154
1332
1499
1628
1712
1783
1877
1978
2046
2047
2011
2024
2161
2404
2622
2695
2632
2573
2638
2823
3029
3182
3287
3360
3385
3342
3253
3185
3183
3206
3144
2904
2488
1998
1543
1139
670
21
-780
-1584
-2260
-2823
-3389
-4060
-4772
-5356
-5666
-5743
-5749
-5783
-5782
-5600
-5175
-4544
-3792
-2975
-2178
-1482
-940
-492
-55
406
810
1075
1185
1214
1243
1293
1311
1230
1068
920
877
891
851
692
481
316
245
266
358
468
531
552
620
789
1016
1209
1337
1454
1641
1911
2210
2461
2652
2856
3157
3541
3899
4124
4220
4286
4392
4544
4697
4817
4863
4772
4494
4029
3498
3060
2743
2349
1656
663
-384
-1271
-2034
-2849
-3832
-4893
-5835
-6493
-6869
-7113
-7347
-7525
-7489
-7155
-6596
-5931
-5235
-4544
-3894
-3292
-2674
-1993
-1319
-799
-479
-252
25
358
659
836
874
822
778
815
921
980
892
665
403
198
81
17
-66
-224
-410
-481
-331
-23
257
395
460
623
985
1489
2012
2469
2898
3383
3961
4574
5104
5485
5738
5950
6166
6378
6542
6608
6539
6308
5897
5327
4693
4103
3526
2797
1779
551
-671
-1722
-2631
-3570
-4678
-5863
-6872
-7491
-7780
-7961
-8169
-8322
-8243
-7859
-7222
-6441
-5646
-4935
-4303
-3648
-2869
-2000
-1190
-587
-188
142
547
1045
1522
1824
1894
1840
1831
1945
2100
2138
1990
1717
1466
1339
1321
1297
1154
884
596
426
423
536
661
756
842
976
1224
1611
2094
2563
2953
3329
3786
4349
4919
5393
5734
5973
6177
6378
6552
6633
6570
6332
5876
5235
4568
4016
3499
2761
1686
420
-787
-1847
-2862
-3980
-5215
-6416
-7358
-7955
-8329
-8639
-8908
-9002
-8849
-8457
-7856
-7079
-6253
-5532
-4927
-4276
-3461
-2585
-1877
-1431
-1100
-696
-168
369
790
1034
1128
1173
1282
1489
1733
1887
1866
1664
1424
1334
1428
1520
1442
1267
1217
1370
1586
1695
1693
1708
1853
2146
2501
2832
3103
3370
3700
4105
4536
4912
5181
5353
5492
5638
5764
5844
5895
5947
5927
5710
5232
4584
3934
3369
2781
1970
868
-354
-1433
-2299
-3131
-4148
-5332
-6424
-7158
-7537
-7789
-8067
-8290
-8273
-7979
-7491
-6875
-6155
-5431
-4814
-4265
-3617
-2812
-2021
-1428
-1016
-613
-114
452
986
1399
1653
1797
1926
2107
2328
2498
2514
2330
2061
1905
1923
1960
1805
1448
1056
798
704
707
723
714
696
743
953
1326
1738
2041
2245
2510
2949
3494
3986
4345
4631
4918
5245
5561
5790
5870
5822
5695
5477
5094
4539
3930
3359
2769
2013
1051
-19
-1059
-1995
-2879
-3855
-4964
-6016
-6750
-7146
-7441
-7808
-8153
-8263
-8085
-7690
-7156
-6555
-5971
-5430
-4864
-4214
-3531
-2934
-2459
-2032
-1540
-974
-412
70
453
759
994
1168
1324
1518
1729
1868
1882
1853
1910
2080
2248
2267
2131
1977
1934
1999
2093
2159
2202
2238
2302
2468
2786
3208
3599
3894
4182
4605
5152
5643
5928
6043
6145
6325
6534
6665
6642
6446
6106
5657
5106
4464
3784
3131
2475
1682
658
-532
-1696
-2701
-3580
-4507
-5582
-6687
-7598
-8215
-8642
-9002
-9269
-9321
-9110
-8697
-8150
-7498
-6769
-6027
-5337
-4700
-4072
-3412
-2758
-2195
-1768
-1401
-957
-384
225
712
1012
1186
1351
1599
1933
2244
2391
2361
2322
2443
2706
2942
3019
2938
2799
2714
2748
2889
3063
3206
3327
3473
3697
4007
4364
4685
4926
5129
5352
5583
5735
5743
5636
5527
5520
5609
5692
5634
5391
5033
4633
4140
3480
2743
2080
1481
726
-323
-1549
-2674
-3554
-4312
-5199
-6277
-7311
-8012
-8363
-8609
-8899
-9131
-9103
-8794
-8311
-7733
-7050
-6284
-5535
-4885
-4300
-3666
-2951
-2236
-1664
-1246
-860
-350
285
890
1292
1484
1624
1872
2224
2542
2715
2725
2645
2584
2640
2805
2947
2927
2768
2645
2711
2950
3212
3377
3478
3637
3928
4292
4609
4828
4989
5158
5355
5558
5712
5796
5830
5857
5878
5876
5847
5796
5680
5468
5180
4818
4276
3473
2594
1920
1456
844
-207
-1578
-2867
-3803
-4490
-5272
-6356
-7532
-8390
-8759
-8874
-9040
-9268
-9342
-9123
-8673
-8099
-7450
-6762
-6113
-5536
-4963
-4266
-3425
-2569
-1880
-1402
-1004
-511
130
760
1166
1298
1361
1591
2047
2530
2811
2805
2649
2567
2649
2795
2837
2732
2561
2439
2427
2559
2799
3038
3169
3207
3287
3504
3833
4157
4394
4539
4675
4913
5267
5620
5799
5756
5618
5571
5665
5759
5667
5332
4824
4219
3553
2901
2340
1820
1116
37
-1333
-2627
-3519
-4065
-4684
-5708
-6980
-8012
-8486
-8559
-8577
-8713
-8812
-8632
-8071
-7255
-6424
-5742
-5198
-4675
-4072
-3365
-2593
-1830
-1182
-721
-388
35
693
1449
1942
2013
1912
2035
2472
2951
3160
3049
2809
2665
2700
2837
2909
2803
2544
2286
2195
2320
2543
2679
2643
2536
2576
2881
3376
3830
4089
4195
4322
4586
4936
5225
5334
5271
5194
5295
5601
5887
5862
5489
4986
4552
4133
3586
2923
2255
1582
726
-427
-1772
-3040
-4037
-4839
-5695
-6722
-7728
-8414
-8745
-8927
-9125
-9256
-9122
-8646
-7943
-7210
-6573
-5996
-5355
-4606
-3850
-3207
-2649
-2056
-1417
-847
-418
-11
516
1118
1591
1817
1906
2051
2314
2585
2709
2631
2463
2366
2417
2528
2549
2417
2205
2036
1976
2022
2139
2285
2448
2628
2851
3151
3530
3926
4223
4365
4461
4692
5106
5528
5739
5730
5712
5890
6211
6421
6324
5972
5546
5117
4578
3855
3047
2274
1490
481
-865
-2386
-3716
-4629
-5296
-6123
-7290
-8504
-9297
-9522
-9478
-9497
-9585
-9455
-8936
-8139
-7331
-6637
-5969
-5210
-4387
-3596
-2835
-2013
-1151
-415
97
491
969
1565
2137
2518
2671
2696
2776
3037
3396
3580
3420
3069
2852
2912
3093
3147
3001
2789
2703
2820
3057
3265
3364
3416
3523
3730
4004
4308
4615
4879
5059
5177
5314
5492
5639
5670
5586
5478
5424
5400
5293
5000
4510
3905
3228
2475
1692
982
354
-407
-1539
-3033
-4520
-5584
-6116
-6479
-7162
-8287
-9424
-9982
-9831
-9390
-9140
-9092
-8892
-8257
-7306
-6348
-5571
-4908
-4193
-3326
-2344
-1376
-487
335
1100
1754
2246
2643
3068
3573
4050
4294
4205
3960
3865
4015
4167
4009
3551
3064
2803
2725
2645
2437
2137
1863
1753
1880
2167
2425
2519
2533
2656
3012
3533
4047
4383
4522
4597
4796
5146
5482
5597
5480
5347
5423
5693
5876
5714
5199
4530
3812
3027
2199
1439
761
-57
-1257
-2802
-4316
-5388
-5951
-6361
-7065
-8151
-9212
-9743
-9627
-9219
-8918
-8793
-8601
-8105
-7277
-6278
-5326
-4524
-3811
-3049
-2194
-1330
-553
129
755
1303
1705
1967
2237
2662
3162
3446
3331
2983
2747
2757
2839
2728
2360
1877
1489
1331
1371
1441
1370
1166
987
999
1245
1657
2105
2465
2704
2915
3217
3623
4018
4298
4518
4809
5196
5523
5642
5601
5610
5796
6054
6126
5867
5374
4853
4352
3713
2828
1810
871
31
-932
-2227
-3787
-5251
-6268
-6836
-7301
-7999
-8885
-9608
-9870
-9679
-9233
-8718
-8178
-7577
-6877
-6077
-5187
-4175
-3045
-1931
-1046
-449
57
748
1664
2546
3084
3203
3139
3216
3561
3997
4235
4137
3773
3326
2965
2784
2740
2655
2353
1833
1318
1082
1198
1479
1645
1591
1471
1540
1904
2436
2940
3315
3609
3860
4083
4291
4553
4919
5319
5592
5626
5500
5413
5525
5778
5933
5754
5243
4605
3999
3362
2533
1526
523
-348
-1206
-2298
-3736
-5315
-6651
-7501
-7978
-8428
-9072
-9819
-10375
-10530
-10242
-9592
-8713
-7798
-7023
-6402
-5764
-4864
-3626
-2261
-1146
-500
-157
280
1069
2071
2904
3297
3301
3170
3108
3157
3243
3246
3059
2642
2078
1543
1196
1051
1003
916
750
562
478
601
932
1367
1772
2112
2415
2724
3061
3466
3958
4466
4844
4998
5016
5117
5436
5870
6154
6127
5880
5663
5646
5783
5865
5693
5217
4496
3593
2599
1635
817
112
-658
-1719
-3189
-4919
-6499
-7527
-7969
-8174
-8528
-9135
-9811
-10262
-10234
-9599
-8471
-7211
-6194
-5550
-5065
-4385
-3272
-1813
-347
770
1442
1876
2362
3000
3671
4212
4546
4638
4483
4144
3775
3503
3318
3109
2732
2141
1414
766
382
276
294
279
218
164
180
334
689
1209
1739
2130
2367
2548
2797
3153
3554
3908
4189
4466
4789
5108
5313
5347
5282
5249
5320
5433
5446
5282
4974
4582
4061
3341
2422
1407
428
-451
-1325
-2433
-3916
-5578
-6992
-7855
-8202
-8289
-8420
-8793
-9390
-9891
-9865
-9126
-7910
-6669
-5715
-5057
-4467
-3701
-2669
-1477
-275
826
1744
2375
2680
2764
2834
3059
3403
3631
3500
3004
2376
1866
1514
1181
732
209
-244
-559
-792
-1000
-1123
-1073
-835
-479
-106
218
484
777
1213
1817
2483
3058
3478
3783
4076
4433
4858
5280
5642
5942
6193
6363
6420
6408
6410
6465
6513
6450
6190
5674
4884
3840
2651
1485
532
-193
-938
-2074
-3729
-5622
-7224
-8151
-8409
-8358
-8447
-8893
-9541
-9976
-9840
-9058
-7875
-6608
-5459
-4443
-3519
-2660
-1806
-829
394
1777
3001
3721
3865
3708
3654
3914
4349
4618
4490
3999
3313
2560
1794
1091
559
236
41
-191
-554
-976
-1247
-1187
-800
-247
281
651
857
1024
1305
1727
2189
2605
2956
3269
3561
3848
4124
4390
4677
5020
5376
5595
5591
5456
5380
5440
5538
5545
5400
5045
4397
3385
2088
737
-402
-1236
-1962
-2951
-4450
-6324
-8094
-9282
-9730
-9675
-9545
-9648
-10004
-10356
-10359
-9806
-8710
-7254
-5677
-4201
-2980
-2026
-1184
-234
958
2302
3529
4389
4821
4951
4913
4783
4601
4405
4198
3913
3438
2690
1659
487
-543
-1162
-1331
-1259
-1204
-1293
-1472
-1568
-1406
-917
-203
561
1249
1831
2316
2697
3021
3384
3833
4322
4767
5135
5392
5502
5501
5540
5734
6035
6294
6397
6342
6190
6015
5857
5692
5434
4955
4133
2941
1540
235
-743
-1466
-2294
-3585
-5352
-7225
-8688
-9476
-9696
-9693
-9769
-9982
-10194
-10204
-9889
-9163
-7988
-6436
-4734
-3184
-1966
-1053
-249
644
1703
2836
3858
4592
4941
4886
4486
3937
3485
3257
3148
2934
2435
1601
518
-581
-1417
-1832
-1874
-1735
-1616
-1610
-1651
-1570
-1235
-668
6
678
1327
1942
2474
2874
3173
3471
3862
4373
4942
5420
5691
5772
5799
5863
5979
6102
6189
6212
6164
6055
5847
5497
5005
4397
3633
2639
1422
137
-1051
-2108
-3203
-4539
-6120
-7677
-8862
-9573
-9970
-10262
-10509
-10657
-10628
-10378
-9857
-9012
-7795
-6247
-4527
-2901
-1560
-512
411
1392
2488
3613
4603
5304
5636
5609
5315
4906
4504
4139
3729
3200
2508
1655
695
-232
-968
-1441
-1676
-1748
-1712
-1602
-1438
-1201
-864
-392
219
948
1720
2428
2987
3390
3691
3963
4261
4618
5047
5505
5882
6089
6143
6172
6272
6435
6609
6727
6714
6500
6100
5622
5159
4672
4004
3007
1696
254
-1104
-2297
-3417
-4636
-6039
-7547
-8963
-10094
-10844
-11211
-11281
-11157
-10942
-10672
-10297
-9695
-8725
-7317
-5557
-3684
-1976
-572
573
1594
2575
3525
4401
5149
5704
6008
5992
5616
4936
4092
3268
2581
2024
1477
805
-25
-907
-1672
-2190
-2417
-2382
-2128
-1726
-1263
-814
-385
68
581
1172
1845
2580
3312
3957
4449
4788
5020
5214
5439
5772
6211
6643
6899
6894
6707
6482
6320
6189
6013
5749
5414
5025
4543
3896
3026
1941
701
-586
-1808
-2918
-3947
-4998
-6177
-7518
-8895
-10056
-10769
-10982
-10818
-10472
-10099
-9736
-9274
-8546
-7463
-6068
-4484
-2838
-1246
177
1358
2293
3050
3710
4345
4991
5600
6010
6041
5630
4865
3914
2958
2145
1511
971
407
-234
-931
-1621
-2181
-2510
-2560
-2375
-1998
-1459
-845
-286
150
538
1009
1622
2344
3112
3859
4478
4881
5077
5201
5413
5753
6130
6408
6542
6556
6498
6375
6189
5959
5706
5444
5173
4871
4467
3856
2934
1672
169
-1371
-2725
-3792
-4671
-5635
-6897
-8401
-9829
-10856
-11352
-11397
-11168
-10814
-10385
-9829
-9080
-8104
-6892
-5437
-3770
-2019
-354
1101
2294
3229
3935
4500
4998
5451
5811
6001
5923
5480
4673
3660
2682
1895
1293
760
194
-429
-1059
-1633
-2108
-2444
-2560
-2347
-1757
-919
-68
581
981
1251
1577
2088
2785
3549
4236
4750
5072
5257
5398
5576
5793
6003
6185
6354
6498
6553
6459
6188
5771
5295
4873
4544
4236
3815
3152
2162
847
-658
-2124
-3351
-4309
-5147
-6075
-7212
-8494
-9719
-10660
-11178
-11276
-11036
-10559
-9936
-9250
-8525
-7665
-6527
-5063
-3388
-1673
-37
1466
2791
3881
4682
5208
5559
5880
6217
6461
6414
5985
5233
4271
3215
2202
1380
814
413
-8
-605
-1389
-2202
-2783
-2918
-2566
-1873
-1067
-345
193
554
831
1161
1656
2356
3219
4114
4852
5293
5439
5447
5504
5695
5973
6230
6398
6467
6410
6145
5627
4948
4298
3809
3476
3188
2803
2168
1178
-161
-1683
-3137
-4320
-5182
-5854
-6539
-7376
-8359
-9361
-10204
-10723
-10825
-10533
-9955
-9235
-8455
-7639
-6744
-5686
-4387
-2854
-1196
440
1931
3172
4082
4669
5052
5376
5708
6008
6178
6134
5812
5194
4326
3329
2350
1511
862
349
-158
-787
-1564
-2356
-2956
-3167
-2931
-2368
-1697
-1097
-612
-198
215
691
1292
2013
2807
3575
4260
4829
5276
5602
5830
5987
6106
6243
6425
6617
6673
6438
5878
5122
4393
3818
3376
2946
2407
1674
687
-569
-2012
-3444
-4643
-5499
-6086
-6616
-7305
-8227
-9237
-10073
-10554
-10655
-10414
-9875
-9104
-8230
-7365
-6513
-5570
-4418
-3021
-1453
149
1636
2896
3878
4574
5011
5268
5494
5817
6199
6419
6249
5606
4594
3447
2424
1682
1166
703
164
-471
-1152
-1791
-2272
-2484
-2388
-2011
-1452
-853
-339
66
442
883
1440
2118
2903
3726
4484
5076
5443
5611
5676
5763
5945
6224
6538
6777
6792
6497
5940
5246
4538
3893
3340
2830
2262
1555
679
-365
-1559
-2816
-3988
-4945
-5671
-6260
-6883
-7670
-8615
-9566
-10310
-10687
-10624
-10168
-9456
-8648
-7826
-6988
-6079
-5016
-3717
-2183
-517
1113
2542
3663
4453
4970
5328
5666
6092
6597
6966
6902
6255
5152
3880
2724
1824
1146
547
-81
-766
-1482
-2182
-2776
-3141
-3194
-2928
-2414
-1776
-1150
-621
-191
217
715
1383
2217
3148
4063
4838
5360
5611
5684
5722
5826
6007
6206
6327
6290
6044
5579
4937
4202
3474
2815
2241
1719
1216
678
23
-843
-1940
-3143
-4236
-5075
-5695
-6274
-6970
-7792
-8623
-9339
-9877
-10165
-10101
-9647
-8919
-8112
-7354
-6610
-5744
-4646
-3309
-1808
-240
1281
2613
3649
4371
4869
5265
5659
6061
6362
6408
6107
5503
4707
3833
2958
2149
1430
803
239
-299
-854
-1410
-1875
-2149
-2162
-1928
-1506
-984
-422
131
648
1140
1659
2275
2982
3729
4407
4914
5211
5375
5515
5637
5697
5681
5634
5564
5436
5194
4799
4213
3461
2650
1926
1364
931
541
79
-552
-1406
-2442
-3540
-4569
-5412
-6031
-6490
-6964
-7595
-8380
-9162
-9735
-9951
-9755
-9216
-8474
-7669
-6876
-6078
-5200
-4147
-2880
-1426
133
1699
3147
4349
5216
5737
5999
6151
6318
6501
6569
6374
5861
5076
4122
3136
2253
1537
967
450
-127
-826
-1571
-2194
-2553
-2615
-2419
-2025
-1507
-947
-419
45
460
894
1411
2009
2606
3120
3535
3911
4274
4587
4782
4840
4815
4774
4742
4667
4463
4088
3576
3014
2479
1996
1562
1157
741
230
-456
-1327
-2302
-3267
-4133
-4890
-5596
-6291
-6967
-7586
-8150
-8665
-9081
-9284
-9178
-8787
-8194
-7473
-6658
-5788
-4858
-3806
-2565
-1159
322
1784
3135
4277
5130
5665
5914
5966
5937
5902
5833
5621
5189
4563
3831
3059
2268
1469
700
8
-575
-1033
-1360
-1561
-1658
-1670
-1612
-1474
-1242
-898
-453
64
615
1152
1640
2049
2418
2810
3262
3727
4147
4478
4688
4747
4653
4459
4231
4009
3798
3578
3296
2913
2448
1969
1516
1074
583
25
-574
-1181
-1834
-2617
-3540
-4507
-5361
-6008
-6475
-6872
-7295
-7747
-8140
-8362
-8346
-8086
-7613
-6956
-6137
-5204
-4221
-3208
-2121
-911
387
1667
2805
3732
4441
4969
5347
5559
5575
5416
5204
5029
4857
4544
3997
3258
2456
1683
975
341
-196
-604
-880
-1053
-1170
-1249
-1282
-1249
-1128
-917
-630
-296
58
406
735
1040
1320
1593
1878
2177
2453
2663
2816
2961
3121
3252
3274
3172
2993
2821
2682
2547
2344
2032
1621
1162
674
130
-491
-1165
-1831
-2476
-3146
-3879
-4655
-5429
-6158
-6785
-7242
-7531
-7711
-7848
-7924
-7865
-7578
-7019
-6244
-5353
-4431
-3471
-2448
-1358
-239
859
1904
2873
3749
4480
5006
5294
5400
5428
5441
5420
5294
5005
4538
3956
3331
2728
2182
1724
1356
1022
669
298
-19
-238
-391
-530
-662
-741
-719
-584
-380
-180
-33
83
215
404
653
946
1251
1544
1832
2121
2382
2571
2712
2829
2917
2918
2793
2548
2243
1963
1719
1457
1105
645
77
-565
-1240
-1900
-2513
-3062
-3543
-4024
-4548
-5125
-5652
-5996
-6070
-5897
-5619
-5345
-5080
-4738
-4264
-3666
-2982
-2257
-1498
-730
19
714
1335
1873
2323
2708
3082
3482
3878
4204
4394
4406
4234
3923
3558
3211
2925
2692
2473
2177
1769
1293
821
398
25
-284
-530
-738
-941
-1159
-1387
-1604
-1766
-1819
-1738
-1538
-1296
-1091
-944
-802
-595
-320
-23
281
623
1033
1473
1864
2129
2219
2150
2005
1898
1848
1774
1583
1251
794
262
-286
-804
-1302
-1795
-2233
-2585
-2890
-3210
-3545
-3800
-3928
-3939
-3879
-3746
-3484
-3084
-2601
-2164
-1838
-1581
-1293
-891
-412
68
480
848
1220
1551
1753
1823
1873
2038
2343
2720
3042
3209
3228
3176
3119
3051
2967
2878
2804
2729
2591
2340
1969
1532
1071
600
144
-278
-649
-1002
-1366
-1774
-2196
-2545
-2763
-2863
-2897
-2857
-2705
-2439
-2077
-1671
-1257
-845
-376
168
674
1025
1196
1276
1357
1451
1539
1540
1410
1156
815
415
-35
-472
-838
-1159
-1479
-1817
-2124
-2351
-2499
-2610
-2717
-2783
-2697
-2402
-1958
-1483
-1065
-729
-458
-196
107
440
719
926
1097
1306
1511
1614
1589
1506
1494
1583
1758
1986
2230
2464
2629
2714
2736
2747
2798
2910
3071
3202
3199
3005
2634
2152
1626
1111
644
218
-197
-653
-1178
-1772
-2365
-2838
-3123
-3228
-3217
-3150
-3064
-2988
-2906
-2786
-2571
-2207
-1709
-1115
-542
-79
234
423
547
609
602
566
529
519
493
414
238
-57
-401
-734
-1021
-1249
-1402
-1466
-1500
-1532
-1558
-1520
-1371
-1099
-772
-488
-269
-67
165
430
665
864
1024
1192
1369
1480
1508
1453
1460
1588
1805
2012
2152
2248
2294
2281
2211
2122
2046
2025
2060
2104
2080
1938
1731
1499
1273
1010
677
298
-83
-446
-831
-1272
-1755
-2244
-2678
-2994
-3167
-3238
-3304
-3403
-3499
-3561
-3550
-3453
-3213
-2847
-2409
-1958
-1550
-1165
-840
-572
-391
-281
-167
-41
106
217
281
247
91
-106
-231
-194
-105
-58
-111
-199
-225
-165
-33
95
210
339
516
760
986
1158
1246
1294
1342
1418
1541
1734
1969
2221
2394
2501
2570
2650
2733
2802
2911
3049
3195
3288
3316
3334
3321
3316
3251
3133
2946
2702
2436
2093
1642
1062
440
-109
-571
-1001
-1428
-1864
-2306
-2733
-3106
-3393
-3617
-3766
-3819
-3831
-3841
-3843
-3758
-3542
-3245
-2945
-2724
-2592
-2472
-2304
-2090
-1892
-1767
-1692
-1631
-1549
-1455
-1412
-1414
-1447
-1434
-1360
-1263
-1114
-950
-762
-631
-523
-417
-335
-216
-25
275
593
845
1029
1133
1200
1269
1343
1425
1541
1739
1991
2151
2220
2216
2179
2141
2151
2388
2718
3067
3294
3383
3376
3218
3068
2956
3022
3203
3296
3189
2848
2421
1956
1463
972
452
-45
-468
-822
-1198
-1655
-2096
-2431
-2680
-2894
-3035
-3104
-3116
-3109
-3087
-3034
-2952
-2771
-2517
-2235
-1965
-1718
-1518
-1398
-1356
-1350
-1370
-1381
-1377
-1408
-1448
-1474
-1435
-1408
-1448
-1524
-1581
-1571
-1517
-1442
-1330
-1181
-975
-750
-558
-370
-188
46
286
590
960
1296
1519
1588
1625
1631
1695
1832
2029
2204
2331
2489
2640
2793
2922
3073
3272
3402
3498
3500
3508
3483
3361
3228
3038
2904
2719
2496
2259
1950
1680
1287
900
508
202
-22
-303
-563
-903
-1223
-1511
-1704
-1815
-1958
-2062
-2170
-2210
-2204
-2162
-2089
-2075
-2007
-1948
-1900
-1935
-2005
-2030
-2071
-2112
-2229
-2331
-2437
-2504
-2559
-2648
-2726
-2775
-2749
-2717
-2668
-2540
-2345
-2107
-1922
-1760
-1621
-1474
-1261
-981
-591
-202
147
338
418
476
625
854
1050
1253
1504
1812
2077
2248
2385
2481
2573
2673
2838
3052
3186
3217
3180
3160
3118
3011
2896
2769
2611
2365
2114
1858
1521
1157
818
644
526
388
199
-147
-493
-841
-1021
-1108
-1167
-1120
-1130
-1067
-1066
-965
-780
-579
-306
-151
11
56
131
153
86
-30
-152
-180
-240
-356
-618
-952
-1270
-1469
-1529
-1595
-1723
-1916
-2065
-2171
-2228
-2255
-2254
-2210
-2087
-1881
-1684
-1526
-1333
-1059
-780
-566
-420
-262
-138
72
332
671
940
1141
1315
1387
1442
1470
1639
1849
2042
2189
2279
2327
2292
2190
2025
1808
1611
1499
1359
1168
884
619
394
147
-77
-336
-509
-618
-696
-792
-994
-1167
-1285
-1314
-1288
-1280
-1221
-1137
-954
-714
-501
-316
-204
-44
112
251
358
388
428
379
326
294
245
180
-11
-165
-277
-319
-289
-291
-311
-457
-615
-750
-773
-727
-665
-642
-702
-735
-702
-583
-520
-530
-542
-521
-410
-235
14
220
335
424
530
657
783
927
1083
1213
1318
1417
1447
1411
1340
1260
1149
961
786
608
446
291
178
85
-108
-323
-562
-704
-817
-872
-899
-968
-1047
-1138
-1160
-1171
-1191
-1185
-1130
-1003
-892
-835
-812
-785
-628
-401
-118
126
314
474
559
680
744
800
775
730
718
682
709
669
640
512
387
321
295
325
305
299
234
163
143
200
328
428
521
592
608
549
371
251
200
324
454
521
445
292
241
327
538
654
653
572
499
462
414
369
268
139
-46
-205
-375
-498
-613
-701
-831
-1025
-1257
-1503
-1701
-1907
-2060
-2227
-2317
-2361
-2345
-2302
-2297
-2246
-2182
-2049
-1912
-1750
-1539
-1311
-1081
-902
-735
-562
-349
-147
63
229
404
529
644
767
826
895
874
924
974
1076
1265
1396
1546
1597
1727
1891
2003
2144
2175
2268
2290
2366
2490
2551
2608
2486
2377
2175
2033
1920
1846
1862
1841
1858
1759
1672
1541
1414
1324
1247
1234
1144
1005
795
584
392
143
-147
-471
-729
-972
-1234
-1505
-1749
-1967
-2179
-2353
-2516
-2658
-2823
-2945
-3096
-3233
-3330
-3392
-3359
-3298
-3134
-3031
-2963
-2874
-2723
-2557
-2471
-2401
-2344
-2245
-2054
-1756
-1454
-1227
-1059
-959
-922
-913
-842
-698
-518
-258
36
329
550
706
859
959
1110
1272
1512
1779
2056
2308
2453
2560
2651
2785
2924
3055
3147
3126
2955
2725
2556
2588
2748
2872
2816
2581
2390
2346
2447
2587
2606
2566
2431
2287
2056
1760
1494
1204
920
578
287
82
-141
-409
-802
-1168
-1403
-1488
-1474
-1581
-1782
-2125
-2480
-2759
-2912
-2903
-2868
-2819
-2832
-2920
-3042
-3199
-3278
-3325
-3288
-3204
-3075
-2926
-2868
-2793
-2788
-2678
-2591
-2444
-2281
-2121
-1872
-1568
-1134
-791
-559
-448
-266
51
456
854
1119
1334
1561
1872
2159
2312
2352
2346
2444
2642
2869
2925
2784
2567
2475
2499
2580
2661
2725
2766
2769
2788
2787
2735
2599
2429
2287
2232
2254
2187
1938
1551
1236
1063
980
927
740
471
36
-296
-537
-628
-691
-820
-977
-1221
-1398
-1595
-1727
-1843
-1890
-1899
-1930
-1959
-2057
-2168
-2334
-2444
-2490
-2509
-2526
-2669
-2845
-3010
-3012
-2884
-2782
-2748
-2845
-2948
-3015
-2945
-2701
-2321
-1926
-1595
-1377
-1174
-931
-604
-162
318
791
1060
1136
1097
1158
1377
1724
2024
2221
2295
2324
2336
2330
2296
2228
2135
2062
2058
2125
2237
2290
2260
2122
2007
1997
2134
2317
2416
2353
2150
1941
1811
1793
1752
1655
1467
1280
1082
837
608
349
158
-101
-341
-567
-696
-727
-783
-910
-1100
-1239
-1288
-1313
-1341
-1360
-1363
-1343
-1384
-1474
-1598
-1691
-1713
-1715
-1711
-1761
-1869
-1992
-2105
-2154
-2226
-2267
-2312
-2249
-2101
-1875
-1711
-1715
-1830
-1890
-1690
-1332
-930
-735
-656
-672
-610
-444
-165
196
429
544
485
521
666
961
1223
1355
1368
1313
1335
1395
1538
1631
1737
1807
1869
1885
1827
1764
1655
1589
1538
1538
1516
1437
1329
1171
1005
887
876
954
967
935
871
853
860
807
748
621
574
562
574
444
143
-173
-350
-322
-236
-243
-445
-721
-908
-915
-911
-982
-1145
-1250
-1274
-1240
-1193
-1183
-1162
-1126
-1033
-947
-828
-697
-517
-413
-386
-391
-356
-206
-85
16
-7
-64
-123
-146
-97
-92
-193
-403
-588
-637
-570
-412
-234
-111
-137
-214
-237
-108
145
405
583
587
540
524
601
720
798
817
774
761
790
796
644
381
145
76
106
136
59
-153
-444
-658
-712
-627
-528
-385
-304
-319
-491
-664
-682
-578
-391
-239
-93
24
61
17
-162
-322
-369
-227
3
117
111
-104
-328
-524
-476
-273
-92
-32
-134
-220
-243
-136
78
216
277
228
238
344
477
580
530
426
358
382
479
540
593
572
451
236
28
-72
-8
181
425
525
424
196
37
96
321
596
706
618
388
179
95
117
187
153
39
-112
-197
-224
-289
-420
-650
-895
-1083
-1163
-1121
-1087
-1106
-1195
-1299
-1268
-1165
-988
-967
-992
-993
-867
-708
-658
-657
-583
-298
106
435
560
509
458
542
797
1147
1381
1430
1283
1169
1152
1355
1642
1880
1889
1714
1558
1477
1453
1418
1441
1430
1342
1187
1121
1130
1129
1020
841
622
504
520
595
538
326
112
-20
-40
-45
-30
-128
-312
-538
-676
-719
-795
-896
-1064
-1179
-1328
-1455
-1524
-1531
-1475
-1526
-1603
-1780
-1941
-2092
-2149
-2079
-2020
-2019
-2118
-2172
-2196
-2186
-2196
-2225
-2256
-2242
-2163
-2044
-1939
-1823
-1708
-1619
-1579
-1495
-1218
-780
-391
-264
-360
-388
-122
453
1101
1572
1774
1749
1724
1842
2216
2744
3216
3498
3474
3354
3179
3176
3261
3406
3408
3160
2785
2406
2209
2028
1847
1577
1373
1243
1147
1028
893
839
845
928
1029
1090
1090
1059
1093
1100
1051
923
766
631
491
359
120
-261
-699
-1063
-1241
-1352
-1509
-1855
-2335
-2794
-3055
-3125
-3092
-3095
-3169
-3323
-3466
-3483
-3371
-3167
-2979
-2861
-2804
-2763
-2597
-2345
-2027
-1762
-1569
-1449
-1377
-1255
-1082
-855
-623
-417
-249
-123
33
248
485
677
806
964
1219
1562
1841
2001
2049
2100
2180
2284
2463
2664
2906
3020
3058
3011
3002
3060
3094
3088
2919
2775
2650
2642
2643
2550
2377
2052
1735
1442
1306
1272
1234
1154
910
598
230
61
96
186
88
-282
-711
-1084
-1273
-1373
-1466
-1641
-1858
-1980
-2099
-2309
-2660
-2983
-3170
-3307
-3423
-3585
-3716
-3859
-3995
-4160
-4267
-4189
-3856
-3410
-3071
-2905
-2850
-2799
-2721
-2520
-2151
-1630
-1089
-710
-581
-654
-663
-460
-37
425
831
1128
1332
1449
1534
1591
1658
1808
2092
2445
2672
2679
2493
2293
2221
2394
2723
3029
3113
2983
2754
2573
2501
2544
2681
2903
3101
3129
2860
2430
2070
1927
1982
2083
2186
2133
1934
1555
1129
782
606
690
832
889
629
156
-394
-797
-957
-902
-802
-849
-1141
-1630
-2181
-2634
-2810
-2713
-2441
-2276
-2392
-2812
-3393
-3874
-4152
-4073
-3690
-3097
-2618
-2576
-2976
-3523
-3670
-3241
-2407
-1647
-1302
-1389
-1678
-1798
-1587
-1084
-482
90
569
809
726
459
312
505
978
1530
1913
1993
1855
1615
1467
1495
1803
2312
2755
2952
2822
2556
2317
2274
2446
2749
3032
3158
3036
2702
2281
1929
1804
1927
2224
2388
2288
1893
1454
1105
931
914
982
1001
774
333
-143
-426
-511
-520
-584
-745
-977
-1206
-1374
-1506
-1639
-1798
-1906
-1934
-1918
-1927
-2045
-2203
-2366
-2422
-2404
-2360
-2375
-2528
-2767
-2984
-3043
-2948
-2804
-2713
-2673
-2603
-2444
-2254
-2120
-2002
-1777
-1400
-997
-719
-565
-452
-278
-10
315
599
767
863
946
998
968
908
927
1091
1326
1543
1633
1618
1549
1524
1534
1586
1672
1773
1847
1850
1819
1757
1736
1769
1836
1898
1956
2094
2282
2414
2347
2087
1804
1607
1550
1499
1392
1178
866
561
301
188
132
88
-29
-201
-337
-413
-448
-554
-676
-726
-657
-583
-606
-746
-936
-1081
-1161
-1237
-1405
-1579
-1624
-1534
-1476
-1612
-1877
-2131
-2176
-2005
-1740
-1554
-1480
-1424
-1388
-1366
-1307
-1093
-741
-387
-145
-15
70
203
394
548
583
526
528
639
799
884
811
638
504
531
682
759
639
353
126
104
265
422
435
343
212
136
135
235
397
502
530
479
469
471
526
597
701
821
915
1003
1002
927
775
661
668
768
861
797
587
359
261
311
386
372
215
-52
-287
-390
-307
-206
-171
-275
-465
-710
-961
-1126
-1185
-1109
-1002
-976
-1171
-1496
-1712
-1634
-1299
-934
-724
-760
-940
-1085
-1052
-850
-586
-303
-38
149
153
-4
-130
-32
298
636
757
613
330
53
-126
-156
-72
17
-59
-335
-718
-1015
-1116
-1032
-865
-712
-647
-695
-806
-871
-808
-608
-329
-48
129
224
322
540
861
1189
1441
1549
1571
1564
1602
1657
1716
1775
1801
1732
1553
1318
1134
1079
1137
1207
1165
982
723
466
339
355
456
509
492
444
303
-14
-477
-800
-758
-395
-72
-180
-766
-1479
-1825
-1622
-1136
-793
-816
-1058
-1235
-1173
-907
-552
-160
267
674
928
986
963
1050
1278
1462
1421
1138
822
643
598
516
245
-164
-603
-986
-1359
-1716
-2000
-2136
-2152
-2140
-2180
-2280
-2352
-2324
-2146
-1887
-1602
-1341
-1079
-776
-467
-179
34
253
534
914
1322
1643
1811
1820
1804
1823
1910
1952
1861
1631
1367
1244
1264
1314
1249
1099
945
825
718
644
676
812
940
826
339
-342
-820
-732
-246
143
-112
-1052
-2199
-2877
-2730
-2023
-1366
-1269
-1710
-2265
-2410
-1903
-862
306
1173
1506
1427
1288
1403
1842
2422
2831
2849
2447
1885
1437
1215
1048
678
28
-759
-1440
-1943
-2318
-2648
-2916
-3125
-3326
-3543
-3700
-3646
-3352
-2928
-2563
-2325
-2138
-1840
-1327
-640
49
588
944
1210
1511
1929
2449
2920
3191
3174
2951
2708
2621
2751
2932
2943
2637
2160
1765
1660
1793
1961
1938
1664
1263
927
775
671
395
-184
-820
-1163
-1079
-890
-1056
-1752
-2669
-3264
-3212
-2725
-2292
-2264
-2490
-2559
-2171
-1397
-515
250
862
1392
1858
2271
2638
3091
3589
3949
3899
3481
2997
2723
2621
2387
1767
768
-298
-1129
-1667
-2129
-2733
-3463
-4100
-4458
-4559
-4569
-4603
-4632
-4569
-4359
-4000
-3480
-2793
-2001
-1263
-691
-279
90
548
1112
1688
2127
2397
2550
2667
2757
2797
2773
2688
2589
2528
2489
2389
2147
1783
1396
1101
990
1027
1068
945
586
39
-598
-1122
-1331
-1199
-989
-1119
-1818
-2922
-3839
-4045
-3516
-2800
-2524
-2809
-3233
-3173
-2388
-1179
-86
612
1061
1579
2358
3351
4301
4920
5085
4948
4751
4671
4670
4540
4034
3091
1944
930
255
-157
-598
-1337
-2370
-3376
-4004
-4208
-4210
-4263
-4441
-4627
-4644
-4366
-3823
-3153
-2539
-2079
-1722
-1301
-683
128
983
1699
2129
2306
2420
2705
3180
3619
3748
3498
3091
2801
2742
2768
2654
2285
1755
1260
976
892
862
689
259
-423
-1231
-1910
-2225
-2186
-2108
-2407
-3224
-4254
-4951
-4936
-4362
-3759
-3558
-3726
-3817
-3438
-2535
-1451
-545
71
616
1359
2394
3543
4524
5127
5356
5381
5416
5543
5662
5531
4981
4069
3066
2271
1683
1110
287
-783
-1897
-2771
-3268
-3479
-3645
-3949
-4355
-4661
-4671
-4349
-3810
-3235
-2759
-2386
-2006
-1479
-779
-15
633
1087
1426
1804
2300
2836
3255
3451
3433
3310
3216
3184
3143
2962
2613
2172
1733
1347
1030
787
550
209
-311
-963
-1672
-2350
-2904
-3219
-3286
-3305
-3591
-4279
-5112
-5583
-5421
-4842
-4348
-4227
-4296
-4118
-3391
-2260
-1122
-266
397
1165
2202
3389
4436
5134
5490
5685
5899
6157
6350
6326
5963
5264
4395
3571
2890
2249
1480
486
-630
-1630
-2318
-2715
-3021
-3410
-3898
-4315
-4480
-4334
-3997
-3647
-3373
-3118
-2745
-2169
-1393
-572
131
617
977
1398
2012
2777
3462
3842
3880
3776
3745
3823
3835
3639
3244
2806
2435
2130
1788
1330
795
273
-155
-563
-1102
-1875
-2744
-3394
-3655
-3680
-3859
-4424
-5232
-5841
-5914
-5537
-5113
-4973
-5051
-4980
-4433
-3411
-2257
-1328
-656
38
998
2179
3297
4086
4517
4774
5084
5484
5808
5858
5571
5023
4351
3652
2978
2294
1539
657
-312
-1238
-1979
-2482
-2819
-3111
-3446
-3771
-3953
-3892
-3668
-3414
-3170
-2847
-2369
-1755
-1090
-468
40
475
955
1555
2217
2790
3223
3558
3863
4129
4296
4353
4305
4177
3961
3670
3342
2988
2576
2042
1382
690
124
-260
-577
-1047
-1778
-2651
-3385
-3780
-3881
-3962
-4283
-4860
-5419
-5622
-5363
-4867
-4476
-4304
-4162
-3735
-2895
-1824
-862
-178
387
1118
2102
3149
3981
4424
4552
4625
4855
5156
5198
4796
4084
3371
2840
2417
1898
1110
126
-796
-1422
-1762
-2036
-2443
-2994
-3497
-3754
-3741
-3617
-3540
-3519
-3420
-3081
-2441
-1626
-883
-351
43
514
1168
1899
2475
2772
2909
3136
3557
4001
4191
4024
3636
3252
2995
2814
2605
2272
1841
1369
884
361
-210
-753
-1210
-1600
-2024
-2505
-2975
-3358
-3638
-3811
-3866
-3808
-3703
-3642
-3674
-3755
-3678
-3292
-2654
-2027
-1567
-1189
-717
-94
566
1107
1471
1767
2163
2686
3136
3304
3191
3009
2949
2997
2967
2675
2150
1571
1119
752
315
-304
-1020
-1610
-1938
-2057
-2184
-2448
-2800
-3043
-3025
-2763
-2438
-2206
-2051
-1820
-1401
-828
-244
235
588
889
1211
1588
2036
2529
2992
3326
3498
3536
3483
3394
3300
3200
3031
2734
2329
1900
1522
1172
768
276
-214
-578
-794
-972
-1241
-1618
-1997
-2228
-2242
-2089
-1917
-1832
-1807
-1741
-1584
-1383
-1175
-898
-499
-18
412
710
925
1189
1554
1895
2017
1897
1732
1750
1931
2026
1822
1369
954
780
753
626
263
-214
-640
-963
-1266
-1626
-2036
-2415
-2695
-2870
-3033
-3249
-3502
-3655
-3585
-3304
-2941
-2652
-2451
-2298
-2103
-1824
-1415
-905
-384
51
391
714
1054
1391
1659
1824
1859
1791
1683
1603
1566
1515
1397
1219
1052
925
796
585
281
-43
-274
-391
-460
-598
-827
-1046
-1113
-965
-705
-511
-516
-629
-622
-325
182
663
931
1009
1065
1266
1624
2010
2302
2476
2602
2712
2802
2857
2872
2806
2621
2314
1977
1715
1542
1343
976
428
-127
-480
-592
-649
-900
-1392
-1941
-2299
-2383
-2339
-2384
-2605
-2874
-3000
-2896
-2667
-2443
-2278
-2130
-1949
-1710
-1430
-1129
-851
-624
-460
-324
-152
87
336
488
495
412
351
385
483
557
559
533
531
549
523
421
295
222
208
187
110
-2
-86
-92
1
137
222
225
225
334
553
778
892
881
847
917
1134
1402
1582
1618
1580
1580
1686
1857
2009
2064
2013
1881
1699
1477
1232
1009
823
651
438
189
-54
-269
-476
-700
-952
-1211
-1435
-1561
-1585
-1585
-1674
-1902
-2165
-2305
-2245
-2086
-2002
-2073
-2216
-2261
-2101
-1766
-1404
-1165
-1076
-1028
-883
-612
-325
-165
-183
-296
-350
-261
-97
8
-25
-155
-294
-363
-324
-210
-98
-43
-41
-35
14
114
222
309
392
532
751
986
1158
1260
1343
1447
1552
1623
1667
1714
1785
1823
1780
1668
1578
1571
1625
1676
1688
1660
1591
1471
1316
1141
989
863
751
599
382
146
-31
-106
-152
-265
-482
-732
-924
-1015
-1068
-1170
-1350
-1547
-1660
-1653
-1592
-1579
-1668
-1800
-1859
-1777
-1592
-1407
-1290
-1225
-1172
-1104
-1042
-1003
-998
-1015
-1015
-969
-888
-820
-785
-780
-793
-823
-863
-880
-846
-740
-570
-370
-183
-31
117
299
496
618
632
593
627
782
1005
1202
1330
1422
1514
1620
1688
1716
1743
1822
1917
1940
1879
1791
1743
1713
1659
1559
1461
1417
1425
1411
1320
1159
992
877
810
730
565
333
127
13
-69
-209
-435
-672
-864
-1013
-1167
-1379
-1607
-1746
-1704
-1534
-1367
-1285
-1252
-1183
-1050
-873
-706
-590
-532
-483
-373
-207
-59
-12
-76
-208
-334
-418
-465
-511
-552
-570
-558
-554
-584
-609
-587
-512
-449
-443
-473
-451
-341
-188
-79
-43
-29
34
162
315
460
588
698
808
919
980
923
778
665
656
688
668
561
396
248
179
202
234
187
66
-59
-128
-148
-160
-187
-217
-226
-214
-219
-259
-342
-443
-528
-565
-560
-557
-593
-670
-774
-877
-941
-940
-894
-862
-846
-781
-615
-389
-193
-76
-2
96
250
421
544
589
587
583
587
590
568
506
379
209
52
-46
-87
-111
-146
-212
-287
-343
-344
-290
-215
-159
-113
-12
195
445
621
662
612
574
598
691
812
917
990
1035
1056
1059
1059
1092
1158
1197
1140
990
835
779
821
869
828
704
565
462
363
206
-2
-188
-286
-324
-373
-499
-686
-863
-964
-991
-1031
-1143
-1300
-1393
-1347
-1189
-1017
-906
-844
-788
-713
-614
-488
-341
-191
-50
110
296
475
588
616
597
575
584
622
673
684
618
491
358
230
74
-116
-299
-444
-575
-724
-864
-956
-991
-992
-968
-904
-811
-723
-674
-649
-593
-476
-316
-181
-110
-93
-76
-11
92
195
259
293
328
393
476
554
607
637
651
637
571
446
295
169
112
105
92
17
-125
-295
-456
-599
-735
-840
-885
-866
-833
-842
-886
-919
-896
-812
-701
-592
-499
-404
-280
-117
68
221
319
413
584
831
1069
1215
1274
1295
1287
1245
1176
1117
1091
1096
1106
1087
1011
902
800
735
683
603
488
396
374
388
373
307
244
224
233
248
249
233
202
183
186
208
219
204
183
178
197
201
166
104
48
18
-8
-66
-171
-288
-358
-373
-379
-440
-579
-753
-883
-921
-906
-928
-1037
-1198
-1336
-1405
-1417
-1412
-1428
-1460
-1479
-1462
-1419
-1366
-1304
-1208
-1070
-906
-740
-575
-401
-216
-29
146
313
471
628
780
933
1087
1235
1348
1383
1347
1276
1228
1215
1207
1153
1025
833
627
447
279
87
-107
-227
-225
-129
-36
-5
-32
-52
-15
74
158
191
190
212
299
422
520
535
478
396
344
327
318
271
162
19
-103
-156
-180
-241
-372
-526
-634
-670
-657
-637
-614
-588
-588
-664
-807
-945
-1008
-996
-965
-965
-1010
-1066
-1102
-1119
-1146
-1192
-1227
-1223
-1169
-1068
-914
-722
-536
-389
-277
-166
-37
135
366
635
861
995
1066
1156
1306
1469
1574
1581
1535
1481
1432
1377
1313
1260
1209
1149
1078
1015
963
903
825
748
688
644
607
591
584
549
469
373
328
354
416
430
333
153
-1
-22
92
228
271
220
167
181
215
180
54
-99
-206
-256
-272
-319
-431
-613
-811
-947
-989
-971
-961
-990
-1056
-1148
-1243
-1327
-1379
-1414
-1458
-1507
-1536
-1532
-1519
-1509
-1505
-1478
-1423
-1341
-1237
-1093
-913
-729
-574
-456
-347
-233
-115
-12
74
166
299
476
674
851
995
1089
1120
1077
978
874
809
813
881
983
1082
1150
1166
1099
941
756
637
618
653
710
784
869
924
920
852
748
651
601
605
635
656
642
587
519
479
462
419
315
183
69
4
-18
-21
-65
-196
-390
-567
-670
-720
-772
-873
-1007
-1120
-1164
-1135
-1078
-1038
-1026
-1011
-950
-844
-736
-664
-629
-623
-620
-589
-505
-395
-305
-250
-196
-116
-18
53
69
49
47
89
146
178
196
229
285
336
373
416
484
584
712
850
960
1001
968
885
785
682
606
577
583
582
554
492
409
317
233
162
94
22
-24
-7
63
124
118
58
-28
-112
-202
-299
-409
-536
-647
-706
-699
-658
-633
-639
-655
-656
-651
-669
-707
-717
-678
-616
-578
-579
-601
-614
-595
-543
-485
-449
-427
-393
-341
-307
-298
-281
-223
-133
-51
-4
8
13
47
107
147
111
27
-10
57
207
368
499
576
596
576
542
525
545
622
738
840
857
792
709
686
717
748
751
723
673
601
537
507
506
518
529
521
459
345
216
104
1
-108
-197
-225
-183
-124
-107
-160
-272
-395
-478
-479
-413
-337
-304
-335
-414
-501
-535
-483
-370
-264
-199
-165
-141
-129
-136
-162
-196
-236
-281
-330
-377
-406
-408
-371
-318
-275
-270
-280
-268
-233
-210
-234
-274
-288
-250
-185
-128
-81
-14
101
231
319
355
353
343
328
334
367
404
400
365
333
330
361
416
483
527
531
491
427
362
334
349
366
328
223
94
-31
-152
-268
-369
-455
-545
-650
-772
-904
-1047
-1178
-1245
-1219
-1129
-1044
-1005
-983
-925
-820
-709
-616
-523
-394
-221
-29
129
226
284
346
431
513
577
619
646
646
633
642
694
744
738
660
548
437
338
255
204
193
198
190
155
95
48
39
70
119
187
282
386
455
465
426
376
377
462
611
734
768
721
671
662
662
637
612
646
733
800
781
675
532
403
307
210
79
-106
-327
-539
-691
-774
-821
-877
-938
-989
-1029
-1075
-1125
-1157
-1164
-1153
-1136
-1103
-1034
-942
-857
-796
-726
-593
-387
-153
34
125
143
137
146
168
202
253
338
440
521
537
489
418
364
329
298
285
293
312
324
324
309
266
204
151
133
154
203
261
302
303
272
235
217
210
190
144
84
30
-21
-64
-87
-96
-117
-146
-152
-109
-43
5
32
67
118
150
119
16
-134
-296
-442
-552
-624
-659
-683
-711
-752
-802
-867
-957
-1041
