-656
-750
-774
-756
-747
-749
-745
-726
-710
-712
-737
-753
-734
-669
-599
-573
-603
-638
-624
-533
-404
-285
-207
-160
-117
-56
34
129
202
233
232
216
194
167
156
170
212
243
255
264
306
383
452
484
504
551
636
706
723
695
664
636
579
475
357
266
196
130
63
23
13
22
36
41
14
-57
-140
-193
-221
-269
-360
-468
-559
-614
-631
-609
-548
-442
-319
-235
-231
-304
-410
-523
-626
-700
-731
-730
-714
-696
-659
-603
-533
-448
-348
-229
-115
-19
59
127
187
231
274
352
486
655
803
894
950
1007
1075
1139
1182
1198
1193
1161
1115
1074
1039
993
922
845
784
722
624
467
277
89
-62
-150
-155
-109
-55
-26
-28
-63
-131
-222
-312
-392
-471
-537
-586
-615
-639
-648
-643
-641
-670
-730
-789
-812
-797
-763
-722
-669
-608
-566
-561
-565
-536
-475
-416
-389
-398
-424
-425
-381
-308
-262
-248
-223
-149
-39
66
144
196
239
285
344
422
497
539
534
492
446
423
416
406
396
415
459
483
473
445
423
420
460
552
656
716
732
744
757
720
613
460
316
204
127
86
75
81
84
75
63
61
61
65
58
22
-53
-137
-179
-161
-114
-87
-94
-127
-176
-237
-301
-349
-361
-353
-354
-382
-428
-493
-583
-696
-803
-880
-920
-929
-921
-894
-842
-777
-726
-700
-676
-614
-504
-370
-244
-143
-55
28
99
139
146
134
110
94
97
124
159
199
259
320
340
303
243
196
169
157
155
147
120
72
24
-15
-38
-46
-43
-23
38
117
166
161
141
146
168
182
182
184
196
199
166
85
-29
-123
-147
-93
-2
73
108
109
94
73
47
23
19
44
88
121
144
169
196
205
203
235
286
303
275
267
311
357
350
298
252
221
209
194
174
141
101
70
53
66
128
244
370
438
415
332
248
205
204
230
267
302
347
412
491
548
553
511
438
341
228
126
73
59
50
21
2
19
45
47
13
-37
-93
-144
-187
-228
-275
-308
-317
-327
-364
-411
-431
-448
-499
-593
-694
-776
-835
-885
-939
-1016
-1102
-1170
-1179
-1126
-1023
-900
-784
-689
-619
-578
-584
-642
-720
-773
-782
-757
-699
-600
-482
-383
-316
-263
-219
-177
-111
-9
93
162
207
259
322
397
477
539
559
559
586
649
725
783
831
876
919
960
978
953
885
815
788
810
833
798
695
565
455
369
300
277
300
306
232
99
-36
-164
-285
-367
-377
-333
-285
-272
-317
-405
-499
-555
-563
-533
-464
-350
-217
-100
-18
33
68
87
97
97
94
99
126
182
260
361
465
552
605
650
695
703
645
559
499
476
460
439
419
381
307
197
92
31
28
79
157
218
227
183
135
119
131
143
122
56
-42
-126
-165
-159
-154
-175
-219
-264
-286
-295
-301
-307
-301
-282
-280
-297
-307
-292
-285
-328
-391
-424
-413
-397
-392
-390
-390
-413
-471
-525
-538
-517
-494
-484
-497
-549
-655
-781
-854
-842
-773
-685
-615
-564
-530
-504
-475
-422
-347
-283
-247
-216
-156
-101
-108
-193
-278
-304
-253
-168
-94
-52
-32
8
67
131
184
241
312
388
456
518
570
617
660
702
728
734
713
665
594
524
487
503
570
649
699
693
656
621
583
531
474
436
420
409
394
366
321
265
219
189
170
171
202
232
207
116
6
-78
-137
-178
-191
-186
-202
-236
-238
-172
-68
27
93
124
119
98
98
119
145
142
100
20
-59
-99
-90
-69
-67
-79
-85
-67
-41
-36
-73
-135
-183
-205
-204
-193
-187
-210
-260
-323
-392
-445
-452
-382
-272
-186
-160
-169
-166
-135
-92
-51
8
77
107
60
-44
-147
-202
-184
-111
-25
19
5
-33
-43
-9
39
72
88
92
68
15
-46
-87
-144
-231
-324
-364
-340
-284
-244
-249
-304
-401
-487
-532
-530
-534
-564
-593
-579
-521
-447
-371
-285
-211
-159
-141
-146
-166
-174
-133
-49
30
71
99
135
173
187
191
208
239
265
284
300
311
321
343
387
436
477
502
516
531
573
657
769
870
920
916
886
858
826
762
647
490
352
308
361
439
459
427
387
375
386
407
418
401
355
279
186
81
-16
-101
-166
-202
-204
-180
-169
-185
-223
-289
-385
-498
-588
-653
-714
-774
-798
-757
-690
-642
-626
-627
-628
-621
-602
-583
-599
-658
-703
-689
-629
-570
-509
-423
-324
-242
-180
-122
-92
-96
-98
-43
55
155
222
271
320
368
391
353
244
113
45
75
148
205
237
253
236
191
159
179
246
344
454
531
525
447
355
301
266
227
191
181
187
167
109
51
51
111
178
182
101
-42
-200
-344
-457
-555
-662
-778
-867
-900
-888
-862
-868
-918
-977
-954
-829
-645
-485
-380
-324
-285
-212
-99
28
122
188
230
241
228
230
262
305
349
409
481
526
517
474
435
425
465
547
620
637
626
631
646
629
602
615
680
747
783
785
767
754
755
747
694
622
581
559
513
403
278
204
212
284
340
331
264
195
156
123
75
25
11
35
70
85
55
-32
-158
-262
-301
-304
-325
-364
-390
-392
-389
-391
-393
-408
-444
-502
-551
-564
-537
-497
-482
-500
-544
-599
-656
-712
-760
-795
-800
-772
-718
-675
-676
-718
-764
-764
-719
-667
-637
-617
-571
-495
-421
-382
-380
-373
-326
-234
-131
-57
-26
-11
30
108
198
267
308
328
342
355
377
420
481
542
567
581
624
701
745
717
638
552
482
452
461
477
465
425
390
367
333
293
281
293
265
159
11
-116
-220
-324
-430
-517
-606
-726
-848
-909
-891
-823
-716
-564
-385
-244
-187
-202
-228
-210
-151
-101
-101
-139
-182
-190
-132
-5
135
241
333
458
591
643
591
493
418
376
349
338
344
351
340
310
267
226
200
194
208
232
272
322
370
387
382
384
414
445
438
385
310
255
243
295
379
448
476
492
525
549
536
498
481
480
444
329
173
43
-37
-112
-194
-252
-266
-256
-260
-289
-364
-453
-502
-491
-461
-428
-361
-260
-171
-128
-119
-112
-95
-63
-27
-37
-102
-201
-282
-342
-396
-436
-453
-467
-521
-595
-634
-613
-567
-522
-467
-402
-337
-282
-241
-232
-242
-240
-210
-162
-110
-40
39
120
185
247
316
380
403
369
307
259
231
210
207
224
238
217
174
129
81
20
-40
-66
-61
-58
-79
-102
-95
-76
-99
-187
-292
-350
-359
-380
-446
-533
-588
-604
-622
-671
-743
-796
-824
-832
-833
-807
-744
-664
-595
-560
-556
-571
-570
-532
-464
-387
-290
-154
14
164
261
318
355
397
468
591
751
913
1038
1117
1165
1178
1164
1155
1187
1252
1298
1312
1325
1361
1382
1347
1246
1118
1002
902
799
669
512
331
150
-9
-120
-167
-157
-123
-102
-104
-97
-80
-67
-77
-100
-133
-187
-274
-383
-494
-570
-588
-544
-464
-407
-403
-445
-485
-509
-538
-576
-595
-567
-524
-508
-531
-563
-587
-597
-586
-548
-474
-376
-276
-193
-110
-10
86
121
68
-26
-83
-46
65
199
297
333
308
232
150
87
66
70
87
121
163
212
256
293
313
311
293
267
243
238
244
251
240
232
246
279
308
315
306
291
289
309
336
336
299
235
162
99
40
-31
-130
-246
-365
-462
-512
-507
-464
-432
-439
-481
-524
-541
-550
-589
-658
-711
-712
-688
-675
-686
-686
-647
-578
-534
-566
-657
-742
-781
-776
-717
-589
-426
-294
-218
-158
-96
-56
-54
-51
9
129
261
346
378
359
296
228
223
296
391
444
450
431
396
366
374
432
500
550
583
604
613
624
665
737
797
819
796
745
683
641
642
669
698
697
654
557
427
296
200
131
76
43
48
80
128
190
267
304
248
138
50
21
-4
-80
-214
-363
-492
-561
-543
-448
-351
-324
-356
-395
-397
-386
-364
-318
-255
-209
-192
-173
-145
-142
-178
-229
-255
-259
-268
-303
-353
-369
-314
-208
-91
22
146
246
264
204
143
131
163
216
290
358
374
345
342
398
474
509
508
489
451
386
310
260
258
278
266
223
205
247
288
257
148
23
-58
-73
-66
-91
-165
-260
-341
-392
-412
-411
-408
-418
-446
-519
-654
-817
-938
-976
-958
-940
-960
-1013
-1099
-1218
-1367
-1509
-1611
-1676
-1704
-1688
-1634
-1596
-1597
-1611
-1581
-1507
-1404
-1271
-1096
-888
-685
-512
-365
-219
-52
143
362
598
846
1084
1274
1411
1528
1662
1829
2012
2189
2315
2373
2397
2446
2530
2601
2619
2596
2549
2474
2352
2191
2016
1849
1716
1633
1591
1543
1482
1398
1256
997
627
235
-88
-320
-506
-722
-1037
-1474
-1944
-2298
-2451
-2480
-2538
-2686
-2870
-2974
-2948
-2786
-2533
-2267
-2063
-1928
-1776
-1547
-1286
-1122
-1132
-1253
-1342
-1288
-1098
-859
-654
-521
-429
-318
-138
80
243
283
231
214
339
603
883
1064
1120
1106
1122
1256
1498
1735
1860
1904
1990
2185
2446
2690
2847
2909
2921
2972
3103
3265
3354
3332
3232
3130
3053
2972
2842
2657
2433
2158
1801
1360
855
308
-255
-795
-1282
-1756
-2286
-2895
-3522
-4064
-4445
-4667
-4809
-4959
-5116
-5161
-4968
-4542
-4035
-3623
-3353
-3141
-2874
-2541
-2202
-1938
-1771
-1640
-1445
-1154
-839
-625
-563
-600
-613
-479
-179
179
410
445
370
317
322
338
317
262
213
221
319
485
674
846
1000
1164
1360
1600
1860
2120
2368
2618
2882
3180
3502
3829
4102
4281
4367
4384
4379
4373
4362
4309
4205
4061
3871
3604
3242
2807
2331
1817
1264
673
61
-567
-1222
-1901
-2575
-3196
-3742
-4204
-4588
-4914
-5172
-5338
-5356
-5205
-4902
-4502
-4073
-3646
-3205
-2711
-2187
-1717
-1371
-1145
-964
-754
-460
-92
257
469
516
497
536
668
829
903
830
644
493
498
620
704
619
394
138
-32
-102
-114
-127
-123
-64
78
278
505
740
983
1248
1566
1963
2439
2949
3424
3817
4130
4405
4670
4916
5083
5117
5010
4823
4633
4461
4237
3854
3262
2520
1750
1017
289
-553
-1570
-2709
-3788
-4630
-5188
-5569
-5943
-6397
-6878
-7214
-7259
-6980
-6454
-5803
-5145
-4539
-3977
-3403
-2786
-2161
-1578
-1084
-684
-357
-81
150
316
430
535
668
829
963
996
896
705
514
405
405
480
534
500
400
335
371
475
564
601
623
695
861
1100
1350
1561
1760
2025
2418
2924
3471
3974
4378
4672
4893
5108
5342
5559
5688
5699
5616
5467
5274
5041
4733
4299
3721
3065
2386
1655
780
-296
-1491
-2641
-3582
-4299
-4900
-5525
-6206
-6842
-7270
-7394
-7243
-6925
-6556
-6164
-5707
-5092
-4321
-3499
-2786
-2239
-1799
-1345
-814
-236
282
632
822
975
1210
1505
1745
1831
1755
1571
1384
1270
1239
1188
1017
713
373
86
-112
-227
-274
-268
-222
-138
-4
163
348
556
817
1174
1640
2201
2803
3376
3872
4276
4611
4916
5214
5515
5786
5966
5990
5862
5641
5378
5043
4561
3912
3168
2434
1728
951
-19
-1185
-2379
-3411
-4234
-4987
-5806
-6662
-7373
-7773
-7856
-7764
-7665
-7572
-7363
-6907
-6231
-5514
-4925
-4482
-4042
-3455
-2731
-2019
-1464
-1077
-759
-390
76
553
887
995
951
925
1039
1266
1473
1563
1547
1493
1460
1441
1410
1342
1242
1138
1093
1141
1260
1383
1477
1573
1727
1993
2377
2803
3163
3411
3642
3973
4429
4918
5324
5599
5789
5988
6237
6452
6508
6372
6107
5765
5322
4777
4169
3523
2785
1901
887
-170
-1178
-2133
-3106
-4151
-5187
-6040
-6621
-7002
-7334
-7681
-7945
-7960
-7641
-7081
-6465
-5931
-5460
-4947
-4304
-3572
-2871
-2308
-1899
-1569
-1212
-763
-259
199
531
733
869
1018
1203
1374
1435
1360
1223
1120
1068
1016
910
762
631
575
607
714
838
924
958
1024
1206
1538
1965
2405
2808
3192
3620
4111
4592
4945
5136
5253
5426
5704
6000
6158
6088
5832
5489
5097
4628
4081
3490
2849
2084
1136
59
-1012
-1973
-2839
-3725
-4717
-5752
-6637
-7230
-7589
-7880
-8179
-8371
-8311
-7948
-7396
-6816
-6323
-5886
-5404
-4800
-4099
-3389
-2750
-2218
-1746
-1256
-686
-93
437
859
1220
1562
1900
2197
2422
2566
2651
2700
2730
2753
2750
2653
2424
2141
1966
1963
2035
2055
2013
2009
2107
2295
2502
2699
2923
3237
3641
4050
4385
4660
4923
5204
5469
5705
5918
6099
6190
6141
5970
5729
5419
4975
4379
3726
3104
2474
1685
670
-481
-1601
-2608
-3549
-4523
-5570
-6594
-7421
-7958
-8296
-8574
-8797
-8808
-8498
-7920
-7251
-6634
-6115
-5627
-5063
-4376
-3629
-2948
-2385
-1913
-1441
-917
-332
241
724
1056
1261
1440
1690
2002
2258
2352
2304
2239
2258
2368
2448
2371
2087
1757
1587
1644
1778
1831
1787
1756
1842
2075
2390
2672
2869
3058
3374
3832
4316
4700
4961
5170
5405
5676
5931
6070
6041
5871
5649
5435
5177
4767
4163
3476
2811
2129
1273
210
-927
-1984
-2979
-4001
-5071
-6075
-6906
-7538
-8034
-8456
-8799
-8985
-8929
-8629
-8173
-7682
-7169
-6593
-5932
-5239
-4547
-3866
-3191
-2534
-1893
-1247
-578
106
762
1314
1694
1926
2128
2415
2752
3010
3081
3029
2994
3055
3124
3072
2859
2587
2404
2377
2449
2475
2370
2188
2094
2206
2488
2771
2912
2933
3010
3299
3790
4312
4697
4939
5183
5549
5981
6311
6435
6395
6291
6170
6006
5717
5204
4463
3631
2857
2114
1244
155
-1066
-2271
-3383
-4432
-5491
-6560
-7521
-8195
-8550
-8701
-8798
-8868
-8871
-8732
-8392
-7823
-7114
-6424
-5836
-5289
-4645
-3866
-3037
-2316
-1785
-1390
-947
-343
354
919
1223
1337
1470
1734
2071
2313
2360
2259
2164
2180
2268
2317
2261
2126
2001
1998
2137
2318
2371
2264
2145
2206
2485
2839
3089
3197
3308
3607
4103
4634
5023
5262
5478
5769
6104
6371
6482
6421
6267
6104
5944
5683
5221
4567
3829
3068
2235
1254
135
-1026
-2141
-3195
-4250
-5349
-6441
-7391
-8117
-8649
-9072
-9381
-9494
-9344
-8980
-8515
-8009
-7440
-6759
-6000
-5236
-4517
-3805
-3072
-2337
-1655
-1046
-466
119
684
1149
1496
1788
2106
2440
2733
2918
2959
2861
2719
2641
2657
2678
2604
2427
2250
2199
2289
2408
2414
2292
2190
2274
2555
2883
3101
3209
3359
3688
4169
4643
5003
5266
5521
5801
6078
6295
6400
6380
6270
6128
5931
5584
4998
4225
3416
2678
1943
1069
-9
-1212
-2405
-3519
-4578
-5665
-6789
-7828
-8591
-9012
-9209
-9327
-9381
-9265
-8915
-8356
-7672
-6917
-6140
-5377
-4635
-3871
-3032
-2134
-1271
-542
53
603
1199
1804
2286
2541
2614
2679
2886
3207
3465
3503
3327
3094
2946
2889
2805
2570
2182
1809
1662
1779
1932
1875
1602
1374
1429
1758
2123
2312
2325
2360
2639
3184
3798
4224
4412
4544
4844
5333
5791
5986
5915
5762
5683
5622
5373
4765
3877
2984
2273
1605
690
-579
-2004
-3307
-4352
-5227
-6120
-7139
-8169
-8972
-9428
-9636
-9749
-9785
-9634
-9223
-8588
-7822
-7003
-6167
-5335
-4511
-3690
-2833
-1923
-1005
-184
484
1052
1644
2291
2892
3299
3488
3576
3711
3911
4024
3910
3595
3289
3157
3158
3095
2832
2421
2042
1854
1879
1968
1930
1715
1491
1474
1723
2087
2355
2433
2459
2692
3271
4009
4535
4683
4685
4913
5454
6044
6358
6318
6131
6039
6067
5948
5381
4384
3322
2541
2011
1371
324
-1104
-2600
-3826
-4706
-5466
-6420
-7609
-8704
-9338
-9466
-9373
-9352
-9439
-9381
-8887
-7914
-6767
-5824
-5185
-4604
-3775
-2645
-1435
-451
196
633
1116
1767
2496
3099
3439
3513
3480
3535
3756
3992
3986
3630
3100
2684
2519
2513
2436
2159
1750
1444
1402
1536
1590
1402
1072
861
954
1315
1713
1917
1927
2009
2439
3200
3965
4418
4563
4709
5148
5830
6394
6494
6153
5735
5569
5600
5446
4784
3691
2553
1678
992
121
-1203
-2859
-4418
-5535
-6254
-6945
-7899
-9027
-9951
-10354
-10243
-9908
-9653
-9537
-9323
-8743
-7759
-6609
-5575
-4766
-4075
-3306
-2343
-1246
-206
613
1194
1687
2260
2964
3650
4087
4167
4046
3996
4135
4312
4279
3950
3463
3020
2711
2501
2313
2091
1839
1646
1628
1785
1952
1906
1611
1281
1235
1603
2195
2664
2839
2909
3202
3831
4545
5016
5164
5226
5483
6017
6608
6939
6871
6581
6329
6150
5808
5093
4039
2897
1879
978
-49
-1414
-3023
-4489
-5523
-6253
-7072
-8183
-9333
-10075
-10196
-9907
-9579
-9407
-9257
-8835
-7965
-6756
-5516
-4485
-3634
-2741
-1662
-472
601
1399
1950
2423
2958
3546
4058
4366
4436
4334
4172
4004
3811
3548
3183
2743
2290
1903
1607
1361
1093
783
486
300
298
425
550
548
430
356
521
964
1502
1885
2069
2273
2738
3429
4067
4423
4547
4710
5118
5718
6222
6390
6236
6002
5842
5645
5147
4236
3101
2044
1188
337
-792
-2283
-3874
-5183
-6033
-6649
-7420
-8514
-9655
-10361
-10385
-9924
-9429
-9175
-9043
-8588
-7526
-6013
-4572
-3554
-2862
-2132
-1125
66
1158
1908
2313
2578
2929
3395
3864
4210
4379
4374
4221
3965
3627
3207
2744
2309
1952
1642
1313
979
718
603
583
559
494
460
523
654
784
875
981
1203
1580
2028
2454
2883
3394
3956
4442
4792
5111
5535
6085
6643
7025
7129
7024
6882
6764
6494
5822
4710
3419
2274
1347
378
-963
-2733
-4577
-6011
-6834
-7327
-7975
-8964
-10001
-10586
-10480
-9900
-9280
-8849
-8461
-7785
-6674
-5312
-4027
-2975
-2061
-1117
-82
941
1830
2535
3126
3642
4045
4244
4230
4118
4025
3984
3886
3589
3022
2314
1696
1343
1204
1068
774
382
93
32
147
286
385
458
561
705
859
996
1169
1471
1917
2382
2748
3063
3450
3953
4467
4909
5305
5731
6222
6688
6983
7010
6833
6592
6313
5849
5049
3961
2810
1765
789
-343
-1837
-3669
-5491
-6878
-7685
-8194
-8812
-9672
-10535
-11050
-11045
-10598
-9934
-9227
-8491
-7615
-6547
-5356
-4140
-2912
-1657
-442
605
1413
2014
2543
3158
3896
4571
4894
4773
4397
4076
3936
3827
3467
2751
1886
1222
942
910
847
608
272
1
-123
-120
-22
154
362
514
556
523
563
831
1365
2003
2532
2893
3213
3632
4162
4746
5352
5966
6537
6980
7236
7320
7307
7270
7191
6938
6332
5306
4002
2712
1647
760
-231
-1620
-3431
-5316
-6790
-7643
-8103
-8594
-9330
-10171
-10771
-10862
-10398
-9547
-8532
-7495
-6468
-5419
-4328
-3164
-1905
-575
706
1777
2519
2942
3209
3542
4032
4542
4820
4722
4334
3886
3560
3348
3071
2556
1833
1135
677
456
334
196
46
-76
-152
-185
-199
-185
-103
89
345
544
626
673
855
1251
1791
2332
2796
3202
3631
4163
4823
5538
6201
6744
7164
7431
7480
7313
7024
6678
6172
5323
4074
2591
1137
-148
-1355
-2719
-4363
-6147
-7751
-8940
-9718
-10258
-10714
-11107
-11366
-11385
-11079
-10402
-9383
-8128
-6781
-5468
-4264
-3151
-2019
-768
586
1869
2878
3512
3856
4099
4410
4762
4969
4871
4515
4077
3670
3243
2689
2015
1333
809
488
305
136
-33
-136
-109
7
115
153
145
197
374
651
917
1114
1283
1519
1866
2303
2770
3237
3722
4254
4839
5430
5977
6461
6907
7316
7618
7718
7599
7340
7003
6525
5753
4607
3180
1699
350
-877
-2171
-3692
-5382
-7028
-8417
-9458
-10165
-10617
-10915
-11111
-11175
-11010
-10514
-9633
-8385
-6886
-5340
-3936
-2735
-1646
-523
709
1971
3069
3819
4220
4448
4676
4907
5005
4883
4571
4170
3723
3202
2569
1861
1213
743
465
262
15
-296
-581
-733
-731
-635
-505
-349
-137
140
432
687
885
1071
1322
1700
2203
2772
3325
3828
4308
4807
5321
5819
6292
6750
7165
7442
7508
7350
7041
6639
6116
5355
4261
2891
1437
72
-1202
-2509
-3953
-5508
-7043
-8396
-9458
-10228
-10779
-11161
-11350
-11314
-11059
-10580
-9822
-8716
-7297
-5728
-4210
-2875
-1701
-569
617
1812
2865
3652
4171
4507
4735
4852
4827
4674
4448
4184
3840
3341
2666
1909
1220
695
327
23
-289
-592
-782
-793
-670
-527
-429
-353
-227
-8
284
577
806
1012
1271
1634
2069
2539
3042
3590
4179
4775
5360
5922
6459
6957
7386
7689
7811
7740
7511
7179
6748
6139
5239
4001
2507
921
-609
-2025
-3366
-4733
-6178
-7657
-9032
-10166
-10974
-11435
-11587
-11509
-11298
-10978
-10476
-9642
-8407
-6834
-5106
-3433
-1948
-678
466
1559
2599
3517
4269
4866
5334
5655
5762
5587
5180
4686
4240
3822
3292
2581
1776
1069
564
221
-77
-369
-569
-564
-369
-139
-22
-15
13
190
542
995
1441
1811
2103
2357
2605
2896
3280
3773
4332
4874
5342
5723
6060
6414
6786
7095
7235
7187
7009
6729
6305
5659
4758
3631
2346
982
-401
-1781
-3172
-4576
-5975
-7336
-8624
-9776
-10691
-11299
-11608
-11696
-11626
-11392
-10937
-10198
-9143
-7795
-6236
-4581
-2935
-1374
42
1269
2296
3169
3942
4634
5207
5601
5754
5645
5333
4912
4433
3893
3282
2609
1907
1223
612
82
-402
-837
-1129
-1168
-989
-764
-645
-632
-611
-467
-138
328
810
1213
1534
1819
2079
2345
2676
3116
3623
4129
4606
5070
5535
5994
6433
6785
6983
7006
6936
6839
6686
6350
5742
4862
3779
2566
1262
-115
-1533
-2905
-4177
-5379
-6599
-7853
-9054
-10067
-10799
-11210
-11317
-11182
-10867
-10388
-9701
-8764
-7558
-6088
-4403
-2634
-937
573
1859
2914
3769
4493
5149
5725
6151
6366
6338
6066
5583
4949
4228
3478
2761
2114
1526
929
260
-477
-1143
-1544
-1565
-1291
-933
-654
-481
-334
-138
131
451
819
1239
1695
2132
2497
2785
3060
3391
3807
4271
4739
5189
5630
6053
6389
6544
6466
6217
5951
5781
5654
5387
4830
3976
2899
1668
328
-1047
-2352
-3519
-4577
-5656
-6859
-8186
-9483
-10536
-11185
-11425
-11374
-11139
-10761
-10226
-9521
-8618
-7481
-6086
-4466
-2737
-1058
432
1681
2712
3574
4322
4973
5512
5906
6159
6258
6124
5661
4879
3925
3009
2295
1805
1387
814
7
-879
-1571
-1906
-1895
-1674
-1397
-1167
-985
-811
-616
-397
-124
272
822
1465
2082
2577
2935
3230
3574
4022
4531
5044
5558
6104
6611
6943
7006
6847
6586
6325
6081
5790
5363
4766
4018
3122
2056
820
-503
-1772
-2895
-3900
-4919
-6078
-7380
-8716
-9877
-10686
-11073
-11103
-10889
-10494
-9949
-9246
-8362
-7245
-5879
-4311
-2651
-1027
466
1792
2949
3925
4708
5305
5770
6177
6537
6731
6570
5948
4977
3915
3039
2450
2039
1574
915
111
-670
-1288
-1703
-1917
-1941
-1790
-1520
-1198
-881
-608
-382
-162
120
503
974
1504
2046
2537
2933
3264
3603
4002
4482
5034
5614
6099
6357
6347
6149
5888
5631
5361
5034
4624
4124
3515
2766
1835
694
-611
-1942
-3142
-4178
-5151
-6211
-7418
-8694
-9861
-10736
-11231
-11342
-11120
-10630
-9967
-9207
-8370
-7397
-6221
-4820
-3249
-1610
-13
1468
2786
3881
4719
5342
5876
6406
6913
7236
7182
6634
5682
4606
3684
2994
2403
1763
1027
251
-504
-1158
-1680
-2060
-2296
-2326
-2132
-1774
-1365
-952
-532
-123
253
633
1094
1654
2243
2781
3226
3590
3898
4201
4568
5026
5534
5995
6317
6458
6412
6211
5908
5549
5161
4764
4353
3878
3261
2441
1425
269
-930
-2097
-3198
-4272
-5379
-6541
-7733
-8870
-9845
-10558
-10957
-11000
-10675
-10043
-9237
-8380
-7486
-6496
-5317
-3914
-2333
-693
899
2360
3624
4598
5267
5726
6106
6431
6610
6527
6119
5410
4502
3538
2630
1837
1152
550
-36
-648
-1271
-1828
-2237
-2463
-2505
-2370
-2041
-1554
-994
-474
-45
306
634
1011
1484
2034
2576
3036
3404
3737
4065
4388
4682
4951
5217
5481
5698
5783
5667
5354
4930
4497
4093
3684
3233
2711
2053
1165
26
-1250
-2519
-3682
-4735
-5723
-6719
-7780
-8867
-9844
-10571
-10977
-11029
-10736
-10163
-9429
-8586
-7596
-6428
-5108
-3653
-2067
-412
1194
2640
3862
4811
5498
6010
6466
6879
7168
7223
6982
6435
5623
4667
3703
2851
2111
1438
765
98
-533
-1086
-1529
-1821
-1919
-1804
-1479
-1016
-523
-126
153
373
648
1032
1514
2046
2566
3022
3379
3632
3802
3961
4179
4514
4927
5317
5557
5589
5428
5145
4813
4493
4242
4037
3781
3334
2604
1581
343
-975
-2247
-3416
-4489
-5490
-6460
-7466
-8542
-9598
-10464
-11011
-11178
-10965
-10450
-9785
-9087
-8347
-7446
-6279
-4799
-3075
-1253
496
2064
3382
4376
5027
5446
5836
6299
6746
6958
6759
6121
5195
4216
3352
2620
1969
1370
808
244
-375
-1041
-1645
-2027
-2085
-1840
-1418
-957
-552
-234
0
204
456
816
1302
1851
2383
2821
3154
3410
3627
3833
4069
4376
4758
5156
5464
5590
5486
5189
4803
4476
4269
4115
3858
3384
2665
1727
581
-740
-2123
-3414
-4492
-5369
-6172
-7056
-8083
-9179
-10154
-10822
-11078
-10939
-10509
-9899
-9170
-8300
-7255
-6023
-4625
-3085
-1424
309
2003
3492
4640
5419
5919
6271
6575
6837
6975
6871
6472
5818
4989
4066
3143
2310
1604
993
411
-165
-710
-1160
-1462
-1560
-1437
-1138
-753
-358
14
345
624
855
1078
1331
1642
2020
2444
2860
3214
3508
3758
3998
4219
4443
4669
4880
5017
5024
4897
4675
4412
4125
3813
3466
3051
2502
1740
719
-537
-1921
-3254
-4366
-5223
-5954
-6766
-7753
-8837
-9844
-10615
-11042
-11089
-10780
-10189
-9401
-8490
-7525
-6490
-5276
-3789
-2077
-316
1321
2735
3902
4808
5458
5865
6114
6313
6502
6618
6533
6161
5488
4623
3735
2950
2301
1737
1215
713
237
-193
-542
-781
-896
-873
-696
-377
11
338
511
548
569
705
994
1408
1843
2195
2412
2540
2663
2826
3040
3315
3659
4031
4349
4543
4597
4537
4410
4235
4011
3716
3326
2811
2140
1280
216
-992
-2227
-3364
-4364
-5266
-6141
-7057
-8032
-9018
-9906
-10566
-10883
-10815
-10413
-9781
-9024
-8174
-7200
-6027
-4623
-3032
-1379
204
1627
2879
3948
4805
5414
5825
6139
6392
6526
6444
6125
5600
4940
4239
3568
2935
2299
1656
1054
548
156
-137
-371
-563
-693
-715
-611
-429
-246
-104
23
181
392
643
932
1262
1616
1967
2297
2611
2896
3140
3375
3664
4019
4383
4669
4844
4910
4859
4677
4384
4033
3640
3167
2549
1735
705
-498
-1768
-2982
-4066
-5011
-5831
-6571
-7287
-8029
-8786
-9461
-9915
-10029
-9777
-9215
-8425
-7490
-6466
-5385
-4237
-3003
-1698
-342
1035
2366
3520
4368
4884
5166
5355
5521
5642
5642
5484
5188
4812
4381
3877
3293
2674
2111
1673
1354
1116
912
730
580
484
429
371
288
205
139
74
-21
-140
-227
-233
-159
-50
56
140
220
353
601
962
1375
1792
2209
2618
2963
3189
3282
3276
3246
3232
3201
3045
2698
2156
1445
590
-370
-1385
-2422
-3424
-4340
-5170
-5956
-6723
-7448
-8090
-8611
-8956
-9067
-8906
-8480
-7836
-7057
-6214
-5338
-4413
-3419
-2339
-1172
33
1177
2172
3008
3713
4303
4730
4981
5089
5123
5131
5103
4997
4780
4470
4107
3720
3325
2921
2512
2134
1856
1697
1572
1369
1055
701
383
129
-71
-232
-368
-491
-613
-741
-843
-865
-764
-564
-322
-79
202
593
1119
1713
2271
2727
3070
3315
3491
3610
3660
3607
3433
3140
2743
2254
1649
935
152
-648
-1454
-2292
-3160
-4037
-4844
-5496
-5970
-6315
-6602
-6820
-6921
-6872
-6662
-6313
-5861
-5319
-4675
-3913
-3062
-2179
-1306
-453
382
1179
1913
2565
3126
3595
3963
4222
4393
4500
4564
4591
4561
4434
4197
3857
3445
2998
2562
2183
1873
1617
1395
1177
908
522
4
-561
-1067
-1429
-1654
-1784
-1875
-1977
-2079
-2138
-2109
-1992
-1809
-1531
-1116
-577
-19
453
823
1124
1395
1660
1921
2164
2316
2335
2219
1999
1676
1239
699
88
-511
-1016
-1377
-1642
-1909
-2263
-2703
-3153
-3542
-3815
-3936
-3894
-3733
-3547
-3382
-3245
-3095
-2889
-2610
-2279
-1917
-1492
-985
-450
6
341
615
913
1290
1723
2160
2546
2866
3158
3471
3805
4093
4245
4225
4082
3874
3668
3483
3315
3107
2807
2403
1910
1336
703
62
-551
-1136
-1691
-2174
-2548
-2829
-3068
-3267
-3391
-3385
-3246
-2975
-2596
-2132
-1600
-1014
-400
178
672
1058
1362
1626
1881
2101
2228
2217
2044
1716
1312
917
573
215
-163
-569
-978
-1382
-1761
-2086
-2383
-2633
-2813
-2858
-2751
-2555
-2332
-2131
-1924
-1670
-1331
-915
-470
-37
373
772
1124
1386
1555
1700
1875
2042
2162
2244
2376
2614
2926
3226
3428
3498
3442
3314
3179
3073
2964
2819
2620
2373
2060
1677
1239
785
322
-166
-701
-1285
-1880
-2460
-2960
-3360
-3642
-3818
-3909
-3910
-3857
-3765
-3641
-3470
-3185
-2777
-2250
-1676
-1139
-671
-317
-51
146
301
429
502
544
542
472
316
65
-212
-454
-622
-711
-772
-856
-1017
-1262
-1496
-1656
-1659
-1541
-1343
-1110
-853
-535
-203
104
366
615
889
1184
1493
1761
1962
2103
2246
2426
2634
2836
2997
3094
3153
3216
3298
3363
3354
3245
3059
2846
2667
2507
2326
2087
1775
1450
1097
745
384
40
-286
-617
-991
-1423
-1924
-2426
-2877
-3242
-3484
-3630
-3644
-3624
-3606
-3617
-3601
-3486
-3242
-2909
-2547
-2212
-1919
-1651
-1443
-1289
-1221
-1182
-1107
-970
-785
-622
-501
-458
-468
-492
-474
-367
-213
-62
18
33
35
35
103
210
414
628
793
858
859
867
906
975
1086
1263
1506
1776
1967
2132
2285
2482
2667
2829
3043
3312
3633
3958
4186
4326
4329
4277
4161
4017
3914
3819
3668
3329
2815
2154
1409
655
-32
-594
-1066
-1495
-1891
-2290
-2711
-3166
-3611
-3942
-4107
-4105
-3991
-3852
-3745
-3695
-3666
-3593
-3458
-3292
-3056
-2750
-2375
-2067
-1926
-1913
-1998
-2059
-2128
-2156
-2117
-2040
-1912
-1838
-1786
-1751
-1710
-1624
-1536
-1382
-1196
-971
-742
-522
-272
-27
244
516
828
1141
1380
1502
1512
1499
1524
1606
1730
1861
1993
2112
2229
2312
2400
2509
2667
2879
3111
3357
3584
3741
3861
3887
3865
3799
3752
3756
3663
3464
3152
2787
2400
1927
1482
1030
624
252
-106
-457
-871
-1330
-1815
-2292
-2666
-2932
-3092
-3187
-3241
-3238
-3207
-3111
-2932
-2708
-2514
-2401
-2310
-2184
-2027
-1861
-1767
-1722
-1761
-1834
-1945
-2053
-2099
-2127
-2136
-2176
-2164
-2096
-1999
-1917
-1891
-1862
-1789
-1569
-1200
-796
-445
-156
173
535
864
1127
1285
1381
1470
1652
1932
2208
2436
2629
2766
2844
2842
2827
2844
2909
3127
3413
3674
3733
3545
3246
2982
2844
2812
2760
2637
2417
2115
1766
1366
959
634
342
115
-117
-362
-592
-853
-1028
-1208
-1363
-1504
-1611
-1641
-1647
-1626
-1608
-1579
-1547
-1498
-1434
-1366
-1321
-1355
-1451
-1566
-1659
-1693
-1779
-1895
-2060
-2187
-2269
-2352
-2436
-2514
-2521
-2448
-2337
-2259
-2227
-2215
-2109
-1937
-1714
-1526
-1347
-1105
-786
-453
-235
-170
-159
-94
104
383
652
842
936
1030
1170
1385
1622
1867
2124
2366
2609
2815
3006
3133
3186
3180
3137
3126
3124
3106
2995
2747
2420
2028
1662
1281
931
602
351
201
69
-84
-347
-590
-731
-698
-548
-450
-454
-555
-644
-628
-560
-427
-333
-279
-308
-445
-596
-732
-798
-874
-993
-1105
-1184
-1182
-1242
-1411
-1695
-1956
-2090
-2134
-2127
-2132
-2134
-2144
-2133
-2074
-1984
-1880
-1777
-1599
-1339
-979
-597
-273
-39
57
122
213
425
701
927
1047
1064
1056
1086
1146
1255
1405
1588
1827
2038
2244
2351
2347
2244
2086
1988
1908
1836
1761
1649
1510
1220
869
481
164
-65
-234
-342
-492
-599
-728
-818
-940
-1061
-1167
-1262
-1278
-1245
-1115
-948
-765
-600
-549
-515
-445
-233
40
243
350
296
196
54
-33
-91
-123
-146
-186
-277
-384
-504
-584
-699
-842
-951
-987
-890
-769
-659
-655
-691
-693
-566
-360
-107
67
148
101
-20
-133
-176
-89
81
293
473
646
785
916
980
1033
1087
1181
1284
1348
1381
1379
1363
1274
1139
1014
996
1048
1060
896
562
188
-114
-262
-353
-471
-705
-984
-1163
-1224
-1207
-1248
-1366
-1521
-1655
-1653
-1545
-1332
-1164
-1075
-1029
-950
-824
-753
-732
-749
-686
-541
-340
-160
-57
4
103
296
596
856
1031
1052
953
812
681
662
700
747
730
653
629
719
881
995
945
842
739
723
730
679
608
509
549
615
699
719
731
856
1036
1257
1328
1290
1167
1061
981
953
994
1044
1005
800
519
248
59
-78
-233
-478
-808
-1164
-1502
-1836
-2153
-2383
-2496
-2516
-2518
-2584
-2645
-2696
-2602
-2493
-2388
-2343
-2321
-2259
-2183
-2022
-1834
-1602
-1315
-1011
-730
-566
-465
-416
-373
-302
-166
64
296
524
663
786
900
1038
1172
1241
1323
1422
1551
1637
1658
1705
1760
1843
1903
1922
1918
1938
2040
2160
2136
1985
1768
1577
1421
1301
1315
1395
1533
1600
1635
1571
1465
1331
1318
1405
1503
1478
1279
1037
805
666
532
316
-2
-378
-695
-935
-1151
-1404
-1738
-2110
-2427
-2628
-2734
-2840
-3016
-3203
-3364
-3407
-3363
-3278
-3171
-3089
-2980
-2901
-2816
-2731
-2626
-2456
-2241
-2018
-1821
-1637
-1415
-1241
-1083
-955
-740
-497
-223
61
343
601
796
982
1198
1519
1901
2297
2556
2644
2596
2562
2632
2791
2951
3050
3075
3030
2956
2889
2873
2870
2810
2651
2457
2359
2405
2489
2481
2343
2228
2180
2187
2113
1930
1745
1585
1497
1299
1053
746
462
173
-115
-307
-420
-471
-594
-846
-1233
-1648
-1970
-2167
-2335
-2542
-2815
-3059
-3285
-3459
-3631
-3773
-3852
-3877
-3846
-3914
-4072
-4283
-4388
-4312
-4137
-3901
-3753
-3656
-3580
-3416
-3132
-2790
-2445
-2121
-1844
-1541
-1187
-745
-295
104
506
863
1188
1432
1663
1928
2155
2377
2514
2608
2669
2731
2847
2893
2953
3034
3222
3349
3330
3145
2947
2886
2991
3201
3334
3367
3320
3283
3252
3205
3154
3123
3110
3090
2951
2711
2369
2084
1822
1598
1354
1091
799
477
176
-104
-365
-624
-856
-1112
-1383
-1679
-1956
-2263
-2583
-2853
-2999
-3031
-2982
-2942
-2990
-3156
-3361
-3485
-3543
-3541
-3525
-3471
-3399
-3342
-3319
-3330
-3296
-3150
-2918
-2685
-2492
-2282
-2001
-1695
-1402
-1096
-758
-411
-135
110
330
537
712
874
1079
1305
1564
1761
1876
1851
1788
1813
1976
2250
2483
2614
2588
2471
2444
2608
2940
3237
3338
3287
3140
3027
2928
2844
2751
2627
2491
2323
2142
1946
1719
1449
1178
954
817
705
544
305
-9
-315
-579
-763
-854
-930
-1000
-1111
-1244
-1457
-1807
-2165
-2387
-2416
-2342
-2344
-2495
-2785
-3094
-3205
-3174
-3072
-3059
-3109
-3165
-3259
-3312
-3334
-3219
-2989
-2679
-2328
-2051
-1814
-1630
-1418
-1214
-1022
-821
-608
-357
-147
34
163
265
345
428
600
853
1169
1405
1590
1738
1913
2143
2394
2627
2732
2700
2598
2534
2598
2722
2844
2864
2866
2822
2728
2587
2394
2258
2040
1893
1762
1732
1729
1596
1393
1023
724
511
460
538
536
462
200
-92
-356
-585
-676
-772
-751
-834
-937
-1076
-1218
-1320
-1461
-1463
-1456
-1442
-1562
-1724
-1888
-1961
-1897
-1786
-1737
-1804
-1795
-1657
-1478
-1420
-1465
-1479
-1357
-1135
-921
-847
-877
-892
-810
-646
-467
-312
-213
-215
-286
-331
-267
-72
172
366
459
496
607
795
988
1086
1102
1127
1246
1463
1653
1726
1707
1685
1690
1717
1737
1735
1644
1453
1151
773
467
276
273
249
180
-42
-292
-465
-521
-442
-422
-386
-424
-425
-492
-591
-672
-714
-648
-630
-580
-566
-491
-492
-626
-835
-1050
-1133
-1142
-1032
-910
-852
-912
-1034
-1121
-1145
-1085
-907
-654
-497
-531
-748
-936
-957
-770
-472
-243
-130
-126
-121
-56
65
216
355
475
545
553
539
538
566
574
563
613
796
1093
1341
1401
1336
1232
1240
1293
1438
1621
1755
1779
1641
1524
1414
1321
1156
951
734
498
273
134
65
-39
-256
-567
-817
-956
-930
-814
-726
-680
-743
-820
-950
-1016
-984
-838
-666
-560
-516
-559
-629
-727
-743
-620
-360
-9
201
244
116
71
159
361
577
749
847
861
871
846
746
509
395
446
655
717
600
319
31
-71
81
362
471
343
87
-108
-258
-301
-285
-209
-171
-155
-128
-106
-79
-27
23
59
30
63
124
171
103
-81
-277
-462
-540
-601
-621
-734
-873
-1073
-1259
-1446
-1592
-1615
-1544
-1430
-1411
-1443
-1504
-1531
-1534
-1471
-1420
-1383
-1380
-1274
-1139
-1041
-1066
-1150
-1162
-1069
-821
-595
-406
-289
-180
-164
-276
-386
-254
121
652
1033
1194
1107
1010
1130
1453
1861
2135
2279
2262
2142
1962
1878
1925
2101
2237
2279
2135
1899
1639
1431
1302
1261
1385
1566
1667
1488
1151
830
732
809
955
1058
1090
1070
931
701
429
289
304
378
377
241
31
-316
-714
-1080
-1248
-1252
-1231
-1250
-1418
-1697
-2054
-2260
-2263
-2134
-2045
-2054
-2116
-2217
-2267
-2283
-2207
-2106
-2008
-1952
-1948
-1885
-1751
-1577
-1496
-1477
-1405
-1312
-1185
-1083
-812
-477
-136
89
238
444
684
1128
1545
1869
1866
1732
1715
1934
2390
2801
3030
2943
2624
2313
2172
2275
2417
2458
2416
2319
2228
2005
1707
1415
1290
1357
1451
1396
1067
647
294
131
52
-1
-69
-160
-230
-306
-377
-537
-730
-876
-932
-928
-973
-1101
-1324
-1592
-1765
-1804
-1740
-1747
-1906
-2188
-2491
-2667
-2642
-2464
-2340
-2404
-2651
-2880
-3016
-3009
-2957
-2913
-2887
-2838
-2633
-2370
-2160
-2125
-2161
-2033
-1713
-1286
-981
-819
-689
-518
-237
83
474
860
1199
1468
1679
1891
2089
2281
2509
2722
3007
3247
3514
3627
3588
3426
3273
3324
3488
3714
3708
3504
3128
2822
2707
2826
3038
3107
2926
2583
2243
2052
1991
2014
2012
1914
1729
1417
1063
672
404
293
282
199
-141
-699
-1379
-1943
-2334
-2495
-2530
-2502
-2556
-2783
-3194
-3657
-3901
-3843
-3466
-3103
-2933
-3153
-3575
-3899
-3863
-3423
-2924
-2629
-2719
-3024
-3329
-3432
-3273
-2877
-2382
-1933
-1688
-1684
-1798
-1827
-1511
-864
-68
544
803
771
680
747
1088
1668
2333
2876
3111
3108
2912
2800
2859
3202
3574
3754
3657
3398
3190
3049
3113
3260
3420
3369
3143
2928
2795
2775
2729
2686
2632
2586
2477
2177
1760
1386
1232
1194
1132
907
544
101
-260
-436
-435
-387
-475
-820
-1475
-2275
-2975
-3326
-3345
-3210
-3153
-3322
-3695
-4136
-4474
-4580
-4476
-4191
-3900
-3758
-3861
-4071
-4155
-3989
-3646
-3259
-2941
-2781
-2774
-2854
-2820
-2645
-2336
-1999
-1656
-1357
-1148
-1043
-958
-760
-315
366
1055
1504
1619
1592
1630
1845
2210
2633
2990
3252
3378
3401
3340
3390
3694
4128
4411
4350
4068
3774
3646
3693
3814
3770
3513
3176
2980
2953
3016
3088
3115
3001
2728
2370
2059
1907
1868
1898
1828
1592
1208
815
570
403
169
-270
-854
-1411
-1835
-2087
-2275
-2523
-2914
-3416
-3890
-4266
-4486
-4583
-4561
-4474
-4386
-4382
-4498
-4573
-4386
-3837
-3157
-2676
-2603
-2848
-3078
-2947
-2360
-1570
-945
-701
-818
-1075
-1219
-1018
-460
277
833
934
580
96
-110
145
717
1283
1553
1440
1142
949
1086
1543
2140
2610
2711
2414
1959
1746
2050
2755
3467
3768
3526
2958
2491
2468
2885
3353
3475
3177
2713
2377
2297
2401
2498
2436
2266
2059
1789
1368
883
590
602
787
797
375
-492
-1435
-2019
-2054
-1795
-1675
-2012
-2880
-4000
-4943
-5285
-5029
-4544
-4309
-4598
-5234
-5771
-5694
-4933
-3884
-3153
-3002
-3179
-3146
-2553
-1512
-466
176
288
94
-40
166
726
1389
1790
1688
1129
458
90
209
655
978
883
381
-121
-243
119
674
1028
1007
760
592
701
1095
1608
2032
2227
2244
2257
2417
2733
3061
3235
3191
3050
3017
3175
3436
3585
3521
3294
3070
2938
2907
2906
2877
2727
2431
2075
1780
1604
1431
1214
905
476
-146
-942
-1715
-2265
-2520
-2640
-2895
-3475
-4375
-5298
-5909
-6007
-5729
-5419
-5341
-5428
-5398
-5031
-4352
-3495
-2626
-1868
-1262
-770
-264
338
1088
1878
2512
2794
2720
2469
2294
2321
2410
2288
1774
1017
294
-193
-471
-704
-1007
-1373
-1682
-1874
-1900
-1756
-1443
-1091
-796
-559
-264
152
639
1093
1465
1744
1979
2196
2442
2739
3066
3318
3435
3438
3443
3474
3497
3461
3322
3089
2782
2499
2266
2026
1660
1176
675
279
-21
-362
-888
-1588
-2238
-2666
-2908
-3191
-3708
-4457
-5259
-5821
-5998
-5893
-5754
-5753
-5844
-5861
-5575
-4879
-3839
-2713
-1680
-773
86
972
1894
2827
3646
4236
4529
4590
4543
4476
4377
4125
3648
2979
2242
1532
897
341
-163
-690
-1268
-1881
-2422
-2806
-2944
-2858
-2629
-2371
-2177
-1997
-1757
-1318
-701
3
659
1201
1649
2064
2545
3097
3666
4122
4402
4485
4442
4389
4400
4444
4430
4315
4105
3803
3399
2902
2368
1867
1421
979
426
-337
-1299
-2291
-3066
-3510
-3761
-4101
-4742
-5606
-6429
-6875
-6875
-6611
-6356
-6257
-6222
-6054
-5502
-4530
-3313
-2103
-1027
-32
953
2014
3133
4193
5004
5454
5638
5727
5863
6002
5931
5452
4587
3621
2799
2132
1426
520
-551
-1597
-2409
-2951
-3323
-3627
-3900
-4119
-4228
-4128
-3739
-3116
-2407
-1792
-1324
-921
-395
381
1345
2268
2915
3241
3429
3722
4195
4707
5061
5175
5093
4946
4794
4596
4219
3594
2818
2069
1464
941
366
-338
-1176
-2146
-3211
-4199
-4879
-5199
-5376
-5688
-6282
-7050
-7715
-7948
-7657
-7081
-6587
-6367
-6255
-5944
-5167
-3946
-2536
-1239
-155
862
2012
3331
4656
5738
6438
6828
7089
7330
7534
7583
7380
6822
5912
4824
3828
3061
2367
1463
246
-1064
-2057
-2518
-2593
-2669
-3013
-3517
-3856
-3772
-3313
-2725
-2205
-1760
-1292
-720
-17
828
1759
2610
3192
3457
3615
3950
4567
5232
5558
5363
4844
4394
4181
4048
3721
3097
2305
1549
960
501
-17
-719
-1601
-2508
-3344
-4051
-4645
-5171
-5697
-6273
-6915
-7566
-8045
-8173
-7963
-7673
-7523
-7469
-7214
-6531
-5439
-4218
-3149
-2262
-1347
-174
1249
2703
3920
4774
5358
5868
6443
7025
7428
7469
7135
6556
5897
5254
4631
3964
3159
2186
1120
125
-700
-1363
-1954
-2543
-3116
-3547
-3676
-3464
-3043
-2623
-2258
-1864
-1331
-692
-56
551
1166
1844
2526
3125
3558
3833
4070
4389
4765
5045
5099
4965
4726
4425
4009
3452
2787
2096
1433
768
38
-798
-1713
-2663
-3578
-4423
-5162
-5823
-6399
-6909
-7371
-7828
-8245
-8492
-8471
-8207
-7830
-7424
-6973
-6368
-5553
-4552
-3482
-2395
-1230
113
1598
3044
4255
5184
5927
6584
7151
7561
7780
7825
7721
7470
7046
6468
5804
5126
4390
3488
2420
1339
470
-117
-523
-945
-1448
-1944
-2250
-2315
-2206
-2058
-1969
-1888
-1671
-1171
-472
213
736
1163
1631
2192
2777
3270
3603
3795
3936
4069
4142
4069
3827
3473
3107
2772
2385
1822
1050
207
-526
-1082
-1566
-2172
-2992
-3932
-4796
-5462
-5972
-6457
-7006
-7563
-7976
-8149
-8143
-8091
-8018
-7854
-7508
-6958
-6197
-5258
-4220
-3191
-2212
-1208
-78
1198
2494
3611
4452
5065
5626
6200
6690
6899
6759
6424
6105
5877
5588
5056
4226
3236
2282
1500
878
313
-292
-927
-1472
-1816
-1961
-2017
-2044
-2002
-1823
-1538
-1225
-930
-632
-253
248
842
1371
1738
2015
2367
2856
3348
3681
3789
3750
3690
3674
3665
3537
3216
2727
2204
1725
1276
761
78
-775
-1672
-2367
-2777
-3050
-3455
-4103
-4855
-5472
-5819
-5953
-6012
-6076
-6125
-6091
-5942
-5664
-5261
-4715
-4025
-3239
-2438
-1688
-957
-193
613
1425
2193
2915
3607
4240
4735
5023
5168
5295
5436
5509
5384
5013
4424
3744
3139
2658
2197
1592
841
93
-484
-840
-1075
-1317
-1615
-1884
-2041
-2056
-1945
-1712
-1376
-1047
-817
-691
-523
-168
391
1038
1581
1940
2162
2382
2667
2964
3127
3042
2722
2306
1950
1689
1430
1036
472
-161
-726
-1181
-1604
-2081
-2632
-3205
-3733
-4175
-4484
-4680
-4813
-4941
-5033
-4996
-4779
-4428
-4032
-3630
-3189
-2652
-2012
-1321
-699
-198
207
608
1069
1596
2161
2660
2958
2981
2835
2761
2904
3183
3336
3204
2881
2628
2573
2608
2462
2035
1453
958
610
315
-25
-375
-624
-733
-783
-952
-1291
-1683
-1869
-1745
-1423
-1123
-968
-916
-833
-586
-184
215
439
493
548
746
1090
1441
1646
1608
1357
1041
822
756
745
625
317
-106
-506
-781
-952
-1112
-1356
-1680
-2000
-2206
-2266
-2251
-2286
-2435
-2605
-2622
-2386
-1992
-1636
-1423
-1275
-1019
-573
-50
374
643
847
1134
1545
2017
2400
2597
2618
2601
2693
2919
3148
3209
3044
2771
2573
2535
2562
2503
2298
2002
1705
1427
1145
840
566
368
248
133
-79
-393
-746
-1006
-1132
-1194
-1305
-1492
-1623
-1569
-1364
-1226
-1308
-1536
-1672
-1567
-1286
-1020
-927
-993
-1096
-1097
-995
-893
-916
-1047
-1177
-1195
-1127
-1105
-1209
-1386
-1500
-1515
-1477
-1477
-1530
-1620
-1673
-1630
-1468
-1249
-1062
-957
-905
-808
-592
-283
-7
177
307
472
689
948
1222
1490
1712
1885
2039
2173
2272
2334
2394
2474
2556
2637
2683
2649
2522
2384
2326
2311
2211
1937
1556
1212
1024
960
878
649
261
-148
-430
-528
-537
-612
-842
-1173
-1453
-1557
-1474
-1323
-1230
-1242
-1294
-1305
-1270
-1247
-1292
-1385
-1458
-1449
-1364
-1256
-1216
-1283
-1417
-1520
-1536
-1511
-1510
-1558
-1622
-1673
-1690
-1668
-1612
-1544
-1456
-1313
-1109
-911
-795
-741
-655
-465
-188
99
342
536
718
923
1142
1364
1588
1793
1937
1996
2003
2009
2057
2146
2244
2289
2273
2230
2198
2174
2129
2058
1952
1821
1680
1583
1556
1573
1551
1434
1246
1034
845
687
566
473
392
308
207
74
-88
-255
-398
-541
-736
-998
-1264
-1437
-1474
-1423
-1375
-1378
-1405
-1414
-1427
-1489
-1595
-1681
-1699
-1676
-1676
-1754
-1882
-1971
-1949
-1864
-1828
-1879
-1938
-1890
-1714
-1495
-1336
-1289
-1305
-1323
-1297
-1201
-1011
-736
-436
-158
60
230
396
626
939
1266
1525
1694
1833
1984
2134
2237
2265
2235
2174
2140
2127
2074
1924
1711
1542
1455
1405
1308
1157
1008
943
956
977
918
744
496
254
92
0
-82
-202
-352
-507
-657
-809
-950
-1058
-1100
-1104
-1132
-1215
-1300
-1318
-1249
-1132
-1027
-981
-1014
-1096
-1157
-1143
-1060
-960
-901
-905
-980
-1085
-1171
-1204
-1209
-1227
-1254
-1271
-1281
-1313
-1352
-1347
-1246
-1065
-872
-745
-700
-675
-562
-294
64
401
623
753
868
1040
1287
1570
1810
1951
2019
2095
2235
2405
2539
2580
2546
2473
2395
2317
2234
2151
2065
1960
1810
1621
1443
1310
1210
1104
977
841
698
541
378
228
93
-32
-165
-299
-442
-606
-805
-997
-1131
-1174
-1165
-1174
-1224
-1263
-1218
-1090
-940
-824
-728
-617
-493
-405
-390
-418
-440
-438
-453
-534
-690
-883
-1046
-1136
-1175
-1223
-1320
-1466
-1630
-1779
-1883
-1909
-1853
-1731
-1579
-1427
-1278
-1142
-1006
-857
-679
-462
-195
122
461
763
985
1115
1185
1233
1288
1341
1377
1401
1450
1547
1640
1659
1562
1401
1273
1254
1321
1369
1332
1232
1141
1077
1016
926
786
592
352
101
-149
-383
-600
-781
-911
-1016
-1132
-1286
-1454
-1614
-1740
-1802
-1786
-1705
-1583
-1433
-1268
-1104
-960
-834
-707
-539
-309
-56
148
256
274
247
220
220
234
218
145
24
-113
-260
-412
-554
-659
-703
-678
-596
-505
-436
-385
-303
-156
51
266
428
529
613
741
915
1118
1305
1432
1490
1526
1594
1682
1724
1681
1592
1522
1504
1506
1490
1432
1332
1214
1111
1040
993
946
893
819
697
514
311
146
38
-63
-193
-342
-480
-608
-750
-918
-1094
-1244
-1333
-1356
-1342
-1332
-1318
-1270
-1167
-1052
-969
-937
-934
-896
-796
-654
-528
-446
-370
-256
-101
15
5
-145
-332
-424
-393
-340
-385
-540
-696
-737
-654
-561
-558
-633
-681
-641
-554
-483
-438
-366
-238
-66
119
292
432
537
623
702
778
853
968
1137
1312
1420
1438
1415
1391
1353
1272
1170
1081
1012
947
870
776
677
591
518
432
313
163
-2
-172
-348
-521
-683
-834
-978
-1108
-1226
-1347
-1466
-1561
-1615
-1657
-1696
-1724
-1692
-1576
-1398
-1203
-1038
-890
-735
-576
-434
-288
-98
112
274
351
361
345
331
338
366
390
375
320
267
260
304
341
333
290
248
204
162
143
164
208
237
249
254
305
428
603
752
829
870
935
1035
1136
1225
1324
1441
1546
1615
1661
1690
1660
1542
1356
1171
1009
857
699
539
380
235
122
47
-14
-93
-205
-343
-509
-694
-892
-1097
-1290
-1444
-1544
-1597
-1625
-1656
-1685
-1704
-1698
-1680
-1652
-1583
-1445
-1269
-1118
-1008
-898
-768
-640
-540
-490
-489
-525
-562
-567
-519
-417
-295
-190
-116
-46
34
92
70
-24
-109
-92
29
178
280
327
382
478
592
680
749
855
1024
1224
1389
1499
1569
1620
1653
1641
1570
1438
1302
1204
1147
1095
1052
1046
1075
1110
1103
1034
883
689
513
402
332
240
97
-66
-218
-376
-592
-869
-1141
-1309
-1345
-1318
-1331
-1421
-1545
-1647
-1697
-1693
-1648
-1588
-1526
-1446
-1328
-1190
-1051
-916
-781
-668
-607
-581
-546
-484
-404
-314
-223
-149
-105
-93
-97
-100
-78
-35
12
42
66
115
207
345
504
654
773
866
946
1019
1092
1177
1261
1295
1261
1181
1103
1069
1084
1139
1194
1212
1178
1097
992
883
793
736
691
640
565
475
380
281
196
146
128
115
94
55
12
-37
-91
-172
-294
-435
-546
-592
-601
-643
-763
-947
-1134
-1271
-1344
-1361
-1342
-1313
-1297
-1301
-1306
-1312
-1316
-1318
-1309
-1291
-1281
-1273
-1242
-1149
-994
-802
-613
-444
-306
-210
-163
-143
-95
-2
125
242
301
285
232
236
363
584
790
909
947
962
994
1039
1082
1091
1046
978
953
1007
1082
1118
1095
1053
1006
953
900
861
825
766
674
558
440
348
327
370
417
403
315
200
106
41
-22
-108
-216
-324
-425
-530
-630
-699
-710
-678
-633
-603
-590
-593
-614
-635
-660
-679
-703
-721
-732
-741
-761
-796
-827
-827
-761
-644
-525
-455
-424
-394
-340
-282
-226
-159
-54
69
177
245
273
300
345
402
432
441
491
618
805
989
1118
1172
1170
1145
1095
1009
888
762
645
534
438
371
343
336
324
288
221
127
24
-62
-126
-190
-287
-404
-508
-576
-615
-642
-658
-683
-723
-771
-811
-822
-795
-724
-648
-629
-668
-702
-660
-554
-437
-336
-248
-159
-77
-6
44
59
22
-46
-90
-82
-50
-45
-85
-157
-216
-240
-237
-253
-295
-337
-340
-298
-235
-167
-102
-40
17
90
189
309
416
511
602
681
723
738
771
839
937
1031
1105
1144
1147
1124
1081
1031
975
908
826
751
716
691
642
539
401
244
84
-85
-269
-440
-557
-591
-584
-588
-655
-762
-864
-914
-921
-922
-940
-970
-990
-980
-939
-871
-784
-699
-631
-577
-509
-420
-332
-278
-246
-195
-107
-11
57
97
138
193
245
269
251
193
129
93
94
111
135
171
213
221
158
42
-64
-109
-104
-79
-68
-73
-49
46
199
337
426
478
535
637
781
926
1002
1011
1011
1053
1094
1070
959
801
670
610
609
602
527
387
232
87
-46
-181
-309
-437
-572
-726
-888
-1029
-1145
-1250
-1364
-1465
-1511
-1501
-1472
-1457
-1453
-1432
-1369
-1261
-1123
-971
-821
-680
-558
-458
-385
-322
-248
-140
-5
156
325
479
585
631
639
632
627
620
594
527
439
378
400
502
622
675
623
508
402
336
318
363
458
549
592
607
635
666
672
657
644
639
633
625
611
595
600
671
800
930
996
973
883
762
671
616
555
446
313
205
117
13
-122
-267
-428
-620
-816
-973
-1088
-1211
-1371
-1548
-1687
-1742
-1710
-1641
-1614
-1635
-1643
-1584
-1463
-1310
-1133
-915
-674
-450
-298
-232
-214
-177
-71
91
275
438
549
610
644
664
671
674
699
751
783
760
701
651
620
593
548
479
394
309
242
199
181
186
201
203
190
184
191
198
191
181
194
250
345
451
519
528
515
528
569
595
594
587
600
622
619
580
524
473
414
322
180
-9
-226
-430
-574
-651
-715
-807
-909
-983
-1028
-1077
-1157
-1260
-1350
-1392
-1369
-1302
-1219
-1125
-1021
-902
-776
-634
-477
-305
-125
33
152
222
278
369
511
687
849
981
1094
1197
1253
1212
1079
896
734
628
593
609
638
657
671
681
677
634
540
419
318
269
240
177
74
-18
-52
-41
-18
5
17
4
-37
-81
-96
-63
6
81
118
110
68
5
-73
-167
-269
-372
-455
-515
-559
-623
-717
-823
-924
-1006
-1074
-1134
-1212
-1316
-1426
-1500
-1509
-1465
-1412
-1397
-1418
-1438
-1427
-1388
-1318
-1215
-1073
-893
-676
-456
-290
-196
-122
-4
165
344
495
616
714
810
911
1018
1112
1202
1293
1391
1488
1590
1688
1773
1841
1901
1941
1936
1867
1740
1590
1457
1357
1281
1217
1156
1096
1018
918
797
676
577
518
505
511
501
438
327
197
85
-12
-114
-211
-264
-261
-249
-271
-333
-411
-482
-536
-587
-657
-760
-876
-994
-1117
-1243
-1356
-1442
-1504
-1543
-1576
-1611
-1647
-1657
-1621
-1544
-1444
-1341
-1243
-1147
-1042
-926
-826
-736
-633
-507
-389
-304
-244
-191
-137
-75
0
88
184
279
370
439
482
496
496
513
572
676
798
896
950
970
965
925
861
807
772
729
670
636
670
737
777
759
696
604
502
402
318
247
192
166
177
212
232
212
153
75
-4
-74
-128
-177
-234
-304
-364
-389
-376
-358
-368
-415
-488
-568
-642
-696
-720
-711
-684
-672
-694
-748
-814
-884
-945
-966
-922
-831
-742
-678
-611
-513
-412
-351
-320
-264
-160
-32
83
178
267
366
475
578
680
796
925
1029
1081
1083
1075
1089
1129
1172
1207
1242
1303
1371
1387
1290
1078
816
602
538
666
919
1118
1099
827
434
109
-18
51
199
284
218
51
-106
-174
-184
-209
-274
-340
-345
-270
-166
-129
-205
-367
-538
-658
-693
-655
-605
-617
-739
-945
-1153
-1282
-1289
-1205
-1086
-980
-894
-827
-768
-715
-696
-725
-774
-771
-692
-562
-439
-367
-360
-403
-460
-499
-504
-473
-410
-318
-192
-38
127
258
301
244
157
142
235
382
499
543
529
509
531
598
656
660
614
550
482
405
321
230
144
75
49
66
121
186
245
282
294
297
292
283
268
255
235
215
205
216
239
234
183
85
-29
-149
-266
-372
-447
-463
-403
-305
-240
-261
-350
-437
-470
-457
-436
-432
-431
-395
-302
-193
-140
-167
-227
-254
-238
-216
-215
-225
-227
-222
-214
-183
-121
-16
110
230
313
353
386
444
546
660
759
828
877
916
953
990
1031
1080
1147
1217
1251
1216
1114
965
799
639
500
385
284
195
120
60
3
-60
-137
-214
-288
-340
-356
-365
-399
-462
-534
-603
-672
-714
-705
-659
-614
-600
-614
-632
-632
-615
-598
-572
-508
-402
-273
-165
-105
-113
-178
-268
-357
-441
-538
-632
-693
-690
-649
-613
-591
-557
-499
-431
-398
-418
-455
-462
-426
-386
-353
-295
-184
-25
175
404
611
749
832
915
1006
1072
1083
1053
994
920
847
799
788
801
807
790
741
658
548
442
358
282
202
142
115
73
-30
-170
-289
-377
-456
-526
-573
-596
-597
-588
-597
-660
-763
-837
-824
-736
-628
-553
-530
-548
-590
-627
-648
-660
-679
-691
-683
-656
-625
-576
-492
-395
-316
-267
-222
-176
-143
-131
-130
-135
-148
-156
-149
-145
-159
-185
-192
-165
-116
-59
-2
70
176
310
445
553
638
707
765
819
882
945
994
1021
1041
1079
1135
1186
1214
1219
1221
1242
1265
1269
1237
1188
1148
1120
1086
1022
937
836
724
599
481
399
349
307
237
140
24
-89
-188
-265
-326
-388
-449
-490
-501
-507
-549
-628
-703
-734
-730
-718
-721
-720
-706
-684
-689
-731
-803
-881
-939
-951
-907
-819
-695
-544
-395
-300
-315
-444
-639
-808
-878
-829
-710
-589
-485
-400
-347
-352
-390
-390
-306
-150
33
217
386
518
607
662
689
682
654
646
687
758
807
795
713
578
440
351
334
344
325
273
228
218
223
209
139
-16
-272
-576
-831
-963
-984
-944
-882
-832
-832
-889
-957
-988
-980
-967
-955
-916
-840
-761
-718
-705
-689
-629
-508
-330
-136
3
34
-39
-152
-225
-210
-113
15
134
237
328
409
459
462
427
391
391
436
515
610
709
792
837
844
840
855
888
927
956
964
951
934
941
976
1012
1017
986
931
862
794
768
802
872
909
886
818
722
587
422
274
183
139
122
132
173
213
226
196
134
44
-53
-138
-203
-273
-376
-500
-603
-645
-647
-656
-712
-819
-944
-1057
-1130
-1159
-1147
-1111
-1074
-1058
-1060
-1052
-1023
-967
-892
-800
-697
-592
-490
-397
-321
-263
-196
-123
-54
2
62
129
188
236
277
289
252
192
174
233
332
424
490
536
577
626
680
707
697
685
703
722
691
606
509
414
312
206
135
108
105
88
43
-35
-126
-201
-248
-286
-348
-419
-460
-442
-397
-377
-403
-471
-558
-648
-707
-710
-676
-634
-607
-599
-626
-692
-761
-798
-802
-805
-815
-808
-759
-675
-595
-548
-536
-533
-501
-409
-260
-85
72
187
252
263
249
268
352
467
553
617
705
826
927
959
941
903
872
845
844
874
937
1023
1127
1223
1271
1239
1143
1032
941
879
825
770
712
653
603
568
549
520
459
356
230
107
2
-104
-218
-324
-404
-479
-577
-674
-724
-720
-700
-670
-618
-547
-492
-468
-476
-491
-493
-455
-368
-261
-175
-128
-107
-106
-146
-248
-401
-524
-554
-488
-402
-360
-352
-328
-264
-187
-124
-82
-57
-74
-133
-213
-253
-223
-122
7
124
193
210
205
206
204
157
73
7
7
55
96
118
152
232
336
402
381
283
163
65
-8
-49
-38
30
99
114
70
12
-9
19
72
105
109
96
83
58
13
-52
-136
-235
-327
-399
-451
-484
-497
-515
-546
-572
-559
-505
-435
-369
-327
-315
-346
-406
-474
-532
-584
-640
-694
-704
-648
-556
-485
-452
-414
-341
-236
-107
39
166
230
239
248
288
346
390
409
385
317
241
210
256
366
506
638
735
779
766
720
674
640
629
639
664
685
705
737
771
774
715
610
500
424
390
374
333
253
174
150
194
253
294
318
328
