653
598
530
465
379
259
115
-20
-128
-193
-206
-195
-202
-242
-274
-263
-216
-178
-176
-200
-213
-178
-89
22
96
112
114
152
227
290
282
186
43
-75
-120
-109
-61
7
85
128
86
-31
-175
-290
-358
-380
-366
-345
-339
-367
-424
-472
-455
-367
-257
-185
-167
-199
-267
-331
-356
-327
-259
-170
-81
-33
-48
-108
-182
-258
-319
-356
-376
-406
-433
-437
-436
-468
-522
-550
-518
-456
-392
-317
-229
-150
-100
-63
-21
35
84
115
102
39
-47
-90
-49
53
171
261
298
257
148
28
-46
-57
-34
9
56
86
77
42
21
45
103
163
228
305
384
433
461
501
551
578
560
528
496
446
387
351
355
365
361
331
267
167
57
-15
-28
16
104
195
256
277
295
338
398
458
492
490
454
405
353
297
251
230
222
187
105
-10
-120
-182
-177
-129
-81
-57
-66
-99
-150
-205
-274
-345
-391
-384
-331
-260
-208
-199
-226
-246
-222
-179
-148
-156
-188
-232
-260
-253
-219
-207
-259
-341
-390
-379
-351
-338
-328
-306
-274
-246
-237
-252
-282
-305
-295
-249
-193
-153
-132
-111
-79
-46
-31
-28
-28
-40
-69
-102
-113
-91
-45
7
39
39
28
48
112
193
249
264
260
250
241
230
237
269
305
326
340
362
383
375
343
318
316
327
338
332
292
211
108
11
-49
-58
-28
14
36
24
-16
-59
-79
-65
-36
-19
-41
-92
-145
-148
-87
10
101
130
88
-10
-110
-184
-231
-266
-294
-302
-286
-286
-322
-379
-396
-347
-253
-160
-104
-100
-127
-133
-84
0
70
105
125
148
145
94
35
31
96
181
241
255
221
146
44
-73
-198
-320
-418
-475
-493
-479
-443
-375
-280
-189
-147
-154
-171
-158
-117
-78
-45
-11
44
124
216
307
377
423
459
494
523
522
483
440
417
421
420
387
320
222
127
63
61
107
145
144
107
63
31
41
119
268
435
557
590
535
441
345
263
184
113
57
6
-57
-117
-153
-172
-199
-238
-265
-269
-277
-308
-335
-324
-283
-258
-262
-293
-334
-382
-400
-363
-280
-198
-158
-173
-219
-251
-243
-212
-189
-165
-125
-72
-40
-37
-51
-67
-76
-63
-19
40
104
164
215
227
178
102
45
34
55
95
135
157
153
131
127
167
255
338
350
277
162
90
95
154
195
183
134
84
56
36
-1
-76
-178
-255
-289
-313
-374
-461
-534
-578
-572
-520
-453
-432
-465
-506
-508
-468
-429
-427
-475
-549
-623
-676
-691
-659
-573
-453
-338
-244
-167
-92
-16
58
123
168
182
176
173
183
191
193
197
199
200
230
311
408
461
473
496
560
632
683
691
652
574
500
447
412
381
356
342
329
312
304
315
321
301
257
223
194
157
122
121
149
154
109
30
-42
-86
-96
-72
-34
3
16
-2
-42
-81
-74
-15
65
111
100
72
85
154
223
235
182
125
117
175
253
299
274
196
114
52
-5
-86
-163
-187
-133
-25
70
99
60
22
44
106
162
216
302
402
459
460
415
352
289
237
181
95
-21
-135
-230
-307
-357
-372
-349
-320
-294
-272
-249
-241
-262
-305
-352
-394
-435
-465
-464
-425
-364
-313
-296
-332
-403
-482
-534
-546
-535
-521
-531
-558
-598
-626
-631
-613
-578
-538
-488
-454
-470
-546
-656
-751
-782
-718
-582
-448
-388
-389
-395
-342
-237
-126
-61
-47
-46
-34
-11
10
52
120
194
220
199
171
192
265
339
369
354
346
361
374
344
280
241
295
450
644
772
785
720
668
676
715
736
711
660
617
591
553
465
345
254
240
289
361
418
446
459
470
465
416
343
293
295
320
324
292
224
128
42
15
63
146
196
189
116
18
-67
-112
-132
-174
-251
-339
-392
-399
-356
-267
-158
-76
-53
-51
-25
33
95
149
199
252
289
315
330
322
264
170
82
26
-8
-39
-57
-51
-37
-39
-50
-47
-24
-16
-35
-78
-131
-190
-249
-285
-308
-339
-400
-476
-542
-582
-584
-547
-490
-431
-366
-293
-221
-154
-98
-64
-90
-182
-304
-397
-416
-364
-278
-219
-215
-268
-346
-424
-487
-501
-451
-360
-289
-277
-314
-369
-430
-477
-488
-458
-399
-339
-273
-190
-72
53
137
165
171
187
213
220
187
110
13
-71
-93
-43
42
105
134
156
176
182
178
176
182
208
258
339
416
452
441
415
412
444
499
538
533
488
419
334
231
131
68
68
129
235
354
444
469
405
280
158
107
131
186
229
238
218
204
225
266
290
287
283
305
341
347
291
184
77
20
37
109
201
274
294
245
156
74
28
-9
-80
-196
-330
-438
-512
-582
-672
-770
-835
-842
-791
-690
-558
-408
-276
-188
-140
-100
-74
-89
-151
-219
-247
-238
-207
-169
-123
-82
-55
-35
-11
10
19
22
33
27
-2
1
90
245
371
418
410
394
401
427
449
437
364
236
94
-18
-101
-176
-230
-231
-207
-213
-273
-336
-355
-323
-255
-159
-59
21
69
90
97
80
11
-110
-245
-341
-405
-481
-570
-619
-593
-517
-449
-414
-425
-452
-450
-393
-295
-209
-158
-139
-130
-123
-104
-56
27
113
169
192
221
274
347
414
456
477
505
560
632
685
710
726
748
777
788
767
717
652
586
525
463
411
387
394
408
397
338
229
82
-54
-125
-115
-63
-32
-38
-63
-67
-40
-10
-21
-57
-55
10
80
94
46
-44
-165
-299
-409
-471
-501
-511
-501
-481
-472
-480
-503
-527
-528
-478
-385
-285
-219
-196
-189
-187
-199
-239
-294
-337
-362
-397
-432
-439
-395
-334
-298
-289
-277
-241
-199
-170
-152
-132
-99
-58
-39
-52
-63
-23
69
166
245
321
398
458
486
496
483
449
406
387
393
396
385
367
349
318
257
179
114
88
113
174
233
243
199
148
146
198
246
220
102
-59
-186
-238
-230
-202
-196
-205
-213
-197
-171
-146
-141
-155
-162
-138
-83
-35
-31
-65
-112
-144
-156
-157
-143
-104
-23
72
133
132
93
61
72
153
260
329
325
297
313
378
436
435
355
212
45
-92
-147
-117
-70
-70
-122
-175
-191
-193
-206
-221
-205
-138
-27
112
236
306
305
275
272
301
308
228
70
-90
-146
-82
35
100
64
-46
-171
-257
-286
-274
-250
-259
-322
-417
-489
-517
-526
-537
-521
-448
-341
-267
-250
-264
-291
-326
-354
-339
-283
-217
-161
-101
-60
-65
-129
-197
-223
-202
-171
-144
-105
-43
52
159
265
356
424
438
371
224
71
-13
-5
48
84
75
42
46
132
273
403
472
486
480
480
496
529
558
544
467
351
241
171
151
175
223
269
298
311
322
342
370
395
403
376
316
252
223
253
328
408
430
353
186
9
-97
-110
-75
-47
-56
-111
-188
-249
-267
-264
-259
-247
-213
-170
-183
-281
-435
-539
-543
-490
-459
-469
-478
-484
-505
-544
-558
-546
-540
-550
-546
-492
-411
-338
-305
-315
-342
-351
-320
-274
-240
-224
-216
-216
-222
-203
-146
-59
22
75
88
69
41
17
14
33
65
107
165
240
301
321
298
258
213
183
187
229
271
256
189
114
78
83
118
159
182
180
181
205
233
222
164
90
39
23
23
7
-16
-12
30
67
58
2
-75
-159
-232
-259
-226
-157
-106
-106
-148
-191
-203
-181
-142
-100
-48
13
68
95
83
27
-41
-70
-22
70
145
172
168
179
215
250
243
205
182
209
252
269
269
273
297
332
391
476
558
614
652
701
751
779
783
782
773
720
614
478
352
264
216
204
203
172
91
-22
-121
-190
-254
-345
-469
-605
-722
-801
-840
-836
-792
-731
-689
-673
-652
-605
-541
-482
-443
-437
-468
-516
-554
-576
-582
-555
-486
-405
-340
-317
-310
-264
-145
13
121
161
179
221
271
294
276
224
173
155
163
161
127
73
13
-38
-62
-38
-3
-17
-95
-181
-210
-171
-90
0
85
137
136
93
29
-28
-54
-35
14
54
73
88
129
181
225
252
277
306
318
291
225
159
106
60
4
-53
-80
-73
-58
-70
-96
-95
-49
20
69
65
1
-93
-160
-147
-63
53
174
287
381
426
424
395
347
260
135
34
3
33
69
83
79
32
-72
-201
-279
-263
-169
-39
73
146
174
165
121
44
-51
-145
-209
-200
-95
58
161
157
78
-12
-63
-76
-61
-41
-10
36
80
88
63
66
138
280
418
497
494
440
368
315
298
315
312
235
89
-76
-211
-310
-366
-375
-352
-320
-296
-286
-297
-316
-321
-326
-349
-402
-445
-477
-521
-603
-684
-690
-581
-400
-250
-183
-175
-167
-150
-137
-143
-139
-114
-104
-157
-258
-329
-308
-209
-96
-13
21
14
-17
-27
7
50
48
-19
-78
-75
-22
29
66
128
248
424
602
735
790
781
737
689
651
616
565
501
435
375
320
270
241
229
232
257
293
317
314
330
391
463
483
433
353
270
205
166
161
162
127
46
-47
-110
-153
-198
-241
-267
-279
-303
-347
-390
-398
-377
-367
-398
-450
-473
-461
-435
-416
-390
-360
-344
-367
-417
-451
-442
-397
-356
-324
-295
-264
-238
-228
-214
-200
-186
-173
-155
-119
-73
-41
-60
-113
-143
-142
-145
-179
-201
-167
-94
-7
71
146
209
258
317
404
502
559
520
397
260
204
259
344
364
300
215
174
195
250
288
269
194
105
25
-53
-149
-232
-261
-220
-153
-117
-134
-194
-265
-317
-327
-307
-282
-257
-214
-157
-126
-147
-198
-221
-191
-122
-61
-37
-57
-98
-131
-130
-106
-85
-71
-37
37
112
130
66
-50
-161
-213
-187
-109
-26
40
104
181
269
351
409
425
388
329
297
308
334
348
343
330
347
424
560
697
783
820
837
860
880
890
889
865
821
774
745
719
641
477
270
89
-37
-137
-243
-343
-413
-452
-471
-496
-526
-568
-610
-614
-559
-471
-421
-429
-452
-448
-430
-437
-488
-577
-697
-822
-927
-991
-1009
-972
-867
-725
-619
-602
-639
-644
-555
-414
-300
-269
-298
-327
-320
-270
-186
-89
-22
-10
-32
-30
16
71
89
77
73
97
140
177
209
253
324
411
478
505
495
469
428
353
247
146
92
82
75
51
17
9
51
123
182
209
234
288
344
345
279
178
89
49
68
123
149
107
15
-69
-104
-82
-35
-5
-24
-80
-105
-38
117
265
319
262
174
121
124
170
232
296
339
344
305
252
226
258
351
501
652
738
710
620
573
646
813
966
1003
899
728
601
576
623
663
626
493
294
92
-65
-179
-278
-389
-506
-642
-802
-977
-1144
-1289
-1406
-1475
-1493
-1482
-1455
-1405
-1329
-1260
-1233
-1254
-1282
-1284
-1240
-1143
-993
-817
-673
-597
-598
-640
-659
-584
-391
-134
85
204
230
220
236
310
438
594
738
830
867
891
953
1072
1212
1334
1414
1472
1532
1608
1684
1734
1749
1731
1684
1617
1530
1420
1280
1108
928
742
553
361
149
-96
-366
-625
-840
-1023
-1200
-1381
-1567
-1745
-1920
-2100
-2282
-2436
-2512
-2491
-2396
-2281
-2173
-2066
-1944
-1792
-1597
-1356
-1113
-931
-826
-732
-562
-310
-61
88
121
132
224
430
673
848
894
854
833
914
1074
1224
1288
1269
1247
1316
1468
1601
1630
1586
1565
1612
1703
1782
1814
1795
1747
1710
1715
1745
1760
1730
1666
1601
1554
1512
1452
1366
1275
1208
1168
1144
1126
1099
1046
952
820
646
419
146
-145
-434
-727
-1049
-1425
-1863
-2320
-2735
-3040
-3239
-3380
-3486
-3536
-3465
-3277
-3039
-2828
-2644
-2463
-2279
-2109
-1947
-1774
-1611
-1495
-1431
-1356
-1204
-970
-705
-479
-317
-193
-67
96
306
544
746
864
898
906
955
1039
1105
1104
1041
966
914
900
902
898
888
898
946
1036
1169
1344
1549
1751
1930
2076
2188
2260
2262
2174
2034
1921
1891
1900
1860
1725
1533
1368
1284
1274
1291
1272
1207
1132
1100
1090
1034
879
624
302
-54
-380
-649
-878
-1146
-1510
-1972
-2479
-2961
-3348
-3600
-3716
-3734
-3714
-3680
-3592
-3384
-3030
-2579
-2128
-1762
-1485
-1226
-929
-615
-376
-270
-244
-170
37
329
558
600
476
333
334
530
820
1048
1119
1063
990
990
1056
1130
1145
1108
1074
1084
1131
1165
1158
1124
1120
1192
1333
1480
1561
1572
1573
1652
1832
2051
2207
2248
2185
2081
1994
1945
1911
1837
1703
1509
1281
1036
815
650
562
544
523
382
50
-406
-839
-1147
-1341
-1536
-1837
-2290
-2823
-3335
-3741
-4025
-4233
-4422
-4595
-4656
-4516
-4169
-3700
-3206
-2743
-2328
-1925
-1488
-995
-497
-86
198
397
588
793
991
1124
1147
1052
915
852
923
1060
1119
1015
793
585
514
610
794
937
954
872
816
929
1222
1540
1704
1699
1676
1749
1901
2027
2064
2016
1943
1924
1993
2120
2212
2207
2135
2087
2157
2342
2556
2687
2690
2610
2528
2501
2493
2420
2212
1884
1516
1145
745
262
-307
-927
-1525
-2078
-2619
-3208
-3835
-4402
-4795
-4980
-5006
-4949
-4853
-4708
-4480
-4145
-3736
-3308
-2889
-2453
-1972
-1474
-1035
-718
-531
-418
-284
-40
313
671
909
980
955
935
982
1071
1140
1129
1030
891
776
733
746
739
626
405
182
68
85
162
240
314
443
677
1015
1382
1663
1823
1912
2006
2110
2202
2280
2365
2437
2472
2483
2521
2605
2680
2663
2526
2319
2124
2000
1940
1871
1690
1331
828
276
-244
-700
-1126
-1594
-2172
-2857
-3569
-4201
-4678
-5003
-5217
-5362
-5438
-5389
-5157
-4723
-4153
-3547
-2955
-2362
-1740
-1098
-488
18
374
601
793
1041
1353
1660
1856
1921
1908
1912
1970
2052
2113
2112
2045
1942
1877
1889
1938
1926
1815
1649
1495
1387
1331
1328
1352
1347
1298
1262
1310
1438
1579
1668
1705
1756
1862
2013
2153
2243
2280
2300
2360
2466
2585
2651
2622
2506
2342
2193
2080
1980
1814
1487
964
328
-271
-740
-1140
-1588
-2184
-2928
-3735
-4447
-4934
-5213
-5432
-5739
-6118
-6406
-6434
-6145
-5622
-5010
-4460
-4010
-3565
-2990
-2255
-1480
-814
-316
76
453
854
1238
1533
1734
1890
2060
2233
2356
2384
2320
2198
2078
2023
2058
2136
2157
2047
1817
1545
1341
1266
1276
1242
1084
845
646
583
669
845
1017
1113
1122
1099
1119
1213
1362
1527
1677
1810
1949
2139
2379
2602
2728
2743
2714
2714
2769
2806
2687
2308
1714
1092
574
128
-390
-1093
-1970
-2875
-3601
-4045
-4334
-4727
-5337
-5998
-6394
-6354
-5964
-5483
-5124
-4862
-4489
-3807
-2826
-1775
-921
-364
32
496
1125
1813
2349
2630
2730
2811
2977
3188
3304
3226
2984
2722
2561
2482
2390
2210
1936
1613
1325
1146
1077
1030
909
701
477
322
279
338
478
675
902
1130
1366
1632
1916
2165
2353
2511
2663
2785
2835
2842
2843
2848
2823
2763
2719
2722
2738
2677
2457
2052
1526
998
548
109
-482
-1332
-2354
-3333
-4113
-4711
-5279
-5923
-6588
-7095
-7298
-7211
-6989
-6780
-6588
-6284
-5756
-5020
-4200
-3405
-2667
-1939
-1169
-369
352
877
1207
1466
1763
2098
2392
2585
2677
2704
2717
2745
2774
2762
2689
2571
2441
2302
2170
2059
1971
1858
1680
1466
1314
1310
1437
1593
1672
1666
1678
1814
2096
2427
2714
2924
3082
3237
3401
3566
3687
3755
3767
3730
3645
3497
3274
2988
2690
2409
2102
1690
1170
631
137
-362
-980
-1747
-2567
-3311
-3943
-4530
-5144
-5790
-6395
-6858
-7119
-7219
-7258
-7258
-7122
-6727
-6090
-5380
-4740
-4170
-3545
-2772
-1869
-955
-168
442
933
1412
1914
2397
2796
3084
3277
3398
3469
3513
3533
3502
3392
3219
3038
2883
2735
2574
2408
2268
2161
2071
1987
1915
1842
1755
1664
1627
1678
1789
1897
1958
1993
2059
2214
2443
2653
2776
2837
2929
3080
3241
3343
3337
3220
3041
2904
2859
2806
2550
2021
1353
739
206
-382
-1144
-2048
-2967
-3794
-4524
-5245
-6040
-6859
-7521
-7886
-7969
-7917
-7827
-7668
-7335
-6753
-5937
-4986
-4047
-3228
-2521
-1817
-1016
-144
675
1344
1855
2287
2719
3155
3496
3631
3594
3539
3587
3694
3725
3610
3377
3120
2894
2687
2457
2201
1973
1801
1661
1523
1392
1279
1192
1135
1134
1203
1348
1543
1735
1896
2072
2327
2654
2987
3257
3457
3591
3671
3720
3755
3778
3766
3700
3583
3454
3288
2960
2381
1655
1010
500
-55
-844
-1834
-2844
-3745
-4525
-5243
-5985
-6771
-7487
-7965
-8163
-8200
-8226
-8238
-8084
-7623
-6868
-5950
-5013
-4126
-3294
-2467
-1585
-671
171
860
1426
1967
2526
3070
3519
3791
3847
3755
3652
3609
3545
3363
3078
2804
2591
2404
2208
2022
1884
1789
1718
1664
1637
1648
1699
1779
1871
1974
2102
2252
2389
2465
2513
2608
2807
3063
3306
3512
3680
3795
3840
3854
3881
3925
3929
3832
3617
3292
2876
2397
1910
1475
1064
546
-219
-1190
-2172
-2998
-3701
-4419
-5223
-6074
-6878
-7531
-7937
-8111
-8192
-8273
-8265
-7999
-7438
-6698
-5901
-5097
-4281
-3432
-2499
-1494
-523
291
920
1446
1966
2521
3085
3584
3923
4040
3986
3902
3876
3873
3817
3673
3446
3142
2821
2558
2389
2257
2093
1902
1724
1619
1603
1660
1699
1660
1591
1617
1788
2014
2172
2218
2234
2327
2546
2844
3137
3375
3550
3695
3843
3978
4040
3991
3851
3666
3453
3181
2793
2269
1657
982
193
-755
-1789
-2783
-3686
-4542
-5406
-6291
-7157
-7913
-8461
-8787
-8945
-9006
-8943
-8683
-8170
-7430
-6543
-5577
-4568
-3535
-2521
-1563
-652
240
1087
1833
2458
3032
3595
4094
4442
4607
4629
4569
4470
4346
4170
3910
3584
3270
3038
2877
2721
2506
2243
2004
1853
1769
1692
1613
1565
1575
1621
1693
1808
1979
2183
2367
2515
2653
2832
3056
3305
3531
3681
3722
3682
3631
3584
3495
3343
3191
3075
2922
2574
1998
1341
801
371
-172
-1038
-2165
-3288
-4193
-4909
-5613
-6422
-7290
-8064
-8605
-8856
-8894
-8866
-8842
-8691
-8219
-7391
-6362
-5313
-4332
-3414
-2481
-1452
-332
766
1701
2426
3004
3538
4101
4666
5088
5213
5032
4732
4510
4406
4296
4047
3620
3113
2706
2530
2531
2495
2242
1828
1496
1435
1588
1731
1692
1499
1346
1392
1621
1854
1956
1945
1954
2090
2377
2771
3170
3441
3536
3577
3719
3969
4157
4123
3875
3562
3312
3092
2743
2162
1448
786
219
-429
-1343
-2495
-3683
-4705
-5526
-6244
-6980
-7770
-8513
-9060
-9302
-9263
-9066
-8803
-8452
-7895
-7058
-5990
-4841
-3756
-2774
-1827
-834
212
1224
2086
2736
3219
3676
4206
4752
5121
5193
5041
4833
4671
4544
4401
4166
3787
3307
2871
2613
2498
2375
2127
1796
1524
1416
1464
1563
1610
1572
1516
1546
1676
1855
2042
2237
2415
2532
2636
2830
3127
3417
3600
3677
3726
3773
3789
3703
3508
3266
3022
2705
2190
1456
663
-27
-629
-1325
-2283
-3468
-4674
-5693
-6486
-7170
-7866
-8570
-9154
-9465
-9441
-9151
-8768
-8372
-7883
-7134
-6087
-4894
-3741
-2689
-1665
-587
564
1718
2747
3537
4068
4434
4781
5177
5547
5716
5583
5228
4842
4556
4328
4038
3643
3192
2776
2452
2236
2086
1914
1684
1465
1375
1421
1507
1528
1495
1493
1602
1834
2088
2234
2225
2168
2186
2302
2463
2657
2880
3048
3066
2982
2959
3074
3222
3240
3076
2803
2507
2163
1647
888
19
-751
-1368
-1992
-2815
-3883
-5041
-6048
-6761
-7255
-7757
-8403
-9064
-9447
-9381
-8969
-8485
-8093
-7687
-6997
-5896
-4536
-3189
-2014
-968
79
1204
2351
3382
4196
4809
5292
5687
5976
6140
6152
5995
5693
5322
4960
4608
4218
3758
3229
2676
2195
1879
1714
1587
1398
1170
1025
1048
1196
1317
1308
1235
1274
1504
1812
2017
2074
2090
2181
2376
2635
2912
3143
3278
3301
3258
3203
3160
3121
3043
2890
2665
2408
2084
1600
897
74
-708
-1405
-2140
-3054
-4160
-5323
-6347
-7106
-7666
-8215
-8859
-9476
-9832
-9778
-9366
-8788
-8200
-7597
-6831
-5788
-4507
-3146
-1855
-695
371
1428
2541
3652
4603
5242
5556
5675
5780
5949
6096
6050
5719
5160
4537
3988
3549
3135
2655
2108
1578
1146
830
611
428
245
79
8
84
271
463
605
732
927
1231
1608
1979
2270
2489
2695
2957
3286
3630
3906
4051
4080
4044
3995
3938
3848
3712
3532
3314
3009
2534
1837
987
146
-589
-1320
-2231
-3390
-4654
-5788
-6655
-7310
-7936
-8632
-9301
-9716
-9728
-9377
-8833
-8234
-7592
-6802
-5761
-4459
-3001
-1546
-218
935
1966
2966
3977
4940
5723
6242
6488
6521
6413
6220
5971
5621
5091
4376
3618
3028
2680
2435
2106
1628
1106
706
529
545
609
570
416
274
281
450
690
903
1052
1153
1277
1513
1882
2286
2599
2800
2991
3275
3615
3879
3943
3800
3546
3308
3149
3039
2892
2653
2282
1721
917
-49
-943
-1596
-2112
-2832
-3997
-5481
-6844
-7694
-8042
-8307
-8895
-9767
-10439
-10472
-9872
-9034
-8318
-7755
-7065
-5970
-4471
-2860
-1442
-301
713
1784
2991
4259
5394
6194
6600
6728
6766
6803
6797
6654
6297
5709
4944
4144
3464
2955
2520
2046
1502
967
543
295
198
163
96
-17
-84
15
303
656
932
1099
1246
1474
1811
2189
2502
2700
2868
3121
3485
3876
4192
4362
4371
4261
4114
4001
3933
3850
3671
3322
2748
1944
990
68
-696
-1376
-2219
-3405
-4861
-6284
-7359
-7983
-8331
-8700
-9259
-9887
-10250
-10048
-9259
-8175
-7141
-6293
-5445
-4321
-2814
-1095
506
1746
2627
3398
4312
5383
6365
6986
7152
6991
6721
6488
6292
6007
5531
4848
4046
3232
2488
1876
1412
1008
526
-58
-589
-857
-829
-659
-546
-566
-663
-707
-567
-215
221
577
794
946
1125
1384
1726
2117
2494
2822
3099
3323
3493
3609
3685
3693
3593
3392
3174
2988
2759
2322
1551
517
-548
-1413
-2085
-2788
-3717
-4880
-6122
-7255
-8143
-8765
-9218
-9616
-9970
-10174
-10114
-9716
-8977
-7949
-6742
-5473
-4206
-2921
-1535
2
1622
3117
4271
5036
5586
6155
6836
7454
7709
7445
6842
6238
5799
5411
4880
4159
3342
2540
1808
1204
773
501
306
90
-154
-364
-449
-365
-153
88
272
404
575
855
1226
1611
1941
2198
2382
2537
2728
3015
3381
3738
3977
4038
3966
3874
3843
3831
3731
3488
3147
2775
2357
1778
935
-109
-1134
-1952
-2631
-3418
-4513
-5890
-7324
-8501
-9202
-9477
-9582
-9754
-9996
-10121
-9915
-9264
-8187
-6833
-5402
-4025
-2719
-1427
-85
1347
2818
4172
5242
5992
6517
6941
7303
7541
7540
7220
6612
5864
5157
4544
3937
3234
2414
1541
717
70
-351
-602
-810
-1022
-1195
-1272
-1234
-1083
-801
-403
50
448
709
843
982
1258
1688
2135
2446
2589
2668
2826
3111
3407
3558
3516
3399
3365
3432
3472
3366
3127
2837
2521
2101
1468
590
-453
-1507
-2453
-3295
-4164
-5216
-6494
-7837
-8971
-9678
-9956
-9997
-10009
-10038
-9936
-9486
-8567
-7247
-5733
-4220
-2776
-1356
95
1590
3090
4508
5749
6722
7392
7759
7881
7828
7664
7405
7011
6425
5640
4748
3892
3150
2477
1766
995
262
-317
-726
-1035
-1275
-1407
-1391
-1252
-1058
-869
-673
-414
-56
331
625
785
907
1096
1373
1674
1951
2176
2361
2553
2799
3039
3165
3152
3088
3027
2944
2813
2656
2491
2275
1957
1473
778
-121
-1129
-2117
-3024
-3878
-4748
-5712
-6809
-7972
-9005
-9675
-9899
-9799
-9594
-9406
-9178
-8744
-7942
-6738
-5226
-3573
-1901
-268
1296
2736
4012
5136
6147
7052
7789
8257
8368
8135
7698
7213
6725
6156
5440
4607
3732
2873
2047
1278
624
136
-200
-460
-696
-882
-953
-894
-749
-571
-366
-121
173
485
748
922
1063
1261
1526
1765
1902
1958
2025
2163
2373
2615
2828
2956
2973
2878
2699
2495
2345
2271
2189
1967
1527
876
50
-903
-1902
-2846
-3685
-4471
-5304
-6283
-7398
-8508
-9380
-9853
-9962
-9862
-9687
-9439
-9023
-8311
-7225
-5788
-4139
-2444
-820
700
2124
3478
4766
5952
6959
7724
8233
8485
8469
8195
7738
7206
6647
6041
5331
4501
3580
2620
1678
802
40
-570
-1035
-1384
-1652
-1854
-1973
-2009
-1948
-1789
-1544
-1267
-1028
-865
-751
-586
-289
115
516
802
979
1139
1360
1637
1921
2178
2408
2609
2749
2778
2685
2554
2484
2504
2517
2392
2033
1403
503
-583
-1710
-2727
-3603
-4424
-5315
-6350
-7475
-8529
-9288
-9631
-9592
-9295
-8853
-8314
-7664
-6836
-5758
-4412
-2835
-1101
679
2375
3845
5033
5982
6800
7554
8236
8758
8996
8854
8344
7608
6832
6134
5528
4948
4282
3441
2422
1334
349
-391
-838
-1085
-1295
-1597
-1974
-2304
-2467
-2420
-2205
-1901
-1592
-1314
-1063
-819
-553
-231
167
602
1011
1364
1654
1873
2003
2083
2187
2368
2607
2809
2877
2778
2567
2340
2161
2013
1816
1449
822
-70
-1120
-2181
-3158
-4040
-4868
-5691
-6572
-7522
-8440
-9141
-9491
-9490
-9210
-8731
-8101
-7339
-6442
-5390
-4144
-2670
-986
803
2526
4023
5237
6199
6953
7536
7976
8289
8434
8324
7917
7241
6382
5469
4624
3900
3215
2435
1496
471
-506
-1311
-1870
-2176
-2305
-2386
-2488
-2598
-2651
-2596
-2432
-2179
-1854
-1459
-1025
-613
-273
3
259
541
867
1243
1652
2048
2368
2582
2717
2829
2945
3041
3101
3102
3013
2811
2513
2176
1832
1433
886
100
-902
-1989
-2991
-3843
-4622
-5463
-6423
-7424
-8294
-8883
-9125
-9039
-8688
-8134
-7420
-6548
-5529
-4359
-3030
-1518
138
1834
3433
4839
5997
6891
7550
8028
8379
8607
8673
8516
8105
7455
6630
5720
4816
3971
3171
2342
1408
370
-675
-1562
-2191
-2575
-2816
-2988
-3121
-3227
-3297
-3309
-3230
-3044
-2731
-2286
-1776
-1310
-967
-732
-534
-290
64
534
1054
1541
1937
2225
2421
2583
2765
2932
2994
2899
2698
2486
2292
2079
1778
1323
670
-184
-1163
-2160
-3109
-4000
-4859
-5729
-6641
-7543
-8289
-8736
-8832
-8608
-8143
-7517
-6756
-5844
-4775
-3585
-2284
-833
758
2372
3849
5081
6040
6760
7312
7747
8048
8186
8169
8024
7731
7228
6486
5557
4575
3674
2877
2089
1221
292
-605
-1395
-2032
-2506
-2826
-3031
-3153
-3225
-3272
-3294
-3276
-3191
-3000
-2655
-2156
-1609
-1142
-804
-529
-200
243
757
1239
1643
1986
2307
2591
2807
2942
3017
3040
3006
2898
2721
2499
2250
1938
1487
828
-51
-1088
-2166
-3162
-4032
-4826
-5632
-6476
-7307
-8014
-8486
-8639
-8435
-7917
-7174
-6309
-5395
-4446
-3404
-2173
-706
918
2545
4040
5340
6422
7281
7919
8334
8560
8628
8591
8426
8071
7467
6632
5667
4704
3823
3012
2188
1295
351
-568
-1391
-2091
-2642
-3020
-3216
-3285
-3328
-3423
-3574
-3713
-3742
-3582
-3227
-2734
-2207
-1723
-1335
-1024
-720
-349
120
651
1186
1667
2061
2355
2569
2726
2847
2927
2927
2804
2542
2179
1769
1329
812
150
-684
-1613
-2531
-3359
-4115
-4878
-5742
-6716
-7652
-8353
-8700
-8694
-8380
-7807
-7045
-6181
-5269
-4311
-3244
-1985
-497
1133
2744
4191
5418
6406
7161
7704
8089
8361
8525
8540
8354
7926
7249
6385
5446
4524
3647
2809
1983
1150
294
-592
-1483
-2291
-2895
-3241
-3377
-3415
-3442
-3492
-3559
-3598
-3546
-3344
-2968
-2437
-1815
-1184
-644
-245
41
312
654
1097
1607
2115
2543
2854
3072
3225
3312
3310
3220
3057
2859
2652
2429
2097
1549
753
-217
-1226
-2167
-2995
-3756
-4536
-5403
-6326
-7209
-7914
-8328
-8391
-8103
-7513
-6704
-5788
-4873
-3981
-3017
-1855
-463
1049
2533
3881
5057
6045
6828
7376
7690
7834
7913
7966
7907
7591
6944
6027
5000
4031
3199
2473
1756
974
114
-804
-1741
-2640
-3400
-3914
-4127
-4090
-3962
-3912
-3988
-4085
-4049
-3806
-3369
-2795
-2143
-1489
-906
-433
-26
395
878
1388
1866
2295
2698
3080
3383
3562
3607
3553
3427
3253
3046
2821
2556
2169
1559
671
-431
-1586
-2614
-3422
-4060
-4682
-5425
-6302
-7197
-7948
-8429
-8533
-8203
-7471
-6504
-5502
-4589
-3740
-2832
-1738
-420
1060
2610
4114
5453
6508
7221
7625
7821
7897
7938
7967
7918
7623
6984
6061
5032
4048
3170
2390
1673
971
253
-518
-1370
-2258
-3052
-3624
-3934
-4034
-4025
-4016
-4062
-4125
-4101
-3889
-3460
-2877
-2252
-1657
-1081
-498
83
617
1083
1511
1955
2442
2949
3398
3699
3802
3716
3496
3209
2924
2686
2494
2267
1902
1325
506
-511
-1604
-2622
-3468
-4162
-4767
-5377
-6070
-6854
-7607
-8129
-8250
-7896
-7148
-6220
-5312
-4483
-3673
-2791
-1774
-581
772
2219
3670
5009
6109
6872
7314
7534
7668
7803
7922
7906
7631
7076
6283
5328
4301
3317
2434
1637
867
65
-783
-1673
-2546
-3334
-3965
-4395
-4609
-4646
-4585
-4487
-4375
-4235
-4023
-3683
-3188
-2575
-1924
-1282
-665
-81
461
972
1466
1937
2365
2757
3127
3446
3651
3699
3611
3437
3189
2860
2472
2074
1667
1189
560
-254
-1189
-2143
-3020
-3775
-4383
-4891
-5404
-5986
-6580
-7023
-7167
-6958
-6453
-5774
-5020
-4238
-3421
-2531
-1521
-369
883
2196
3536
4848
6030
6964
7573
7875
7986
8021
8002
7875
7591
7138
6496
5686
4780
3850
2896
1911
949
57
-786
-1639
-2491
-3294
-3999
-4585
-5018
-5282
-5406
-5417
-5326
-5142
-4893
-4585
-4184
-3663
-3035
-2341
-1614
-870
-119
624
1322
1931
2429
2831
3174
3458
3648
3728
3710
3592
3360
3023
2618
2167
1687
1193
647
-53
-957
-1987
-2983
-3831
-4500
-5029
-5486
-5935
-6359
-6674
-6771
-6588
-6127
-5435
-4603
-3715
-2836
-1955
-1044
-65
989
2120
3306
4472
5497
6274
6764
7013
7101
7110
7083
7011
6844
6521
6003
5284
4415
3472
2542
1640
767
-83
-919
-1756
-2606
-3422
-4169
-4810
-5298
-5601
-5745
-5788
-5735
-5555
-5232
-4801
-4293
-3719
-3084
-2410
-1717
-994
-239
538
1292
1978
2551
3005
3366
3657
3852
3941
3931
3843
3678
3428
3081
2630
2113
1614
1178
742
192
-511
-1299
-2072
-2744
-3272
-3656
-3934
-4147
-4286
-4321
-4250
-4095
-3854
-3505
-3025
-2397
-1647
-809
57
936
1826
2726
3620
4490
5300
5971
6416
6607
6596
6442
6189
5868
5496
5069
4554
3933
3205
2375
1464
520
-401
-1258
-2041
-2751
-3372
-3890
-4316
-4715
-5130
-5532
-5816
-5883
-5711
-5371
-4957
-4534
-4121
-3704
-3263
-2781
-2244
-1611
-889
-145
532
1111
1613
2039
2380
2642
2832
2960
3046
3092
3054
2866
2541
2137
1740
1372
1032
683
274
-231
-832
-1465
-2023
-2428
-2676
-2829
-2940
-3011
-2999
-2882
-2651
-2353
-2035
-1716
-1347
-874
-306
304
933
1596
2281
2965
3607
4172
4631
4991
5243
5363
5345
5235
5074
4848
4536
4096
3511
2804
2040
1269
481
-339
-1177
-1966
-2651
-3242
-3794
-4339
-4849
-5280
-5601
-5789
-5812
-5673
-5419
-5097
-4737
-4347
-3920
-3416
-2797
-2073
-1288
-493
271
963
1530
1954
2255
2467
2625
2737
2819
2836
2771
2598
2321
1987
1645
1346
1059
767
471
191
-67
-321
-573
-832
-1081
-1243
-1256
-1112
-904
-679
-466
-297
-199
-138
-23
202
547
984
1452
1898
2287
2629
2922
3153
3346
3539
3739
3897
3953
3873
3667
3380
3053
2693
2294
1857
1370
802
138
-599
-1341
-2007
-2558
-3026
-3489
-3998
-4531
-5020
-5405
-5681
-5853
-5907
-5833
-5649
-5397
-5109
-4779
-4355
-3777
-3060
-2295
-1597
-1005
-457
124
764
1372
1866
2221
2462
2638
2761
2855
2895
2858
2724
2533
2368
2267
2217
2129
1930
1634
1292
966
698
557
529
515
500
530
632
713
750
786
842
908
989
1089
1185
1277
1440
1704
2013
2264
2402
2458
2473
2485
2497
2513
2532
2519
2419
2192
1887
1563
1245
901
485
-31
-648
-1315
-1957
-2540
-3091
-3628
-4134
-4600
-5046
-5460
-5799
-6015
-6087
-6016
-5841
-5633
-5417
-5138
-4759
-4281
-3762
-3220
-2642
-1997
-1272
-538
108
603
945
1191
1399
1612
1836
2063
2278
2419
2427
2305
2094
1930
1872
1952
2019
1968
1825
1679
1609
1579
1614
1728
1867
2001
2086
2190
2283
2339
2358
2334
2296
2261
2273
2314
2371
2423
2490
2547
2566
2527
2424
2302
2194
2106
2009
1851
1631
1376
1123
873
596
255
-161
-635
-1114
-1572
-2033
-2502
-2951
-3343
-3713
-4077
-4420
-4715
-4974
-5195
-5354
-5427
-5416
-5306
-5097
-4794
-4435
-4040
-3617
-3202
-2811
-2426
-1970
-1437
-867
-324
153
525
772
931
1084
1266
1484
1699
1882
2058
2237
2428
2552
2594
2585
2559
2525
2511
2507
2526
2555
2627
2752
2853
2903
2879
2840
2850
2942
3070
3180
3186
3108
2940
2784
2669
2580
2492
2371
2241
2052
1785
1484
1249
1160
1120
1004
744
370
-24
-391
-698
-999
-1358
-1752
-2146
-2515
-2857
-3184
-3493
-3785
-4043
-4250
-4394
-4518
-4672
-4877
-5086
-5245
-5308
-5251
-5076
-4835
-4583
-4307
-3981
-3593
-3202
-2850
-2513
-2132
-1659
-1153
-718
-406
-191
2
258
601
1001
1351
1578
1723
1836
2009
2231
2484
2671
2729
2708
2683
2753
2892
3032
3120
3151
3142
3097
3033
2999
3009
3056
3123
3219
3287
3315
3223
3097
3009
3012
3087
3082
2956
2679
2347
2059
1849
1645
1414
1140
894
634
337
6
-323
-648
-987
-1354
-1747
-2164
-2554
-2886
-3184
-3485
-3769
-3965
-4100
-4213
-4303
-4349
-4349
-4332
-4284
-4168
-4009
-3799
-3540
-3223
-2855
-2492
-2146
-1866
-1650
-1491
-1336
-1141
-873
-560
-255
-8
204
404
583
719
841
1011
1228
1465
1665
1852
1990
2102
2186
2276
2415
2623
2881
3074
3164
3161
3100
2994
2865
2805
2777
2751
2703
2662
2633
2576
2481
2351
2171
1987
1841
1760
1744
1697
1636
1528
1356
1054
620
225
16
-38
-85
-332
-696
-1117
-1497
-1835
-2116
-2350
-2605
-2887
-3129
-3329
-3507
-3663
-3779
-3849
-3932
-3976
-3975
-3918
-3822
-3658
-3466
-3261
-3034
-2719
-2346
-1983
-1660
-1369
-1098
-864
-659
-497
-360
-260
-163
-68
43
184
348
531
651
754
834
943
1051
1122
1174
1212
1326
1532
1797
2079
2339
2570
2699
2685
2542
2434
2492
2704
2969
3134
3177
3053
2833
2619
2466
2380
2294
2165
2012
1820
1630
1452
1294
1177
1025
889
783
683
492
130
-316
-722
-1062
-1295
-1516
-1715
-1970
-2275
-2572
-2788
-2859
-2812
-2761
-2764
-2813
-2838
-2793
-2675
-2503
-2343
-2228
-2141
-2026
-1927
-1766
-1558
-1271
-1000
-769
-564
-415
-262
-93
98
244
342
428
489
506
526
590
682
760
820
843
831
783
764
770
831
996
1242
1468
1568
1572
1522
1495
1484
1556
1675
1805
1916
1934
1886
1763
1598
1469
1334
1271
1180
1062
931
779
615
363
116
-47
-138
-230
-397
-588
-849
-1147
-1438
-1636
-1708
-1742
-1743
-1820
-1995
-2277
-2537
-2643
-2525
-2305
-2155
-2196
-2272
-2280
-2132
-1952
-1737
-1482
-1198
-877
-607
-387
-215
-33
237
560
852
1105
1251
1347
1354
1360
1441
1570
1711
1758
1687
1553
1396
1326
1318
1322
1253
1099
952
875
905
1009
1159
1232
1215
1151
1090
1106
1156
1256
1301
1283
1301
1335
1341
1241
1075
903
736
625
558
434
174
-154
-454
-699
-926
-1132
-1290
-1417
-1535
-1687
-1903
-2122
-2341
-2546
-2729
-2878
-2930
-2955
-2896
-2804
-2760
-2753
-2739
-2613
-2465
-2352
-2274
-2180
-1984
-1685
-1353
-1095
-925
-738
-452
-78
287
591
877
1178
1522
1831
2098
2279
2414
2578
2760
2952
3063
3140
3184
3185
3170
3099
2984
2804
2603
2408
2195
1961
1715
1505
1384
1342
1293
1198
1016
831
645
462
342
312
409
470
397
196
-11
-136
-223
-328
-503
-687
-854
-977
-1094
-1274
-1441
-1603
-1695
-1804
-1981
-2213
-2472
-2657
-2773
-2879
-3003
-3136
-3193
-3189
-3140
-3118
-3044
-2918
-2724
-2544
-2459
-2405
-2400
-2327
-2161
-1897
-1567
-1234
-823
-354
116
507
809
1111
1455
1925
2376
2699
2802
2831
2941
3135
3467
3789
4002
3884
3552
3226
3136
3292
3447
3412
3126
2789
2544
2413
2322
2163
1895
1610
1457
1425
1397
1228
964
661
392
269
230
240
177
46
-137
-432
-716
-953
-1090
-1210
-1394
-1623
-1950
-2284
-2599
-2810
-2954
-3061
-3147
-3282
-3468
-3701
-3889
-4030
-4146
-4206
-4207
-4122
-4018
-3916
-3845
-3773
-3647
-3462
-3239
-3032
-2846
-2655
-2417
-2074
-1644
-1187
-739
-356
7
307
665
1130
1674
2254
2715
3057
3252
3402
3653
3934
4197
4276
4235
4182
4200
4314
4439
4478
4387
4211
4114
4116
4106
4015
3863
3724
3548
3306
3076
2887
2705
2441
2121
1863
1672
1511
1330
1158
1007
780
437
7
-393
-693
-925
-1141
-1402
-1721
-2102
-2495
-2839
-3104
-3324
-3520
-3699
-3831
-3916
-3990
-4048
-4068
-4025
-3954
-3966
-4059
-4183
-4265
-4270
-4197
-4038
-3865
-3688
-3528
-3359
-3219
-3090
-2931
-2656
-2227
-1703
-1177
-759
-479
-286
-72
288
798
1361
1843
2235
2539
2815
3073
3334
3634
3855
3996
4019
3997
4004
3974
3939
3859
3795
3755
3702
3654
3549
3409
3282
3257
3263
3159
2884
2572
2366
2240
2165
2056
1876
1590
1273
1066
907
702
380
3
-362
-721
-1043
-1381
-1755
-2135
-2496
-2779
-3027
-3206
-3322
-3434
-3541
-3672
-3788
-3899
-3993
-4059
-4107
-4154
-4181
-4161
-4060
-3902
-3748
-3614
-3524
-3455
-3386
-3267
-3072
-2828
-2580
-2321
-2071
-1822
-1564
-1254
-889
-543
-220
129
536
996
1460
1907
2264
2484
2682
2938
3239
3526
3727
3940
4107
4244
4326
4346
4400
4453
4529
4546
4499
4435
4335
4153
3868
3517
3212
2973
2821
2724
2623
2427
2143
1853
1689
1594
1483
1303
998
635
237
-84
-352
-637
-913
-1191
-1445
-1685
-1936
-2246
-2641
-3026
-3303
-3510
-3715
-3923
-4109
-4270
-4430
-4574
-4671
-4693
-4587
-4404
-4232
-4115
-3999
-3847
-3714
-3590
-3425
-3147
-2800
-2479
-2220
-2044
-1825
-1557
-1212
-877
-553
-237
91
445
741
942
1070
1267
1569
1907
2223
2497
2744
2920
3035
3124
3181
3257
3345
3503
3642
3739
3728
3646
3523
3417
3370
3427
3568
3653
3503
3146
2832
2629
2516
2320
2163
2038
1903
1656
1280
880
527
273
100
-54
-207
-392
-666
-1061
-1531
-1893
-2075
-2070
-2023
-2062
-2294
-2664
-3010
-3224
-3302
-3334
-3339
-3341
-3383
-3438
-3490
-3450
-3367
-3250
-3129
-2966
-2733
-2474
-2275
-2206
-2250
-2257
-2101
-1739
-1265
-813
-435
-175
-17
60
156
340
637
943
1168
1255
1281
1324
1427
1573
1703
1828
1917
2020
2088
2138
2131
2063
1981
1929
1998
2184
2420
2589
2618
2479
2284
2133
2167
2305
2389
2317
2079
1830
1616
1459
1288
1065
831
598
410
238
65
-149
-371
-543
-662
-739
-868
-1035
-1270
-1508
-1724
-1938
-2092
-2174
-2122
-2055
-2062
-2134
-2203
-2175
-2076
-1924
-1777
-1642
-1535
-1456
-1395
-1311
-1179
-1072
-1017
-1029
-997
-887
-703
-478
-311
-195
-144
-45
130
377
632
818
911
890
833
816
902
1033
1116
1085
956
852
814
810
759
648
574
557
649
772
870
925
958
1032
1093
1114
1085
1017
978
977
993
951
832
729
624
505
296
71
-131
-261
-341
-400
-504
-665
-856
-1010
-1091
-1107
-1102
-1137
-1229
-1298
-1286
-1198
-1165
-1218
-1279
-1256
-1053
-783
-516
-463
-597
-773
-802
-597
-327
-91
25
78
112
126
214
375
652
955
1215
1382
1381
1252
1064
985
1049
1225
1383
1436
1325
1082
798
608
582
681
779
777
641
409
152
-72
-193
-211
-125
-24
19
-54
-240
-448
-565
-507
-337
-206
-193
-334
-519
-716
-856
-911
-922
-888
-879
-891
-951
-1074
-1172
-1225
-1225
-1251
-1314
-1340
-1300
-1260
-1343
-1530
-1675
-1636
-1433
-1205
-1034
-965
-909
-854
-759
-676
-584
-437
-217
48
236
369
490
703
1009
1306
1577
1759
1897
1989
2027
2126
2215
2357
2450
2540
2614
2654
2654
2604
2511
2386
2227
2069
1906
1711
1470
1138
798
493
331
289
269
154
-81
-350
-519
-553
-452
-313
-205
-223
-382
-630
-879
-1038
-1082
-1018
-963
-1008
-1187
-1404
-1576
-1676
-1732
-1779
-1849
-1890
-1889
-1843
-1852
-1937
-2040
-2071
-1992
-1838
-1725
-1721
-1844
-1928
-1867
-1680
-1494
-1437
-1411
-1364
-1185
-961
-750
-620
-568
-508
-372
-100
300
713
1041
1165
1218
1326
1632
2048
2423
2663
2740
2768
2736
2721
2727
2805
2952
3087
3147
3056
2858
2640
2450
2308
2226
2189
2116
1906
1538
1107
700
392
206
135
105
-7
-283
-697
-1091
-1313
-1293
-1146
-1037
-1086
-1320
-1624
-1883
-1969
-1914
-1846
-1838
-1910
-1988
-2083
-2219
-2382
-2582
-2733
-2840
-2843
-2809
-2815
-2900
-3064
-3154
-3131
-2964
-2771
-2625
-2512
-2440
-2343
-2175
-1877
-1477
-1140
-889
-722
-547
-305
6
371
665
880
1076
1326
1695
2113
2503
2755
2848
2961
3221
3687
4139
4391
4448
4443
4546
4681
4741
4633
4436
4270
4176
4133
4041
3862
3563
3238
2904
2556
2156
1775
1512
1339
1147
796
341
-96
-443
-700
-935
-1121
-1305
-1501
-1717
-1950
-2123
-2216
-2150
-2035
-2002
-2186
-2509
-2806
-2965
-3023
-3142
-3370
-3631
-3746
-3698
-3629
-3709
-3946
-4166
-4209
-4035
-3781
-3609
-3589
-3647
-3647
-3486
-3171
-2803
-2499
-2285
-2110
-1887
-1559
-1092
-531
-26
342
570
784
1098
1524
1991
2362
2565
2670
2756
2983
3306
3618
3751
3675
3556
3523
3656
3886
4137
4300
4287
4069
3763
3568
3648
3908
4092
3922
3392
2785
2389
2254
2155
1869
1463
1080
823
562
163
-329
-799
-1061
-1167
-1264
-1569
-2053
-2548
-2858
-2957
-2929
-2902
-2933
-2992
-3047
-3110
-3185
-3223
-3176
-3059
-2918
-2812
-2766
-2790
-2848
-2915
-2980
-3022
-3003
-2954
-2945
-3009
-3091
-3103
-3042
-2896
-2695
-2404
-2019
-1584
-1241
-1077
-1012
-832
-379
327
1105
1725
2055
2159
2208
2427
2876
3450
3943
4224
4297
4191
4072
4084
4339
4697
4951
4949
4688
4283
3872
3570
3390
3306
3239
3148
2940
2584
2141
1786
1682
1782
1932
1943
1691
1182
612
312
380
647
746
428
-342
-1319
-2105
-2457
-2483
-2533
-2881
-3560
-4341
-4848
-4857
-4474
-4020
-3704
-3591
-3644
-3747
-3719
-3411
-2880
-2335
-2060
-2199
-2599
-2918
-2890
-2571
-2205
-2025
-2069
-2175
-2178
-2051
-1895
-1730
-1543
-1340
-1188
-1088
-1008
-911
-736
-423
28
509
934
1279
1555
1795
2032
2359
2800
3308
3733
3969
4056
4075
4123
4213
4342
4460
4485
4406
4267
4131
4012
3887
3761
3599
3371
3052
2675
2334
2135
2094
2078
1857
1310
551
-114
-440
-465
-496
-861
-1622
-2560
-3321
-3714
-3793
-3781
-3868
-4088
-4375
-4597
-4631
-4415
-3975
-3458
-3020
-2743
-2583
-2431
-2180
-1809
-1363
-1013
-907
-1086
-1423
-1680
-1729
-1559
-1355
-1314
-1532
-1925
-2301
-2476
-2385
-2088
-1777
-1604
-1603
-1621
-1472
-1074
-529
-7
384
684
1013
1441
1973
2539
3075
3515
3829
4046
4229
4466
4762
5049
5181
5060
4735
4389
4206
4198
4209
4060
3704
3236
2824
2583
2522
2471
2261
1854
1417
1124
1003
937
732
300
-285
-808
-1128
-1333
-1651
-2251
-3029
-3706
-4050
-4078
-3987
-3942
-3954
-3934
-3807
-3525
-3108
-2591
-2070
-1649
-1392
-1241
-1056
-735
-350
-48
48
-46
-217
-321
-311
-292
-429
-754
-1159
-1521
-1801
-2021
-2170
-2262
-2309
-2340
-2341
-2284
-2117
-1786
-1331
-885
-573
-350
-43
467
1115
1739
2260
2699
3107
3459
3732
3910
4032
4107
4130
4083
3950
3781
3636
3539
3366
3011
2514
2098
1931
1950
1917
1612
1091
600
393
434
422
42
-726
-1542
-2035
-2092
-1969
-2048
-2547
-3318
-3966
-4229
-4181
-4106
-4182
-4371
-4507
-4423
-4070
-3513
-2856
-2181
-1571
-1108
-735
-256
475
1311
1922
2058
1781
1412
1269
1384
1480
1251
675
-1
-463
-619
-609
-692
-961
-1306
-1569
-1685
-1692
-1625
-1515
-1382
-1215
-986
-686
-324
102
581
1060
1516
1945
2419
2931
3445
3872
4180
4373
4463
4490
4496
4500
4444
4254
3927
3518
3112
2763
2497
2234
1843
1266
643
225
91
79
-144
-777
-1727
-2578
-2911
-2682
-2310
-2342
-3021
-4062
-4908
-5112
-4737
-4245
-4121
-4452
-4879
-4921
-4337
-3317
-2280
-1565
-1169
-839
-294
539
1508
2312
2723
2705
2477
2326
2434
2732
2915
2702
2067
1304
791
674
748
596
-25
-968
-1761
-2059
-1887
-1568
-1428
-1530
-1737
-1767
-1476
-900
-242
294
626
814
1054
1509
2193
2907
3406
3585
3596
3686
3953
4245
4297
4033
3623
3298
3107
2909
2571
2050
1423
767
159
-365
-751
-1000
-1204
-1553
-2213
-3089
-3841
-4133
-3968
-3703
-3807
-4498
-5489
-6145
-6060
-5460
-4976
-4998
-5371
-5590
-5214
-4245
-3138
-2371
-1969
-1566
-826
248
1403
2327
2879
3135
3297
3502
3786
4109
4315
4201
3689
2958
2326
2002
1936
1818
1342
512
-324
-788
-822
-682
-698
-977
-1318
-1421
-1163
-660
-136
278
581
868
1242
1700
2218
2783
3349
3780
3972
4031
4150
4429
4737
4870
4694
4294
3905
3655
3465
3087
2440
1658
990
552
220
-195
-777
-1396
-1891
-2263
-2675
-3236
-3828
-4224
-4364
-4464
-4802
-5425
-6028
-6234
-5952
-5532
-5420
-5679
-5890
-5550
-4588
-3461
-2716
-2462
-2249
-1578
-398
892
1869
2430
2738
3037
3436
3849
4103
4140
4018
3795
3469
3057
2619
2187
1740
1243
712
206
-214
-499
-683
-856
-1101
-1382
-1533
-1417
-1063
-666
-378
-190
25
350
806
1333
1822
2193
2482
2799
3176
3532
3773
3847
3761
3590
3438
3379
3342
3155
2692
1993
1266
713
350
6
-509
-1189
-1834
-2218
-2329
-2421
-2795
-3467
-4130
-4455
-4430
-4339
-4503
-5002
-5579
-5846
-5638
-5193
-4870
-4776
-4695
-4322
-3551
-2560
-1679
-1097
-710
-231
521
1468
2363
2975
3260
3349
3437
3621
3826
3915
3796
3510
3142
2764
2413
2094
1779
1401
950
498
173
29
-8
-103
-317
-537
-559
-312
58
332
427
475
654
1041
1519
1915
2151
2280
2433
2673
3000
3301
3434
3351
3128
2931
2842
2842
2805
2587
2121
1489
883
447
148
-166
-633
-1243
-1873
-2400
-2763
-3040
-3347
-3778
-4313
-4831
-5167
-5213
-5044
-4859
-4828
-4940
-5027
-4892
-4471
-3916
-3465
-3211
-3015
-2669
-2101
-1399
-747
-263
88
492
1091
1813
2419
2717
2739
2695
2793
3036
3232
3165
2802
2339
1993
1814
1655
1347
873
362
-3
-141
-150
-195
-358
-529
-542
-309
79
416
581
617
727
1029
1463
1810
1938
1895
1866
1991
2252
2497
2556
2397
2145
1997
2010
2077
2002
1710
1268
823
451
130
-230
-678
-1177
-1643
-2027
-2319
-2524
-2687
-2858
-3059
-3243
-3353
-3376
-3313
-3183
-3023
-2865
-2706
-2486
-2165
-1756
-1357
-1055
-869
-722
-500
-110
410
866
1076
1064
1060
1253
1620
1943
2026
1864
1684
1740
2035
2297
2232
1810
1270
903
837
951
981
764
373
35
-93
-42
38
8
-159
-379
-501
-461
-304
-151
-45
39
134
230
311
379
453
577
766
969
1071
1017
849
692
627
646
633
479
173
-165
-436
-657
-895
-1185
-1463
-1694
-1868
-2045
-2240
-2412
-2479
-2421
-2339
-2332
-2404
-2450
-2376
-2169
-1913
-1689
-1517
-1320
-1011
-602
-205
60
205
357
621
951
1216
1324
1327
1347
1473
1690
1898
1991
1947
1876
1889
1985
2033
1947
1768
1610
1521
1435
1257
959
629
383
254
188
99
-26
-139
-161
-91
-19
-21
-67
-65
32
185
333
410
382
288
235
288
379
400
290
111
-41
-94
-76
-72
-125
-209
-275
-319
-354
-414
-526
-691
-834
-900
-911
-957
-1089
-1275
-1444
-1522
-1483
-1364
-1256
-1187
-1129
-1059
-1015
-1028
-1044
-969
-752
-434
-131
57
114
141
261
508
828
1108
1244
1204
1088
1035
1101
1208
1266
1257
1224
1219
1241
1233
1130
917
671
489
401
327
201
49
-54
-99
-170
-351
-625
-871
-941
-802
-564
-387
-349
-365
-299
-85
171
311
295
226
216
250
244
142
-36
-220
-333
-345
-310
-327
-449
-645
-823
-903
-866
-753
-645
-611
-671
-764
-801
-760
-690
-668
-707
-772
-791
-741
-659
-608
-606
-592
-484
-259
-10
156
181
114
31
4
74
248
490
735
913
995
1009
1033
1145
1343
1524
1577
1485
1331
1211
1162
1163
1135
1017
809
595
443
345
266
170
83
15
-22
-40
-75
-140
-228
-276
-234
-91
80
183
188
154
151
192
258
311
312
232
76
-118
-306
-483
-647
-816
-994
-1183
-1343
-1419
-1388
-1318
-1288
-1324
-1373
-1373
-1320
-1238
-1161
-1087
-992
-842
-660
-525
-503
-548
-517
-327
-38
212
327
328
316
394
581
785
889
870
817
829
900
964
995
1015
1050
1099
1164
1226
1242
1187
1106
1073
1102
1116
1054
912
742
579
445
356
286
196
70
-53
-128
-154
-153
-152
-156
-149
-112
-48
13
53
82
109
136
155
158
124
46
-59
-172
-305
-461
-619
-767
-903
-1037
-1168
-1312
-1448
-1529
-1520
-1459
-1425
-1459
-1540
-1578
-1514
-1369
-1229
-1158
-1137
-1086
-923
-648
-371
-212
-185
-187
-115
60
274
455
553
574
572
599
673
761
837
897
974
1060
1124
1142
1130
1130
1172
1227
1232
1147
1011
895
834
806
747
626
449
262
99
-14
-86
-129
-180
-250
-306
-317
-293
-282
-275
-228
-114
58
239
392
473
473
424
369
350
365
379
335
227
110
29
-5
-31
-111
-279
-498
-697
-846
-965
-1056
-1098
-1086
-1070
-1092
-1139
-1167
-1142
-1077
-991
-907
-823
-728
-599
-425
-261
-157
-115
-60
66
244
424
575
697
790
871
956
1050
1149
1248
1328
1351
1291
1166
1024
921
876
856
798
666
488
319
193
119
82
48
-3
-76
-155
-214
-245
-272
-338
-454
-577
-641
-599
-474
-335
-235
-153
-33
137
308
431
506
543
549
536
525
508
463
390
286
160
13
-127
-236
-321
-427
-579
-764
-926
-1034
-1100
-1153
-1222
-1298
-1354
-1353
-1289
-1206
-1148
-1119
-1075
-983
-862
-742
-622
-491
-360
-267
-217
-180
-110
0
131
234
275
264
266
350
508
684
820
914
983
1036
1060
1055
1032
986
903
783
654
547
461
366
236
70
-87
-182
-188
-133
-88
-118
-232
-358
-425
-421
-383
-343
-301
-234
-113
83
323
538
653
679
677
718
809
897
927
876
776
669
593
536
449
289
74
-148
-337
-489
-605
-689
-744
-775
-774
-756
-760
-813
-899
-939
-868
-695
-522
-449
-493
-563
-538
-369
-120
82
191
267
368
468
510
485
436
386
369
388
406
365
254
150
139
242
397
517
566
567
547
519
463
384
300
215
118
-6
-157
-313
-457
-574
-667
-727
-740
-698
-625
-548
-457
-340
-213
-133
-119
-141
-147
-111
-57
0
57
133
240
376
515
597
578
484
393
354
343
306
223
105
-8
-97
-172
-273
-423
-584
-687
-689
-610
-526
-495
-518
-530
-480
-368
-237
-121
-9
108
206
253
258
282
373
524
674
744
713
630
569
566
586
574
502
400
314
261
224
176
117
53
0
-47
-103
-181
-258
-301
-298
-281
-281
-297
-322
-360
-439
-558
-675
-735
-737
-733
-743
-739
-701
-653
-632
-645
-666
-668
-615
-484
-295
-107
13
42
19
16
81
201
308
356
349
330
318
299
261
236
253
299
305
234
105
-9
-51
-12
68
140
179
194
191
161
112
98
167
308
462
574
634
677
752
880
1010
1061
1012
939
935
1013
1097
1115
1064
989
930
873
779
632
475
361
276
163
-7
-185
-302
-340
-349
-398
-504
-628
-730
-814
-892
-954
-986
-1009
-1039
-1062
-1041
-971
-869
-742
-592
-437
-329
-304
-340
-395
-403
-353
-267
-216
-250
-357
-480
-556
-547
-407
-166
45
19
-337
-857
-1178
-986
-324
381
633
259
-439
-945
-891
-328
346
724
712
533
461
569
689
638
406
190
190
420
704
806
638
321
105
166
484
857
1054
965
663
319
75
-35
-58
-40
42
237
492
621
484
130
-233
-420
-377
-203
-48
-5
-80
-254
-505
-766
-950
-1003
-947
-834
-729
-697
-738
-785
-752
-620
-438
-288
-235
-266
-297
-252
-138
-27
27
36
49
107
198
292
345
339
303
293
332
370
354
284
191
105
36
-25
-93
-157
-193
-182
-135
-66
25
141
284
445
596
694
728
729
737
752
763
755
738
720
677
595
473
349
251
192
182
237
336
407
378
254
149
169
316
466
507
430
310
233
213
210
152
22
-134
-236
-239
-176
-107
-90
-134
-246
-394
-544
-648
-693
-703
-721
-787
-876
-938
-939
-909
-891
-895
-890
-844
-749
-620
-494
-417
-388
-368
-313
-224
-122
-25
65
168
297
426
487
426
265
103
36
72
134
129
47
-79
-197
-283
-323
-317
-273
-205
-128
-66
-40
-38
-23
23
68
75
47
26
41
82
129
149
121
61
28
68
168
262
323
364
402
429
422
395
381
397
431
460
469
433
330
182
52
10
53
145
239
293
253
112
-64
-204
-289
-366
-453
-523
-527
-443
-329
-258
-273
-328
-339
-270
-147
-24
85
177
277
386
478
528
542
570
638
722
749
684
544
382
225
70
-65
-144
-147
-114
-85
-83
-103
-129
-154
-181
-221
-253
-238
-171
-105
-97
-152
-205
-206
-160
-110
-101
-118
-116
-56
31
80
37
-86
-213
-293
-314
-315
-324
-357
-398
-392
-306
-172
-48
40
94
105
72
32
28
74
141
197
198
112
-41
-192
-262
-233
-148
-74
-75
-166
-294
-382
-400
-370
-322
-266
-208
-143
-65
38
149
233
266
254
252
287
369
460
551
644
746
834
863
803
664
500
373
299
263
234
188
123
26
-108
-282
-457
-583
-640
-656
-693
-775
-865
-907
-880
-823
-782
-756
-712
-624
-494
-323
-129
52
184
270
328
332
257
157
145
282
513
718
807
749
584
393
260
232
282
370
466
566
638
628
503
292
77
-66
-84
11
170
297
303
162
-64
-252
-302
-220
-107
-41
-21
6
38
27
-47
-158
-240
-241
-160
-41
42
48
-2
-49
-54
-34
-27
-57
-126
-207
-282
-348
-413
-461
-467
-444
-436
-474
-547
-612
-626
-591
-565
-608
-724
-841
-901
-893
-834
-751
-656
-565
-466
-351
-237
-162
-117
-35
140
388
639
820
910
949
982
1009
992
928
877
892
933
928
866
810
802
818
809
747
635
500
387
315
251
155
51
-5
-5
19
43
53
34
-7
-28
7
72
118
128
109
60
-34
-151
-224
-188
-52
97
175
165
108
54
27
11
-19
-58
-93
-129
-181
-231
-258
-270
-303
-372
-484
-635
-794
-909
-958
-975
-1015
-1078
-1112
-1070
-977
-891
-840
-799
-730
-630
-516
-394
-251
-78
92
209
256
266
290
359
469
613
745
823
858
901
978
1041
1039
982
926
886
824
700
511
306
145
84
116
170
156
71
-10
-17
23
33
-13
-76
-119
-138
-132
-111
-81
-71
-86
-115
-140
-153
-167
-199
-243
-259
-232
-184
-141
-112
-105
-128
-172
-232
-303
-372
-392
-377
-375
-424
-514
-629
-769
-901
-964
-916
-788
-644
-538
-486
-461
-438
-425
-434
-450
-423
-343
-250
-204
-222
-259
-252
-176
-63
51
151
236
316
408
524
665
804
912
967
952
876
767
663
607
623
689
755
776
753
712
687
703
732
749
729
685
635
599
578
549
487
414
377
391
407
362
261
165
131
162
218
262
278
262
223
182
162
150
132
113
92
40
-75
-238
-388
-468
-482
-483
-534
-636
-749
-842
-899
-914
-888
-840
-790
-762
-753
-752
-742
-719
-695
-663
-606
-506
-422
-434
-558
-701
-730
-611
-412
-243
-161
-151
-155
-112
-33
19
-10
-103
-184
-200
-144
-48
44
113
180
280
412
540
614
602
492
315
131
0
-47
5
129
260
338
349
332
320
344
414
541
715
881
972
945
837
738
703
724
746
735
675
558
395
220
66
-50
-139
-209
-265
-298
-332
-397
-498
-609
-707
-795
-886
-958
-996
-992
-954
-886
-798
-740
-735
-766
-785
-768
-707
-601
-493
-436
-444
-466
-440
-348
-222
-117
-69
-71
-71
-33
46
137
193
185
128
76
74
123
200
274
326
363
418
497
576
626
654
698
767
850
908
917
866
783
718
711
745
771
764
743
734
718
674
609
548
503
462
417
375
358
361
363
342
298
248
201
154
100
28
-59
-151
-248
-351
-466
-578
-661
-696
-694
-689
-704
-729
-738
-721
-692
-696
-746
-826
-883
-863
-760
-629
-544
-536
-560
-550
-474
-354
-236
-160
-140
-142
-111
-24
96
218
348
493
630
714
730
690
619
531
430
330
248
189
141
81
-2
-97
-186
-249
-262
-215
-138
-84
-77
-89
-76
-39
1
28
19
-34
-110
-168
-190
-193
-202
-215
-213
-187
-147
-102
-62
-29
-6
10
38
83
129
135
83
-12
-109
-169
-175
-145
-112
-103
-118
-142
-170
-202
-234
-254
-227
-145
-42
3
-29
-86
-89
-26
48
84
90
114
179
276
385
497
586
642
669
673
632
551
489
501
570
609
561
445
324
239
186
142
82
0
-92
-163
-201
-227
-266
-300
-283
-202
-90
-5
38
44
18
-25
-85
-154
-226
-276
-296
-285
-252
-195
-131
-90
-71
-69
-97
-175
-276
-354
-410
-487
-583
-656
-668
-633
-568
-482
-384
-310
-286
-290
-269
-205
-136
-100
-101
-102
-76
-21
41
84
89
56
-3
-61
-89
-89
-64
-8
64
124
154
180
227
290
359
431
522
623
718
791
829
830
800
753
707
673
652
642
619
561
479
406
378
391
439
485
478
376
206
27
-106
-178
-194
-186
-209
-298
-419
-492
-476
-407
-348
-325
-314
-276
-222
-190
-234
-349
-483
-561
-559
-505
-448
-415
-414
-441
-471
-468
-424
-359
-302
-257
-229
-220
-236
-272
-316
-356
-371
-348
-283
-202
-121
-40
43
111
142
152
173
223
287
328
323
280
242
231
229
205
175
172
211
269
322
373
437
529
606
614
553
483
455
451
445
423
375
296
201
119
41
-53
-156
-219
-220
-197
-211
-282
-380
-481
-562
-579
-520
-426
-383
-415
-487
-540
-547
-500
-417
-350
-354
-423
-495
-503
-423
-285
-152
-59
1
66
120
118
27
-111
-215
-212
-102
46
149
188
200
215
228
237
251
273
286
298
300
273
205
145
161
258
369
434
460
488
533
561
572
587
635
688
718
717
680
606
497
376
264
178
122
97
85
68
19
-44
-86
-75
-15
47
82
74
28
-57
-151
-210
-223
-222
-247
-301
-371
-442
-502
-532
-521
-492
-471
-469
-486
-535
-619
-689
-694
-626
-552
-512
-512
-530
-561
-592
-598
-568
-528
-497
-463
-411
-370
-375
-402
-404
-367
-310
-254
-197
-136
-59
59
204
329
393
405
409
417
426
429
439
446
449
476
554
660
718
684
585
496
486
566
675
715
658
558
488
461
456
468
506
544
533
462
364
293
257
245
244
256
285
329
367
364
303
204
101
9
-81
-179
-279
-363
-430
-490
-560
-624
-665
-686
-707
-731
-753
-772
-802
-827
-831
-807
-773
-725
-638
-518
-408
-353
-358
-402
-464
-518
-529
-477
-374
-240
-102
6
53
42
11
3
45
111
141
103
48
41
95
179
268
352
425
473
494
493
479
487
532
587
605
585
565
568
586
607
619
620
595
540
479
448
466
506
529
512
466
416
358
282
190
120
89
79
64
27
-22
-56
-48
-17
-12
-50
-98
-120
-126
-138
-151
-151
-132
-110
-113
-152
-225
-313
-400
-470
-503
-488
-447
-431
-461
-524
-580
-617
-641
-658
-667
-653
-612
-552
-488
-438
-408
-398
-389
-360
-300
-219
-145
-79
-24
11
10
-8
0
45
110
156
176
189
215
256
272
245
197
159
136
101
47
-7
-25
7
83
165
181
93
-62
-197
-257
-250
-191
-111
-50
-46
-81
-107
-80
1
119
230
290
288
272
294
353
414
437
404
331
231
122
28
-19
-18
-12
-30
-74
-116
-153
-192
-228
-232
-191
-114
-23
59
119
145
136
113
109
141
207
281
337
344
297
208
101
1
-53
-34
41
117
142
100
-2
-132
-247
-299
-279
-199
-98
-1
77
130
146
152
196
305
448
571
651
672
633
550
472
450
482
532
548
508
430
332
208
58
-87
-178
-207
-207
-220
-256
-318
-395
-459
-482
-463
-407
-333
-272
-264
-312
-359
-354
-294
-218
-176
-184
-243
-329
-412
-453
-432
-363
-289
-248
-245
-265
-292
-330
-367
-388
-369
-320
-257
-194
-140
-111
-93
-69
-35
-6
28
96
193
274
296
251
166
77
26
32
58
72
77
104
142
157
139
117
121
147
165
176
206
266
337
379
383
368
348
316
256
161
45
-68
-142
-183
-209
-250
-309
-364
-396
-394
-366
-326
-291
-275
-284
-307
-339
-374
-392
-365
-304
-244
-195
-138
-65
-3
45
101
179
256
306
325
330
323
290
232
174
137
100
37
-36
-86
-88
-45
21
78
105
107
85
62
62
97
143
172
182
192
217
248
281
316
356
398
427
451
480
514
543
574
611
639
635
591
519
425
326
243
199
195
229
273
301
285
231
153
56
-50
-140
-183
-199
-213
-235
-268
-298
-318
-324
-337
-383
-465
-569
-676
-775
-840
-855
-851
-861
-905
-936
-922
-839
-706
-558
-442
-372
-325
-273
-214
-168
-139
-110
-51
37
116
157
163
171
205
258
297
288
229
172
172
235
304
332
314
286
264
241
218
199
180
168
163
179
214
271
346
427
496
546
565
546
486
405
332
275
232
186
123
38
-58
-147
-221
-277
-321
-378
-468
-576
-657
-688
-683
-657
-621
-585
-579
-594
-612
-613
-605
-608
-632
-669
-688
-658
-583
-496
-425
-375
-328
-281
-244
-211
-165
-92
1
114
236
346
418
452
472
471
458
457
511
618
734
823
871
883
859
805
724
637
563
509
482
468
450
406
339
274
221
175
137
128
171
253
360
474
