-174
-137
-90
-61
-40
-13
24
22
-35
-130
-206
-226
-176
-61
69
156
151
99
46
38
54
79
93
99
98
103
107
92
48
-4
-31
-10
64
162
234
240
189
120
69
44
35
13
-53
-165
-260
-282
-235
-198
-202
-221
-226
-237
-271
-305
-308
-281
-238
-161
-68
-7
-27
-86
-116
-96
-66
-47
-30
-3
21
30
45
74
96
65
-2
-43
-14
52
80
36
-50
-90
-34
83
180
208
187
153
126
102
84
83
95
115
118
97
59
30
11
-12
-35
-54
-71
-98
-116
-102
-59
-21
-12
-23
-16
15
45
59
75
97
100
75
51
50
61
51
18
-21
-22
34
100
103
19
-78
-125
-109
-72
-52
-56
-66
-77
-80
-67
-20
60
141
187
181
132
83
82
125
150
128
92
108
181
257
296
300
288
279
270
250
206
135
65
2
-60
-143
-228
-280
-297
-310
-317
-306
-299
-342
-406
-401
-284
-120
-7
15
-25
-75
-103
-101
-83
-58
-38
-30
-36
-47
-35
5
61
104
119
92
18
-70
-127
-134
-121
-125
-157
-215
-274
-304
-293
-255
-216
-161
-103
-68
-85
-120
-124
-104
-107
-157
-206
-201
-152
-108
-89
-66
-19
38
76
92
121
181
230
228
189
178
215
248
244
206
162
112
71
76
133
192
191
145
105
100
98
100
121
177
238
263
257
249
256
258
241
220
228
281
356
404
397
354
309
260
202
135
90
78
82
68
23
-22
-35
-24
-35
-53
-13
107
243
307
295
259
229
186
134
108
125
147
106
-10
-152
-257
-299
-309
-316
-332
-337
-315
-282
-251
-210
-154
-110
-98
-106
-98
-82
-68
-53
-30
-31
-93
-212
-328
-385
-372
-330
-318
-341
-356
-323
-257
-214
-212
-224
-219
-200
-179
-171
-179
-188
-168
-108
-39
5
1
-50
-125
-179
-187
-176
-189
-230
-253
-254
-259
-295
-341
-362
-363
-362
-378
-393
-374
-313
-241
-210
-231
-256
-243
-194
-137
-83
-28
25
62
87
110
143
183
207
217
242
315
394
413
333
203
112
107
156
209
255
309
366
396
417
438
473
497
499
484
457
434
402
341
258
197
205
277
362
425
465
508
557
563
493
388
329
360
416
426
358
251
176
183
255
321
338
313
260
169
62
12
58
160
253
320
355
335
245
127
34
12
54
123
155
104
-9
-117
-142
-81
-3
-7
-96
-212
-311
-413
-548
-686
-779
-804
-783
-743
-697
-648
-622
-631
-681
-744
-783
-770
-700
-606
-519
-453
-401
-367
-343
-326
-319
-332
-354
-363
-367
-375
-386
-355
-277
-188
-128
-98
-66
-33
-18
-43
-84
-126
-152
-153
-118
-56
-8
-6
-46
-69
-19
100
202
227
183
123
88
102
163
229
226
134
20
-31
-15
7
-5
-19
12
80
147
183
199
223
267
320
351
355
361
397
456
499
503
465
383
272
183
152
162
173
182
207
241
239
194
139
134
176
230
252
237
197
143
97
83
128
204
270
287
274
263
250
201
113
43
54
143
231
240
157
33
-74
-155
-206
-236
-224
-190
-172
-207
-276
-320
-292
-191
-67
35
89
89
40
-38
-104
-121
-91
-67
-78
-108
-122
-112
-111
-140
-193
-232
-219
-150
-42
77
186
264
320
371
406
380
292
205
177
200
228
248
270
279
253
187
113
56
11
-46
-135
-241
-345
-434
-509
-555
-561
-534
-500
-483
-477
-460
-412
-337
-270
-222
-192
-179
-204
-252
-277
-259
-230
-239
-296
-370
-412
-391
-333
-299
-298
-275
-195
-121
-116
-155
-159
-116
-93
-145
-246
-299
-253
-138
-26
57
121
183
256
362
490
584
596
544
484
454
445
439
440
460
488
491
449
383
339
347
399
465
498
473
400
342
341
361
329
223
99
-10
-83
-107
-76
-36
-45
-91
-142
-177
-195
-191
-159
-100
-20
60
88
29
-88
-173
-187
-155
-132
-121
-86
-18
31
2
-82
-132
-106
-70
-100
-192
-277
-332
-388
-452
-486
-454
-392
-334
-279
-201
-98
-49
-102
-209
-243
-143
15
117
124
87
61
52
30
-11
-42
-56
-65
-87
-105
-99
-68
-37
-27
-39
-58
-85
-125
-167
-182
-151
-98
-72
-98
-151
-182
-175
-143
-105
-69
-51
-56
-53
-15
51
107
121
97
46
1
-21
-12
9
42
94
155
205
226
229
230
260
312
357
359
349
366
398
390
333
290
298
336
356
341
316
314
341
367
365
346
359
427
533
611
599
511
437
453
526
578
582
556
511
416
277
155
109
133
173
184
164
133
88
23
-49
-90
-88
-68
-76
-131
-220
-327
-422
-491
-523
-544
-570
-599
-628
-650
-669
-680
-675
-669
-683
-740
-830
-890
-879
-816
-767
-746
-720
-684
-673
-690
-700
-689
-689
-723
-777
-824
-831
-776
-667
-560
-487
-443
-402
-368
-354
-337
-295
-206
-90
42
159
240
276
280
251
185
111
79
124
221
328
408
448
446
432
437
488
547
571
553
528
521
521
517
502
495
519
581
655
709
737
753
775
823
880
899
844
731
611
515
460
446
453
453
423
373
313
262
238
247
275
276
229
147
98
117
189
253
280
255
187
76
-34
-99
-115
-89
-40
31
73
40
-73
-205
-304
-353
-350
-294
-226
-225
-327
-462
-514
-433
-260
-94
-12
-26
-77
-80
-24
38
61
37
-7
-55
-96
-134
-177
-212
-209
-163
-109
-87
-109
-155
-207
-249
-281
-308
-327
-312
-246
-165
-120
-133
-179
-229
-270
-305
-347
-395
-437
-460
-464
-475
-498
-524
-525
-491
-439
-397
-389
-416
-453
-469
-443
-397
-346
-302
-269
-266
-310
-388
-449
-441
-367
-280
-228
-188
-133
-75
-54
-67
-72
-45
-12
-14
-46
-81
-67
-13
41
61
72
119
208
286
308
281
259
283
350
434
512
590
655
687
670
619
578
590
660
727
741
695
619
539
486
492
517
506
424
316
234
207
224
270
336
410
470
481
422
319
218
156
134
134
129
108
67
13
-27
-57
-78
-93
-79
-41
-19
-24
-42
-55
-96
-178
-257
-285
-254
-225
-229
-258
-292
-326
-369
-407
-423
-416
-397
-373
-345
-306
-242
-155
-58
32
98
121
96
45
4
-3
33
86
115
130
169
252
323
332
277
202
138
85
50
31
28
17
-14
-54
-96
-157
-254
-365
-444
-467
-447
-415
-394
-390
-384
-357
-310
-283
-304
-364
-422
-452
-459
-455
-459
-469
-488
-471
-402
-300
-227
-205
-204
-186
-153
-122
-101
-75
-36
-1
6
-13
-20
19
91
156
184
203
238
272
269
232
211
241
312
384
440
475
501
538
595
662
711
737
751
750
720
658
577
515
496
518
552
559
517
398
217
40
-62
-67
-22
18
32
26
17
13
20
17
-18
-86
-142
-156
-146
-143
-166
-223
-303
-381
-415
-399
-355
-299
-232
-168
-125
-109
-102
-101
-117
-156
-216
-286
-346
-373
-372
-343
-293
-225
-152
-81
-27
-16
-55
-106
-112
-81
-73
-153
-292
-417
-471
-466
-441
-410
-375
-333
-309
-313
-333
-333
-289
-222
-173
-165
-169
-132
-52
28
66
71
73
89
113
126
113
108
156
256
364
448
485
471
432
409
416
412
389
373
398
438
459
443
407
361
313
267
224
195
177
187
225
254
242
210
208
241
251
198
82
-64
-201
-280
-286
-263
-290
-373
-425
-387
-297
-242
-251
-306
-385
-466
-513
-508
-470
-438
-433
-459
-491
-488
-437
-375
-337
-319
-268
-179
-89
-45
-44
-32
30
136
228
252
203
159
200
313
415
461
483
517
549
559
564
580
608
627
645
668
671
637
569
490
410
334
278
252
248
233
180
92
7
-34
-35
-41
-66
-94
-105
-127
-179
-241
-290
-334
-385
-427
-450
-450
-463
-521
-611
-683
-697
-658
-591
-502
-412
-357
-368
-423
-478
-510
-525
-547
-578
-594
-566
-502
-430
-356
-283
-226
-201
-199
-194
-162
-85
12
83
91
72
90
168
271
370
442
486
477
425
354
310
325
401
505
587
638
677
721
744
726
651
545
442
381
368
366
353
337
334
347
357
360
341
295
230
173
143
126
112
85
41
-27
-114
-210
-326
-474
-665
-858
-993
-1030
-1001
-967
-972
-1005
-1029
-1010
-937
-818
-674
-526
-403
-292
-151
47
254
400
469
506
587
737
907
1037
1120
1204
1297
1379
1437
1481
1523
1552
1571
1607
1674
1739
1748
1703
1636
1556
1424
1237
1053
931
850
722
470
61
-453
-968
-1411
-1761
-2046
-2294
-2516
-2699
-2801
-2811
-2753
-2663
-2541
-2369
-2145
-1882
-1618
-1384
-1202
-1076
-1013
-1005
-1012
-987
-922
-852
-798
-756
-737
-750
-803
-866
-918
-947
-936
-866
-746
-610
-471
-305
-113
79
261
459
702
988
1285
1554
1770
1924
2032
2126
2253
2434
2647
2852
3021
3145
3206
3171
3059
2924
2806
2676
2484
2217
1921
1632
1341
1026
698
400
155
-51
-252
-490
-773
-1073
-1343
-1574
-1776
-1964
-2117
-2207
-2228
-2229
-2255
-2303
-2325
-2282
-2198
-2121
-2067
-2007
-1913
-1785
-1649
-1523
-1411
-1303
-1198
-1117
-1077
-1066
-1048
-983
-862
-709
-553
-422
-305
-190
-74
34
126
196
270
403
629
876
1038
1096
1117
1166
1248
1360
1515
1710
1903
2064
2200
2335
2467
2585
2677
2734
2732
2658
2540
2431
2378
2359
2290
2066
1657
1140
664
345
223
260
348
314
-36
-810
-1912
-3061
-3935
-4373
-4429
-4275
-4106
-4058
-4186
-4443
-4707
-4812
-4581
-3871
-2722
-1461
-529
-180
-259
-349
-80
609
1475
2204
2587
2584
2211
1500
541
-476
-1275
-1603
-1342
-604
270
822
721
34
-752
-1035
-502
677
1986
2926
3285
3191
2923
2727
2761
3074
3531
3894
3994
3865
3610
3252
2772
2267
1997
2164
2694
3288
3670
3766
3657
3435
3146
2745
2123
1194
62
-993
-1699
-2018
-2177
-2523
-3305
-4491
-5737
-6633
-7013
-7005
-6793
-6446
-5956
-5369
-4741
-4048
-3233
-2331
-1494
-809
-193
468
1112
1519
1559
1360
1174
1161
1280
1411
1456
1340
999
454
-155
-663
-991
-1156
-1217
-1286
-1434
-1582
-1559
-1339
-1086
-900
-691
-337
134
648
1205
1784
2235
2441
2481
2565
2808
3182
3588
3952
4211
4320
4280
4134
3970
3869
3886
4016
4175
4283
4332
4360
4298
4014
3507
2930
2319
1450
119
-1538
-3133
-4381
-5236
-5782
-6152
-6567
-7152
-7765
-8088
-7982
-7544
-6880
-6004
-4961
-3865
-2719
-1413
47
1435
2526
3293
3842
4241
4447
4401
4016
3306
2459
1778
1372
1043
567
-87
-795
-1486
-2086
-2473
-2614
-2685
-2872
-3108
-3161
-2882
-2316
-1618
-983
-559
-322
-71
355
912
1444
1858
2168
2442
2785
3284
3889
4431
4790
5024
5267
5561
5846
6033
6101
6093
6079
6105
6137
6100
5892
5460
4807
3993
3036
1870
423
-1264
-3007
-4588
-5862
-6811
-7543
-8220
-8885
-9419
-9637
-9487
-9010
-8267
-7306
-6179
-4897
-3419
-1770
-96
1401
2604
3482
4079
4446
4599
4457
3932
3083
2152
1387
839
370
-170
-804
-1464
-2088
-2638
-3063
-3292
-3316
-3249
-3242
-3324
-3359
-3230
-2956
-2623
-2254
-1832
-1398
-1002
-631
-208
329
986
1705
2354
2834
3201
3621
4192
4859
5518
6126
6649
7033
7224
7244
7198
7191
7221
7175
6956
6535
5930
5145
4188
3059
1710
123
-1621
-3352
-4963
-6398
-7612
-8570
-9298
-9820
-10076
-9980
-9539
-8846
-7965
-6915
-5722
-4428
-3032
-1513
94
1691
3140
4333
5188
5711
5936
5858
5410
4600
3606
2663
1916
1353
893
434
-92
-703
-1342
-1914
-2325
-2549
-2632
-2668
-2703
-2706
-2603
-2393
-2148
-1913
-1653
-1320
-929
-515
-82
397
924
1461
1970
2451
2941
3471
4036
4600
5144
5675
6199
6668
7024
7261
7397
7428
7320
7103
6850
6585
6203
5578
4682
3568
2262
705
-1112
-3061
-4911
-6466
-7653
-8564
-9353
-10091
-10664
-10928
-10847
-10452
-9753
-8769
-7619
-6431
-5236
-3991
-2673
-1252
291
1884
3349
4531
5310
5534
5076
4042
2812
1790
1194
1027
1152
1314
1258
870
217
-578
-1423
-2206
-2765
-2978
-2813
-2354
-1754
-1208
-877
-771
-802
-848
-829
-681
-372
108
745
1480
2192
2757
3146
3413
3641
3913
4352
5000
5769
6457
6947
7252
7468
7650
7791
7846
7762
7519
7099
6464
5579
4463
3154
1659
-9
-1744
-3401
-4911
-6305
-7606
-8819
-9919
-10828
-11380
-11450
-11048
-10271
-9215
-7987
-6696
-5407
-4111
-2775
-1380
100
1638
3136
4469
5577
6373
6696
6405
5574
4480
3431
2625
2130
1923
1857
1753
1484
1047
460
-223
-931
-1561
-2034
-2311
-2375
-2263
-2054
-1849
-1661
-1485
-1334
-1252
-1212
-1129
-917
-532
38
741
1471
2121
2650
3105
3588
4201
4962
5783
6506
7042
7402
7652
7820
7880
7796
7547
7138
6560
5804
4873
3785
2512
985
-829
-2840
-4846
-6649
-8126
-9290
-10227
-11018
-11609
-11888
-11781
-11319
-10565
-9580
-8429
-7174
-5831
-4352
-2703
-919
884
2555
3967
5070
5846
6264
6278
5892
5209
4410
3681
3121
2742
2480
2250
1959
1560
1069
507
-124
-828
-1526
-2089
-2387
-2399
-2212
-1934
-1620
-1276
-926
-634
-457
-394
-365
-270
-89
161
499
957
1482
1996
2532
3229
4121
5058
5842
6382
6720
6974
7281
7679
8059
8267
8230
7953
7411
6556
5397
3999
2406
633
-1272
-3201
-5071
-6792
-8266
-9413
-10290
-10988
-11498
-11707
-11526
-10965
-10085
-8979
-7717
-6323
-4774
-3101
-1396
259
1858
3359
4705
5849
6753
7287
7305
6811
5992
5061
4167
3427
2902
2530
2159
1695
1159
604
24
-599
-1249
-1854
-2345
-2673
-2837
-2859
-2754
-2521
-2187
-1823
-1481
-1179
-918
-686
-438
-158
120
349
575
879
1325
1948
2776
3776
4804
5714
6441
7007
7414
7621
7607
7444
7233
7012
6719
6254
5553
4612
3439
1996
272
-1667
-3657
-5547
-7212
-8581
-9645
-10496
-11206
-11726
-11938
-11772
-11242
-10375
-9222
-7873
-6394
-4776
-3015
-1178
625
2303
3765
4941
5848
6569
7106
7344
7203
6746
6105
5396
4690
4006
3298
2517
1715
995
397
-119
-607
-1084
-1554
-1980
-2309
-2519
-2623
-2605
-2441
-2147
-1788
-1402
-1011
-630
-279
85
492
934
1317
1583
1721
1864
2225
2967
4004
5076
5979
6690
7276
7731
7979
7941
7629
7148
6643
6169
5651
4971
4053
2871
1421
-252
-2067
-3917
-5706
-7305
-8642
-9753
-10717
-11503
-11967
-12023
-11699
-11046
-10080
-8862
-7486
-5990
-4331
-2504
-581
1306
3025
4447
5524
6294
6806
7053
7012
6740
6316
5796
5191
4539
3836
3053
2176
1263
395
-363
-974
-1426
-1732
-1932
-2085
-2243
-2409
-2514
-2492
-2350
-2128
-1859
-1533
-1185
-830
-488
-135
232
598
945
1263
1579
1938
2410
3025
3777
4602
5445
6236
6932
7484
7856
7997
7878
7515
6963
6303
5597
4848
3979
2883
1501
-131
-1918
-3756
-5537
-7145
-8512
-9652
-10623
-11403
-11894
-11998
-11688
-10971
-9915
-8620
-7165
-5543
-3735
-1809
112
1911
3494
4779
5762
6499
7015
7270
7241
6982
6561
6040
5458
4837
4138
3309
2380
1430
529
-286
-978
-1536
-1991
-2371
-2666
-2868
-2991
-3016
-2889
-2619
-2308
-2021
-1743
-1466
-1206
-981
-739
-455
-131
215
578
959
1388
1927
2620
3454
4362
5290
6178
6982
7631
8045
8148
7925
7461
6865
6218
5516
4745
3879
2862
1608
81
-1672
-3534
-5374
-7048
-8459
-9603
-10534
-11253
-11689
-11785
-11512
-10861
-9863
-8622
-7236
-5726
-4054
-2233
-323
1556
3252
4607
5587
6265
6715
6914
6825
6499
6023
5472
4877
4262
3594
2819
1939
1040
201
-542
-1169
-1672
-2068
-2387
-2585
-2614
-2466
-2212
-1923
-1655
-1448
-1268
-1051
-754
-425
-120
162
436
706
970
1237
1506
1781
2129
2626
3308
4124
5013
5913
6747
7444
7947
8210
8160
7781
7147
6396
5617
4844
4070
3255
2306
1117
-347
-2031
-3821
-5590
-7208
-8567
-9632
-10445
-11059
-11470
-11584
-11295
-10553
-9422
-8046
-6560
-5006
-3339
-1559
248
1915
3308
4383
5200
5855
6383
6722
6766
6491
5930
5182
4346
3486
2595
1648
682
-225
-989
-1563
-1922
-2111
-2230
-2361
-2494
-2551
-2486
-2304
-2036
-1708
-1358
-1003
-662
-344
-99
66
187
326
514
747
1015
1302
1595
1934
2399
3053
3877
4792
5702
6491
7072
7398
7472
7306
6927
6396
5779
5127
4459
3764
2962
1948
661
-868
-2542
-4251
-5887
-7342
-8574
-9606
-10477
-11127
-11452
-11380
-10923
-10104
-8971
-7608
-6082
-4424
-2657
-863
859
2442
3840
5021
5973
6692
7146
7279
7115
6744
6250
5661
4964
4144
3189
2128
1043
49
-764
-1368
-1805
-2152
-2452
-2668
-2716
-2536
-2155
-1661
-1155
-724
-393
-102
219
546
782
888
914
926
956
1029
1158
1330
1562
1921
2467
3189
4043
4933
5727
6291
6608
6719
6636
6338
5869
5326
4775
4192
3539
2807
1999
1077
-20
-1311
-2741
-4231
-5708
-7087
-8303
-9329
-10168
-10796
-11145
-11146
-10752
-9967
-8853
-7515
-6031
-4434
-2750
-1023
686
2318
3785
5012
5970
6673
7115
7269
7126
6698
6001
5099
4100
3081
2045
987
-11
-849
-1501
-2012
-2395
-2664
-2840
-2939
-2889
-2616
-2125
-1514
-870
-250
301
755
1082
1266
1288
1200
1076
987
936
948
1071
1344
1753
2249
2806
3390
3986
4553
5059
5460
5748
5936
6026
6001
5847
5569
5154
4602
3969
3335
2687
1915
893
-389
-1866
-3442
-5046
-6585
-7954
-9086
-9987
-10676
-11113
-11216
-10919
-10211
-9142
-7805
-6264
-4547
-2674
-731
1164
2905
4410
5630
6554
7214
7594
7642
7315
6673
5804
4784
3678
2571
1534
604
-230
-982
-1666
-2256
-2688
-2923
-2961
-2820
-2485
-1976
-1366
-726
-89
512
1038
1471
1805
1994
1966
1734
1403
1109
919
852
888
1006
1212
1528
1936
2373
2791
3191
3588
3964
4284
4520
4659
4691
4605
4386
4052
3639
3170
2618
1930
1076
56
-1120
-2442
-3886
-5400
-6880
-8218
-9335
-10214
-10867
-11257
-11298
-10891
-10023
-8765
-7252
-5596
-3857
-2031
-134
1770
3567
5148
6446
7427
8083
8382
8284
7770
6918
5889
4821
3779
2776
1831
960
195
-447
-950
-1309
-1508
-1535
-1448
-1315
-1142
-848
-384
203
818
1398
1918
2343
2604
2625
2387
1959
1477
1040
681
413
282
316
502
802
1197
1652
2100
2501
2862
3214
3566
3903
4185
4359
4380
4246
3972
3576
3060
2421
1644
688
-467
-1807
-3270
-4792
-6293
-7701
-8949
-10008
-10820
-11299
-11371
-11022
-10290
-9216
-7871
-6338
-4661
-2831
-862
1150
3036
4669
5978
6951
7590
7894
7830
7359
6516
5434
4301
3247
2332
1548
854
215
-330
-720
-928
-1004
-1013
-991
-962
-906
-792
-560
-195
291
840
1376
1794
2022
2065
1939
1626
1130
542
-10
-451
-760
-910
-879
-664
-276
274
948
1660
2322
2903
3417
3857
4204
4405
4418
4223
3867
3400
2842
2197
1496
761
-67
-1071
-2294
-3678
-5136
-6543
-7827
-8950
-9911
-10598
-10864
-10633
-9966
-8942
-7604
-6027
-4309
-2514
-623
1321
3196
4851
6204
7203
7830
8096
8034
7653
6966
6085
5131
4181
3248
2381
1628
999
490
134
-43
-94
-92
-76
-65
-80
-87
8
257
628
1066
1540
1992
2296
2366
2216
1900
1442
875
282
-256
-700
-1033
-1222
-1230
-1024
-612
-31
643
1337
2012
2649
3221
3690
4028
4213
4208
3980
3538
2944
2273
1568
811
-69
-1139
-2396
-3763
-5145
-6484
-7730
-8826
-9738
-10445
-10886
-10955
-10585
-9802
-8692
-7335
-5779
-4040
-2131
-115
1859
3622
5069
6179
6941
7327
7325
6966
6284
5376
4394
3495
2739
2117
1628
1266
1008
809
662
541
391
194
15
-80
-84
-11
158
434
795
1226
1721
2201
2525
2582
2354
1878
1239
547
-90
-637
-1072
-1316
-1284
-997
-576
-78
517
1200
1872
2432
2869
3211
3466
3618
3635
3488
3167
2731
2246
1740
1158
396
-618
-1870
-3259
-4678
-6042
-7259
-8260
-9036
-9610
-9959
-10002
-9697
-9068
-8151
-6964
-5540
-3912
-2091
-98
1945
3858
5493
6762
7604
7985
7935
7491
6684
5609
4476
3505
2768
2226
1837
1597
1462
1355
1236
1110
948
701
360
-7
-283
-364
-194
199
732
1323
1919
2443
2781
2848
2635
2174
1487
641
-212
-907
-1356
-1551
-1496
-1224
-813
-339
169
696
1187
1617
2020
2429
2820
3137
3324
3342
3156
2797
2327
1779
1097
192
-972
-2320
-3715
-5044
-6236
-7246
-8069
-8742
-9297
-9671
-9777
-9597
-9191
-8560
-7627
-6358
-4805
-3022
-1013
1127
3173
4888
6183
7047
7480
7475
7082
6361
5391
4325
3372
2662
2180
1853
1623
1430
1190
878
539
224
-103
-468
-772
-867
-717
-406
8
517
1097
1652
2107
2399
2472
2289
1878
1318
676
42
-459
-728
-804
-808
-795
-714
-521
-252
41
370
780
1280
1832
2377
2855
3187
3304
3163
2790
2286
1738
1120
299
-778
-2004
-3190
-4223
-5086
-5836
-6557
-7313
-8063
-8659
-8969
-8951
-8638
-8027
-7074
-5755
-4121
-2257
-271
1707
3513
5000
6102
6829
7213
7268
6996
6419
5631
4786
4053
3516
3141
2817
2453
2020
1528
998
478
8
-388
-690
-845
-821
-631
-346
-23
322
694
1089
1460
1760
1965
2066
2031
1842
1515
1111
703
333
18
-231
-395
-451
-403
-272
-79
193
560
999
1449
1860
2210
2459
2538
2409
2120
1769
1390
909
190
-831
-2074
-3338
-4438
-5296
-5947
-6493
-7035
-7618
-8174
-8565
-8684
-8515
-8089
-7399
-6394
-5054
-3446
-1678
128
1862
3403
4661
5589
6178
6402
6256
5801
5160
4473
3855
3393
3095
2884
2625
2221
1675
1073
520
41
-389
-772
-1040
-1117
-969
-657
-259
171
619
1063
1459
1791
2068
2297
2415
2337
2046
1653
1292
1009
760
494
252
99
60
102
198
352
572
832
1084
1300
1476
1589
1568
1364
1015
659
398
189
-133
-741
-1692
-2842
-3945
-4797
-5365
-5728
-6010
-6335
-6762
-7210
-7487
-7463
-7128
-6523
-5662
-4573
-3308
-1905
-390
1175
2668
3947
4890
5439
5640
5594
5391
5086
4721
4371
4089
3876
3697
3511
3276
2935
2441
1813
1134
518
40
-257
-363
-300
-128
69
247
434
672
943
1171
1318
1383
1340
1165
887
614
428
325
232
95
-78
-239
-340
-351
-268
-112
69
227
316
285
101
-201
-523
-776
-953
-1117
-1332
-1620
-1970
-2345
-2687
-2946
-3119
-3258
-3398
-3529
-3615
-3645
-3669
-3715
-3743
-3675
-3481
-3187
-2820
-2380
-1862
-1252
-528
324
1221
2011
2570
2890
3047
3127
3190
3247
3294
3335
3376
3410
3409
3386
3354
3295
3154
2894
2540
2131
1707
1299
918
570
290
134
121
185
252
277
237
121
-61
-267
-467
-661
-844
-990
-1072
-1105
-1111
-1096
-1041
-937
-800
-633
-429
-204
1
134
186
181
129
10
-222
-580
-1021
-1461
-1809
-2015
-2092
-2081
-2035
-1984
-1949
-1924
-1912
-1914
-1948
-2006
-2048
-2034
-1951
-1802
-1575
-1263
-874
-422
97
677
1271
1783
2120
2260
2277
2264
2273
2297
2326
2372
2460
2585
2721
2806
2808
2735
2620
2479
2308
2124
1939
1756
1554
1316
1059
813
607
443
304
141
-102
-444
-845
-1225
-1539
-1787
-1999
-2174
-2314
-2445
-2601
-2776
-2919
-2978
-2933
-2774
-2501
-2133
-1713
-1299
-943
-673
-498
-421
-446
-566
-757
-973
-1164
-1282
-1291
-1188
-1009
-829
-712
-675
-690
-734
-808
-906
-989
-1007
-957
-851
-683
-407
-22
418
833
1187
1515
1863
2245
2610
2883
3038
3124
3192
3241
3244
3223
3225
3277
3346
3383
3352
3256
3104
2903
2671
2427
2202
2025
1923
1882
1822
1652
1354
973
570
174
-192
-541
-893
-1257
-1607
-1923
-2223
-2551
-2916
-3273
-3541
-3673
-3683
-3618
-3494
-3305
-3033
-2700
-2354
-2063
-1851
-1699
-1577
-1491
-1463
-1480
-1517
-1553
-1589
-1600
-1575
-1526
-1469
-1408
-1346
-1300
-1273
-1234
-1175
-1124
-1091
-1042
-954
-849
-728
-554
-299
14
356
737
1177
1641
2056
2383
2646
2879
3085
3261
3399
3480
3509
3533
3567
3565
3462
3265
3032
2809
2619
2464
2348
2264
2219
2192
2136
1999
1750
1397
959
481
32
-318
-541
-653
-705
-766
-902
-1124
-1409
-1727
-2061
-2387
-2653
-2821
-2873
-2814
-2669
-2483
-2294
-2129
-2004
-1941
-1937
-1954
-1960
-1950
-1931
-1892
-1827
-1753
-1692
-1647
-1606
-1571
-1556
-1565
-1575
-1552
-1465
-1314
-1136
-981
-861
-754
-637
-500
-315
-47
299
651
932
1150
1380
1670
1992
2290
2544
2778
3001
3187
3305
3345
3326
3248
3109
2907
2679
2466
2289
2162
2095
2111
2206
2335
2420
2383
2201
1898
1531
1156
792
429
64
-266
-510
-640
-702
-791
-985
-1285
-1637
-1997
-2338
-2633
-2852
-2982
-3022
-2975
-2874
-2756
-2647
-2561
-2524
-2549
-2605
-2640
-2626
-2539
-2360
-2109
-1868
-1703
-1628
-1598
-1563
-1498
-1408
-1307
-1178
-994
-754
-513
-318
-146
67
330
568
716
802
920
1118
1349
1557
1735
1917
2123
2349
2585
2805
2979
3098
3169
3194
3138
2989
2780
2571
2385
2194
2001
1855
1806
1846
1933
2023
2086
2099
2046
1903
1651
1302
911
529
183
-112
-340
-506
-646
-800
-986
-1221
-1503
-1820
-2143
-2443
-2694
-2865
-2954
-2993
-3001
-2991
-2960
-2924
-2890
-2863
-2841
-2800
-2718
-2572
-2375
-2148
-1930
-1750
-1612
-1512
-1433
-1371
-1301
-1198
-1054
-900
-755
-608
-443
-248
-17
249
509
718
869
1016
1201
1419
1625
1796
1954
2138
2376
2635
2840
2921
2886
2783
2640
2436
2175
1914
1692
1503
1340
1245
1256
1353
1476
1580
1651
1690
1685
1607
1434
1186
919
679
471
272
62
-156
-378
-603
-831
-1055
-1263
-1462
-1669
-1906
-2166
-2406
-2553
-2574
-2502
-2419
-2360
-2321
-2282
-2247
-2201
-2097
-1899
-1615
-1290
-975
-705
-487
-324
-225
-207
-258
-334
-418
-494
-540
-529
-473
-390
-255
-42
235
513
753
943
1091
1190
1249
1295
1371
1509
1715
1979
2253
2497
2666
2730
2664
2470
2192
1873
1532
1190
901
723
663
704
827
1000
1172
1283
1329
1321
1251
1108
922
750
627
512
369
189
-4
-195
-378
-548
-728
-940
-1191
-1454
-1718
-1994
-2270
-2495
-2631
-2674
-2659
-2633
-2626
-2655
-2700
-2729
-2704
-2599
-2403
-2125
-1794
-1449
-1121
-832
-611
-476
-440
-487
-600
-733
-807
-783
-675
-542
-409
-248
-36
191
363
438
442
427
426
449
507
608
769
1010
1331
1699
2047
2322
2473
2469
2302
2032
1746
1509
1342
1248
1239
1296
1382
1443
1457
1428
1376
1321
1265
1192
1099
1011
938
859
741
599
455
308
129
-88
-306
-501
-682
-879
-1103
-1322
-1484
-1584
-1667
-1782
-1918
-2037
-2110
-2135
-2125
-2105
-2077
-2022
-1906
-1714
-1446
-1096
-674
-225
171
445
555
504
324
100
-69
-111
-27
137
330
512
661
761
813
830
827
799
755
725
733
768
817
907
1079
1340
1642
1915
2100
2172
2128
2001
1820
1605
1377
1154
959
819
747
730
696
592
452
345
291
243
166
68
-36
-135
-237
-339
-444
-556
-696
-877
-1079
-1285
-1507
-1748
-1964
-2093
-2138
-2171
-2237
-2338
-2482
-2665
-2854
-2995
-3059
-3065
-3031
-2966
-2863
-2715
-2499
-2198
-1817
-1398
-995
-655
-415
-277
-175
-43
126
282
402
510
635
785
946
1083
1180
1229
1241
1230
1209
1203
1217
1248
1312
1452
1678
1938
2171
2354
2472
2522
2515
2481
2431
2360
2274
2192
2127
2086
2070
2060
2033
1986
1933
1870
1793
1701
1601
1463
1276
1080
912
747
517
200
-160
-508
-812
-1071
-1281
-1443
-1553
-1608
-1606
-1552
-1494
-1488
-1591
-1793
-2044
-2296
-2541
-2771
-2962
-3070
-3081
-3015
-2890
-2697
-2422
-2106
-1810
-1568
-1368
-1191
-1028
-879
-752
-650
-552
-397
-156
151
455
712
910
1054
1140
1167
1152
1119
1077
1036
1031
1085
1172
1245
1286
1308
1337
1382
1441
1487
1486
1442
1392
1355
1330
1316
1348
1418
1497
1561
1635
1722
1766
1713
1576
1422
1293
1184
1066
938
803
638
397
82
-260
-585
-889
-1172
-1406
-1565
-1654
-1709
-1750
-1799
-1886
-2033
-2233
-2449
-2657
-2854
-3029
-3133
-3114
-2975
-2779
-2573
-2359
-2105
-1824
-1574
-1402
-1312
-1256
-1197
-1117
-1003
-845
-634
-401
-170
76
366
691
984
1193
1313
1385
1452
1527
1588
1604
1575
1532
1517
1550
1613
1681
1756
1841
1930
1990
2016
2020
2022
2028
2024
1999
1948
1895
1865
1869
1914
1989
2081
2153
2187
2177
2109
1970
1752
1471
1156
844
532
196
-189
-580
-920
-1161
-1315
-1420
-1509
-1606
-1721
-1862
-2027
-2204
-2386
-2558
-2718
-2856
-2970
-3042
-3052
-3001
-2903
-2779
-2637
-2490
-2354
-2233
-2127
-2039
-1975
-1929
-1862
-1723
-1493
-1212
-945
-731
-548
-353
-114
152
406
629
839
1069
1306
1489
1575
1582
1558
1543
1552
1578
1603
1607
1594
1588
1621
1690
1772
1839
1861
1831
1770
1721
1715
1729
1730
1725
1753
1818
1890
1946
1974
1953
1847
1644
1377
1092
811
510
184
-140
-414
-617
-755
-843
-911
-982
-1066
-1172
-1312
-1485
-1667
-1836
-1973
-2080
-2156
-2210
-2234
-2217
-2155
-2070
-1987
-1918
-1864
-1817
-1774
-1733
-1703
-1691
-1695
-1689
-1643
-1557
-1442
-1302
-1118
-881
-584
-232
163
561
932
1266
1548
1751
1858
1901
1910
1902
1882
1854
1835
1828
1825
1820
1800
1776
1738
1676
1574
1452
1338
1249
1184
1144
1139
1165
1210
1253
1299
1373
1492
1631
1736
1750
1649
1438
1142
803
471
155
-166
-495
-785
-996
-1163
-1328
-1491
-1632
-1759
-1902
-2039
-2140
-2183
-2183
-2162
-2140
-2119
-2102
-2095
-2097
-2087
-2049
-2006
-1980
-1962
-1927
-1876
-1829
-1796
-1764
-1712
-1635
-1539
-1426
-1295
-1141
-960
-747
-497
-206
128
496
858
1165
1390
1540
1637
1682
1687
1682
1695
1728
1767
1813
1853
1865
1848
1821
1794
1746
1681
1623
1590
1568
1557
1571
1618
1698
1807
1911
1975
1993
1974
1915
1784
1582
1338
1076
806
542
303
90
-106
-291
-466
-634
-805
-975
-1149
-1333
-1537
-1749
-1939
-2082
-2155
-2167
-2140
-2105
-2067
-2031
-2002
-1978
-1943
-1884
-1827
-1804
-1812
-1822
-1797
-1724
-1619
-1500
-1375
-1248
-1125
-1011
-878
-703
-476
-212
74
382
704
1024
1290
1475
1593
1690
1772
1799
1762
1702
1659
1630
1612
1616
1638
1643
1617
1560
1477
1348
1179
1020
938
952
1036
1155
1289
1413
1487
1490
1437
1356
1238
1073
846
569
268
-21
-254
-428
-577
-738
-925
-1114
-1276
-1415
-1557
-1726
-1905
-2050
-2125
-2130
-2105
-2081
-2074
-2091
-2111
-2103
-2036
-1922
-1813
-1745
-1706
-1669
-1634
-1620
-1620
-1596
-1530
-1420
-1283
-1122
-949
-775
-612
-448
-250
8
336
693
1026
1308
1558
1800
2037
2236
2355
2386
2345
2250
2114
1971
1864
1814
1799
1782
1734
1651
1544
1437
1351
1299
1296
1344
1441
1574
1711
1804
1812
1751
1663
1566
1446
1294
1125
943
725
458
163
-127
-400
-666
-931
-1191
-1416
-1585
-1714
-1833
-1959
-2068
-2145
-2180
-2178
-2153
-2129
-2125
-2116
-2069
-1975
-1872
-1793
-1745
-1710
-1673
-1643
-1631
-1648
-1680
-1684
-1614
-1472
-1317
-1203
-1108
-964
-741
-453
-129
211
526
782
989
1198
1454
1722
1931
2038
2075
2074
2049
1994
1929
1862
1781
1675
1554
1442
1351
1274
1194
1088
967
869
816
795
782
790
841
933
1054
1168
1222
1180
1050
889
734
582
412
203
-39
-285
-492
-659
-803
-943
-1080
-1217
-1353
-1468
-1546
-1601
-1650
-1678
-1663
-1611
-1550
-1487
-1442
-1429
-1451
-1489
-1523
-1544
-1555
-1555
-1532
-1475
-1411
-1379
-1375
-1339
-1252
-1139
-1037
-926
-776
-571
-330
-73
200
500
819
1099
1324
1511
1673
1776
1802
1816
1888
2002
2085
2090
2031
1944
1865
1797
1731
1642
1532
1411
1305
1211
1108
997
903
849
829
839
885
968
1056
1110
1104
1048
964
864
750
617
453
245
-11
-284
-543
-769
-964
-1149
-1336
-1517
-1655
-1746
-1823
-1893
-1944
-1954
-1924
-1864
-1782
-1700
-1652
-1643
-1635
-1598
-1551
-1536
-1556
-1565
-1543
-1492
-1428
-1360
-1302
-1250
-1180
-1088
-992
-884
-723
-497
-249
-24
184
399
628
858
1071
1253
1398
1510
1592
1672
1781
1927
2041
2062
1999
1911
1845
1797
1734
1620
1457
1275
1105
963
858
822
859
937
1011
1068
1095
1083
1032
960
867
738
594
483
403
303
143
-60
-272
-467
-639
-783
-902
-1003
-1090
-1159
-1219
-1294
-1406
-1540
-1637
-1663
-1631
-1588
-1555
-1538
-1535
-1539
-1549
-1580
-1633
-1672
-1670
-1632
-1567
-1485
-1407
-1373
-1379
-1383
-1356
-1290
-1179
-1022
-852
-680
-488
-244
29
293
548
803
1046
1253
1409
1519
1594
1662
1751
1864
1964
2013
2001
1942
1852
1741
1635
1550
1509
1501
1507
1500
1477
1448
1416
1367
1299
1216
1142
1090
1052
1004
892
698
458
261
158
126
88
-27
-218
-434
-631
-797
-936
-1037
-1114
-1203
-1337
-1503
-1653
-1739
-1737
-1661
-1565
-1505
-1486
-1476
-1458
-1458
-1475
-1492
-1493
-1484
-1471
-1451
-1422
-1395
-1367
-1326
-1262
-1180
-1083
-955
-787
-599
-417
-242
-46
171
391
595
784
952
1099
1234
1367
1477
1545
1582
1616
1663
1696
1699
1677
1651
1607
1531
1449
1412
1420
1423
1383
1315
1250
1203
1178
1178
1195
1212
1220
1222
1241
1260
1252
1183
1074
971
883
779
635
462
266
41
-208
-466
-717
-952
-1154
-1320
-1447
-1543
-1607
-1650
-1690
-1729
-1758
-1769
-1777
-1807
-1869
-1946
-2008
-2052
-2084
-2087
-2037
-1940
-1833
-1750
-1695
-1657
-1617
-1561
-1476
-1358
-1213
-1041
-836
-613
-402
-230
-79
86
306
577
866
1117
1300
1413
1488
1557
1626
1684
1715
1697
1632
1528
1407
1295
1200
1118
1031
938
851
791
780
815
866
903
907
890
867
864
882
906
927
933
911
850
760
649
496
306
120
-29
-163
-306
-441
-529
-567
-593
-649
-735
-829
-923
-1025
-1140
-1250
-1324
-1363
-1404
-1481
-1580
-1636
-1615
-1543
-1447
-1335
-1202
-1072
-967
-890
-834
-785
-716
-607
-450
-269
-90
93
305
547
772
930
1026
1100
1173
1239
1290
1343
1409
1466
1480
1436
1358
1278
1205
1118
1011
900
809
745
703
696
726
774
817
853
881
879
829
756
706
683
663
619
561
504
464
425
348
204
20
-135
-232
-313
-442
-623
-818
-980
-1077
-1102
-1078
-1055
-1072
-1121
-1174
-1235
-1326
-1442
-1561
-1682
-1813
-1929
-1987
-1986
-1955
-1910
-1848
-1775
-1704
-1640
-1572
-1498
-1417
-1318
-1175
-1001
-833
-674
-482
-226
76
384
648
842
960
1039
1114
1176
1209
1235
1276
1314
1337
1363
1407
1436
1415
1360
1304
1246
1171
1096
1032
967
903
876
904
954
966
929
862
780
707
667
677
710
724
703
664
633
591
508
367
187
11
-145
-288
-441
-603
-764
-893
-978
-1013
-1017
-1011
-1015
-1054
-1122
-1184
-1192
-1152
-1125
-1142
-1171
-1174
-1153
-1142
-1154
-1193
-1228
-1208
-1108
-966
-828
-676
-483
-271
-84
68
199
312
409
512
642
797
958
1104
1223
1316
1402
1484
1543
1569
1581
1607
1631
1611
1540
1436
1321
1210
1123
1071
1036
981
891
781
679
597
533
471
396
303
225
177
150
117
79
58
45
6
-79
-191
-287
-361
-439
-554
-715
-889
-1037
-1120
-1157
-1176
-1193
-1207
-1237
-1312
-1415
-1530
-1662
-1824
-1986
-2084
-2089
-2019
-1913
-1816
-1741
-1674
-1590
-1498
-1401
-1280
-1117
-932
-746
-561
-369
-197
-86
-31
23
140
341
580
783
935
1060
1183
1286
1359
1422
1481
1520
1520
1483
1419
1326
1226
1157
1158
1215
1274
1298
1291
1288
1296
1292
1261
1204
1130
1038
934
828
728
643
584
556
541
525
508
491
460
386
252
95
-23
-76
-104
-164
-273
-408
-545
-696
-862
-1032
-1177
-1287
-1347
-1350
-1295
-1235
-1231
-1292
-1373
-1421
-1434
-1408
-1351
-1278
-1205
-1129
-1031
-919
-805
-690
-573
-468
-369
-247
-96
64
202
315
412
502
595
692
777
840
885
917
916
860
769
683
651
677
739
801
841
862
873
874
865
857
846
833
800
751
681
609
541
487
431
370
318
302
307
301
283
269
271
274
254
172
-8
-266
-517
-696
-814
-909
-993
-1063
-1116
-1151
-1161
-1163
-1187
-1236
-1284
-1314
-1340
-1376
-1438
-1520
-1604
-1652
-1630
-1525
-1347
-1149
-993
-905
-827
-708
-550
-417
-318
-218
-79
76
200
279
331
395
498
659
854
1032
1150
1218
1245
1241
1214
1208
1235
1260
1256
1252
1295
1362
1391
1338
1216
1085
993
955
959
985
993
944
849
763
738
749
742
680
566
429
288
173
105
91
100
101
80
28
-51
-134
-179
-185
-190
-219
-263
-323
-417
-550
-699
-816
-889
-943
-1011
-1103
-1197
-1282
-1354
-1401
-1406
-1366
-1307
-1243
-1193
-1156
-1124
-1088
-1049
-1014
-971
-927
-883
-825
-731
-600
-457
-302
-129
56
220
350
453
539
593
609
614
630
661
684
691
672
639
614
622
663
710
733
732
722
714
705
691
662
610
541
487
482
507
521
504
471
431
385
345
321
312
303
286
251
201
131
52
-38
-139
-239
-301
-291
-228
-177
-216
-334
-458
-530
-554
-558
-564
-593
-658
-743
-814
-847
-844
-825
-812
-805
-787
-727
-629
-525
-437
-365
-294
-223
-130
-1
147
277
374
455
538
618
675
700
715
742
794
852
901
945
983
997
967
919
888
890
900
899
880
837
760
644
520
418
357
320
287
254
233
240
267
280
248
172
86
13
-50
-121
-186
-215
-191
-154
-162
-244
-391
-557
-698
-795
-881
-977
-1081
-1165
-1223
-1259
-1293
-1348
-1411
-1446
-1414
-1331
-1245
-1197
-1189
-1183
-1148
-1081
-1003
-934
-880
-841
-812
-794
-778
-759
-718
-643
-551
-448
-337
-196
-24
170
366
552
712
826
879
880
878
929
1040
1161
1245
1283
1304
1317
1314
1294
1262
1230
1192
1140
1075
1021
991
954
870
745
652
635
650
615
493
320
174
104
117
184
251
287
287
276
259
218
146
58
-14
-67
-116
-187
-268
-354
-428
-472
-489
-502
-547
-613
-669
-718
-790
-893
-983
-1027
-1035
-1047
-1069
-1074
-1044
-990
-951
-934
-931
-911
-874
-816
-744
-652
-532
-379
-182
34
219
338
414
496
600
706
797
852
867
848
841
862
887
869
800
725
697
738
809
856
831
743
666
650
688
736
750
712
640
572
534
510
473
427
389
356
304
212
77
-82
-239
-354
-392
-371
-351
-388
-482
-588
-681
-743
-773
-773
-768
-794
-838
-866
-852
-821
-840
-913
-1005
-1050
-1039
-996
-950
-902
-842
-778
-729
-708
-709
-701
-664
-607
-543
-481
-418
-356
-284
-193
-88
13
113
232
372
517
634
702
723
737
793
896
1005
1095
1156
1180
1146
1071
992
940
924
927
924
906
876
846
809
765
720
681
655
644
632
593
525
463
432
408
358
277
178
74
-29
-119
-198
-269
-334
-392
-449
-513
-586
-663
-740
-812
-882
-943
-995
-1044
-1100
-1166
-1222
-1236
-1227
-1222
-1235
-1230
-1184
-1115
-1063
-1046
-1039
-1019
-974
-893
-766
-615
-497
-442
-409
-345
-233
-100
49
213
377
526
652
766
883
998
1103
1178
1209
1202
1178
1164
1160
1152
1128
1095
1051
1003
969
949
920
868
806
746
668
573
485
442
422
402
364
310
263
243
260
283
287
256
208
158
120
100
77
31
-37
-98
-156
-254
-414
-596
-746
-847
-901
-893
-837
-789
-796
-844
-872
-870
-862
-873
-885
-874
-857
-843
-848
-850
-849
-830
-764
-656
-562
-533
-533
-491
-374
-228
-115
-55
-33
-5
51
138
228
311
386
459
520
558
580
599
640
694
745
772
779
761
695
508
141
-341
-709
-713
-343
152
442
399
151
-15
94
428
788
1086
1389
1748
2057
2151
1971
1663
1458
1475
1565
1443
971
263
-440
-943
-1185
-1205
-1118
-1038
-1037
-1143
-1317
-1477
-1563
-1584
-1542
-1403
-1150
-884
-729
-722
-786
-839
-852
-824
-742
-605
-450
-313
-216
-174
-207
-292
-361
-381
-376
-382
-371
-327
-294
-329
-436
-553
-643
-684
-659
-548
-366
-142
95
324
519
662
763
847
943
1071
1234
1415
1580
1689
1715
1661
1560
1442
1326
1229
1151
1054
907
727
577
490
455
442
417
360
271
202
191
216
220
180
118
41
-80
-249
-436
-610
-784
-994
-1229
-1462
-1648
-1749
-1754
-1715
-1724
-1829
-1973
-2062
-2037
-1896
-1664
-1382
-1089
-793
-495
-204
44
229
361
471
602
765
933
1062
1109
1063
935
794
747
864
1127
1454
1778
2085
2358
2524
2532
2438
2392
2484
2645
2719
2590
2257
1833
1489
1237
769
-384
-2313
-4485
-6070
-6564
-5995
-4822
-3655
-2930
-2641
-2425
-1941
-1060
226
1830
3495
4838
5534
5408
4479
3013
1447
127
-893
-1757
-2671
-3834
-5295
-6743
-7599
-7420
-6181
-4170
-1803
466
2201
3124
3256
2900
2552
2635
3189
3808
3997
3512
2411
956
-434
-1295
-1375
-729
381
1616
2660
3361
3767
4025
4239
4478
4820
5283
5620
5194
3273
-292
-4581
-7928
-8969
-7573
-4990
-3057
-2906
-4097
-5082
-4614
-2650
30
2718
5083
6911
7822
7382
5543
3003
894
-124
-473
-1203
-3021
-5743
-8504
-10323
-10585
-9189
-6405
-2725
1125
4206
5764
5713
4746
3892
3853
4538
5163
4870
3357
944
-1792
-4275
-5930
-6282
-5229
-3202
-1030
489
1066
1126
1402
2314
3715
5154
6184
6459
5819
4389
2570
892
-209
-722
-1252
-2592
-4863
-7148
-8171
-7299
-5024
-2626
-1303
-1267
-1685
-1530
-465
1184
3001
4718
6081
6680
6121
4328
1849
-353
-1635
-2206
-2814
-3960
-5546
-7080
-8009
-7866
-6399
-3647
-35
3609
6264
7224
6553
5045
3680
3036
3000
2960
2305
851
-1118
-3094
-4552
-5046
-4378
-2736
-635
1352
2844
3773
4335
4785
5231
5601
5748
5532
4848
3725
2353
1007
-37
-571
-685
-982
-2253
-4650
-7254
-8615
-7825
-5234
-2359
-910
-1523
-3197
-4166
-3346
-949
2005
4529
6052
6406
5574
3639
1075
-1140
-2108
-1883
-1492
-2003
-3670
-5854
-7559
-7961
-6726
-3996
-296
3509
6335
7353
6549
4788
3269
2729
2975
3083
2230
358
-1887
-3764
-4797
-4808
-3858
-2248
-432
1164
2297
3006
3557
4143
4668
4839
4525
3873
3141
2514
2053
1764
1623
1618
1659
1388
164
-2372
-5616
-8014
-8132
-5796
-2383
-3
-44
-2083
-4132
-4233
-1950
1579
4772
6594
6792
5619
3505
948
-1398
-2840
-3170
-3033
-3450
-4879
-6830
-8305
-8455
-6958
-4062
-423
3132
5778
6875
6263
4535
2796
1958
2055
2297
1740
62
-2201
-4070
-4780
-4180
-2644
-752
990
2250
2970
3373
3796
4379
4939
5153
4833
4055
3060
2142
1515
1263
1333
1580
1799
1657
700
-1364
-4181
-6656
-7531
-6250
-3423
-584
723
38
-1580
-2372
-1284
1312
4168
6175
6869
6287
4636
2226
-386
-2425
-3333
-3325
-3330
-4199
-5889
-7522
-8128
-7277
-5144
-2238
849
3492
5061
5152
3927
2215
1005
714
927
860
45
-1347
-2693
-3374
-3194
-2423
-1506
-703
2
759
1659
2631
3504
4057
4117
3634
2746
1776
1117
1071
1665
2611
3434
3682
3116
1712
-446
-3172
-5925
-7743
-7681
-5512
-2099
898
1983
917
-976
-1839
-705
1918
4679
6355
6415
5014
2631
-165
-2700
-4191
-4246
-3338
-2574
-2782
-3873
-5017
-5274
-4205
-2024
668
3215
5014
5575
4779
3120
1464
481
209
129
-378
-1581
-3205
-4569
-4936
-3914
-1744
756
2663
3491
3407
2967
2679
2696
2826
2813
2606
2361
2201
2063
1789
1332
829
493
440
576
586
-3
-1585
-4000
-6282
-7059
-5537
-2246
1052
2504
1570
-543
-1898
-1398
574
2784
4161
4321
3409
1750
-307
-2264
-3506
-3707
-3219
-2835
-3064
-3713
-4154
-3896
-2872
-1304
540
2376
3760
4183
3503
2260
1335
1186
1481
1464
649
-818
-2290
-3063
-2779
-1592
-36
1262
1882
1832
1540
1525
1981
2627
3002
2844
2237
1478
846
479
379
544
986
1579
1964
1812
1162
288
-763
-2234
-4105
-5649
-5811
-4124
-1276
1157
1789
480
-1500
-2509
-1795
127
2102
3143
2829
1316
-821
-2817
-3965
-3937
-3036
-2086
-1851
-2428
-3252
-3638
-3254
-2152
-550
1262
2863
3769
3728
3009
2285
2051
2203
2152
1376
-113
-1710
-2628
-2442
-1339
126
1409
2212
2525
2617
2892
3535
4303
4691
4373
3478
2441
1634
1160
955
973
1169
1392
1406
1070
448
-368
-1478
-3074
-4983
-6364
-6167
-4078
-1086
1075
1226
-360
-2181
-2736
-1573
588
2585
3526
3035
1196
-1467
-4035
-5517
-5445
-4262
-3035
-2647
-3198
-4096
-4561
-4101
-2645
-477
1874
3718
4402
3774
2486
1587
1612
2103
2097
1018
-812
-2412
-2864
-1922
-75
1868
3245
3765
3612
3364
3618
4472
5457
5892
5394
4089
2488
1110
173
-335
-379
126
1026
1812
1952
1325
291
-709
-1634
-2719
-3843
-4240
-3209
-1048
869
1098
-660
-3181
-4634
-4036
-1960
151
1253
1225
445
-757
-2161
-3428
-4102
-3927
-3191
-2598
-2638
-3123
-3438
-3175
-2376
-1304
-187
776
1373
1518
1412
1465
1910
2451
2418
1415
-171
-1403
-1577
-736
554
1719
2467
2747
2682
2553
2704
3309
4161
4705
4374
3020
1051
-818
-1942
-1932
-767
1128
2950
3916
3712
2672
1516
694
-40
-1276
-3045
-4470
-4549
-3187
-1449
-714
-1537
-3127
-3992
-3193
-1062
1211
2544
2544
1475
-119
-1705
-2902
-3530
-3676
-3708
-4003
-4563
-4949
-4697
-3753
-2478
-1267
-251
635
1417
1982
2287
2515
2873
3173
2811
1375
-774
-2606
-3121
-2044
44
2143
3470
3819
3466
2895
2598
2881
3643
4383
4465
3606
2062
488
-479
-486
502
2231
4163
5491
5490
3997
1698
-201
-844
-494
-338
-1285
-2999
-4199
-3925
-2460
-1083
-925
-1899
-2791
-2400
-666
1342
2380
1898
226
-1801
-3332
-3896
-3558
-2807
-2248
-2249
-2708
-3180
-3290
-3015
-2557
-2086
-1629
-1125
-483
337
1303
2302
3065
3135
2124
226
-1662
-2506
-1936
-447
1060
1930
2055
1744
1454
1516
2065
2986
3875
4153
3444
1963
442
-370
-183
756
1908
2778
3068
2697
1760
534
-548
-1037
-703
227
1040
892
-534
-2641
-4232
-4346
-2925
-878
581
753
-120
-1211
-1824
-1825
-1468
-1036
-726
-705
-1161
-2078
-3037
-3341
-2557
-1029
223
255
-1107
-3182
-4915
-5448
-4476
-2274
488
3004
4584
4867
3936
2254
456
-876
-1380
-995
10
1108
1718
1509
662
-233
-520
60
1217
2333
2871
2701
2113
1559
1314
1416
1733
2071
2240
2139
1774
1181
455
-186
-461
-209
438
1028
953
-116
-1836
-3265
-3506
-2436
-864
64
-208
-1220
-1967
-1781
-799
338
1058
1171
785
137
-501
-851
-752
-318
16
-248
-1225
-2529
-3573
-3977
-3584
-2345
-338
1998
3914
4770
4422
3238
1783
530
-309
-772
-975
-976
-791
-508
-234
7
298
775
1539
2526
3406
3729
3291
2302
1265
590
359
303
92
-368
-860
-1081
-942
-630
-332
15
669
1746
2881
3235
2028
-639
-3547
-5163
-4827
-3226
-1808
-1682
-2819
-4155
-4507
-3457
-1487
553
1973
2421
1908
814
-229
-658
-329
349
625
-102
-1819
-3858
-5284
-5402
-4010
-1414
1654
4228
5477
5155
3811
2438
1781
1825
1953
1521
386
-985
-1874
-1887
-1194
-299
447
1036
1616
2233
2747
2969
2808
2336
1677
890
-22
-935
-1541
-1569
-1051
-292
393
904
1313
1701
2071
2414
2752
2958
2512
787
-2199
-5368
-7177
-6756
-4603
-2259
-1177
-1653
-2682
-2939
-1899
-82
1628
2694
3033
2723
1826
535
-712
-1457
-1703
-2008
-2908
-4254
-5217
-5052
-3684
-1688
260
1764
2742
3274
3507
3659
3867
3938
3398
1943
-121
-1973
-2847
-2548
-1511
-410
346
815
1250
1724
2084
2217
2163
1980
1621
1017
240
-434
-639
-214
586
1272
1576
1658
1891
2464
3222
3792
3860
3398
2626
1685
370
-1609
-4016
-5916
-6286
-4869
-2466
-454
146
-599
-1622
-1752
-606
1272
2911
3456
2529
418
-2031
-3844
-4447
-3946
-2981
-2268
-2167
-2520
-2907
-2949
-2464
-1446
-8
1564
2858
3469
3275
2520
1624
880
328
-159
-684
-1159
-1301
-889
-51
791
1233
1141
672
163
-29
251
865
1494
1836
1748
1367
1090
1307
2000
2722
3000
2758
2339
2143
2278
2493
2480
2125
1578
1079
687
154
-878
-2400
-3824
-4372
-3708
-2239
-881
-451
-1067
-2004
-2321
-1734
-831
-456
-936
-1931
-2785
-2991
-2452
-1487
-598
-184
-375
-1086
-2094
-3135
-3960
-4302
-3875
-2583
-767
930
1997
2407
2451
2380
2193
1784
1161
497
24
-134
-70
-88
-465
-1168
-1774
-1754
-828
812
2593
3869
4267
3847
3006
2244
1915
2089
2506
2753
2520
1822
974
404
399
960
1823
2630
3163
3422
3478
3161
2016
-224
-3038
-5160
-5448
-3818
-1436
24
-435
-2354
-4133
-4298
-2604
-53
2013
2787
2254
926
-531
-1617
-2185
-2470
-2915
-3823
-5016
-5911
-5957
-5028
-3347
-1204
1099
3162
4514
4900
4457
3647
2894
2213
1238
-365
-2428
-4330
-5369
-5141
-3672
-1390
1023
2910
3939
4210
4071
3860
3745
3681
3443
2837
1889
832
-63
-632
-815
-607
2
992
2190
3239
3788
3738
3278
2687
2155
1793
1658
1571
988
-643
-3188
-5590
-6510
-5389
-2964
-854
-385
-1568
-3099
-3509
-2364
-403
1263
1949
1552
317
-1365
-2977
-3945
-3888
-2952
-1810
-1163
-1181
-1515
-1739
-1636
-1130
-237
833
1639
1757
1119
133
-613
-818
-646
-438
-340
-232
97
693
1373
1831
1877
1556
1077
661
475
613
999
1363
1382
967
360
-27
120
813
1776
2616
3012
2817
2089
1113
331
96
454
1147
1854
2358
2585
2564
2330
1721
397
-1704
-3932
-5198
-4853
-3289
-1730
-1332
-2234
-3369
-3326
-1634
775
2382
2342
1069
-275
-759
-259
695
1475
1693
1153
-175
-2035
-3816
-4861
-4875
-4007
-2609
-953
770
2323
3418
3929
4005
3869
3545
2780
1338
-671
-2674
-3948
-4131
-3476
-2581
-1872
-1349
-756
64
985
1698
2024
2071
2047
1941
1497
543
-703
-1687
-1903
-1248
-66
1141
2012
2412
2443
2444
2834
3733
4715
5058
4304
2676
993
109
153
313
-458
-2337
-4332
-5163
-4341
-2529
-1014
-781
-1740
-2795
-2727
-1187
1122
3092
3908
3352
1707
-389
-2167
-2993
-2667
-1565
-486
-196
-902
-2146
-3161
-3323
-2384
-560
1467
2827
2942
1865
228
-1186
-1935
-2152
-2252
-2471
-2713
-2771
-2589
-2243
-1826
-1382
-892
-344
196
595
804
983
1352
1923
2404
2435
1966
1373
1208
1694
2498
3006
2878
2337
1885
1814
1991
2136
2203
2385
2824
3372
3702
3577
3025
2372
2008
1965
1671
348
-2099
-4667
-5905
-5121
-3063
-1370
-1288
-2674
-4174
-4376
-2908
-522
1648
2893
3128
2612
1656
541
-462
-1182
-1708
-2379
-3463
-4796
-5785
-5853
-4842
-3030
-912
1000
2273
2647
2165
1213
316
-245
-619
-1209
-2212
-3334
-3952
-3629
-2536
-1302
-470
-79
246
863
1812
2851
3694
4181
4249
3848
2979
1853
891
492
694
1183
1603
1869
2165
2628
3119
3331
3159
2865
2801
3015
3170
2850
1971
890
170
189
892
1812
2196
1312
-1038
-4066
-6267
-6465
-4732
-2390
-1051
-1432
-2842
-3757
-3071
-935
1487
3000
3149
2240
878
-412
-1299
-1649
-1571
-1424
-1670
-2572
-3905
-5005
-5218
-4351
-2760
-1070
164
725
763
637
656
924
1323
1585
1430
698
-523
-1895
-2975
-3465
-3329
-2727
-1846
-804
353
1594
2888
4146
5212
5843
5804
5047
3807
2521
1556
977
576
122
-358
-582
-270
537
1448
2074
2389
2706
3245
3839
4071
3674
2767
1711
797
108
-386
-642
-580
-396
-705
-2084
-4335
-6367
-7001
-5998
-4299
-3241
-3441
-4243
-4351
-2963
-438
2121
3753
4126
3422
2033
401
-1036
-1958
-2307
-2359
-2590
-3262
-4111
-4547
-4159
-3008
-1473
57
1313
2109
2340
2077
1644
1444
1597
1733
1268
-21
-1700
-2985
-3378
-2970
-2178
-1291
-298
926
2389
3890
5146
6004
6433
6433
5975
5067
3797
2284
695
-717
-1628
-1790
-1175
-61
1145
2142
2907
3556
4118
4401
4149
3296
2071
851
-101
-700
-1018
-1162
-1269
-1430
-1594
-1565
-1226
-834
-973
-2094
-3984
-5734
-6379
-5659
-4261
-3267
-3254
-3814
-3904
-2816
-778
1354
2887
3638
3639
2881
1435
-339
-1870
-2712
-2883
-2881
-3212
-3824
-4144
-3716
-2627
-1257
132
1455
2555
3118
2872
1913
797
208
406
1029
1450
1286
660
28
-176
158
789
1369
1685
1762
1790
2000
2461
2987
3281
3189
2803
2329
1963
1845
1987
2205
2182
1729
945
170
-283
-340
-217
-234
-529
-980
-1297
-1264
-838
-155
582
1196
1545
1519
1075
324
-501
-1142
-1518
-1883
-2762
-4426
-6391
-7567
-7122
-5155
-2649
-806
-284
-744
-1112
-481
1108
2749
3480
2965
1543
-130
-1440
-1978
-1627
-629
450
970
606
-405
-1413
-1813
-1406
-438
626
1353
1518
1168
567
107
135
752
1634
2200
2015
1109
-64
-911
-1060
-567
147
649
838
906
1083
1464
2021
2677
3308
3734
3768
3298
2484
1745
1436
1450
1293
646
-280
-951
-1007
-526
100
548
777
918
993
916
706
541
509
414
-32
-870
-1804
-2520
-2963
-3323
-3697
-3932
-3862
-3648
-3672
-4018
-4127
-3237
-1190
1086
2165
1319
-702
-2195
-1956
-279
1455
2074
1492
453
-323
-595
-435
90
877
1551
1528
479
-1228
-2733
-3356
-3076
-2364
-1675
-1085
-423
428
1371
2191
2733
2955
2900
2588
2022
1226
323
-524
-1175
-1544
-1529
-1057
-149
1022
2213
3212
3912
4305
4385
4098
3390
2326
1133
67
-711
-1195
-1443
-1506
-1414
-1208
-974
-787
-642
-448
-125
331
843
1264
1392
1099
446
-316
-865
-961
-583
56
665
1064
1227
1192
992
632
48
-910
-2299
-3808
-4705
-4304
-2586
-469
745
336
-1174
-2345
-1978
-119
1999
3035
2607
1406
417
176
577
1175
1478
1129
-5
-1736
-3577
-4910
-5299
-4737
-3590
-2343
-1321
-608
-97
405
1066
1898
2665
2969
2536
1439
34
-1285
-2249
-2734
-2749
-2402
-1812
-1046
-203
533
1011
1267
1486
1831
2279
2622
2613
2186
1529
909
474
208
52
-43
-137
-283
-495
-689
-699
-347
445
1564
2723
3558
3808
3501
2917
2342
1846
1368
950
749
875
1225
1534
1568
1317
1046
1047
1291
1292
513
-1040
-2659
-3432
-2970
-1754
-834
-1029
-2221
-3379
-3374
-1890
320
2039
2463
1679
415
-551
-908
-900
-1044
-1712
-2916
-4349
-5569
-6201
-6078
-5254
-3967
-2554
-1361
-609
-266
-76
214
635
938
847
306
-412
-887
-845
-350
240
506
221
-477
-1115
-1133
-261
1252
2791
3786
4062
3858
3554
3389
3358
3316
3108
2608
1770
744
-92
-339
126
1079
2119
2893
3223
3129
2760
2298
1871
1554
1341
1138
849
469
136
4
176
611
1139
1512
1527
1125
410
-359
-876
-1027
-1075
-1519
-2600
-3930
-4720
-4424
-3240
-2014
-1627
-2305
-3371
-3807
-3109
-1719
-525
-120
-451
-1076
-1546
-1639
-1384
-976
-672
-691
-1144
-1932
-2728
-3197
-3270
-3168
-3142
-3180
-2995
-2267
-936
700
2161
3079
3396
3284
2976
2646
2381
2175
1932
1542
982
396
22
36
382
811
1075
1146
1211
1461
1939
2557
3183
3670
3864
3672
3145
2500
1972
1656
1426
1056
448
-260
-804
-1013
-903
-623
-331
-58
289
778
1316
1694
1781
1595
1244
846
487
219
101
166
320
303
-60
-663
-1243
-1741
-2312
-3020
-3639
-3842
-3533
-2940
-2469
-2407
-2664
-2801
-2415
-1539
-621
-126
-180
-541
-815
-713
-227
385
740
553
-252
-1509
-2812
-3632
-3652
-3015
-2212
-1655
-1407
-1228
-855
-182
659
1401
1802
1805
1544
1224
959
732
487
242
132
277
646
1028
1202
1107
866
670
645
803
1079
1384
1637
1785
1828
1836
1894
2028
2212
2388
2514
2519
2345
2017
1660
1402
1250
1085
807
448
191
217
574
1176
1803
2185
2093
1548
846
378
319
514
666
631
520
501
542
430
-12
-746
-1624
-2535
-3393
-4020
-4201
-3913
-3468
-3349
-3782
-4449
-4666
-3935
-2382
-666
491
736
208
-636
-1239
-1230
-610
218
678
339
-805
-2317
-3567
-4160
-4154
-3902
-3691
-3499
-3091
-2289
-1187
-46
911
1649
2236
2691
2957
2970
2755
2421
2052
1630
1093
481
21
-22
419
1142
1834
2300
2520
2589
2609
2669
2830
3075
3277
3233
2818
2136
1503
1249
1467
1888
2051
1662
876
180
-8
350
947
1385
1421
1043
435
-134
-397
-220
288
787
950
709
329
153
307
592
670
362
-253
-984
-1772
-2680
-3687
-4479
-4669
-4203
-3528
-3261
-3586
-4045
-3926
-2973
-1652
-731
-580
-876
-993
-584
195
973
1467
1538
1158
392
-544
-1360
-1858
-2057
-2173
-2404
-2765
-3039
-2937
-2358
-1480
-616
45
505
868
1246
1715
2267
2751
2940
2701
2129
1534
1243
1355
1642
1751
1522
1095
691
429
349
514
938
1483
1888
1996
1879
1752
1765
1878
1928
1815
1594
1423
1412
1548
1755
1995
2286
2585
2754
2646
2254
1720
1184
686
156
-457
-1114
-1703
-2086
-2167
-1940
-1512
-1050
-692
-486
-405
-410
-481
-655
-1031
-1667
-2448
-3082
-3316
-3191
-3019
-3132
-3570
-4010
-4037
-3523
-2758
-2168
-1951
-1954
-1901
-1624
-1152
-642
-270
-137
-224
-424
-602
-681
-682
-699
-807
-981
-1098
-1025
-723
-287
119
363
426
410
446
589
785
975
1178
1463
1817
2130
2324
2462
2693
3071
3458
3635
3509
3178
2821
2516
2245
1969
1691
1423
1167
938
804
861
1158
1632
2101
2372
2337
2063
1715
1429
1229
1016
698
268
-176
-528
-765
-903
-923
-786
-576
-489
-641
-875
-926
-704
-402
-294
-476
-868
-1364
-1933
-2573
-3206
-3635
-3647
-3180
-2410
-1625
-1065
-846
-946
-1240
-1546
-1741
-1806
-1825
-1909
-2111
-2383
-2581
-2577
-2330
-1885
-1329
-750
-235
137
303
254
74
-60
16
299
613
741
645
485
439
508
574
579
614
790
1096
1387
1529
1536
1531
1619
1781
1912
1932
1861
1788
1789
1871
1991
2115
2217
2246
2123
1818
1409
1069
948
1061
1275
1396
1330
1130
933
810
744
682
615
568
556
528
410
188
-51
-212
-276
-308
-393
-601
-922
-1258
-1462
-1465
-1334
-1179
-1037
-874
-685
-515
-441
-544
-892
-1459
-2087
-2541
-2630
-2362
-1940
-1599
-1434
-1367
-1277
-1118
-960
-938
-1180
-1703
-2361
-2915
-3180
-3127
-2876
-2588
-2316
-1977
-1453
-740
37
767
1362
1714
1698
1310
715
138
-271
-475
-479
-297
15
340
560
657
762
1010
1409
1808
2023
1989
1784
1567
1467
1521
1710
1992
2284
2449
2360
2044
1701
1566
1714
2015
2243
2260
2094
1877
1740
1752
1917
2181
2429
2546
2481
2291
2089
1945
1817
1610
1278
856
412
-42
-503
-936
-1265
-1431
-1469
-1480
-1536
-1612
-1619
-1540
-1467
-1529
-1747
-2009
-2195
-2311
-2497
-2845
-3287
-3645
-3813
-3799
-3652
-3394
-3051
-2713
-2493
-2422
-2434
-2411
-2310
-2178
-2093
-2073
-2093
-2136
-2194
-2238
-2176
-1899
-1362
-655
6
440
611
651
730
940
1216
1406
1438
1414
1485
1691
1926
2087
2191
2341
2587
2835
2931
2799
2578
2498
2667
2961
3163
3197
3152
3134
3156
3174
3154
3090
2966
2728
2349
1899
1532
1355
1333
1311
1169
927
717
633
642
610
435
115
-248
-544
-763
-993
-1316
-1711
-2085
-2351
-2474
-2486
-2450
-2405
-2354
-2287
-2225
-2222
-2342
-2585
-2841
-2931
-2758
-2402
-2080
-1984
-2154
-2451
-2664
-2683
-2567
-2449
-2409
-2408
-2363
-2226
-1986
-1662
-1263
-822
-408
-123
-21
-5
115
441
838
1069
1021
823
722
870
1238
1666
2008
2209
2301
2338
2345
2335
2346
2430
2582
2725
2736
2581
2372
2308
2497
2806
2972
2809
2342
1759
1247
888
643
447
265
81
-111
-260
-229
90
629
1124
1312
1120
725
397
296
350
338
87
-397
-953
-1401
-1663
-1794
-1880
-1927
-1873
-1726
-1606
-1602
-1650
-1577
-1314
-984
-821
-918
-1151
-1323
-1354
-1314
-1298
-1324
-1338
-1310
-1250
-1180
-1073
-912
-738
-642
-669
-738
-711
-519
-270
-151
-269
-549
-821
-914
-754
-404
-46
112
6
-249
-460
-527
-469
-337
-161
18
153
223
291
441
705
1004
1186
1141
885
573
407
501
821
1198
1465
1553
1549
1582
1699
1837
1871
1751
1514
1229
935
670
507
502
610
731
782
760
726
755
851
921
872
694
445
176
-80
-284
-390
-398
-376
-420
-584
-784
-870
-749
-508
-320
-286
-365
-437
-453
-449
-501
-629
-773
-851
-846
-834
-887
-982
-1006
-910
-779
-751
-845
-935
-894
-724
-558
-527
-633
-774
-842
-813
-740
-687
-685
-698
-650
-493
-253
10
226
337
314
185
24
-112
-215
-285
-317
-299
-220
-78
109
284
385
380
306
252
289
404
518
549
500
467
580
902
1342
1721
1916
1937
1844
1633
1270
809
402
172
125
173
217
202
166
194
366
687
1074
1401
1539
1433
1112
663
192
-198
-434
-510
-493
-484
-559
-684
-756
-667
-412
-85
175
226
16
-380
-768
-1003
-1062
-1020
-926
-790
-621
-430
-255
-126
-69
-67
-97
-168
-341
-657
-1028
-1286
-1337
-1221
-1056
-937
-874
-818
-683
-440
-140
123
279
305
223
88
-19
-37
22
74
50
-59
-199
-325
-408
-448
-444
-378
-238
-53
100
203
295
418
559
658
689
685
721
822
922
925
816
658
521
430
387
385
391
366
283
137
-40
-172
-176
-41
169
363
507
611
699
770
787
706
520
279
55
-120
-271
-439
-604
-680
-607
-407
-182
-14
85
153
197
161
4
-240
-474
-641
-734
-762
-734
-663
-571
-467
-373
-329
-355
-430
-508
-582
-655
-723
-770
-769
-710
-585
-419
-237
-53
154
365
511
533
484
474
520
553
514
453
437
456
472
483
511
544
548
510
434
335
241
194
218
295
375
414
419
423
445
453
438
444
515
612
664
655
629
600
562
512
450
366
265
170
101
31
-78
-219
-339
-384
-353
-253
-95
90
208
180
8
-255
-550
-808
-936
-926
-877
-924
-1074
-1250
-1344
-1299
-1107
-834
-603
-485
-458
-432
-382
-340
-340
-386
-489
-652
-837
-956
-986
-960
-915
-864
-819
-804
-797
-729
-559
-333
-144
-37
16
80
182
313
451
623
855
1099
1242
1221
1096
946
805
662
525
424
403
487
652
805
856
794
705
686
748
780
685
482
285
182
175
229
335
513
730
865
791
517
186
-58
-178
-197
-135
-2
176
357
483
498
387
224
115
76
7
-201
-514
-779
-870
-800
-673
-565
-481
-398
-325
-275
-239
-201
-186
-222
-300
-409
-545
-692
-782
-752
-617
-479
-436
-502
-633
-760
-806
-706
-486
-254
-109
-65
-91
-137
-135
-26
167
341
406
361
268
191
175
244
408
632
841
959
955
874
803
785
785
732
617
504
469
514
598
696
824
985
1132
1197
1147
1014
855
698
529
331
140
25
-4
-14
-56
-117
-135
-76
39
136
131
-27
-292
-561
-750
-859
-944
-1036
-1101
-1090
-1019
-955
-956
-1019
-1113
-1214
-1328
-1463
-1613
-1716
-1698
-1538
-1309
-1109
-975
-879
-767
-622
-472
-361
-322
-372
-488
-602
-630
-541
-377
-204
-62
51
146
234
311
401
502
584
600
546
467
423
455
557
673
747
782
815
862
916
971
1033
1097
1158
1207
1213
1161
1090
1085
1174
1307
1413
1446
1411
1339
1277
1245
1228
1176
1059
863
595
291
9
-187
-271
-275
-266
-319
-455
-612
-697
-654
-520
-405
-409
-546
-734
-878
-947
-985
-1040
-1125
-1211
-1283
-1318
-1299
-1226
-1130
-1050
-1013
-1047
-1163
-1312
-1386
-1311
-1131
-955
-850
-791
-738
-662
-569
-456
-303
-94
142
343
457
489
495
519
569
617
652
674
692
701
709
734
789
873
980
1081
1130
1084
969
879
909
1057
1228
1309
1260
1110
903
678
466
322
266
255
199
73
-81
-200
-266
-265
-227
-205
-235
-292
-301
-249
-185
-166
-199
-261
-341
-406
-431
-423
-427
-473
-531
-575
-603
-621
-626
-603
-556
-479
-404
-378
-424
-504
-549
-534
-463
-347
-196
-18
167
346
479
527
480
393
347
366
405
392
307
176
68
27
70
161
257
341
400
432
434
421
394
345
251
100
-83
-233
-289
-247
-158
-86
-58
-54
-47
-35
-59
-139
-260
-376
-469
-523
-533
-509
-462
-395
-308
-238
-205
-202
-220
-270
-355
-439
-510
-572
-632
-667
-667
-642
-627
-640
-680
-712
-705
-657
-565
-451
-337
-265
-218
-154
-65
19
49
23
-18
-20
60
194
335
451
556
683
823
941
1021
1069
1092
1077
1026
941
826
706
638
670
773
860
870
808
737
722
782
879
938
925
878
847
816
746
623
497
416
386
374
342
277
187
75
-63
-231
-405
-549
-626
-616
-528
-402
-314
-311
-378
-438
-437
-392
-362
-376
-415
-460
-513
-600
-728
-877
-979
-996
-932
-831
-745
-696
-683
-663
-611
-538
-492
-476
-476
-483
-512
-571
-637
-684
-699
-690
-657
-584
-440
-222
26
233
365
426
442
438
444
460
455
407
339
303
319
354
369
351
335
363
453
567
653
690
715
754
792
783
713
639
631
681
699
605
415
225
112
84
107
179
285
375
373
267
131
25
-30
-52
-46
-26
-24
-75
-157
-226
-246
-215
-159
-119
-137
-236
-387
-538
-662
-772
-901
-1045
-1183
-1265
-1274
-1217
-1138
-1090
-1118
-1207
-1275
-1256
-1123
-929
-751
-643
-594
-544
-461
-338
-179
31
290
538
699
717
621
484
358
297
312
383
446
455
427
418
470
567
684
803
922
1012
1056
1067
1069
1063
1021
948
860
792
760
758
762
750
736
727
708
674
652
691
777
849
848
780
678
565
441
307
190
107
70
56
29
-16
-59
-107
-217
-395
-570
-661
-686
-713
-773
-834
-847
-798
-726
-676
-652
-631
-613
-622
-664
-723
-787
-876
-997
-1116
-1181
-1163
-1091
-1005
-926
-846
-762
-688
-651
-667
-722
-778
-793
-732
-597
-433
-302
-222
-149
-28
140
285
338
293
209
141
96
60
45
78
174
303
414
478
508
539
594
665
721
735
696
625
552
478
392
297
238
222
227
208
162
109
70
54
64
92
134
187
243
283
307
335
388
440
447
393
308
230
193
229
336
445
471
396
293
243
270
333
392
435
453
445
401
314
196
88
39
48
52
4
-93
-154
-140
-36
71
160
167
188
142
72
-108
-251
-290
-296
-310
-398
-204
110
459
276
-142
-572
-425
38
450
257
-378
-1064
-1308
-1052
-523
-132
-194
-650
-1111
-1245
-1072
-926
-888
-818
-573
-306
-169
-62
102
269
191
-55
-304
-343
-345
-378
-467
-339
-54
145
-76
-487
-624
-233
308
515
275
-98
-289
-263
-115
111
382
594
672
783
1110
1568
1801
1602
1116
698
549
613
703
747
781
810
793
716
650
629
631
625
614
603
555
447
281
119
-24
-156
-307
-448
-555
-595
-551
-444
-358
-381
-498
