63.722625
41.162735
-36.929190
-108.079611
-132.374877
-122.830308
-108.947299
-79.445905
-3.089356
99.297835
179.125137
202.552715
189.537394
180.860513
183.463577
176.522073
159.168312
154.829871
173.919009
183.463577
155.697559
92.356331
22.073598
-26.516933
-33.458438
-4.824732
14.264406
-13.501612
-84.652033
-149.728638
-172.288527
-150.596326
-114.153427
-91.593538
-82.048969
-78.578217
-82.048969
-121.962620
-204.392986
-291.161792
-331.943130
-322.398562
-297.235608
-285.087975
-270.337278
-226.085187
-174.891592
-167.950087
-221.746747
-290.294104
-300.706360
-232.159004
-116.756492
-10.030860
42.898112
32.485855
-19.575429
-75.107465
-111.550363
-114.153427
-74.239777
-7.427796
40.295047
26.412038
-39.532254
-102.873483
-122.830308
-108.947299
-103.741171
-128.036436
-158.405518
-162.743959
-141.919445
-125.433372
-116.756492
-88.122786
-22.178493
53.310368
92.356331
91.488643
75.870258
63.722625
29.015103
-27.384621
-63.827520
-23.046181
87.150203
207.758843
283.247704
293.659961
257.217062
200.817339
157.432936
153.962183
205.155779
291.924585
367.413446
380.428767
310.146034
186.934330
58.516497
-31.723062
-62.092144
-48.209135
-17.840053
2.116773
10.793653
13.396718
10.793653
-2.221668
-13.501612
3.852149
44.633488
77.605634
76.737946
49.839616
13.396718
-33.458438
-75.975153
-84.652033
-49.076823
9.925965
67.193377
115.783909
147.888367
157.432936
140.946862
103.636276
53.310368
9.058277
-7.427796
4.719837
22.941286
10.793653
-35.193814
-78.578217
-84.652033
-63.827520
-58.621391
-85.519721
-106.344235
-89.858162
-46.473759
0.381397
35.956607
64.590313
87.150203
101.900900
93.224019
47.236552
-19.575429
-71.636712
-80.313593
-53.415263
-10.898548
29.015103
53.310368
64.590313
72.399506
85.414827
90.620955
96.694771
132.269982
199.949650
254.613998
243.334054
184.331265
119.254661
63.722625
24.676662
15.999782
39.427359
70.664130
94.091707
119.254661
143.549927
146.152991
114.916221
61.119561
6.455213
-24.781557
-4.824732
61.987249
149.623743
215.568036
253.746310
268.497007
265.893943
251.143246
225.112604
185.198953
127.063853
50.707304
-33.458438
-100.270418
-139.316381
-137.581005
-106.344235
-56.018327
-10.898548
2.116773
-32.590750
-106.344235
-184.436160
-238.232820
-245.174324
-214.805242
-188.774601
-207.863738
-292.029480
-396.152047
-469.037844
-489.862357
-477.714725
-449.948707
-403.093551
-315.457057
-183.568472
-46.473759
45.501176
68.061065
42.898112
8.190589
-18.707741
-36.929190
-63.827520
-104.608859
-152.331702
-194.848417
-222.614435
-233.026692
-227.820563
-206.128362
-164.479335
-105.476547
-55.150639
-54.282951
-115.021115
-189.642289
-224.349811
-197.451481
-134.977941
-75.975153
-48.209135
-68.165960
-128.904124
-206.128362
-246.042012
-205.260674
-95.931978
29.882791
119.254661
167.845192
189.537394
174.786697
110.577780
15.999782
-46.473759
-37.796878
17.735158
54.178056
47.236552
18.602846
3.852149
-8.295484
-38.664566
-88.990474
-133.242565
-139.316381
-93.328914
-11.766236
49.839616
49.839616
8.190589
-21.310805
0.381397
67.193377
158.300624
252.878622
322.293667
344.853557
312.749098
254.613998
203.420403
185.198953
199.081962
203.420403
166.109816
90.620955
29.882791
15.132094
20.338222
18.602846
10.793653
20.338222
43.765800
64.590313
78.473322
83.679450
89.753267
99.297835
111.445468
121.857725
140.079174
172.183633
200.817339
205.155779
209.494219
245.937118
300.601465
312.749098
263.290879
193.008146
154.829871
168.712880
219.038788
264.158567
262.423191
210.361907
146.152991
110.577780
106.239340
101.900900
75.002570
48.971928
78.473322
182.595889
284.115392
273.703136
96.694771
-162.743959
-346.693827
-311.118617
-40.399942
325.764419
582.600085
599.086158
396.047152
98.430147
-164.479335
-332.810819
-409.167368
-408.299680
-341.487699
-255.586581
-227.820563
-302.441736
-443.007202
-568.821971
-624.354007
-595.720301
-501.142302
-371.856781
-229.555939
-75.107465
87.150203
200.817339
205.155779
98.430147
-49.944511
-156.670142
-164.479335
-72.504400
56.781121
116.651597
41.162735
-140.184069
-330.207754
-456.890211
-495.068486
-449.081019
-348.429204
-245.174324
-193.980729
-206.996050
-237.365132
-235.629756
-193.113041
-137.581005
-95.064290
-61.224456
-29.119997
9.058277
44.633488
57.648809
42.030424
9.925965
-5.692420
2.984461
37.691983
87.150203
134.873046
147.020679
107.107028
33.353543
-20.443117
-29.119997
-5.692420
36.824295
92.356331
142.682239
140.079174
55.913432
-68.165960
-152.331702
-153.199390
-92.461226
-17.840053
50.707304
95.827083
97.562459
69.796441
46.368864
55.913432
86.282515
116.651597
148.756055
176.522073
178.257449
134.005358
56.781121
-3.089356
-21.310805
-12.633924
-4.824732
-8.295484
-21.310805
-48.209135
-87.255097
-110.682675
-96.799666
-52.547575
2.984461
61.987249
120.990037
168.712880
217.303412
270.232383
324.029043
350.927373
354.398125
357.001189
355.265813
326.632107
269.364695
214.700348
167.845192
108.842404
35.088919
-22.178493
-41.267630
-36.929190
-36.061502
-36.929190
-31.723062
-23.046181
-25.649245
-27.384621
-29.119997
-33.458438
-41.267630
-43.003006
-29.987685
-29.987685
-52.547575
-66.430584
-29.119997
52.442680
116.651597
127.063853
80.208698
10.793653
-37.796878
-43.003006
-4.824732
48.104240
94.091707
118.386973
95.827083
10.793653
-122.830308
-239.100508
-303.309424
-342.355387
-407.431992
-495.936174
-561.880466
-555.806650
-486.391605
-401.358175
-351.899956
-354.503020
-386.607478
-395.284359
-329.340066
-187.906912
-29.987685
57.648809
48.104240
-15.236988
-52.547575
-31.723062
19.470534
45.501176
8.190589
-67.298272
-134.110253
-146.257886
-103.741171
-50.812199
-27.384621
-39.532254
-57.753703
-69.033648
-88.990474
-119.359556
-132.374877
-105.476547
-51.679887
-15.236988
-16.104677
-56.018327
-102.005794
-118.491868
-81.181281
-10.030860
69.796441
150.491431
224.244916
278.909264
303.204530
306.675282
303.204530
296.263025
284.983080
284.115392
313.616786
385.634895
488.022087
567.849388
576.526269
504.508160
415.136289
378.693391
411.665537
478.477518
536.612618
560.040196
543.554122
511.449664
492.360527
497.566655
493.228215
460.256069
414.268601
389.973336
394.311776
416.003978
430.754675
417.739354
395.179464
374.354951
357.868877
328.367483
278.909264
234.657173
212.097283
223.377228
243.334054
242.466365
195.611210
113.180844
24.676662
-45.606071
-100.270418
-171.420839
-279.881847
-405.696616
-502.009990
-539.320577
-550.600522
-594.852613
-698.975180
-823.054573
-896.808058
-879.454297
-810.906940
-764.051784
-787.479362
-854.291343
-914.161819
-954.075470
-981.841488
-1013.945946
-1035.638147
-1038.241212
-1026.093579
-1005.269065
-975.767671
-934.986332
-896.808058
-857.762095
-794.420867
-674.679914
-503.745366
-310.250929
-146.257886
-55.150639
-40.399942
-56.886015
-25.649245
131.402294
433.357739
817.743549
1159.612645
1364.387027
1429.463632
1415.580623
1377.402348
1334.017945
1284.559726
1230.763066
1168.289526
1081.520720
960.044391
798.654412
594.747718
357.001189
119.254661
-67.298272
-166.214711
-152.331702
-4.824732
256.349374
534.877242
709.282542
720.562487
625.984488
548.760251
558.304819
619.910672
621.646048
501.037407
291.924585
52.442680
-201.789921
-475.111660
-737.153455
-948.869341
-1098.111688
-1222.191080
-1367.094986
-1546.706415
-1742.803916
-1926.753785
-2102.894462
-2265.152129
-2388.363833
-2445.631245
-2446.498933
-2424.806732
-2381.422329
-2311.139596
-2203.546277
-2025.670224
-1723.714779
-1299.415318
-870.777416
-587.911108
-506.348431
-526.305256
-469.905532
-193.113041
322.293667
957.441327
1533.586199
1924.913514
2107.995695
2146.173970
2129.687897
2129.687897
2172.204612
2239.016592
2275.459491
2226.001271
2076.758925
1866.778414
1654.194840
1481.524916
1358.313211
1269.809029
1214.276993
1224.689250
1347.033266
1575.235226
1842.483149
2063.743604
2181.749180
2204.309070
2197.367565
2239.016592
2334.462279
2406.480388
2374.375930
2209.515198
1916.236634
1533.586199
1128.375875
785.639091
519.258857
276.306200
-3.089356
-318.927810
-637.369328
-934.986332
-1213.514200
-1469.482178
-1683.801128
-1840.852667
-1957.122867
-2083.805324
-2257.342936
-2448.234310
-2587.064399
-2633.051866
-2613.095041
-2598.344344
-2632.184178
-2719.820672
-2835.223184
-2960.170265
-3082.514282
-3177.092280
-3219.608995
-3187.504537
-3079.043529
-2872.533771
-2541.944620
-2123.718975
-1742.803916
-1544.971039
-1555.383295
-1631.739845
-1542.367975
-1127.613082
-399.622799
467.197573
1251.587580
1810.378690
2133.158649
2312.770077
2451.600167
2609.519394
2794.336951
2980.889884
3107.572341
3121.455349
3031.215791
2908.004087
2795.204639
2676.331375
2509.735267
2275.459491
1996.931623
1744.434398
1598.662804
1583.044419
1647.253335
1714.065316
1722.742196
1651.591775
1524.041630
1373.931596
1244.646075
1165.686462
1142.258884
1121.434371
1016.444115
792.580596
489.757463
195.611210
-26.516933
-163.611647
-265.131150
-383.136726
-523.702192
-652.987713
-761.448720
-896.808058
-1095.508624
-1348.873537
-1599.635387
-1793.997512
-1904.193896
-1946.710611
-1964.932060
-2016.125655
-2136.734296
-2328.493357
-2556.695317
-2770.146580
-2904.638229
-2926.330431
-2875.136835
-2849.106193
-2904.638229
-3025.246870
-3155.400079
-3247.375013
-3222.212059
-2974.920962
-2484.677208
-1884.237070
-1406.140949
-1204.837319
-1225.661833
-1250.824786
-1039.976588
-495.068486
297.130713
1141.391196
1845.086213
2308.431637
2535.765909
2593.033321
2578.282624
2573.944183
2634.682348
2749.217172
2863.751996
2908.004087
2832.515225
2645.962292
2396.068131
2119.275640
1818.187883
1506.687869
1255.058332
1145.729636
1190.849415
1321.002624
1449.420457
1517.967814
1524.909319
1490.201796
1445.949705
1413.845247
1410.374495
1445.949705
1483.260292
1454.626586
1314.928808
1091.065288
861.995640
693.664157
576.526269
450.711500
273.703136
57.648809
-147.125574
-306.780177
-407.431992
-453.419459
-477.714725
-534.114449
-640.840080
-754.507216
-829.996077
-875.115856
-929.780204
-1028.696643
-1186.615870
-1393.125628
-1621.327588
-1833.911163
-2016.125655
-2183.589451
-2354.523999
-2535.870804
-2731.100617
-2938.478064
-3135.443253
-3255.184206
-3216.138243
-2991.407035
-2651.273316
-2321.551853
-2097.688333
-1989.227326
-1927.621473
-1786.188320
-1453.863792
-875.983544
-104.608859
704.944102
1375.666972
1805.172562
2044.654467
2227.736647
2440.320222
2659.845301
2828.176785
2924.490160
2951.388490
2905.401022
2772.644749
2548.781230
2241.619656
1878.058359
1507.555557
1186.510975
966.985896
900.173915
1006.031858
1229.027690
1439.008201
1518.835502
1441.611265
1274.147469
1146.597324
1158.744957
1312.325744
1499.746365
1586.515171
1517.967814
1325.341065
1074.579215
819.478926
582.600085
370.884198
180.860513
-1.353979
-191.377665
-374.459845
-527.172944
-656.458465
-814.377692
-1044.315028
-1313.298327
-1538.029534
-1637.813661
-1605.709203
-1527.617278
-1532.823406
-1694.213385
-1969.270500
-2243.459927
-2421.335980
-2479.471080
-2449.101998
-2392.702274
-2389.231521
-2521.987795
-2819.604799
-3184.033785
-3453.884771
-3506.813743
-3328.070003
-2990.539347
-2592.270528
-2248.666056
-2054.303930
-2019.596408
-2036.082481
-1907.664648
-1483.365186
-745.830335
169.580568
1056.357766
1743.566710
2171.336923
2394.332755
2516.676771
2628.608531
2752.687924
2865.487372
2934.034728
2961.800746
2957.462306
2900.194894
2744.011043
2468.086240
2102.789567
1723.609884
1426.860568
1283.692038
1307.119615
1462.435778
1672.416289
1835.541644
1861.572286
1734.889829
1538.792328
1394.756110
1386.079229
1498.010989
1629.031886
1662.004032
1558.749153
1380.873101
1220.350809
1123.169747
1067.637711
1005.164170
898.438539
721.430175
473.271389
200.817339
-19.575429
-164.479335
-288.558727
-476.847037
-732.815014
-977.503047
-1131.951522
-1201.366567
-1258.633979
-1374.036491
-1564.927864
-1791.394448
-2000.507270
-2161.029562
-2276.432074
-2363.200880
-2439.557429
-2533.267739
-2686.848526
-2913.315110
-3164.076959
-3345.423764
-3371.454406
-3203.990610
-2868.195331
-2450.837374
-2080.334572
-1859.074117
-1794.865200
-1779.246815
-1632.607533
-1210.911136
-493.333110
386.502583
1212.541617
1829.467828
2213.853638
2448.997103
2619.063963
2761.364804
2865.487372
2909.739463
2886.311885
2806.484584
2694.552824
2560.928863
2389.994315
2143.570906
1792.157241
1344.430202
875.878649
499.302031
349.191997
473.271389
776.094523
1058.960830
1189.114039
1186.510975
1154.406517
1153.538829
1182.172535
1222.086186
1261.999836
1273.279781
1235.969194
1165.686462
1084.123784
996.487290
850.715696
607.763039
278.041576
-62.959832
-315.457057
-416.976560
-397.887423
-387.475166
-502.877678
-755.374904
-1049.521156
-1280.326180
-1394.861004
-1412.214766
-1400.934821
-1460.805297
-1654.299734
-1960.593620
-2272.961321
-2479.471080
-2544.547684
-2531.532363
-2535.870804
-2617.433481
-2783.161901
-3015.702301
-3280.347159
-3500.739927
-3552.801210
-3333.276131
-2862.989202
-2317.213412
-1911.135400
-1741.936228
-1739.333164
-1728.053219
-1518.940397
-1007.872129
-230.423627
658.088946
1482.392604
2143.570906
2608.651706
2881.105757
2980.022196
2957.462306
2886.311885
2842.927482
2855.075115
2896.724142
2904.533334
2825.573721
2611.254770
2241.619656
1763.523535
1284.559726
936.616814
809.066669
922.733805
1210.806241
1519.703190
1682.828546
1607.339684
1354.842459
1081.520720
932.278373
951.367511
1080.653032
1213.409305
1262.867524
1220.350809
1142.258884
1085.859160
1034.665564
924.469181
716.224046
456.785316
225.112604
63.722625
-51.679887
-177.494656
-349.296892
-562.748155
-777.934793
-938.457085
-993.121432
-944.530901
-857.762095
-839.540646
-959.281598
-1191.821998
-1443.451536
-1629.136781
-1746.274669
-1838.249603
-1940.636794
-2049.097802
-2166.235690
-2325.022605
-2552.356877
-2821.340175
-3033.923750
-3069.498961
-2861.253826
-2457.778878
-2012.654903
-1696.816449
-1575.340121
-1579.678561
-1532.823406
-1272.516988
-746.698023
-15.236988
801.257476
1572.632162
2185.219932
2573.076495
2751.820236
2789.998510
2786.527758
2817.764528
2900.194894
2972.213003
2950.520802
2775.247813
2435.981782
1953.547220
1379.137724
797.786724
304.072218
-14.369300
-115.888803
-27.384621
166.109816
352.662749
438.563867
377.825703
235.524861
137.476110
167.845192
317.955227
518.391169
701.473349
823.817366
861.127952
819.478926
730.107055
625.984488
517.523481
383.899519
212.964971
40.295047
-69.033648
-102.873483
-105.476547
-124.565684
-176.626968
-253.851205
-343.223075
-419.579625
-482.053165
-572.292723
-747.565711
-1009.607506
-1297.679942
-1539.764910
-1695.081073
-1762.760742
-1784.452943
-1821.763530
-1922.415345
-2109.835966
-2381.422329
-2706.805351
-3000.951604
-3154.532391
-3088.588098
-2811.795607
-2416.997539
-2043.023985
-1801.806705
-1728.920908
-1756.686925
-1734.994724
-1504.189700
-989.650680
-262.528086
526.200361
1209.070865
1700.182307
1992.593183
2126.217144
2157.453914
2144.438594
2148.777034
2192.161437
2248.561161
2272.856427
2222.530519
2058.537476
1762.655847
1373.931596
977.398153
662.427387
476.742142
432.490051
520.126545
704.076414
897.570851
994.751914
946.161382
822.081990
743.990064
781.300651
911.453860
1072.843839
1215.144681
1321.002624
1406.903742
1491.937172
1566.558345
1583.912107
1514.497062
1360.048587
1166.554150
1007.767235
937.484502
935.749126
918.395364
816.875861
640.735185
429.886986
232.054109
77.605634
-29.119997
-142.787133
-330.207754
-605.264869
-915.029507
-1197.028127
-1424.362398
-1600.503075
-1743.671605
-1871.221749
-2007.448775
-2189.663268
-2449.969686
-2794.441846
-3164.944647
-3446.943267
-3526.770568
-3344.556076
-2956.699513
-2521.987795
-2223.503102
-2133.263544
-2174.044882
-2168.838754
-1961.461308
-1490.306691
-806.568499
-36.061502
686.722652
1245.513763
1604.736620
1812.114067
1944.870340
2044.654467
2123.614080
2200.838318
2275.459491
2305.828573
2238.148904
2053.331347
1759.185095
1366.990092
914.056924
499.302031
251.143246
239.863301
452.446876
771.756082
1064.166959
1229.895378
1249.852203
1171.760278
1070.240775
1022.517932
1078.917656
1244.646075
1453.758898
1596.059739
1608.207372
1517.967814
1399.962238
1300.178111
1194.320168
1042.474757
835.097311
612.101479
417.739354
271.100071
140.946862
9.058277
-111.550363
-181.833096
-184.436160
-161.876271
-194.848417
-357.106084
-646.046208
-987.915304
-1298.547630
-1531.955718
-1676.859624
-1747.142357
-1770.569934
-1798.335952
-1892.913951
-2102.894462
-2423.071356
-2796.177222
-3133.707877
-3341.085324
-3308.113177
-2978.391714
-2457.778878
-1984.021197
-1771.437622
-1846.926484
-2062.980811
-2168.838754
-1941.504482
-1302.886070
-362.312213
660.692011
1534.453887
2076.758925
2234.678152
2121.011016
1973.504046
2023.829953
2366.566737
2888.914949
3332.303548
3455.515253
3190.002706
2635.550036
1951.811844
1259.396772
652.015130
236.392549
109.710092
271.100071
577.393957
831.626558
907.983108
784.771403
534.009554
286.718457
207.758843
383.899519
750.931569
1142.258884
1420.786751
1528.380071
1478.054163
1332.282569
1176.966406
1063.299270
960.044391
792.580596
522.729609
204.288091
-75.975153
-266.866526
-382.269038
-454.287147
-495.068486
-532.379072
-604.397181
-737.153455
-912.426443
-1098.111688
-1283.796933
-1478.159058
-1660.373551
-1800.939017
-1877.295566
-1895.517015
-1881.634006
-1871.221749
-1940.636794
-2163.632626
-2548.886124
-2991.407035
-3327.202315
-3417.441873
-3216.138243
-2781.426525
-2246.062991
-1804.409769
-1599.635387
-1640.416725
-1765.363806
-1754.083861
-1453.863792
-867.306664
-132.374877
586.070837
1173.495654
1609.942748
1905.824377
2078.494301
2153.983162
2193.896813
2258.105729
2371.772865
2501.058386
2583.488752
2547.913542
2353.551416
2015.153073
1606.471996
1219.483121
920.998429
763.946890
776.094523
923.601493
1081.520720
1110.154426
986.075033
793.448284
658.088946
650.279754
762.211514
930.542997
1081.520720
1185.643287
1250.719891
1303.648863
1341.827138
1339.224074
1254.190644
1066.770023
809.934357
566.114012
409.062473
356.133501
363.075006
376.090327
364.810382
332.705924
276.306200
174.786697
0.381397
-239.100508
-515.892999
-801.362371
-1065.139541
-1266.443171
-1365.359610
-1392.257940
-1422.627022
-1537.161846
-1747.142357
-2035.214793
-2376.216201
-2725.894489
-3007.025420
-3142.384758
-3085.117346
-2853.444634
-2511.575538
-2173.177194
-1959.725932
-1935.430666
-2056.906994
-2172.309506
-2106.365214
-1745.406981
-1109.391632
-336.281571
402.988657
986.942721
1394.756110
1684.563922
1922.310450
2130.555585
2304.093197
2448.129415
2560.928863
2603.445577
2522.750588
2295.416316
1931.855019
1468.509595
985.207345
594.747718
379.561079
349.191997
450.711500
610.366103
753.534633
816.875861
780.432963
695.399533
658.956634
744.857752
953.102887
1209.070865
1407.771430
1480.657227
1445.082017
1383.476165
1370.460844
1385.211541
1354.842459
1214.276993
977.398153
712.753294
483.683646
320.558291
217.303412
161.771376
131.402294
99.297835
28.147415
-85.519721
-206.128362
-292.029480
-378.798286
-577.498852
-949.737029
-1400.934821
-1743.671605
-1872.957126
-1853.000300
-1850.397236
-2002.242647
-2346.714806
-2830.017056
-3382.734350
-3900.744122
-4195.758063
-4037.838836
-3344.556076
-2303.330403
-1267.310859
-544.526705
-251.248141
-280.749535
-371.856781
-259.925021
169.580568
852.451072
1609.075060
2208.647510
2455.070919
2275.459491
1770.465040
1158.744957
673.707331
471.536013
549.627939
773.491458
973.927400
1049.416262
958.309015
719.694799
433.357739
236.392549
232.921797
437.696179
810.802045
1268.073653
1694.976178
1972.636358
2021.226889
1865.043038
1595.192051
1352.239395
1225.556938
1193.452480
1126.640499
893.232411
508.846600
112.313156
-174.891592
-354.503020
-502.877678
-659.929217
-804.833123
-904.617250
-928.044828
-869.042040
-738.888831
-574.895787
-392.681295
-212.202178
-50.812199
83.679450
195.611210
269.364695
241.598677
33.353543
-397.019735
-1007.004441
-1659.505863
-2162.764938
-2383.157705
-2354.523999
-2272.093633
-2343.244054
-2647.802563
-3113.751052
-3570.154971
-3762.781721
-3421.780313
-2437.822053
-1008.739817
459.388381
1557.013777
2043.786779
1926.648890
1453.758898
1018.179491
944.426006
1300.178111
1891.073680
2385.655874
2488.910754
2069.817420
1222.953874
257.217062
-475.111660
-752.771840
-578.366540
-89.858162
528.803425
1107.551362
1506.687869
1672.416289
1659.400968
1576.102914
1510.158622
1503.217117
1579.573666
1744.434398
1937.061147
2038.580650
1934.458083
1581.309042
1043.342445
464.594509
-25.649245
-362.312213
-547.129769
-610.470998
-593.117237
-534.114449
-436.933386
-302.441736
-160.140895
-38.664566
74.134882
217.303412
396.047152
545.289498
595.615406
528.803425
376.090327
193.008146
26.412038
-81.181281
-128.904124
-161.008583
-277.278783
-563.615843
-1040.844276
-1642.152101
-2219.164662
-2606.153536
-2690.319278
-2495.957153
-2190.530956
-1961.461308
-1944.107546
-2181.854075
-2584.461335
-2820.472487
-2437.822053
-1242.147906
481.948270
2139.232465
3190.002706
3369.614135
2726.657282
1623.825757
625.984488
199.081962
405.591721
899.306227
1209.938553
1019.914867
275.438512
-833.466829
-1918.076905
-2549.753813
-2496.824841
-1813.954337
-748.433399
431.622363
1478.921851
2186.955309
2452.467855
2328.388462
1983.916302
1580.441354
1245.513763
1083.256096
1121.434371
1236.836883
1225.556938
953.970575
435.093115
-220.011371
-868.174352
-1347.138161
-1531.955718
-1376.639555
-936.721708
-361.444525
166.977504
529.671113
734.445496
831.626558
861.127952
860.260264
872.407897
901.041603
865.466393
684.987276
348.324309
-84.652033
-510.686871
-797.023931
-822.186885
-626.089383
-411.770432
-425.653441
-776.199417
-1401.802509
-2154.088057
-2795.309534
-3062.557456
-2827.413992
-2262.549065
-1733.259348
-1533.691094
-1753.216173
-2256.475248
-2692.054654
-2569.710638
-1544.103351
238.995613
2149.644722
3445.970684
3717.557047
3037.289608
1840.747772
708.414854
139.211486
326.632107
1006.899547
1609.075060
1607.339684
841.171127
-436.933386
-1732.391660
-2536.738492
-2532.400051
-1709.831770
-357.973772
1071.108463
2162.660043
2689.346695
2668.522182
2319.711582
1916.236634
1642.047207
1533.586199
1513.629374
1477.186475
1329.679505
1026.856372
572.187828
24.676662
-508.951495
-866.438976
-915.029507
-669.473786
-274.675718
95.827083
335.308988
406.459409
348.324309
265.893943
256.349374
360.471942
566.114012
831.626558
1043.342445
1024.253308
660.692011
0.381397
-767.522537
-1434.774655
-1838.249603
-1877.295566
-1564.927864
-1086.831743
-763.184096
-856.894407
-1420.891646
-2258.210624
-3054.748264
-3494.666110
-3394.881983
-2829.149368
-2127.189727
-1678.595000
-1693.345697
-2089.011453
-2519.384730
-2488.147960
-1630.004469
-8.295484
1856.366158
3308.875971
3929.272934
3642.935874
2678.934439
1524.909319
755.270009
694.531845
1179.569471
1703.653059
1780.877296
1207.335488
127.063853
-1052.124221
-1844.323420
-1907.664648
-1197.895815
41.162735
1401.697614
2477.630809
3026.009663
3047.701864
2726.657282
2309.299325
1996.063935
1890.205992
1933.590395
1936.193459
1673.283977
1069.373087
262.423191
-519.363751
-1086.831743
-1338.461280
-1243.883282
-870.777416
-370.121405
82.811762
383.031831
493.228215
437.696179
299.733777
182.595889
147.020679
203.420403
378.693391
664.162763
929.675309
946.161382
572.187828
-132.374877
-966.223103
-1685.536505
-2082.069948
-2050.833178
-1675.124248
-1213.514200
-966.223103
-1131.951522
-1716.773275
-2522.855483
-3207.461362
-3425.251065
-3064.292832
-2348.450183
-1715.037899
-1513.734269
-1807.880521
-2318.081100
-2528.929299
-1961.461308
-502.877678
1444.214329
3190.870394
4141.856508
4066.367647
3140.544487
1852.895405
809.934357
447.240748
781.300651
1402.565302
1747.905150
1442.478953
489.757463
-767.522537
-1847.794172
-2337.170238
-2037.817857
-1025.225891
369.148822
1683.696234
2524.485964
2736.201851
2409.083452
1793.892617
1184.775599
834.229623
834.229623
1057.225454
1212.541617
1020.782556
389.105648
-535.849825
-1430.436215
-1958.858244
-1927.621473
-1400.067133
-625.221695
117.519285
632.925993
810.802045
639.867497
264.158567
-55.150639
-141.051757
-3.089356
271.967759
637.264433
995.619602
1140.523508
878.481714
204.288091
-696.372116
-1551.912543
-2095.085269
-2154.088057
-1755.819237
-1144.966843
-667.738410
-608.735622
-1077.287174
-1944.107546
-2866.459955
-3425.251065
-3367.983653
-2779.691149
-2004.845711
-1452.996104
-1394.861004
-1798.335952
-2245.195303
-2134.131232
-1132.819210
551.363315
2324.050022
3584.800774
3994.349538
3529.268738
2491.513818
1400.829926
778.697587
848.112632
1373.063908
1817.320195
1697.579243
891.497035
-331.075442
-1506.792764
-2210.487781
-2188.795579
-1380.977995
35.088919
1635.973390
2894.121078
3435.558427
3207.356467
2445.526351
1522.306254
805.595917
542.686434
737.048560
1115.360554
1268.941341
927.072245
144.417615
-780.537858
-1508.528140
-1793.997512
-1521.543461
-749.301087
268.497007
1169.157214
1661.136344
1667.210160
1334.017945
913.189236
596.483094
432.490051
391.708712
465.462197
665.030451
925.336869
1082.388408
965.250520
525.332673
-161.876271
-911.558755
-1479.026746
-1629.136781
-1302.886070
-706.784373
-224.349811
-214.805242
-797.023931
-1826.969658
-2938.478064
-3681.219043
-3702.911245
-2998.348540
-1978.815069
-1230.000273
-1131.083834
-1612.650707
-2179.251011
-2179.251011
-1220.455704
553.966379
2509.735267
3886.756219
4194.785480
3436.426115
2070.685108
803.860540
219.038788
448.108436
1100.609857
1547.469208
1324.473377
355.265813
-1058.198037
-2374.480824
-3043.468319
-2753.660507
-1589.223130
34.221231
1583.044419
2612.990146
2891.518014
2432.511030
1486.731044
456.785316
-259.057333
-449.948707
-180.965408
265.026255
542.686434
414.268601
-178.362344
-1066.874918
-1899.855455
-2254.739872
-1881.634006
-863.835911
421.210106
1495.407925
2009.946944
1875.455295
1287.162790
588.673902
58.516497
-203.525298
-213.069866
0.381397
371.751886
731.842431
868.069457
662.427387
156.565247
-487.259293
-1040.844276
-1265.575483
-1030.432019
-443.874890
167.845192
441.166931
152.226807
-692.033675
-1880.766318
-3035.659126
-3731.544951
-3690.763612
-3008.760796
-2124.586663
-1572.737057
-1650.828982
-2282.505890
-2998.348540
-3099.000355
-2077.731508
-52.547575
2206.912134
3796.516660
4224.286874
3580.462333
2344.006847
1157.009581
591.276966
835.964999
1538.792328
2003.005440
1668.077848
448.976124
-1256.898603
-2765.808140
-3438.266386
-2969.714834
-1574.472433
176.522073
1660.268656
2457.673983
2448.129415
1809.511002
945.293694
300.601465
160.903688
532.274178
1182.172535
1734.889829
1848.556965
1394.756110
525.332673
-408.299680
-1012.210570
-1006.136753
-326.737002
802.992852
1954.414908
2690.214384
2779.586254
2298.019380
1560.484529
953.970575
735.313184
934.013749
1369.593156
1779.141920
1928.384267
1748.772838
1319.267248
762.211514
179.125137
-318.060122
-569.689659
-484.656229
-130.639500
274.570824
499.302031
366.545758
-209.599114
-1167.526733
-2274.696697
-3170.150776
-3525.902880
-3243.036573
-2561.033757
-1930.224538
-1746.274669
-2162.764938
-3034.791438
-3892.067242
-4067.340230
-3072.102025
-1035.638147
1282.824350
2972.213003
3528.401050
3008.655902
1876.322983
734.445496
86.282515
116.651597
593.880030
1009.502611
867.201769
-32.590750
-1465.143737
-2862.121514
-3588.376421
-3314.186994
-2195.737084
-716.328941
640.735185
1569.161410
1961.356413
1876.322983
1511.893998
1123.169747
907.115420
933.146061
1117.095930
1269.809029
1211.673929
885.423218
371.751886
-173.156215
-574.028099
-667.738410
-361.444525
278.041576
1020.782556
1577.838290
1767.861975
1604.736620
1264.602900
972.192024
856.789512
932.278373
1114.492866
1251.587580
1176.966406
848.980320
441.166931
182.595889
111.445468
64.590313
-102.873483
-362.312213
-585.308044
-698.107492
-733.682702
-772.728665
-916.764883
-1275.987740
-1889.443199
-2653.008692
-3336.746883
-3677.748291
-3524.167504
-2965.376393
-2366.671632
-2151.484993
-2496.824841
-3190.107601
-3733.280327
-3558.007339
-2334.567174
-233.894380
2064.611292
3717.557047
4206.065425
3568.314701
2302.357821
1058.093142
365.678070
408.194785
960.912079
1493.672548
1471.980347
656.353570
-718.064317
-2036.082481
-2642.596435
-2252.136808
-1082.493303
361.339630
1621.222693
2425.569525
2687.611319
2468.953928
1980.445550
1510.158622
1262.867524
1251.587580
1350.504018
1392.153045
1242.043011
841.171127
253.746310
-323.266250
-657.326153
-600.926429
-167.082399
481.948270
1088.462224
1428.595944
1393.888421
1074.579215
701.473349
527.935737
660.692011
992.148850
1291.501230
1343.562514
1088.462224
646.809002
226.847980
-34.326126
-165.347023
-255.586581
-344.958451
-404.828928
-423.050377
-422.182689
-436.065698
-493.333110
-646.046208
-959.281598
-1425.230086
-1952.784427
-2390.966898
-2623.507298
-2628.713426
-2521.120107
-2483.809520
-2626.978050
-2926.330431
-3232.624316
-3266.464150
-2672.965517
-1240.412530
815.140485
2850.736675
4141.856508
4330.144817
3568.314701
2352.683728
1241.175323
651.147442
691.061093
1091.932976
1350.504018
1040.739381
77.605634
-1235.206401
-2353.656311
-2790.971093
-2375.348512
-1321.107519
-41.267630
1095.403729
1854.630781
2131.423273
1952.679532
1489.334108
992.148850
641.602873
467.197573
390.841024
316.219851
178.257449
-68.165960
-426.521129
-833.466829
-1126.745394
-1135.422274
-802.230059
-242.571260
314.484474
663.295075
726.636303
589.541590
433.357739
409.062473
563.510948
827.288118
1059.828518
1102.345233
873.275585
479.345206
127.931541
-74.239777
-206.128362
-381.401350
-603.529493
-768.390225
-782.273234
-630.427823
-355.370708
-74.239777
47.236552
-125.433372
-601.794117
-1262.104731
-1903.326208
-2316.345724
-2372.745448
-2131.528168
-1830.440411
-1724.582467
-1941.504482
-2384.025393
-2696.393095
-2385.760769
-1126.745394
894.100099
2963.536123
4250.317516
4309.320304
3304.537530
1826.864764
567.849388
15.999782
278.041576
1039.871693
1699.314619
1652.459463
667.633515
-934.118644
-2440.425117
-3197.049106
-2917.653550
-1718.508651
-23.046181
1581.309042
2559.193486
2683.272879
2081.097365
1113.625178
217.303412
-240.835884
-117.624180
399.517904
920.998429
1080.653032
727.503991
-50.812199
-973.164607
-1655.167422
-1779.246815
-1275.120052
-373.592157
517.523481
1039.871693
1056.357766
710.150230
316.219851
188.669706
460.256069
1019.047179
1577.838290
1824.261699
1605.604308
1035.533253
420.342418
3.852149
-208.731426
-366.650653
-544.526705
-653.855401
-567.086595
-271.204966
105.371652
377.825703
383.899519
57.648809
-561.880466
-1353.211977
-2148.881929
-2729.365241
-2920.256614
-2728.497553
-2393.569962
-2213.958533
-2344.111742
-2714.614544
-3051.277511
-2924.595055
-1954.519803
-147.125574
1944.870340
3480.678206
3875.476274
3151.824432
1825.129387
569.584764
-91.593538
77.605634
906.247732
1848.556965
2206.912134
1531.850823
-63.827520
-1919.812281
-3182.298409
-3306.377801
-2330.228733
-747.565711
839.435751
1969.165605
2372.640553
1999.534688
1081.520720
119.254661
-386.607478
-218.275995
465.462197
1309.722680
1920.575074
1985.651679
1386.946917
311.881410
-792.685490
-1448.657664
-1388.787188
-688.562923
295.395337
1097.139105
1406.903742
1228.160002
831.626558
518.391169
481.080582
754.402321
1222.953874
1626.428822
1699.314619
1381.740789
833.361935
270.232383
-214.805242
-606.132558
-860.365159
-872.512792
-574.895787
-11.766236
641.602873
1156.141893
1314.928808
978.265841
134.873046
-1014.813634
-2110.703654
-2785.764965
-2881.210652
-2526.326235
-2064.716187
-1863.412557
-2111.571342
-2734.571369
-3433.927946
-3803.563060
-3471.238533
-2237.386111
-275.543407
1794.760305
3176.119697
3398.247841
2607.784018
1403.432990
433.357739
127.063853
576.526269
1504.952493
2307.563949
2339.668407
1304.516551
-514.157623
-2371.877760
-3471.238533
-3383.602038
-2211.355469
-456.022523
1248.116827
2323.182334
2423.834149
1586.515171
312.749098
-672.944538
-843.011398
-155.802454
993.884226
2051.595971
2550.516606
2230.339712
1120.566682
-393.548983
-1663.844303
-2113.306718
-1586.620066
-443.007202
736.180872
1497.143301
1674.151665
1356.577835
823.817366
463.726821
558.304819
1086.726848
1723.609884
2065.478980
1868.513790
1149.200388
174.786697
-692.033675
-1149.305283
-1085.964055
-595.720301
71.531818
671.104267
1070.240775
1247.249139
1182.172535
834.229623
241.598677
-447.345642
-1074.684110
-1585.752378
-1998.771894
-2320.684165
-2548.886124
-2718.952984
-2894.225972
-3113.751052
-3366.248277
-3618.745503
-3781.003170
-3663.865282
-2979.259402
-1548.441791
418.607042
2268.517986
3262.888503
3121.455349
2224.265895
1293.236606
865.466393
1065.902335
1670.680913
2279.797931
2424.701837
1719.271444
107.974716
-1932.827602
-3524.167504
-3868.639664
-2797.912598
-878.586608
970.456648
2011.682320
1949.208780
934.881438
-492.465422
-1538.897222
-1513.734269
-284.220287
1604.736620
3244.667054
3842.504128
3068.526378
1208.203177
-935.854020
-2407.452971
-2593.138216
-1529.352654
161.771376
1654.194840
2354.419104
2121.011016
1241.175323
240.730989
-344.090763
-201.789921
612.101479
1658.533280
2326.653086
2186.087620
1262.867524
52.442680
-831.731453
-1004.401377
-442.139514
578.261645
1617.751941
2227.736647
2166.130795
1518.835502
614.704543
-187.906912
-666.003034
-796.156243
-753.639528
-810.039252
-1172.732861
-1872.089437
-2737.174434
-3498.136862
-3926.774764
-3969.291479
-3741.957207
-3420.912625
-3151.929326
-2991.407035
-2824.810928
-2314.610348
-1129.348458
673.707331
2473.292368
3485.884335
3415.601602
2675.463686
1938.796523
1574.367538
1527.512383
1565.690657
1457.229650
980.868905
-0.486291
-1357.550418
-2579.255207
-3023.511493
-2408.320659
-1118.936201
72.399506
600.821534
452.446876
0.381397
-331.075442
-228.688251
483.683646
1744.434398
3117.116909
3943.155943
3752.264569
2599.974825
1008.634923
-384.872102
-1143.231467
-1139.760715
-523.702192
357.001189
1076.314591
1291.501230
911.453860
219.038788
-259.925021
-112.418051
655.485882
1655.930216
2406.480388
2575.679560
2047.257531
985.207345
-116.756492
-614.809438
-161.876271
960.044391
2062.875916
2565.267303
2330.991527
1576.970602
657.221258
-89.858162
-433.462634
-379.665974
-173.156215
-190.509977
-714.593565
-1761.893054
-3044.336007
-4115.063073
-4620.057524
-4500.316572
-3977.968360
-3389.675855
-3022.643805
-2995.745476
-3215.270555
-3376.660534
-3092.058850
-2062.113123
-294.632544
1773.935792
3392.174024
3904.977668
3205.621091
1832.070892
593.012342
35.088919
167.845192
600.821534
870.672521
661.559699
-105.476547
-1281.193868
-2494.221777
-3229.153564
-3077.308153
-2095.085269
-851.688279
-10.030860
231.186421
196.478898
311.881410
745.725440
1434.669760
2242.487344
2953.991554
3218.636412
2751.820236
1641.179519
340.515116
-648.649272
-1078.154862
-954.943158
-452.551771
157.432936
592.144654
685.854964
504.508160
326.632107
437.696179
907.983108
1540.527704
2044.654467
2232.075088
2022.094577
1431.199008
649.412066
96.694771
190.405082
961.779767
1943.134964
2498.455322
2324.050022
1597.795116
761.343825
170.448256
-65.562896
-29.119997
82.811762
24.676662
-426.521129
-1315.033703
-2429.145172
-3413.971121
-3979.703736
-4068.207918
-3795.753867
-3343.688388
-2868.195331
-2492.486401
-2301.595027
-2271.225945
-2291.182771
-2189.663268
-1801.806705
-960.149286
367.413446
1894.544432
2993.037517
3085.880139
2134.026337
762.211514
-192.245353
-274.675718
354.398125
1140.523508
1537.056951
1222.086186
200.817339
-1214.381888
-2428.277484
-2822.207863
-2145.411176
-777.934793
524.464985
1194.320168
1242.910699
1090.197600
1120.566682
1452.891210
2007.343880
2599.974825
2943.579297
2721.451154
1852.895405
678.045772
-247.777389
-555.806650
-259.057333
359.604254
980.001217
1360.048587
1382.608477
1087.594536
676.310396
446.373060
613.836855
1137.052756
1716.668380
2033.374522
1941.399587
1491.937172
837.700375
238.995613
38.559671
463.726821
1353.107083
2177.410740
2435.114094
1985.651679
1055.490078
-3.089356
-896.808058
-1435.642343
-1577.075497
-1471.217554
-1420.023958
-1702.022578
-2378.819265
-3242.168885
-3934.583957
-4200.096503
-4018.749699
-3558.007339
-3018.305365
-2545.415372
-2264.284441
-2265.152129
-2489.883336
-2716.349920
-2698.996159
-2298.991963
-1465.143737
-246.042012
1050.283950
1814.717131
1530.115447
333.573612
-920.235635
-1266.443171
-427.388817
1010.370299
2109.731071
2311.034701
1637.708766
457.653004
-835.202205
-1804.409769
-1975.344317
-1129.348458
317.087539
1504.952493
1846.821589
1505.820181
1086.726848
980.868905
1116.228242
1271.544405
1386.946917
1520.570878
1655.062528
1709.726875
1727.948325
1837.277020
2030.771458
2067.214356
1724.477572
1085.859160
523.597297
385.634895
709.282542
1247.249139
1683.696234
1807.775626
1549.204584
1003.428794
405.591721
64.590313
199.949650
829.023494
1756.582031
2671.125246
3270.697696
3337.509676
2785.660070
1733.154453
516.655792
-485.523917
-1065.139541
-1273.384676
-1290.738437
-1283.796933
-1389.654876
-1720.244027
-2308.536532
-3019.173053
-3586.641045
-3759.310969
-3480.783101
-2961.037953
-2520.252419
-2344.979430
-2408.320659
-2626.978050
-2955.831825
-3305.510113
-3469.503156
-3294.230168
-2825.678616
-2169.706442
-1327.181336
-362.312213
345.721245
348.324309
-317.192433
-960.149286
-829.128389
205.155779
1539.660016
2389.126627
2341.403783
1492.804860
243.334054
-915.897195
-1521.543461
-1266.443171
-235.629756
986.075033
1602.133556
1216.012369
183.463577
-702.445932
-850.820591
-217.408307
858.524888
1987.387055
2880.238069
3344.451181
3322.758979
2949.653114
2515.809083
2245.090409
2136.629401
2053.331347
1930.119643
1841.615461
1827.732452
1738.360581
1361.783963
705.811790
69.796441
-215.672930
-23.046181
570.452452
1418.183687
2305.828573
2931.431664
3043.363424
2663.316054
2094.980374
1638.576454
1332.282569
1018.179491
599.953846
134.005358
-292.029480
-642.575456
-948.869341
-1261.237043
-1636.078285
-2080.334572
-2505.501721
-2771.014268
-2788.368029
-2611.359665
-2434.351301
-2459.514254
-2743.248250
-3171.886152
-3544.992018
-3735.015703
-3709.852749
-3486.856918
-3110.280300
-2736.306746
-2615.698105
-2835.223184
-3072.969713
-2778.823460
-1754.951549
-471.640908
346.588933
463.726821
345.721245
639.867497
1506.687869
2470.689304
2882.841133
2512.338331
1690.637738
926.204557
449.843812
194.743522
100.165524
199.949650
376.090327
284.983080
-279.014159
-975.767671
-1103.317816
-268.601902
1202.129360
2553.987358
3229.916357
3198.679587
2818.632216
2525.353652
2582.621064
2967.006875
3386.100208
3454.647565
2944.446985
1930.987331
751.799257
-173.156215
-553.203586
-350.164580
228.583356
867.201769
1351.371706
1616.884253
1671.548601
1509.290933
1192.584791
901.909291
814.272797
939.219878
1122.302059
1204.732424
1113.625178
806.463605
232.921797
-561.880466
-1354.079665
-1819.160466
-1801.806705
-1474.688306
-1235.206401
-1382.713371
-1911.135400
-2594.005904
-3218.741307
-3683.822107
-3922.436324
-3876.448857
-3598.788677
-3269.067215
-3060.822080
-2983.597843
-2935.007311
-2872.533771
-2892.490596
-3127.634061
-3578.831852
-4040.441900
-4129.813770
-3464.297028
-2005.713399
-268.601902
961.779767
1262.867524
957.441327
817.743549
1353.107083
2359.625233
3194.341147
3395.644777
3012.126654
2364.831361
1667.210160
940.955254
231.186421
-281.617223
-455.154835
-414.373496
-413.505808
-480.317789
-330.207754
298.866089
1275.882845
2135.761713
2526.221340
2540.104349
2599.974825
3015.597406
3674.172644
4129.708876
3978.731153
3180.458138
2061.140540
1065.034647
509.714288
507.111224
953.970575
1506.687869
1703.653059
1281.088974
444.637683
-249.512765
-358.841460
120.990037
849.848008
1491.937172
1866.778414
1901.485937
1626.428822
1213.409305
899.306227
795.183660
796.919036
734.445496
488.889775
63.722625
-478.582413
-1084.228679
-1764.496118
-2517.649354
-3191.842977
-3507.681431
-3307.245489
-2751.925131
-2226.106166
-2072.525379
-2348.450183
-2852.576946
-3277.744095
-3422.648001
-3276.876407
-2955.831825
-2649.537939
-2599.212032
-3007.025420
-3794.886179
-4474.285930
-4417.018518
-3323.731562
-1485.968251
355.265813
1471.980347
1616.884253
1243.778387
1172.627966
1897.147496
3096.292396
3919.728365
3783.501339
2845.530546
1707.991499
793.448284
111.445468
-402.225863
-580.969604
-246.909701
362.207318
657.221258
359.604254
-93.328914
0.381397
808.198981
1826.864764
2512.338331
2849.001299
3196.944211
3696.732533
4016.909428
3726.233927
2815.161464
1755.714343
1058.093142
835.964999
845.509567
842.038815
779.565275
644.205937
306.675282
-281.617223
-815.245380
-830.863765
-220.011371
598.218470
1115.360554
1235.969194
1227.292314
1286.295102
1322.738001
1200.393984
965.250520
695.399533
264.158567
-534.982137
-1593.561570
-2424.806732
-2605.285848
-2256.475248
-1968.402812
-2219.164662
-2933.271935
-3623.083943
-3872.978104
-3641.305392
-3150.193950
-2653.876380
-2319.816477
-2259.946000
-2511.575538
-2958.434889
-3383.602038
-3647.379209
-3780.135482
-3873.845793
-3901.611810
-3741.957207
-3345.423764
-2781.426525
-2095.952957
-1209.175759
-88.122786
1036.400941
1779.141920
1999.534688
2023.829953
2351.816040
3099.763148
3792.178220
3807.796605
3027.745039
1986.519367
1344.430202
1307.987303
1603.868932
1878.058359
1968.297917
1834.673956
1479.789539
1047.680885
885.423218
1310.590368
2277.194867
3313.214411
3878.079338
3774.824459
3229.048669
2633.814660
2273.724115
2222.530519
2341.403783
2361.360609
2080.229677
1517.100126
917.527676
502.772784
310.146034
229.451045
151.359119
74.134882
71.531818
198.214274
405.591721
568.717076
606.895351
514.920416
324.896731
97.562459
-51.679887
-9.163172
166.977504
209.494219
-148.860950
-916.764883
-1822.631218
-2518.517042
-2813.530983
-2784.897277
-2684.245462
-2713.746856
-2833.487808
-2854.312322
-2685.980838
-2463.852695
-2399.643778
-2561.033757
-2824.810928
-2993.142411
-2956.699513
-2792.706469
-2711.143792
-2875.136835
-3256.919582
-3684.689795
-3984.909864
-4043.044964
-3764.517097
-3125.898685
-2302.462715
-1605.709203
-1172.732861
-801.362371
-203.525298
605.159975
1320.134936
1757.449719
2120.143328
2750.952548
3622.111360
4237.302195
4130.576564
3430.352299
2753.555612
2556.590422
2698.023576
2744.011043
2513.206019
2202.573694
2040.316026
1986.519367
1847.689277
1583.044419
1412.109871
1522.306254
1776.538856
1825.997075
1546.601520
1221.218497
1214.276993
1524.909319
1809.511002
1798.231058
1538.792328
1302.781175
1286.295102
1472.848035
1648.988711
1563.955281
1130.111251
495.831279
-67.298272
-381.401350
-425.653441
-273.808030
-29.119997
173.919009
171.315945
-121.962620
-613.941750
-1074.684110
-1331.519776
-1426.097774
-1535.426470
-1761.893054
-1996.168830
-2043.023985
-1853.867988
-1627.401404
-1617.856836
-1873.824814
-2187.927891
-2288.579706
-2082.069948
-1700.287202
-1368.830363
-1252.560162
-1439.980783
-1937.166042
-2646.067187
-3327.202315
-3716.794254
-3723.735758
-3495.533798
-3272.537967
-3177.092280
-3151.061638
-3074.705089
-2924.595055
-2759.734323
-2574.916766
-2206.149341
-1431.303903
-174.891592
1334.885633
2608.651706
3168.310505
2938.373169
2413.421892
2342.271471
3089.350891
4253.788268
5000.000000
4828.197764
4008.232547
3223.842541
2884.576509
2842.927482
2730.995722
2399.538883
1967.430229
1545.733832
1095.403729
601.689222
244.201742
229.451045
456.785316
524.464985
186.066642
-252.983517
-182.700784
632.058305
1691.505426
2210.382886
1852.895405
1018.179491
416.003978
411.665537
816.008173
1165.686462
1152.671141
754.402321
158.300624
-378.798286
-646.046208
-601.794117
-437.801074
-427.388817
-713.725877
-1167.526733
-1499.851260
-1490.306691
-1172.732861
-803.097747
-658.193841
-848.217526
-1245.618658
-1558.854048
-1559.721736
-1256.030915
-887.263489
-681.621419
-661.664593
-706.784373
-761.448720
-917.632571
-1282.929245
-1790.526760
-2211.355469
-2403.982218
-2479.471080
-2695.525407
-3133.707877
-3610.936310
-3897.273370
-3959.746911
-3903.347187
-3744.560272
-3356.703709
-2679.039334
-1882.501694
-1275.987740
-1020.887450
-948.001653
-640.840080
202.552715
1460.700402
2622.534715
3229.048669
3301.934466
3321.891291
3733.175432
4442.076577
4888.068240
4622.555694
3804.325853
3058.981809
2873.296564
3133.602982
3234.254797
2698.023576
1631.634950
606.895351
67.193377
-41.267630
-36.929190
-95.064290
-157.537830
-169.685463
-176.626968
-182.700784
-76.842841
238.995613
671.971955
980.001217
995.619602
808.198981
691.928781
812.537421
1004.296482
927.072245
439.431555
-164.479335
-423.918065
-174.023903
301.469154
525.332673
243.334054
-416.976560
-1093.773247
-1484.232875
-1529.352654
-1354.079665
-1118.936201
-962.752350
-1015.681322
-1296.812254
-1598.767698
-1607.444579
-1215.249576
-682.489107
-390.078231
-466.434780
-711.990501
-851.688279
-811.774628
-753.639528
-900.278810
-1361.888858
-2039.553233
-2695.525407
-3098.132667
-3190.107601
-3099.868043
-3013.099237
-3039.129879
-3161.473895
-3265.596462
-3210.932114
-2899.432101
-2331.096421
-1597.900010
-864.703599
-308.515553
-18.707741
111.445468
330.970548
850.715696
1638.576454
2435.981782
2986.096012
3273.300760
3508.444224
3882.417778
4309.320304
4470.710283
4138.385756
3455.515253
2847.265922
2635.550036
2776.115501
2890.650325
2601.710201
1841.615461
927.939933
285.850768
92.356331
155.697559
120.122349
-189.642289
-649.516961
-981.841488
-994.856809
-687.695235
-200.922233
278.909264
605.159975
736.180872
750.063881
769.153018
918.395364
1255.926020
1694.976178
1979.577862
1866.778414
1364.387027
769.153018
390.841024
270.232383
211.229595
29.882791
-259.057333
-521.099128
-680.753731
-765.787161
-858.629783
-1000.062937
-1167.526733
-1280.326180
-1258.633979
-1092.037871
-858.629783
-674.679914
-646.046208
-815.245380
-1122.406953
-1401.802509
-1517.205021
-1497.248195
-1511.131204
-1702.022578
-2079.466884
-2565.372198
-3110.280300
-3660.394530
-4052.589533
-4056.927973
-3593.582549
-2909.844358
-2430.880548
-2394.437650
-2637.390307
-2764.940452
-2538.473868
-2043.891673
-1542.367975
-1185.748182
-931.515580
-669.473786
-346.693827
35.088919
487.154398
1019.047179
1565.690657
2012.550008
2330.991527
2661.580678
3161.369000
3731.440056
4019.512492
3768.750642
3157.030560
2678.066751
2652.903797
2854.207427
2717.980401
1934.458083
814.272797
-13.501612
-200.922233
15.132094
137.476110
-72.504400
-402.225863
-482.920853
-203.525298
236.392549
604.292287
889.761658
1234.233818
1688.902362
2125.349456
2383.920498
2461.144736
2495.852258
2594.768697
2700.626640
2658.977613
2396.068131
2022.962265
1734.022141
1586.515171
1395.623798
940.087566
236.392549
-417.844248
-734.550390
-751.904152
-751.904152
-914.161819
-1096.376312
-1061.668789
-809.171564
-582.704980
-588.778796
-789.214738
-1039.108900
-1299.415318
-1652.564358
-2117.645159
-2540.209244
-2712.011480
-2567.107574
-2259.078312
-2023.934848
-1984.021197
-2084.673012
-2199.207836
-2272.093633
-2318.948789
-2341.508678
-2322.419541
-2285.108954
-2346.714806
-2617.433481
-3053.880576
-3423.515689
-3443.472515
-3007.893108
-2273.829009
-1544.971039
-1040.844276
-770.125601
-586.175732
-276.411095
296.263025
1094.536041
1926.648890
2602.577889
3095.424708
3493.693527
3812.135045
3903.242292
3616.037544
3051.172617
2574.811871
2529.692092
2880.238069
3171.781257
2915.813279
2029.036082
928.807621
161.771376
-62.959832
14.264406
11.661341
-205.260674
-435.198010
-416.976560
-109.814987
291.924585
607.763039
889.761658
1315.796496
1906.692065
2404.745012
2522.750588
2285.871747
1994.328559
1876.322983
1863.307662
1762.655847
1517.100126
1232.498442
1002.561106
792.580596
504.508160
92.356331
-357.106084
-731.947326
-1020.019762
-1333.255152
-1751.480797
-2203.546277
-2524.590859
-2619.168857
-2543.679996
-2437.822053
-2411.791411
-2459.514254
-2459.514254
-2292.918147
-1961.461308
-1608.312267
-1403.537885
-1415.685518
-1567.530928
-1724.582467
-1816.557402
-1906.796960
-2121.115911
-2469.058823
-2798.780286
-2943.684192
-2892.490596
-2793.574157
-2784.897277
-2868.195331
-2916.785862
-2804.854102
-2543.679996
-2252.136808
-2019.596408
-1807.012833
-1520.675773
-1128.480770
-711.122813
-334.546195
75.870258
724.900927
1716.668380
2862.016619
3765.279890
4184.373223
4260.729773
4343.160138
4569.626722
4678.087730
4328.409441
3589.139214
2942.711609
2744.011043
2794.336951
2550.516606
1803.437186
932.278373
483.683646
540.083370
674.575019
500.169719
138.343798
36.824295
384.767207
866.334081
1056.357766
939.219878
898.438539
1211.673929
1721.874508
2058.537476
2075.891237
1988.254743
2043.786779
2218.192079
2239.884280
1933.590395
1431.199008
1016.444115
811.669733
666.765827
363.942694
-155.802454
-757.977968
-1281.193868
-1655.167422
-1894.649327
-2003.978023
-1994.433454
-1941.504482
-1946.710611
-2010.051839
-2047.362426
-2023.934848
-1995.301142
-1988.359638
-1925.886097
-1727.185531
-1426.097774
-1157.114476
-1026.093579
-1033.035083
-1119.803889
-1248.221722
-1432.171591
-1686.404193
-1969.270500
-2199.207836
-2335.434862
-2391.834586
-2414.394475
-2424.806732
-2419.600604
-2382.290017
-2291.182771
-2135.866608
-1918.076905
-1647.358230
-1306.356822
-878.586608
-403.961239
19.470534
341.382804
623.381424
1018.179491
1610.810437
2343.139159
2997.375957
3341.848117
3338.377365
3206.488779
3235.122485
3472.001326
3664.628075
3534.474866
3084.144763
2612.122458
2383.052810
2356.154480
2225.133583
1757.449719
1051.151638
423.813170
81.076386
-31.723062
-97.667354
-213.937554
-337.149259
-383.136726
-325.001626
-221.746747
-161.008583
-172.288527
-172.288527
-20.443117
333.573612
765.682266
1062.431582
1113.625178
1013.841051
930.542997
891.497035
754.402321
412.533225
-62.959832
-486.391605
-772.728665
-1015.681322
-1373.168803
-1883.369382
-2384.025393
-2659.950196
-2645.199499
-2455.175814
-2238.253799
-2045.627050
-1869.486373
-1740.200852
-1721.111715
-1826.969658
-1979.682757
-2038.685545
-1885.104758
-1526.749589
-1127.613082
-898.543434
-893.337305
-952.340094
-871.645104
-633.898575
-418.711936
-408.299680
-593.117237
-775.331729
-788.347050
-643.443144
-520.231440
-598.323365
-918.500259
-1348.005849
-1692.478009
-1809.615897
-1661.241239
-1279.458492
-754.507216
-230.423627
173.051321
474.139078
825.552742
1323.605689
1874.587607
2287.607124
2527.089028
2763.967869
3136.206047
3517.121105
3642.935874
3452.044500
3196.076523
3125.793790
3131.867606
2849.001299
2124.481768
1314.061120
952.235199
1137.920444
1348.768642
985.207345
71.531818
-730.211950
-843.011398
-402.225863
-41.267630
-155.802454
-514.157623
-612.206374
-288.558727
108.842404
122.725413
-278.146471
-652.120025
-508.083807
179.992825
945.293694
1272.412093
1076.314591
704.076414
532.274178
598.218470
651.147442
528.803425
344.853557
315.352163
440.299243
456.785316
141.814550
-441.271826
-975.767671
-1219.588016
-1205.705007
-1158.849852
-1236.941777
-1396.596380
-1479.894434
-1364.491922
-1071.213358
-751.904152
-561.012778
-517.628375
-483.788541
-336.281571
-96.799666
101.900900
147.888367
49.839616
-102.005794
-252.983517
-443.874890
-728.476574
-1039.108900
-1213.514200
-1164.923668
-1017.416698
-993.121432
-1194.425062
-1514.601957
-1742.803916
-1744.539293
-1513.734269
-1122.406953
-653.855401
-197.451481
136.608422
266.761631
205.155779
75.002570
21.205910
129.666918
416.003978
867.201769
1385.211541
1762.655847
1790.421865
1476.318787
1071.976151
861.127952
934.013749
1137.920444
1235.101506
1116.228242
887.158594
739.651624
709.282542
593.880030
171.315945
-510.686871
-1088.567119
-1216.117264
-877.718920
-415.241184
-226.085187
-438.668762
-822.186885
-1018.284386
-862.968223
-488.126981
-135.845629
103.636276
343.118180
675.442708
1032.062500
1241.175323
1250.719891
1178.701782
1157.009581
1190.849415
1180.437159
1055.490078
841.171127
628.587552
441.166931
203.420403
-133.242565
-477.714725
-659.061529
-608.735622
-443.874890
-343.223075
-387.475166
-523.702192
-668.606098
-795.288555
-906.352626
-948.001653
-838.672958
-564.483531
-240.835884
-31.723062
-11.766236
-136.713317
-292.897168
-407.431992
-499.406926
-614.809438
-760.581032
-876.851232
-933.250956
-970.561543
-1058.198037
-1198.763503
-1327.181336
-1407.876325
-1454.731480
-1468.614489
-1374.036491
-1097.244000
-689.430611
-325.869314
-186.171536
-295.500232
-505.480743
-618.280190
-534.982137
-310.250929
-56.018327
161.771376
361.339630
573.055516
738.783936
757.873073
649.412066
623.381424
888.026282
1391.285357
1822.526323
1855.498470
1466.774219
943.558318
628.587552
593.880030
648.544378
593.012342
459.388381
413.400913
517.523481
628.587552
568.717076
364.810382
238.995613
388.237960
750.931569
1065.034647
1125.772811
1006.899547
980.868905
1202.129360
1537.924639
1707.991499
1623.825757
1478.054163
1517.967814
1752.243590
1936.193459
1839.012396
1482.392604
1100.609857
891.497035
834.229623
737.916248
485.419022
159.168312
-62.092144
-115.888803
-123.697996
-236.497444
-495.068486
-792.685490
-997.459873
-1059.065725
-1042.579652
-1051.256532
-1127.613082
-1218.720328
-1255.163227
-1240.412530
-1242.147906
-1314.166015
-1425.230086
-1495.512819
-1456.466857
-1318.504455
-1153.643724
-1039.976588
-1007.872129
-1060.801101
-1196.160439
-1395.728692
-1606.576891
-1761.893054
-1827.837346
-1827.837346
-1820.895842
-1862.544869
-1950.181363
-2003.110335
-1925.886097
-1702.890266
-1420.023958
-1179.674365
-1026.093579
-942.795525
-890.734241
-823.054573
-682.489107
-436.933386
-88.122786
287.586145
560.040196
619.042984
507.111224
426.416234
588.673902
1009.502611
1487.598732
1787.818801
1868.513790
1884.999864
1968.297917
2048.125219
1947.473404
1625.561134
1261.132148
1078.917656
1127.508187
1246.381451
1228.160002
1002.561106
662.427387
384.767207
297.998401
425.548546
685.854964
962.647455
1153.538829
1223.821562
1235.969194
1307.119615
1514.497062
1802.569498
2035.109898
2107.128007
2016.888449
1827.732452
1608.207372
1406.036054
1237.704571
1082.388408
865.466393
535.744930
115.783909
-281.617223
-561.880466
-715.461253
-810.906940
-913.294131
-1038.241212
-1190.086622
-1368.830363
-1544.971039
-1649.961294
-1636.078285
-1521.543461
-1360.153482
-1235.206401
-1223.058768
-1326.313648
-1452.128416
-1491.174379
-1433.039279
-1355.815042
-1333.255152
-1388.787188
-1478.159058
-1531.955718
-1527.617278
-1518.940397
-1590.958506
-1734.127036
-1846.058796
-1830.440411
-1721.111715
-1667.315055
-1759.289990
-1904.193896
-1918.076905
-1734.994724
-1452.128416
-1194.425062
-971.429231
-738.021143
-474.243972
-211.334490
35.088919
312.749098
684.987276
1142.258884
1585.647483
1918.839698
2153.983162
2364.831361
2566.134991
2662.448366
2562.664239
2316.240830
2096.715750
2043.786779
2090.641934
2022.962265
1721.006820
1302.781175
1007.767235
957.441327
1050.283950
1103.212921
1016.444115
850.715696
730.974743
714.488670
766.549954
822.081990
878.481714
973.927400
1130.111251
1330.547193
1535.321575
1696.711554
1786.083425
1801.701810
1757.449719
1670.680913
1541.395392
1355.710147
1100.609857
792.580596
484.551334
186.934330
-142.787133
-547.997457
-984.444552
-1357.550418
-1625.666028
-1820.895842
-1989.227326
-2122.851287
-2167.971066
-2097.688333
-1983.153509
-1966.667436
-2128.925103
-2392.702274
-2587.064399
-2590.535151
-2430.012860
-2222.635414
-2051.700866
-1924.150721
-1792.262136
-1623.062964
-1408.744013
-1184.880494
-1013.945946
-947.133965
-988.782992
-1092.905559
-1237.809465
-1424.362398
-1643.887478
-1828.705034
-1905.929272
-1862.544869
-1733.259348
-1555.383295
-1345.402785
-1131.083834
-949.737029
-834.334517
-764.919473
-655.590777
-389.210542
58.516497
594.747718
1089.329912
1480.657227
1786.083425
2030.771458
2217.324391
2344.874536
2454.203231
2593.901009
2764.835557
2873.296564
2811.690712
2569.605743
2278.062555
2088.906558
2008.211568
1913.633570
1713.197628
1485.863356
1393.888421
1478.054163
1583.044419
1511.893998
1235.969194
933.146061
830.758870
986.942721
1283.692038
1529.247759
1615.148877
1561.352217
1475.451099
1451.155833
1505.820181
1597.795116
1662.004032
1664.607096
1609.942748
1508.423245
1326.208753
1013.841051
588.673902
118.386973
-351.032268
-828.260701
-1322.842895
-1794.865200
-2161.029562
-2382.290017
-2496.824841
-2581.858271
-2684.245462
-2764.072763
-2740.645186
-2567.975262
-2281.638202
-1977.079693
-1748.877733
-1623.930652
-1552.780231
-1450.393040
-1277.723116
-1072.948734
-903.749562
-810.906940
-778.802482
-769.257913
-795.288555
-909.823379
-1125.877706
-1348.873537
-1451.260728
-1400.067133
-1281.193868
-1210.911136
-1236.941777
-1295.944565
-1277.723116
-1147.569907
-988.782992
-916.764883
-938.457085
-928.912516
-767.522537
-462.964028
-145.390198
70.664130
192.140458
304.939906
459.388381
627.719864
781.300651
911.453860
999.958042
1012.973363
979.133529
978.265841
1068.505399
1235.101506
1438.140513
1642.914895
1798.231058
1851.160029
1805.172562
1721.874508
1645.517959
1580.441354
1524.909319
1496.275613
1493.672548
1481.524916
1434.669760
1377.402348
1353.107083
1366.990092
1357.445523
1283.692038
1164.818774
1077.182279
1053.754702
1049.416262
1003.428794
893.232411
734.445496
547.892563
357.868877
193.875834
81.944074
5.587525
-91.593538
-269.469590
-512.422247
-752.771840
-921.103323
-1017.416698
-1069.477982
-1076.419486
-1023.490515
-925.441764
-839.540646
-818.716132
-872.512792
-948.001653
-985.312240
-974.032295
-960.149286
-943.663213
-874.248168
-735.418078
-626.089383
-672.076850
-878.586608
-1123.274641
-1271.649300
-1289.870749
-1237.809465
-1220.455704
-1302.018382
-1457.334545
-1571.869369
-1543.235663
-1370.565739
-1124.142330
-882.057361
-689.430611
-570.557347
-527.172944
-538.452889
-571.425035
-592.249549
-554.071274
-424.785753
-220.879059
-10.898548
134.005358
211.229595
265.026255
346.588933
442.034619
503.640472
520.994233
543.554122
617.307607
704.076414
747.460817
753.534633
784.771403
868.937145
998.222666
1157.009581
1334.885633
1511.893998
1668.945537
1810.378690
1918.839698
1953.547220
1904.956689
1837.277020
1821.658635
1847.689277
1832.070892
1704.520747
1479.789539
1235.101506
1040.739381
907.115420
800.389788
687.590340
560.040196
422.945482
278.041576
122.725413
-28.252309
-157.537830
-259.925021
-362.312213
-475.979348
-580.101916
-639.972392
-651.252337
-635.633952
-593.117237
-515.025311
-416.976560
-347.561516
-331.075442
-344.958451
-351.899956
-353.635332
-392.681295
-502.877678
-666.003034
-828.260701
-941.927837
-1000.062937
-1034.770459
-1096.376312
-1197.895815
-1305.489134
-1372.301115
-1379.242619
-1354.947354
-1341.932033
-1388.787188
-1514.601957
-1686.404193
-1798.335952
-1741.936228
-1504.189700
-1209.175759
-1005.269065
-930.647892
-903.749562
-851.688279
-771.860977
-689.430611
-587.043420
-423.918065
-211.334490
-29.987685
34.221231
-30.855374
-161.008583
-251.248141
-244.306636
-143.654821
-10.030860
114.048533
209.494219
260.687815
242.466365
172.183633
120.990037
153.094495
272.835448
424.680858
567.849388
703.208725
854.186448
1007.767235
1121.434371
1196.055544
1295.839671
1487.598732
1753.111278
1999.534688
2114.069511
2012.550008
1718.403756
1354.842459
1081.520720
956.573639
926.204557
901.041603
838.568063
750.931569
670.236579
606.027663
534.877242
451.579188
392.576400
389.105648
420.342418
429.019298
404.724033
396.914840
446.373060
539.215682
606.027663
584.335461
481.080582
364.810382
293.659961
260.687815
238.995613
229.451045
248.540182
259.820127
178.257449
-42.135318
-346.693827
-600.926429
-696.372116
-636.501640
-540.188265
-569.689659
-793.553179
-1131.951522
-1432.171591
-1594.429258
-1626.533716
-1592.693882
-1553.647919
-1548.441791
-1582.281625
-1630.872157
-1656.035110
-1631.739845
-1549.309479
-1416.553206
-1249.957098
-1065.139541
-882.057361
-698.975180
-524.569880
-372.724469
-267.734214
-204.392986
-151.464014
-80.313593
4.719837
53.310368
22.941286
-78.578217
-179.230032
-211.334490
-166.214711
-98.535042
-56.018327
-51.679887
-64.695208
-73.372088
-71.636712
-38.664566
79.341010
326.632107
648.544378
923.601493
1078.917656
1181.304847
1345.297890
1606.471996
1878.058359
2040.316026
2026.433017
1889.338304
1747.037462
1675.887041
1633.370326
1531.850823
1351.371706
1137.920444
939.219878
766.549954
627.719864
535.744930
482.815958
446.373060
412.533225
365.678070
291.924585
212.964971
192.140458
248.540182
328.367483
354.398125
320.558291
278.909264
266.761631
292.792273
334.441300
363.942694
330.102860
209.494219
40.295047
-105.476547
-188.774601
-259.925021
-404.828928
-648.649272
-921.103323
-1119.803889
-1222.191080
-1299.415318
-1426.965463
-1622.195276
-1836.514227
-2010.919527
-2102.894462
-2095.952957
-2003.978023
-1870.354061
-1740.200852
-1637.813661
-1552.780231
-1453.863792
-1322.842895
-1170.997485
-1013.945946
-845.614462
-656.458465
-476.847037
-370.121405
-385.739790
-502.009990
-641.707768
-734.550390
-770.125601
-783.140922
-790.950114
-781.405546
-757.110280
-759.713344
-820.451508
-893.337305
-900.278810
-800.494683
-635.633952
-469.905532
-338.016947
-215.672930
-62.959832
149.623743
396.914840
634.661369
824.685054
970.456648
1121.434371
1304.516551
1490.201796
1597.795116
1614.281189
1621.222693
1706.256123
1838.144708
1898.015184
1813.849443
1642.047207
1503.217117
1465.038842
1479.789539
1439.008201
1294.104295
1117.095930
1042.474757
1114.492866
1237.704571
1280.221286
1216.880057
1139.655820
1110.154426
1094.536041
1029.459436
944.426006
931.410685
1025.120996
1135.317379
1152.671141
1046.813197
883.687842
736.180872
631.190616
533.141866
404.724033
253.746310
134.873046
59.384185
-31.723062
-201.789921
-430.859569
-634.766264
-753.639528
-797.023931
-809.171564
-823.054573
-846.482150
-876.851232
-919.367947
-985.312240
-1066.007229
-1124.142330
-1125.010018
-1076.419486
-1026.093579
-1006.136753
-997.459873
-964.487726
-916.764883
-896.808058
-925.441764
-960.149286
-951.472406
-898.543434
-836.069893
-802.230059
-813.510004
-888.131177
-1017.416698
-1164.923668
-1276.855428
-1311.562951
-1267.310859
-1167.526733
-1040.844276
-908.088002
-794.420867
-725.005822
-686.827547
-624.354007
-482.053165
-280.749535
-95.931978
10.793653
54.178056
94.091707
166.109816
247.672494
321.425979
398.650216
502.772784
638.999809
777.829899
896.703163
975.662776
1013.841051
1011.237987
974.795088
921.866117
875.010961
864.598705
903.644667
971.324336
1018.179491
1011.237987
947.896758
851.583384
757.005385
698.002597
696.267221
756.137697
848.980320
929.675309
970.456648
986.942721
983.471969
920.130741
776.962211
609.498415
522.729609
543.554122
591.276966
575.658581
480.212894
336.176676
169.580568
3.852149
-121.094932
-175.759280
-172.288527
-154.067078
-152.331702
-187.906912
-273.808030
-399.622799
-536.717513
-638.237016
-673.812226
-637.369328
-571.425035
-544.526705
-620.015566
-793.553179
-998.327561
-1164.923668
-1258.633979
-1282.929245
-1264.707795
-1240.412530
-1242.147906
-1282.929245
-1351.476601
-1423.494710
-1463.408361
-1452.128416
-1386.184124
-1298.547630
-1223.926456
-1206.572695
-1274.252364
-1401.802509
-1504.189700
-1505.925076
-1401.802509
-1242.147906
-1071.213358
-910.691067
-768.390225
-653.855401
-578.366540
-543.659017
-528.908320
-489.862357
-390.078231
-239.968196
-89.858162
24.676662
132.269982
281.512328
476.742142
685.854964
865.466393
1001.693418
1107.551362
1198.658608
1291.501230
1402.565302
1533.586199
1668.945537
1780.877296
1852.895405
1891.073680
1912.765881
1925.781202
1924.913514
1901.485937
1846.821589
1780.009608
1726.212949
1688.902362
1641.179519
1572.632162
1504.952493
1458.097338
1430.331320
1407.771430
1390.417669
1383.476165
1384.343853
1379.137724
1344.430202
1269.809029
1164.818774
1072.843839
1047.680885
1082.388408
1111.022114
1052.887014
897.570851
698.002597
512.317352
365.678070
244.201742
114.048533
-42.135318
-206.128362
-348.429204
-476.847037
-634.766264
-843.879086
-1078.154862
-1295.076877
-1461.672985
-1568.398616
-1634.342909
-1684.668816
-1731.523972
-1761.893054
-1767.966870
-1742.803916
-1697.684137
-1645.622854
-1621.327588
-1668.182743
-1800.071328
-1976.212005
-2115.042094
-2161.029562
-2141.940424
-2115.042094
-2095.952957
-2059.510058
-1978.815069
-1874.692502
-1772.305311
-1682.933440
-1601.370763
-1515.469645
-1415.685518
-1297.679942
-1158.849852
-1011.342882
-875.983544
-775.331729
-697.239804
-606.132558
-476.847037
-294.632544
-65.562896
192.140458
457.653004
717.959422
957.441327
1145.729636
1272.412093
1356.577835
1432.934384
1517.100126
1606.471996
1689.770050
1752.243590
1790.421865
1803.437186
1810.378690
1826.864764
1866.778414
1933.590395
2011.682320
2079.361989
2099.318814
2064.611292
2000.402376
1926.648890
1846.821589
1747.037462
1631.634950
1512.761686
1401.697614
1313.193432
1268.941341
1275.015157
1282.824350
1225.556938
1078.917656
880.217090
680.648836
468.932949
228.583356
-45.606071
-314.589369
-546.262081
-723.270446
-854.291343
-960.149286
-1050.388844
-1118.068513
-1144.966843
-1151.040659
-1182.277430
-1269.913924
-1395.728692
-1513.734269
-1590.958506
-1612.650707
-1597.032322
-1581.413937
-1586.620066
-1602.238451
-1610.915331
-1629.136781
-1675.991936
-1741.936228
-1766.231494
-1694.213385
-1525.881901
-1348.005849
-1266.443171
-1327.181336
-1475.555994
-1616.989148
-1682.933440
-1649.093606
-1531.955718
-1361.888858
-1182.277430
-1016.549010
-884.660425
-797.891619
-751.904152
-710.255125
-608.735622
-426.521129
-210.466802
-39.532254
40.295047
59.384185
90.620955
173.919009
291.924585
413.400913
552.231003
746.593128
990.413473
1218.615433
1376.534660
1477.186475
1575.235226
1695.843866
1815.584819
1902.353625
1957.885661
2010.814632
2087.171182
2183.484556
2267.650298
2305.828573
2299.754756
2267.650298
2216.456703
2138.364777
2028.168394
1915.368946
1813.849443
1713.197628
1599.530492
1486.731044
1396.491486
1325.341065
1255.926020
1176.966406
1078.917656
937.484502
761.343825
609.498415
549.627939
556.569443
560.907884
508.846600
396.047152
253.746310
100.165524
-55.150639
-218.275995
-369.253717
-473.376284
-521.099128
-554.938962
-631.295511
-770.993289
-946.266277
-1111.994697
-1233.471025
-1302.018382
-1337.593592
-1377.507243
-1452.996104
-1565.795552
-1695.081073
-1815.689714
-1922.415345
-2013.522591
-2080.334572
-2116.777470
-2121.983599
-2116.777470
-2117.645159
-2134.131232
-2142.808112
-2105.497526
-2005.713399
-1880.766318
-1791.394448
-1750.613109
-1713.302522
-1623.930652
-1478.159058
-1323.710583
-1197.895815
-1101.582440
-996.592185
-864.703599
-721.535070
-599.191053
-507.216119
-430.859569
-340.620011
-218.275995
-80.313593
51.574992
165.242128
271.967759
378.693391
489.757463
606.895351
724.033239
833.361935
941.822942
1075.446903
1223.821562
1338.356386
1402.565302
1452.023521
1543.130768
1668.077848
1772.200416
1813.849443
1811.246378
1818.187883
1866.778414
1919.707386
1916.236634
1844.218525
1752.243590
1681.093169
1617.751941
1532.718511
1430.331320
1341.827138
1271.544405
1196.923232
1084.991472
930.542997
756.137697
606.027663
528.803425
534.877242
589.541590
628.587552
619.910672
563.510948
500.169719
446.373060
396.914840
345.721245
303.204530
278.909264
244.201742
139.211486
-54.282951
-289.426416
-488.994669
-607.867934
-661.664593
-711.990501
-808.303876
-954.075470
-1089.434807
-1164.055980
-1201.366567
-1264.707795
-1367.094986
-1457.334545
-1494.645131
-1503.322012
-1527.617278
-1553.647919
-1525.014213
-1433.906967
-1332.387464
-1264.707795
-1212.646512
-1131.951522
-1025.225891
-940.192461
-915.897195
-941.060149
-973.164607
-955.810846
-867.306664
-745.830335
-659.929217
-635.633952
-626.089383
-579.234228
-501.142302
-430.859569
-391.813607
-373.592157
-347.561516
-304.177113
-252.983517
-213.069866
-181.833096
-129.771812
-35.193814
95.827083
232.054109
349.191997
440.299243
514.052728
576.526269
633.793681
703.208725
782.168339
864.598705
937.484502
1007.767235
1074.579215
1126.640499
1138.788132
1115.360554
1078.049968
1046.813197
1024.253308
1000.825730
977.398153
945.293694
916.659988
898.438539
916.659988
957.441327
975.662776
938.352190
862.863329
797.786724
772.623770
760.476137
721.430175
652.882818
587.806213
548.760251
517.523481
456.785316
367.413446
278.041576
235.524861
252.878622
302.336842
326.632107
271.100071
137.476110
-29.119997
-178.362344
-298.103296
-383.136726
-425.653441
-429.991881
-435.198010
-478.582413
-555.806650
-631.295511
-664.267658
-641.707768
-583.572668
-541.923641
-557.542026
-624.354007
-696.372116
-744.094959
-778.802482
-814.377692
-835.202205
-814.377692
-744.962647
-652.987713
-574.028099
-541.055953
-556.674338
-593.984925
-610.470998
-595.720301
-571.425035
-561.012778
-561.012778
-563.615843
-584.440356
-630.427823
-682.489107
-718.932005
-735.418078
-741.491895
-738.888831
-732.815014
-727.608886
-723.270446
-707.652061
-667.738410
-605.264869
-534.114449
-458.625587
-372.724469
-276.411095
-174.891592
-70.769024
28.147415
112.313156
171.315945
221.641852
282.380016
367.413446
479.345206
618.175296
774.359146
921.866117
1034.665564
1103.212921
1132.714315
1138.788132
1136.185068
1142.258884
1173.495654
1234.233818
1314.061120
1386.946917
1412.977559
1359.180899
1220.350809
1046.813197
902.776979
821.214302
778.697587
746.593128
719.694799
714.488670
732.710120
755.270009
757.005385
737.916248
710.150230
698.002597
701.473349
694.531845
638.132121
530.538801
403.856345
307.542970
241.598677
160.903688
15.999782
-183.568472
-384.004414
-542.791329
-652.987713
-726.741198
-777.934793
-809.171564
-806.568499
-783.140922
-771.860977
-803.965435
-864.703599
-934.118644
-999.195249
-1072.081046
-1151.040659
-1219.588016
-1261.237043
-1272.516988
-1273.384676
-1294.209189
-1360.153482
-1448.657664
-1513.734269
-1517.205021
-1461.672985
-1375.771867
-1294.209189
-1256.030915
-1275.987740
-1334.990528
-1403.537885
-1467.746801
-1519.808085
-1549.309479
-1544.103351
-1503.322012
-1422.627022
-1295.944565
-1126.745394
-947.133965
-782.273234
-625.221695
-448.213331
-239.968196
-18.707741
189.537394
384.767207
570.452452
740.519312
881.084778
988.678097
1088.462224
1203.864736
1331.414881
1440.743577
1514.497062
1571.764474
1646.385647
1733.154453
1810.378690
1861.572286
1898.015184
1944.870340
2004.740816
2048.992907
2051.595971
2020.359201
1994.328559
2007.343880
2049.860595
2079.361989
2042.919091
1944.870340
1832.070892
1751.375902
1699.314619
1628.164198
1504.084805
1349.636330
1216.012369
1122.302059
1036.400941
922.733805
778.697587
648.544378
556.569443
504.508160
451.579188
354.398125
201.685027
20.338222
-155.802454
-320.663186
-482.053165
-646.913896
-793.553179
-906.352626
-989.650680
-1081.625615
-1215.249576
-1388.787188
-1568.398616
-1703.757954
-1778.379127
-1813.086649
-1854.735676
-1935.430666
-2036.082481
-2121.115911
-2184.457139
-2244.327615
-2298.991963
-2318.081100
-2291.182771
-2250.401432
-2241.724551
-2252.136808
-2230.444606
-2146.278865
-2017.861032
-1891.178575
-1793.129824
-1718.508651
-1627.401404
-1484.232875
-1301.150694
-1129.348458
-1008.739817
-927.177140
-836.069893
-699.842868
-510.686871
-295.500232
-78.578217
136.608422
345.721245
535.744930
693.664157
833.361935
986.942721
1165.686462
1349.636330
1525.777007
1705.388435
1885.867552
2038.580650
2124.481768
2140.967841
2129.687897
2152.247786
2232.075088
2346.609912
2435.114094
2458.541671
2442.923286
2430.775653
2427.304901
2402.141948
2335.329967
2248.561161
2157.453914
2043.786779
1877.190671
1675.887041
1502.349429
1398.226862
1339.224074
1262.867524
1128.375875
955.705951
789.109843
648.544378
520.126545
377.825703
226.847980
67.193377
-110.682675
-324.133938
-556.674338
-762.316408
-915.029507
-1028.696643
-1140.628403
-1277.723116
-1441.716160
-1638.681349
-1853.867988
-2056.039306
-2208.752405
-2299.859651
-2339.773302
-2361.465503
-2392.702274
-2450.837374
-2526.326235
-2597.476656
-2642.596435
-2663.420948
-2669.494765
-2662.553260
-2625.242674
-2554.959941
-2474.264951
-2399.643778
-2313.742660
-2186.192515
-2027.405600
-1868.618685
-1709.831770
-1521.543461
-1302.886070
-1089.434807
-922.838700
-797.023931
-678.150667
-541.055953
-370.121405
-174.891592
43.765800
270.232383
489.757463
684.987276
847.244943
995.619602
1152.671141
1331.414881
1519.703190
1698.446931
1850.292341
1976.107110
2085.435805
2199.970629
2333.594591
2468.086240
2578.282624
2643.359228
2676.331375
2697.155888
2696.288200
2665.051430
2607.784018
2550.516606
2507.132203
2455.070919
2375.243618
2273.724115
2167.866171
2063.743604
1962.224101
1874.587607
1814.717131
1766.126599
1702.785371
1606.471996
1481.524916
1336.621009
1165.686462
974.795088
795.183660
657.221258
552.231003
437.696179
284.115392
102.768588
-64.695208
-189.642289
-286.823351
-410.035056
-597.455677
-829.996077
-1052.991909
-1230.867961
-1371.433427
-1504.189700
-1660.373551
-1838.249603
-2006.581087
-2138.469672
-2234.783047
-2312.874972
-2382.290017
-2436.086677
-2464.720383
-2456.911190
-2415.262163
-2365.803944
-2341.508678
-2349.317871
-2346.714806
-2295.521211
-2177.515635
-2016.125655
-1869.486373
-1792.262136
-1790.526760
-1807.012833
-1783.585255
-1702.022578
-1587.487754
-1463.408361
-1336.725904
-1207.440383
-1073.816422
-939.324773
-797.891619
-646.046208
-482.920853
-335.413883
-216.540618
-102.873483
48.104240
243.334054
453.314564
638.999809
778.697587
876.746338
970.456648
1096.271417
1268.073653
1449.420457
1589.985923
1662.871720
1668.945537
1641.179519
1617.751941
1637.708766
1696.711554
1749.640526
1771.332728
1776.538856
1788.686489
1791.289553
1763.523535
1712.329940
1672.416289
1665.474784
1675.019353
1671.548601
1630.767262
1564.822969
1492.804860
1439.875889
1404.300678
1368.725468
1312.325744
1242.043011
1179.569471
1127.508187
1061.563894
940.955254
765.682266
581.732397
437.696179
339.647428
258.084751
162.639064
37.691983
-131.507189
-334.546195
-547.997457
-739.756519
-902.881874
-1039.976588
-1148.437595
-1219.588016
-1261.237043
-1313.298327
-1413.950142
-1567.530928
-1728.053219
-1840.852667
-1885.972446
-1878.163254
-1853.000300
-1834.778851
-1823.498906
-1808.748209
-1792.262136
-1789.659072
-1799.203640
-1790.526760
-1730.656284
-1627.401404
-1509.395828
-1396.596380
-1299.415318
-1216.117264
-1146.702219
-1080.757926
-1001.798313
-896.808058
-771.860977
-643.443144
-524.569880
-423.050377
-344.090763
-282.484911
-215.672930
-133.242565
-36.061502
63.722625
163.506752
261.555503
348.324309
426.416234
502.772784
585.203149
689.325716
834.229623
1019.914867
1204.732424
1340.091762
1396.491486
1404.300678
1403.432990
1433.802072
1504.084805
1598.662804
1677.622417
1705.388435
1670.680913
1596.059739
1517.967814
1452.891210
1399.094550
1358.313211
1331.414881
1314.061120
1297.575047
1277.618221
1255.058332
1222.953874
1178.701782
1142.258884
1130.111251
1128.375875
1097.139105
1006.031858
868.069457
724.900927
613.836855
543.554122
489.757463
429.019298
344.853557
245.937118
144.417615
52.442680
-38.664566
-150.596326
-288.558727
-433.462634
-559.277402
-663.399969
-764.051784
-867.306664
-957.546222
-1027.828955
-1072.948734
-1109.391632
-1147.569907
-1206.572695
-1290.738437
-1374.036491
-1425.230086
-1424.362398
-1386.184124
-1328.049024
-1260.369355
-1195.292750
-1140.628403
-1100.714752
-1067.742606
-1041.711964
-1025.225891
-1004.401377
-957.546222
-882.925049
-806.568499
-770.125601
-793.553179
-863.835911
-944.530901
-995.724497
-995.724497
-934.986332
-835.202205
-737.153455
-673.812226
-643.443144
-610.470998
-545.394393
-440.404138
-312.853993
-180.097720
-42.135318
107.107028
258.084751
370.884198
407.327097
375.222639
343.118180
377.825703
475.874454
582.600085
653.750506
697.134909
735.313184
782.168339
835.964999
881.952466
909.718484
921.866117
947.896758
990.413473
1024.253308
1023.385620
1005.164170
1008.634923
1050.283950
1112.757490
1159.612645
1160.480333
1110.154426
1044.210133
1006.899547
1003.428794
1006.031858
991.281161
964.382832
931.410685
887.158594
823.817366
752.666945
691.928781
645.941313
599.086158
525.332673
421.210106
299.733777
182.595889
70.664130
-43.870694
-161.876271
-272.940342
-368.386029
-444.742578
-505.480743
-574.028099
-654.723089
-732.815014
-785.743986
-826.525325
-876.851232
-936.721708
-986.179928
-1010.475194
-1020.019762
-1024.358203
-1042.579652
-1075.551798
-1123.274641
-1164.923668
-1177.938989
-1150.172971
-1109.391632
-1101.582440
-1135.422274
-1176.203613
-1179.674365
-1141.496091
-1078.154862
-991.386056
-889.866553
-809.171564
-775.331729
-775.331729
-754.507216
-687.695235
-586.175732
-488.126981
-421.315001
-384.004414
-350.164580
-290.294104
-202.657609
-104.608859
-9.163172
94.091707
204.288091
311.013722
405.591721
499.302031
595.615406
682.384212
749.196193
805.595917
871.540209
946.161382
1013.841051
1051.151638
1054.622390
1033.797876
1011.237987
1013.841051
1058.960830
1130.111251
1174.363342
1153.538829
1081.520720
1014.708739
1000.825730
1052.019326
1140.523508
1216.880057
1249.852203
1233.366130
1187.378663
1140.523508
1096.271417
1037.268629
953.970575
871.540209
810.802045
775.226834
736.180872
660.692011
535.744930
380.428767
234.657173
123.593101
41.162735
-39.532254
-138.448693
-242.571260
-331.943130
-399.622799
-449.081019
-489.862357
-524.569880
-551.468210
-562.748155
-555.806650
-537.585201
-535.849825
-567.086595
-627.824759
-686.827547
-726.741198
-759.713344
-799.626995
-853.423655
-919.367947
-990.518368
-1059.065725
-1115.465449
-1155.379100
-1179.674365
-1182.277430
-1168.394421
-1157.982164
-1190.086622
-1262.104731
-1325.445959
-1336.725904
-1284.664621
-1193.557374
-1076.419486
-951.472406
-846.482150
-787.479362
-764.919473
-751.036464
-707.652061
-625.221695
-526.305256
-438.668762
-370.989093
-323.266250
-293.764856
-292.029480
-307.647865
-295.500232
-211.334490
-56.886015
106.239340
219.906476
273.703136
302.336842
329.235171
359.604254
393.444088
443.769995
527.935737
652.015130
790.845220
915.792300
999.958042
1038.136317
1054.622390
1084.123784
1157.009581
1261.999836
1363.519339
1434.669760
1472.848035
1472.848035
1419.919063
1318.399560
1197.790920
1101.477545
1045.945509
1020.782556
1000.825730
962.647455
897.570851
829.891182
785.639091
763.079202
735.313184
675.442708
597.350782
518.391169
443.769995
358.736566
256.349374
146.152991
62.854937
32.485855
41.162735
29.882791
-36.929190
-146.257886
-262.528086
-360.576836
-436.065698
-485.523917
-512.422247
-539.320577
-577.498852
-638.237016
-714.593565
-807.436188
-889.866553
-940.192461
-950.604717
-949.737029
-960.149286
-980.973800
-1007.004441
-1035.638147
-1057.330349
-1054.727285
-1026.093579
-978.370735
-926.309452
-887.263489
-869.909728
-863.835911
-854.291343
-821.319196
-757.977968
-674.679914
-592.249549
-528.908320
-481.185477
-433.462634
-371.856781
-290.294104
-195.716105
-97.667354
5.587525
114.048533
201.685027
237.260237
217.303412
192.140458
216.435724
288.453833
372.619574
418.607042
433.357739
452.446876
494.095903
543.554122
573.923204
599.953846
651.147442
730.107055
807.331293
852.451072
855.054136
818.611237
761.343825
711.017918
677.178084
666.765827
677.178084
712.753294
760.476137
791.712908
770.888394
690.193405
593.880030
540.951058
555.701755
606.027663
632.925993
600.821534
525.332673
437.696179
376.958015
341.382804
297.998401
230.318733
164.374440
127.931541
107.974716
75.002570
7.322901
-74.239777
-147.125574
-189.642289
-201.789921
-211.334490
-257.321957
-341.487699
-435.198010
-516.760687
-591.381860
-669.473786
-731.947326
-757.977968
-763.184096
-784.876298
-836.069893
-893.337305
-923.706388
-924.574076
-921.971011
-939.324773
-975.767671
-1002.666001
-985.312240
-928.044828
-874.248168
-857.762095
-862.100535
-837.805270
-764.051784
-663.399969
-573.160411
-527.172944
-526.305256
-544.526705
-539.320577
-515.892999
-501.142302
-497.671550
-458.625587
-362.312213
-237.365132
-154.934766
-141.919445
-162.743959
-150.596326
-73.372088
30.750479
117.519285
173.051321
232.054109
323.161355
439.431555
548.760251
631.190616
707.547166
815.140485
952.235199
1065.902335
1100.609857
1071.108463
1027.724060
1018.179491
1058.960830
1129.243563
1187.378663
1190.849415
1139.655820
1073.711527
1030.327124
993.016538
918.395364
810.802045
724.033239
698.002597
706.679478
691.928781
636.396745
574.790893
542.686434
534.009554
516.655792
467.197573
389.973336
304.939906
235.524861
181.728201
118.386973
15.132094
-114.153427
-233.894380
-313.721681
-371.856781
-427.388817
-491.597734
-558.409714
-626.957071
-679.886043
-706.784373
-715.461253
-722.402758
-728.476574
-728.476574
-733.682702
-748.433399
-764.919473
-772.728665
-785.743986
-815.245380
-852.555967
-859.497471
-803.097747
-685.959859
-547.129769
-445.610266
-422.182689
-469.037844
-539.320577
-580.101916
-566.218907
-515.892999
-462.096340
-421.315001
-388.342854
-363.179901
-361.444525
-376.195222
-380.533662
-351.899956
-303.309424
-259.057333
-216.540618
-141.919445
-20.443117
128.799230
262.423191
344.853557
373.487263
370.016510
370.884198
400.385592
448.108436
489.757463
506.243536
496.698967
463.726821
416.003978
359.604254
314.484474
297.998401
317.955227
357.001189
377.825703
377.825703
376.090327
407.327097
470.668325
543.554122
581.732397
574.790893
547.024875
527.935737
524.464985
527.935737
518.391169
492.360527
464.594509
461.123757
479.345206
484.551334
445.505372
365.678070
275.438512
194.743522
127.931541
76.737946
42.898112
24.676662
-4.824732
-66.430584
-152.331702
-222.614435
-249.512765
-246.909701
-246.042012
-258.189645
-265.998838
-262.528086
-262.528086
-272.072654
-272.072654
-249.512765
-221.746747
-217.408307
-252.115829
-302.441736
-331.075442
-311.986305
-268.601902
-243.438948
-260.792710
-304.177113
-340.620011
-353.635332
-351.899956
-357.973772
-391.813607
-440.404138
-469.037844
-443.874890
-370.121405
-306.780177
-292.029480
-320.663186
-357.106084
-375.327533
-373.592157
-334.546195
-260.792710
-167.950087
-90.725850
-36.929190
-1.353979
25.544350
53.310368
84.547138
119.254661
139.211486
146.152991
155.697559
169.580568
171.315945
145.285303
116.651597
124.460789
166.109816
207.758843
211.229595
199.081962
175.654385
176.522073
159.168312
188.669706
242.466365
357.868877
445.505372
485.419022
515.788104
561.775572
588.673902
395.179464
91.488643
-153.199390
-42.135318
196.478898
399.517904
306.675282
105.371652
-115.888803
-121.962620
-28.252309
190.405082
341.382804
396.914840
149.623743
-222.614435
-446.477954
-225.217499
219.038788
491.492839
295.395337
-181.833096
-633.030887
-813.510004
-769.257913
-587.911108
-412.638120
-309.383241
-315.457057
-379.665974
-413.505808
-319.795498
-107.211923
68.928753
13.396718
-258.189645
-517.628375
-557.542026
-397.887423
-223.482123
-163.611647
-239.968196
-384.004414
-550.600522
-640.840080
-616.544814
-463.831716
-308.515553
-211.334490
-173.156215
-149.728638
-158.405518
-221.746747
-289.426416
-285.087975
-192.245353
-63.827520
35.956607
94.959395
140.079174
194.743522
222.509540
195.611210
134.873046
103.636276
119.254661
178.257449
267.629319
370.884198
460.256069
516.655792
538.347994
552.231003
604.292287
696.267221
771.756082
765.682266
694.531845
602.556910
534.877242
520.994233
593.012342
711.885606
799.522100
806.463605
760.476137
717.091734
713.620982
766.549954
856.789512
926.204557
894.967787
750.063881
542.686434
368.281134
280.644640
267.629319
274.570824
265.893943
237.260237
190.405082
115.783909
15.132094
-76.842841
-133.242565
-161.008583
-180.097720
-199.186857
-216.540618
-236.497444
-257.321957
-268.601902
-272.940342
-292.029480
-329.340066
-350.164580
-327.604690
-278.146471
-265.998838
-318.927810
-403.961239
-459.493275
-441.271826
-380.533662
-354.503020
-420.447313
-557.542026
-682.489107
-740.624207
-729.344262
-675.547602
-603.529493
-536.717513
-511.554559
-539.320577
-587.043420
-607.867934
-587.911108
-550.600522
-528.040632
-534.114449
-554.938962
-567.954283
-556.674338
-539.320577
-554.938962
-620.015566
-697.239804
-728.476574
-692.033675
-614.809438
-532.379072
-463.831716
-399.622799
-342.355387
-291.161792
-256.454269
-227.820563
-187.039224
-124.565684
-41.267630
35.956607
87.150203
105.371652
117.519285
136.608422
158.300624
162.639064
162.639064
190.405082
271.100071
379.561079
474.139078
523.597297
536.612618
546.157187
579.997021
626.852176
633.793681
577.393957
475.874454
406.459409
395.179464
431.622363
447.240748
442.902307
410.797849
375.222639
324.029043
278.909264
255.481686
261.555503
304.939906
364.810382
426.416234
436.828491
401.253280
325.764419
256.349374
213.832659
217.303412
239.863301
250.275558
214.700348
144.417615
61.119561
-3.957044
-38.664566
-53.415263
-62.092144
-79.445905
-104.608859
-140.184069
-174.023903
-192.245353
-186.171536
-174.891592
-178.362344
-203.525298
-233.026692
-247.777389
-259.925021
-292.897168
-357.106084
-421.315001
-460.360963
-480.317789
-483.788541
-455.154835
-377.930598
-284.220287
-221.746747
-212.202178
-233.026692
-249.512765
-228.688251
-161.008583
-56.018327
59.384185
147.020679
198.214274
216.435724
221.641852
238.127925
296.263025
400.385592
521.861921
600.821534
617.307607
605.159975
608.630727
632.058305
645.073625
628.587552
574.790893
496.698967
413.400913
344.853557
291.056897
238.995613
199.949650
189.537394
204.288091
217.303412
223.377228
242.466365
281.512328
319.690603
334.441300
331.838236
331.838236
349.191997
381.296455
422.077794
441.166931
429.886986
375.222639
303.204530
224.244916
150.491431
75.002570
22.941286
18.602846
68.928753
118.386973
115.783909
48.971928
-26.516933
-62.092144
-43.003006
-7.427796
-8.295484
-73.372088
-180.097720
-288.558727
-370.989093
-413.505808
-424.785753
-424.785753
-446.477954
-495.936174
-557.542026
-602.661805
-614.809438
-606.132558
-619.147878
-677.282978
-747.565711
-779.670170
-779.670170
-802.230059
-891.601929
-1016.549010
-1100.714752
-1091.170183
-1008.739817
-929.780204
-910.691067
-950.604717
-997.459873
-1013.078258
-1005.269065
-996.592185
-965.355414
-873.380480
-733.682702
-617.412502
-571.425035
-559.277402
-520.231440
-430.859569
-329.340066
-261.660398
-233.894380
-206.996050
-139.316381
-34.326126
49.839616
53.310368
0.381397
-29.119997
22.073598
120.990037
213.832659
278.909264
333.573612
388.237960
441.166931
478.477518
493.228215
484.551334
467.197573
477.609830
527.935737
594.747718
640.735185
650.279754
657.221258
699.737973
789.109843
892.364723
948.764447
932.278373
868.937145
806.463605
756.137697
725.768615
725.768615
767.417642
791.712908
755.270009
668.501203
595.615406
576.526269
605.159975
643.338249
652.015130
621.646048
579.997021
557.437131
569.584764
587.806213
586.938525
558.304819
531.406490
507.111224
485.419022
447.240748
406.459409
337.044364
242.466365
142.682239
87.150203
73.267194
55.045744
16.867470
-29.987685
-49.944511
-73.372088
-113.285739
-182.700784
-246.909701
-285.955663
-301.574048
-311.118617
-344.090763
-404.828928
-462.096340
-469.037844
-432.594945
-411.770432
-448.213331
-517.628375
-582.704980
-618.280190
-648.649272
-666.870722
-683.356795
-675.547602
-661.664593
-658.193841
-693.769052
-731.947326
-725.005822
-654.723089
-574.028099
-528.040632
-521.966816
-522.834504
-519.363751
-490.730045
-449.948707
-419.579625
-423.918065
-427.388817
-386.607478
-304.177113
-233.026692
-188.774601
-157.537830
-119.359556
-75.975153
-34.326126
2.116773
32.485855
46.368864
51.574992
57.648809
81.076386
124.460789
197.346586
295.395337
400.385592
488.022087
542.686434
550.495627
513.185040
454.182252
422.945482
448.976124
514.052728
570.452452
585.203149
564.378636
531.406490
501.905095
479.345206
467.197573
461.123757
459.388381
457.653004
457.653004
453.314564
439.431555
414.268601
383.899519
357.868877
333.573612
293.659961
219.038788
127.931541
34.221231
-46.473759
-111.550363
-140.184069
-137.581005
-119.359556
-106.344235
-103.741171
-112.418051
-125.433372
-136.713317
-150.596326
-181.833096
-227.820563
-279.881847
-331.075442
-380.533662
-419.579625
-444.742578
-469.037844
-515.892999
-580.969604
-623.486319
-614.809438
-558.409714
-490.730045
-440.404138
-422.182689
-431.727257
-443.007202
-442.139514
-436.933386
-443.874890
-441.271826
-394.416671
-308.515553
-223.482123
-168.817775
-147.125574
-137.581005
-102.873483
-23.046181
92.356331
175.654385
193.008146
158.300624
117.519285
85.414827
60.251873
56.781121
94.091707
148.756055
177.389761
158.300624
122.725413
119.254661
160.036000
208.626531
233.789485
238.127925
246.804806
268.497007
304.072218
341.382804
372.619574
399.517904
432.490051
455.049940
446.373060
413.400913
393.444088
384.767207
359.604254
293.659961
215.568036
162.639064
140.079174
128.799230
96.694771
22.073598
-98.535042
-226.085187
-295.500232
-273.808030
-193.980729
-129.771812
-125.433372
-172.288527
-236.497444
-293.764856
-343.223075
-371.856781
-364.047589
-317.192433
-260.792710
-223.482123
-217.408307
-244.306636
-293.764856
-330.207754
-319.795498
-256.454269
-185.303848
-140.184069
-133.242565
-139.316381
-161.008583
-206.996050
-269.469590
-297.235608
-261.660398
-183.568472
-116.756492
-82.916657
-79.445905
-99.402730
-112.418051
-91.593538
-37.796878
20.338222
68.061065
117.519285
178.257449
234.657173
264.158567
259.820127
246.804806
255.481686
304.072218
390.841024
494.095903
586.070837
633.793681
625.984488
566.114012
488.022087
421.210106
400.385592
424.680858
451.579188
422.945482
334.441300
238.127925
199.081962
238.127925
324.896731
408.194785
444.637683
417.739354
338.779740
244.201742
166.109816
130.534606
136.608422
167.845192
199.949650
206.891155
170.448256
106.239340
41.162735
3.852149
-17.840053
-38.664566
-70.769024
-118.491868
-178.362344
-235.629756
-267.734214
-266.866526
-252.983517
-269.469590
-317.192433
-370.121405
-390.078231
-384.872102
-373.592157
-370.989093
-379.665974
-403.093551
-436.065698
-455.154835
-441.271826
-402.225863
-346.693827
-283.352599
-229.555939
-198.319169
-180.097720
-167.082399
-168.817775
-203.525298
-241.703572
-233.026692
-163.611647
-89.858162
-62.092144
-76.842841
-100.270418
-107.211923
-120.227244
-162.743959
-240.835884
-314.589369
-337.149259
-294.632544
-226.952875
-194.848417
-204.392986
-211.334490
-187.906912
-157.537830
-165.347023
-190.509977
-183.568472
-116.756492
-21.310805
44.633488
60.251873
35.088919
-3.089356
-46.473759
-82.916657
-87.255097
-38.664566
50.707304
128.799230
151.359119
127.063853
102.768588
117.519285
155.697559
182.595889
195.611210
214.700348
246.804806
