6.252313  2.607601  -0.338438  0.575480  1.633508  0.922052  0.540304  0.410363  0.294891  0.148511  0.049644  0.012951
3.773243  2.258881  1.097373  1.437012  2.225221  1.760499  0.276604  -0.726925  -0.706388  -0.312008  -0.083086  -0.075938
3.596669  2.883725  2.156916  1.621737  1.225639  0.784095  0.331526  -0.008422  -0.177213  -0.205092  -0.146045  -0.071690
3.976762  3.476689  2.793714  1.997956  1.185211  0.408120  -0.190892  -0.484155  -0.467769  -0.267634  -0.072049  -0.060554
4.960540  2.801184  0.521642  0.195876  0.783831  0.784270  0.397220  0.133168  0.126558  0.137942  0.058223  0.012311
4.016566  2.868542  1.394596  1.038453  1.374906  1.702260  1.798897  1.350191  0.886981  0.343763  0.070331  0.007703
4.257261  3.053376  1.574045  0.710829  0.463325  0.226205  -0.176352  -0.452714  -0.385016  -0.193007  -0.154282  -0.075764
4.598142  2.904114  1.047501  0.625067  1.044937  1.203858  1.012035  0.683655  0.389227  0.167856  0.060702  0.009617
4.172766  3.067167  1.529774  0.416626  0.097683  0.215715  0.373591  0.422262  0.283638  -0.050805  -0.360876  -0.141594
3.926451  2.576976  1.673124  2.300679  3.201073  2.603327  0.864507  -0.294301  -0.259542  0.122885  0.155702  -0.000707
5.502059  3.010060  -0.108376  -1.424062  -0.731266  0.287269  0.414314  -0.099127  -0.359977  -0.353798  -0.345392  -0.107137
4.003174  3.106792  1.994206  1.291521  1.032976  0.842504  0.638704  0.520514  0.427910  0.235961  0.007210  -0.012751
5.733827  1.721761  -1.687437  -0.727747  0.557421  0.872004  1.079158  0.610167  -0.061444  -0.225474  -0.052047  0.033944
3.700062  2.859187  2.031574  1.867176  2.107017  2.116018  1.586426  0.814714  0.265401  0.049959  0.035858  0.014640
4.339679  3.530341  2.220800  0.877803  -0.115384  -0.688553  -0.854336  -0.661051  -0.288290  -0.022160  -0.028985  -0.026359
3.472540  2.883386  2.325113  1.923941  1.651076  1.328549  0.929992  0.557272  0.301658  0.154936  0.071189  0.004461
4.981879  2.335753  -0.980110  -0.262366  1.066471  1.675736  1.377821  0.443362  0.291823  -0.031673  0.044930  0.008864
4.590922  2.225866  0.023047  0.327609  2.069479  2.497670  1.058129  -0.448393  -0.780544  -0.534009  -0.261118  -0.071298
4.075084  3.495875  2.678658  1.868854  1.187392  0.610770  0.221410  0.078438  0.093253  0.113784  0.060724  -0.001598
4.226784  3.610230  2.781119  1.856022  0.841515  -0.145819  -0.795667  -0.963152  -0.760151  -0.394471  -0.111263  -0.065904
4.272125  2.577473  0.737077  0.236230  0.803652  1.217053  0.940453  0.296432  -0.188592  -0.317085  -0.267710  -0.080606
4.565972  2.725633  0.422057  0.579232  1.786817  2.567526  2.220802  1.156885  0.525678  0.107419  -0.050472  -0.006113
4.313469  3.563467  2.403752  1.310330  0.517769  -0.070363  -0.427393  -0.417518  -0.133712  0.072260  0.003703  -0.015000
4.327873  3.326025  1.835342  0.730280  0.421455  0.614664  0.918232  1.052188  0.858778  0.360062  -0.122226  -0.073175
4.682399  2.996351  0.760435  -0.440252  -0.168967  0.691999  1.211304  1.062125  0.498161  -0.027310  -0.354235  -0.167333
4.886156  2.055815  0.298777  1.913715  3.840216  2.767882  0.229370  -0.854902  -0.457291  -0.098800  0.050027  -0.043080
4.870217  3.647323  1.584900  -0.206814  -0.918372  -0.709313  -0.230272  0.061936  0.114629  0.004721  -0.222113  -0.111115
4.013964  3.542274  2.925527  2.292665  1.724765  1.154291  0.606761  0.174912  -0.078281  -0.156890  -0.114413  -0.054700
5.794846  2.784289  -2.690393  0.597012  1.359849  1.023680  1.399321  0.175093  0.601367  -0.214719  0.078482  -0.017489
4.303152  2.942181  1.546226  1.553650  2.669164  3.216177  2.320605  0.755665  -0.195797  -0.254005  -0.011746  0.045778
4.395688  3.509822  2.308561  1.189083  0.186401  -0.757485  -1.325001  -1.221226  -0.647741  -0.147937  -0.055584  -0.038419
3.598933  2.933196  2.234493  1.811468  1.660585  1.516001  1.270665  0.960087  0.665747  0.388288  0.172242  0.039231