214.446682
372.193067
419.889612
401.506568
396.041339
452.432567
566.457119
710.292011
880.210952
1091.119111
1324.633444
1509.705974
1572.059270
1502.501809
1358.666916
1194.461624
1014.109064
804.691423
596.267459
463.611444
459.636732
559.749792
697.374197
839.221734
1002.184928
1181.295390
1315.690342
1330.098673
1209.863633
1001.688089
752.771747
471.809288
158.055455
-147.997374
-368.842312
-450.572329
-409.334691
-298.788012
-151.226827
32.603606
228.606594
371.944648
412.933866
358.778414
244.257023
78.312794
-141.786886
-388.467453
-608.815553
-763.084064
-849.285632
-881.828587
-875.369680
-833.386784
-763.332484
-684.831921
-638.874313
-656.263678
-738.242114
-861.209768
-1015.478280
-1208.748654
-1428.599915
-1618.640835
-1727.200158
-1750.303172
-1710.804471
-1604.480923
-1405.000062
-1129.751252
-846.304598
-606.331358
-401.385267
-202.152825
-16.335037
123.276724
206.745678
271.831588
367.969935
512.550087
684.207964
859.592133
1043.919405
1250.107593
1458.034717
1612.800068
1667.700778
1620.004234
1488.838736
1285.631582
1015.599581
718.489855
465.101961
312.820806
280.526270
346.357439
481.497649
646.696619
808.417715
923.932785
956.227320
880.210952
696.628939
436.533718
157.310196
-85.395659
-267.735574
-395.920038
-463.241724
-440.387129
-304.004822
-77.694654
177.183757
399.022373
546.831978
609.185274
588.814874
494.912302
335.426981
128.245114
-96.822956
-316.922636
-517.894014
-683.092984
-790.907049
-824.692101
-786.683917
-699.488672
-607.076616
-552.921164
-554.411681
-596.642997
-672.410946
-783.206044
-917.600996
-1049.511752
-1165.523660
-1264.394623
-1328.486855
-1325.257401
-1243.278965
-1087.271517
-874.872841
-632.912245
-400.143170
-206.872796
-64.280001
11.239528
14.965821
-16.335037
-18.819232
34.590962
127.499856
252.951705
430.323231
658.372335
893.128766
1084.163364
1207.131019
1251.349690
1212.844667
1095.839081
923.932785
729.171894
548.074076
406.971798
324.993361
312.572386
383.123525
533.665744
718.986694
870.771011
930.391692
891.886669
772.893726
587.821196
331.700688
13.723723
-317.171055
-592.668285
-763.084064
-819.972131
-772.772425
-630.924889
-407.844174
-139.799530
123.525144
334.930142
466.592478
512.798506
478.019776
369.708872
199.293093
-5.652998
-207.121215
-373.313863
-484.854220
-529.321312
-509.944590
-455.043880
-405.111560
-379.275931
-375.052800
-384.741160
-408.837852
-454.547041
-530.563409
-645.084800
-782.709205
-910.148411
-989.891071
-1002.560466
-946.666078
-833.138365
-688.806633
-535.780219
-376.294897
-200.413889
-29.501270
96.447418
154.577582
165.259621
154.577582
136.939797
119.550432
128.990373
204.013063
368.963614
610.427371
874.994142
1108.011637
1277.682158
1375.807862
1385.496222
1285.631582
1078.201296
817.112398
579.623353
428.584294
381.136169
422.373807
519.257413
640.982970
764.944302
866.796299
916.728619
884.930923
762.708527
559.501373
295.928279
0.309070
-288.354393
-528.824473
-701.724447
-800.843829
-822.456326
-761.096708
-629.682791
-456.782817
-277.423935
-124.397521
-17.825554
33.597284
31.113089
-30.246529
-147.003696
-297.049076
-446.846036
-572.794725
-668.933073
-732.528466
-752.153606
-719.610651
-638.625893
-534.538121
-444.858680
-404.614721
-437.406095
-541.245448
-692.781345
-849.285632
-965.794379
-1011.006729
-982.686906
-901.702148
-788.174434
-649.556351
-491.809967
-336.547777
-209.853830
-118.932292
-51.610606
0.060651
23.412084
9.252172
-29.749690
-62.789484
-65.025259
-27.762334
54.712941
191.095249
378.155135
597.012718
818.602915
1010.382772
1140.057753
1184.028005
1140.057753
1018.332196
844.686963
662.843886
528.697354
475.287161
499.135433
580.368611
702.839426
843.444865
963.431486
1023.300586
998.707055
887.166698
702.342587
470.815610
223.141365
-12.857164
-207.866474
-333.566743
-375.549639
-352.943464
-301.769046
-250.346209
-206.127537
-155.946798
-93.096663
-24.532880
27.883635
41.049869
5.277460
-73.223103
-175.571938
-284.379681
-383.250643
-461.502787
-510.938268
-532.550765
-527.582375
-491.313128
-422.004086
-340.770908
-288.354393
-297.297495
-379.027512
-522.613985
-699.240252
-864.190802
-980.202711
-1030.135031
-1009.019373
-907.912635
-733.025305
-517.645595
-309.966890
-138.557432
-18.073973
35.336220
19.685791
-39.686470
-100.300829
-140.296369
-156.195217
-146.258437
-106.759736
-43.661182
33.348864
126.009339
244.257023
383.371945
522.486867
640.734550
727.681377
775.377921
775.129502
728.426635
647.193458
552.545627
469.325093
426.845358
442.247367
513.792184
618.873634
721.967728
788.544155
796.493579
746.312840
647.690297
507.333277
331.700688
133.213505
-60.802128
-224.013742
-341.516167
-411.570467
-434.176642
-407.347335
-332.324645
-218.796932
-79.682010
64.152883
184.387922
245.747540
229.103433
149.609192
40.056191
-72.229425
-179.049811
-274.194481
-342.758264
-366.606537
-337.541455
-272.455545
-195.445499
-124.397521
-76.452556
-78.191493
-157.188895
-312.451085
-506.715137
-690.545569
-821.462648
-873.382324
-834.132043
-712.903325
-529.818151
-315.680538
-111.976546
49.247712
151.099709
191.592088
169.979591
103.651584
27.138377
-29.998109
-66.018937
-89.867210
-90.115629
-47.139055
45.769839
173.705884
307.603996
423.864324
509.072214
562.979246
591.547489
597.012718
586.827518
564.469763
531.429969
488.701814
444.234723
410.946510
396.041339
399.270793
412.933866
430.820070
452.184147
470.070351
462.120927
404.984442
291.456728
137.685056
-33.475982
-203.394923
-360.892888
-498.268874
-601.859807
-647.568995
-620.988108
-540.500189
-436.660837
-322.636285
-206.375957
-115.205999
-83.656722
-103.778702
-140.793208
-173.833002
-216.809576
-273.697642
-325.120480
-348.720332
-347.726654
-326.610997
-280.156549
-206.127537
-120.919648
-55.336899
-31.737046
-73.719942
-185.508719
-348.223493
-512.925624
-633.409084
-685.080340
-657.257356
-553.914842
-399.149492
-228.236873
-70.987327
60.426590
154.577582
200.535190
190.349990
126.009339
24.654181
-77.943074
-141.041627
-147.252115
-113.963902
-67.757874
-17.080295
52.477166
147.621836
261.646388
377.409877
479.261873
552.297207
590.056972
600.987430
607.197917
621.606249
644.460843
672.283827
699.361553
721.470889
732.649767
738.611835
748.300196
773.638985
813.137686
845.929060
836.985958
748.051776
570.431831
328.968073
64.152883
-197.184435
-450.572329
-680.857209
-847.795115
-904.931601
-851.521408
-747.930475
-663.716263
-617.261816
-575.030500
-514.664561
-454.795461
-425.730379
-427.220896
-430.947188
-416.787276
-383.250643
-335.057260
-265.748218
-170.603548
-64.031581
23.660503
72.102307
86.510638
75.828599
30.864669
-71.235747
-229.727390
-410.576789
-561.864267
-649.059512
-665.455200
-621.484947
-526.091858
-390.206390
-235.937878
-90.860888
24.654181
100.173711
133.213505
125.512500
83.529604
17.698435
-56.578996
-109.492350
-114.709160
-68.999971
4.780621
87.752735
180.661630
285.246241
394.053983
495.905980
586.082260
665.824920
742.834966
819.845013
898.345576
964.673583
1007.650157
1023.549006
1018.829035
1001.936509
979.330334
958.711515
942.812667
928.155916
903.313966
861.827909
792.022028
678.494315
506.588019
283.010465
32.603606
-211.344347
-422.252506
-583.228344
-687.812955
-737.496856
-740.974729
-722.840105
-716.878037
-737.496856
-769.791391
-795.875439
-818.730033
-844.317242
-861.706607
-847.298276
-794.384922
-708.680193
-595.897739
-465.477499
-339.031972
-242.396785
-189.235011
-180.291909
-209.853830
-271.461867
-352.943464
-441.132388
-519.881370
-575.030500
-599.624031
-600.866129
-592.668285
-579.253632
-548.946452
-493.548903
-419.023052
-332.573065
-233.702102
-128.372233
-43.164343
-4.659320
-10.869808
-34.718080
-56.330577
-69.496810
-64.776840
-32.979143
24.157342
93.963223
171.470108
254.442222
330.458590
389.334013
439.514753
492.924946
545.589881
587.075938
622.848346
664.582823
716.999338
777.365277
844.686963
916.480199
984.547143
1045.409922
1097.826437
1129.624134
1121.177870
1066.028741
971.132490
841.457509
667.067018
451.190469
216.434038
-3.665642
-194.451821
-355.924498
-481.127928
-557.641135
-579.750471
-570.807369
-566.832657
-591.177768
-634.154342
-673.901463
-696.507638
-702.966545
-686.074018
-625.708079
-516.651917
-379.524351
-247.862014
-137.563754
-52.604284
2.544846
17.698435
-13.602422
-78.936752
-152.468925
-214.822220
-263.264023
-308.724792
-358.160274
-410.079950
-450.572329
-462.744885
-431.692447
-360.892888
-268.480833
-183.272943
-129.614330
-112.473385
-117.441775
-118.187033
-101.542926
-75.210459
-55.833738
-51.362187
-48.877992
-30.246529
10.991109
68.127595
135.697700
216.930877
309.094513
385.607720
423.367485
427.093777
432.310587
465.847220
527.703676
603.471625
678.742735
751.529649
820.838691
885.676181
936.850599
967.654617
988.273436
1013.115386
1030.753171
1005.662801
916.231780
778.358955
612.663147
427.590616
219.911911
7.264816
-179.546650
-320.648929
-418.526213
-489.325772
-540.997028
-576.272598
-597.139836
-616.019718
-644.587961
-679.615111
-702.966545
-700.233930
-671.168848
-621.484947
-552.424325
-460.012270
-347.478235
-234.944200
-149.487891
-108.250253
-103.530282
-126.633296
-180.291909
-272.952384
-392.939004
-507.957234
-590.184090
-636.638537
-664.958361
-690.297150
-706.444418
-693.526603
-646.575317
-586.954636
-529.818151
-469.700631
-393.684263
-304.998500
-215.815898
-135.079559
-68.999971
-27.017075
-9.876130
0.309070
22.169986
59.681331
100.422130
138.181895
173.705884
212.956165
260.155871
310.336611
351.574248
368.963614
369.957292
375.174101
399.519212
440.756850
495.160721
572.916026
677.003798
789.040994
878.720435
934.863243
964.922003
974.113524
956.724159
910.518131
844.190124
763.453785
664.582823
535.901520
375.174101
193.827863
21.673147
-118.187033
-220.039030
-290.093330
-333.069904
-350.956108
-356.421337
-363.625503
-380.269609
-405.856818
-432.934544
-448.833392
-439.393451
-404.366301
-351.452947
-285.373359
-205.133859
-115.205999
-32.482304
25.399440
48.254034
29.870991
-27.017075
-110.734448
-204.885440
-298.042754
-376.543317
-427.469315
-444.858680
-450.820748
-468.706953
-500.256230
-519.384531
-496.778357
-431.195608
-342.758264
-262.021926
-202.649664
-162.405705
-129.862750
-102.536604
-88.625112
-91.606146
-99.307151
-90.115629
-55.833738
-10.621388
29.870991
56.700297
66.140239
51.731907
14.468982
-29.252851
-58.566352
-63.037903
-46.890636
-7.391934
67.879175
180.661630
311.330289
425.851680
507.084858
560.495051
598.751654
625.332541
632.536707
619.370473
591.050650
555.278241
515.531121
468.331415
408.462315
335.426981
254.193803
176.935337
114.582042
74.834921
49.496132
24.654181
-3.168803
-30.494948
-57.075835
-89.121951
-128.123813
-169.858290
-205.879118
-226.746356
-223.268483
-189.235011
-130.359589
-62.044225
-10.621388
3.538524
-29.749690
-95.084019
-168.119353
-229.975810
-274.691320
-305.495339
-320.152090
-315.183699
-297.297495
-283.882842
-285.621779
-297.049076
-307.979534
-315.432119
-314.190021
-292.329105
-240.906268
-170.603548
-104.027121
-56.082157
-27.762334
-12.111905
-1.181447
7.264816
22.915245
50.489810
87.255896
114.085203
111.849427
78.561214
29.125733
-14.347681
-36.208597
-36.953855
-35.711758
-45.648538
-52.604284
-19.564490
70.611790
197.802576
322.757586
421.628548
489.447073
525.964740
529.691032
500.874370
455.662020
415.914900
391.818208
372.193067
340.146951
293.692504
239.537052
177.929015
101.167389
14.468982
-62.789484
-109.740770
-123.900682
-116.448097
-96.822956
-69.496810
-40.431728
-24.781300
-31.985465
-56.082157
-80.427269
-95.084019
-96.822956
-76.949395
-24.781300
58.687653
143.150285
194.573122
193.331024
144.392382
60.923429
-47.387475
-171.100387
-295.310139
-401.385267
-476.904796
-519.881370
-543.481223
-559.876911
-569.813691
-569.813691
-567.826335
-573.291564
-576.521017
-550.685389
-487.338415
-398.901072
-304.750080
-213.083283
-127.875394
-56.578996
-5.901417
22.169986
34.342542
43.782483
65.146561
96.944257
121.786207
121.537788
99.180033
71.853887
52.974005
42.540386
43.037225
64.401302
114.085203
180.413210
244.257023
293.195665
327.477556
352.319507
363.995223
357.784736
332.197527
295.928279
255.187481
213.701424
171.470108
130.977729
96.944257
76.325438
67.630756
60.178171
43.782483
22.666825
3.290104
-17.328715
-45.400119
-72.974683
-80.924108
-66.764196
-46.145377
-34.966499
-26.768656
-7.143515
35.584640
98.931613
168.737494
227.364496
265.124261
284.252563
293.195665
288.972533
252.703286
169.234333
56.700297
-46.145377
-122.161745
-189.731850
-261.525087
-317.667895
-331.082548
-306.240597
-274.691320
-259.040892
-255.066180
-247.862014
-232.460005
-210.847508
-180.540329
-132.346945
-64.280001
11.239528
74.586502
114.582042
136.442958
148.367094
153.832323
151.099709
145.137641
145.137641
153.335484
162.278586
163.769104
161.781747
157.558616
147.870255
124.518822
93.963223
71.605468
65.891819
69.121273
65.643400
56.700297
56.451878
73.095985
93.963223
96.447418
76.325438
52.725585
50.738229
75.331760
114.582042
152.093387
174.699562
171.718528
141.908187
94.460062
37.075157
-29.749690
-102.288185
-164.889900
-204.388601
-224.013742
-234.944200
-240.409429
-233.205263
-210.102249
-170.603548
-117.938614
-62.044225
-13.105583
18.940533
36.826737
46.763517
60.426590
79.306472
89.740091
68.872853
11.487948
-61.050547
-116.944936
-144.519500
-148.742632
-137.066915
-118.932292
-110.734448
-132.595364
-183.272943
-233.702102
-252.581985
-231.217907
-190.477109
-156.443637
-134.085881
-107.504994
-54.591640
25.647860
111.601008
171.966947
192.337346
175.693240
135.697700
84.771701
34.590962
-7.143515
-35.960177
-53.597962
-60.553708
-54.343221
-39.934889
-28.756012
-31.488626
-43.164343
-44.158021
-16.335037
36.329898
88.249574
115.824139
116.072559
102.161067
84.523282
61.917107
27.883635
-15.838198
-58.069513
-89.867210
-111.728126
-131.353267
-149.736310
-166.628836
-181.285587
-191.719206
-189.483431
-171.597226
-144.519500
-114.709160
-91.109307
-83.905142
-91.854566
-94.338761
-70.738908
-24.781300
23.163664
60.923429
91.727447
118.805173
132.716666
129.984051
118.308334
111.352588
112.097847
119.550432
131.226149
145.882899
158.055455
168.985913
189.604732
225.377140
266.366359
294.686182
299.157733
280.774690
244.753862
199.789932
148.863933
95.702160
53.222424
35.336220
47.757195
75.828599
105.638940
127.748275
135.449280
118.308334
68.872853
-11.615066
-108.747092
-195.942338
-255.563019
-282.143905
-282.889164
-264.257701
-235.441039
-206.624376
-181.037168
-162.405705
-150.233149
-140.544788
-125.639618
-103.281863
-75.707298
-41.922245
2.793265
56.451878
107.129457
143.150285
170.228011
194.324702
206.497258
185.381600
125.015661
46.515098
-27.017075
-94.835600
-162.405705
-227.988454
-278.169193
-304.750080
-312.947924
-311.954246
-302.762724
-279.411291
-240.409429
-187.247655
-130.359589
-78.688332
-37.202275
4.532202
50.986649
87.007477
93.217964
72.102307
42.540386
22.169986
18.195274
34.094123
71.605468
123.773563
176.935337
217.179297
241.275989
255.684320
268.850554
282.762046
292.450406
299.406152
306.858738
314.062903
316.547098
311.827128
309.839772
317.540776
328.719654
325.738620
300.399831
263.633744
230.345530
200.783610
160.042811
104.148423
43.782483
-6.149837
-43.661182
-72.477844
-93.841922
-108.250253
-117.690194
-124.645940
-126.136457
-117.938614
-105.517638
-101.542926
-112.224965
-128.372233
-134.831140
-124.645940
-104.523960
-82.911464
-67.509454
-60.553708
-65.770518
-81.172527
-101.542926
-129.117491
-170.106709
-225.504259
-283.386003
-335.802518
-382.505385
-424.239862
-447.094456
-436.412417
-394.429521
-337.044616
-286.615457
-252.581985
-229.478971
-204.388601
-172.590904
-140.793208
-116.199677
-97.071375
-89.121951
-111.976546
-175.820358
-257.550375
-318.661573
-340.274069
-332.324645
-303.259563
-255.563019
-186.750816
-104.523960
-24.284461
38.317254
77.070697
100.670550
123.028305
149.360772
180.413210
216.434038
259.162193
305.368221
348.096375
379.397233
398.277115
410.698090
417.653836
410.946510
378.900394
326.483878
268.850554
213.204585
152.838645
86.262218
28.877313
-4.410900
-16.086617
-19.812910
-22.793944
-25.278139
-31.488626
-46.393797
-67.509454
-80.924108
-78.191493
-62.789484
-42.170665
-22.545524
1.302748
40.553030
103.651584
185.133181
261.646388
309.839772
324.248103
317.292357
300.399831
269.098973
209.975131
124.270402
30.864669
-46.890636
-99.058731
-132.098525
-150.729988
-152.717344
-134.085881
-103.281863
-80.675688
-76.949395
-81.669366
-77.197815
-63.286323
-61.547386
-82.166205
-116.696516
-151.723666
-185.260299
-222.026386
-255.811438
-276.430257
-280.404969
-272.455545
-257.053536
-233.205263
-196.936016
-149.487891
-99.307151
-50.616928
1.799587
69.618112
155.322840
247.238057
320.521810
357.536316
362.753126
358.529994
366.230999
380.390911
383.620364
365.485740
334.433303
293.195665
239.785472
179.916371
136.939797
126.009339
137.188217
148.118675
146.876577
141.908187
144.889221
157.310196
163.520684
145.386060
104.396842
60.426590
35.087801
30.367830
35.336220
39.807771
45.769839
59.681331
87.752735
129.487212
181.655308
237.549696
283.507304
304.374543
291.705148
254.690642
200.038351
124.021983
17.201596
-116.199677
-253.824082
-370.332829
-448.833392
-489.574191
-503.485683
-506.466717
-507.460395
-502.243586
-482.618445
-444.858680
-395.920038
-353.191884
-330.585709
-329.095192
-333.318323
-334.560421
-336.547777
-345.739298
-362.134986
-378.530673
-388.467453
-385.237999
-366.606537
-339.777230
-318.661573
-314.935280
-325.617319
-340.025650
-343.751942
-331.827806
-299.781690
-243.638882
-165.635158
-84.401981
-26.023397
-2.175125
-0.933027
1.302748
16.456338
39.310932
54.464522
56.700297
53.719263
55.706619
65.146561
81.045409
100.173711
121.040949
139.175573
157.558616
175.693240
185.878439
174.451142
137.436636
86.013799
38.814093
15.959499
30.616250
83.032765
159.545972
238.791794
313.069225
382.875106
452.680986
518.512155
572.419187
602.974786
604.216883
581.610709
544.347783
499.135433
443.489465
375.919360
299.157733
224.383462
163.769104
126.506178
115.327300
128.990373
161.781747
199.293093
224.383462
229.848691
218.421394
190.846829
144.640802
87.504316
33.100445
-12.608744
-50.616928
-77.694654
-90.115629
-99.058731
-126.136457
-174.578260
-229.975810
-277.920774
-316.674216
-351.452947
-380.766448
-399.397911
-404.863140
-399.646331
-386.231678
-362.880244
-331.579387
-296.303817
-261.276667
-231.714746
-218.300093
-226.249517
-244.384141
-255.563019
-250.594629
-231.714746
-199.420211
-155.449959
-110.486028
-75.210459
-49.126411
-20.806588
16.207918
51.483488
74.338082
80.051731
81.045409
87.007477
94.211643
92.224286
81.790667
82.535926
109.862071
158.800713
214.943521
270.589490
324.744942
373.435165
404.736022
413.679124
417.653836
445.228401
502.116467
553.787724
557.514017
506.091180
423.367485
333.936463
246.989637
169.731172
110.855749
82.039087
89.740091
125.512500
166.501718
186.872117
179.667952
153.087065
115.078881
66.140239
3.538524
-65.025259
-124.645940
-166.131997
-189.731850
-207.121215
-222.523225
-238.670492
-258.792472
-285.870198
-315.928958
-344.248781
-374.307541
-412.564145
-451.566007
-473.178504
-462.993304
-423.494603
-372.071766
-334.808840
-331.827806
-362.134986
-408.589433
-447.839714
-472.930084
-478.643733
-457.528075
-407.098916
-346.732976
-306.489017
-292.577525
-286.863876
-265.748218
-230.969488
-196.687596
-173.087743
-154.704700
-135.327979
-117.690194
-105.517638
-96.822956
-89.618790
-85.644078
-83.905142
-73.719942
-44.903280
-2.175125
44.527742
87.504316
131.722988
187.368956
264.379002
364.492062
469.573512
546.583559
577.884416
569.934992
543.850944
502.861726
443.489465
375.919360
317.292357
270.092651
220.905589
174.947981
157.310196
185.133181
240.033891
293.692504
331.203849
352.071087
355.548960
336.172239
293.195665
237.301277
184.387922
143.150285
111.601008
83.032765
53.222424
14.717401
-35.711758
-92.599824
-145.264759
-191.967626
-238.670492
-283.634423
-311.705826
-312.451085
-293.074364
-272.455545
-266.741896
-278.169193
-298.788012
-317.419475
-328.846772
-334.808840
-331.082548
-308.227953
-259.040892
-192.216045
-120.174389
-52.355865
7.513236
54.712941
82.784345
86.759057
69.618112
45.024581
30.119411
29.374152
25.399440
5.277460
-29.252851
-63.286323
-91.854566
-121.168067
-153.711022
-186.999236
-209.853830
-209.108571
-166.131997
-77.694654
44.279322
173.705884
287.978855
377.906716
447.961016
511.556409
575.151802
635.269321
676.755378
685.450061
659.862852
613.905244
559.252953
495.657560
422.870646
349.090053
287.730436
235.065501
181.406888
125.760919
77.567536
48.999293
43.534064
57.445556
77.070697
85.268540
69.866531
33.100445
-15.092939
-65.522098
-112.473385
-151.723666
-181.285587
-208.860152
-241.899946
-284.131262
-325.368899
-355.427659
-367.848634
-367.103376
-362.134986
-365.116020
-382.753804
-410.825208
-437.406095
-451.814426
-452.062846
-441.629227
-422.749345
-389.212712
-336.796196
-278.417613
-240.409429
-234.198941
-241.403107
-242.645204
-229.975810
-208.860152
-177.559294
-134.085881
-87.134595
-44.654860
-13.850842
3.041685
-0.933027
-30.246529
-77.943074
-131.601686
-175.075099
-204.637020
-220.287449
-219.293771
-189.483431
-119.677550
-14.596100
106.135779
224.880301
328.471234
405.978120
454.668342
483.485005
506.836438
528.945774
540.869910
527.952096
481.746068
406.226539
316.298679
233.574984
170.724850
124.021983
82.287506
43.782483
25.399440
43.285644
86.013799
119.302012
120.047271
94.956901
67.133917
52.477166
56.451878
72.599146
79.554892
52.974005
-8.137193
-73.968361
-110.734448
-108.747092
-79.930430
-46.145377
-18.819232
-5.156159
-4.410900
-16.335037
-43.909602
-84.898820
-134.831140
-184.763460
-223.516903
-243.887302
-249.849370
-240.409429
-210.847508
-162.405705
-118.683872
-105.766058
-116.944936
-119.925970
-92.848244
-49.623250
-21.551846
-18.073973
-24.781300
-26.271817
-29.004431
-45.151699
-68.751552
-85.147239
-90.860888
-102.536604
-132.346945
-180.043489
-231.217907
-265.996638
-268.977672
-237.179975
-186.253977
-136.818496
-100.052409
-65.522098
-18.819232
44.527742
116.320978
182.897405
234.071823
260.901129
263.385324
249.225413
235.562340
227.612916
217.427716
201.528868
189.356312
190.598410
197.057317
196.312058
187.368956
176.686918
166.998557
155.819679
140.417670
123.525144
107.129457
94.460062
86.759057
77.567536
57.445556
23.660503
-12.360325
-38.941211
-57.821094
-78.439913
-100.300829
-118.683872
-155.449959
-247.116755
-400.888428
-548.201194
-587.699895
-492.058386
-338.783552
-246.371497
-259.289311
-337.044616
-397.162136
-374.804380
-266.493477
-136.073237
-72.974683
-100.300829
-138.309013
-83.656722
89.491672
305.865060
466.095639
512.798506
462.120927
385.110881
391.818208
551.055110
831.023890
1113.973705
1293.084167
1346.742780
1312.460888
1221.290930
1089.628594
936.602179
789.537833
661.850208
533.914164
383.868784
189.853151
-56.827416
-341.516167
-625.211240
-862.700285
-1041.810748
-1175.212021
-1264.891462
-1303.148065
-1292.714446
-1252.967326
-1193.346645
-1106.151399
-989.891071
-853.260344
-695.513960
-500.256230
-257.550375
14.468982
277.048397
490.440751
633.778804
705.075202
715.011982
674.271183
590.056972
473.299805
339.898532
207.490936
82.784345
-34.469660
-148.245793
-258.544053
-353.937142
-409.583111
-394.181102
-294.813300
-120.174389
107.377876
358.529994
596.267459
775.874760
878.968854
926.168560
959.705193
1007.153318
1063.544546
1079.194974
930.391692
453.674664
-414.303081
-1505.361541
-2474.197605
-3016.994221
-3050.282434
-2714.916104
-2280.181973
-1988.040637
-1902.087489
-1871.531890
-1665.840541
-1142.172227
-298.042754
764.199044
1869.665835
2826.329343
3499.049359
3822.491553
3752.188833
3273.484450
2480.032555
1575.537143
758.982234
114.582042
-395.174780
-873.133905
-1408.974774
-2004.933163
-2565.864402
-2970.539774
-3135.490324
-3000.598534
-2525.868862
-1750.054752
-818.233194
89.740091
838.724895
1348.481716
1611.557971
1715.148904
1804.331505
1978.721997
2240.804573
2528.474358
2762.733950
2861.604913
2750.312975
2387.620500
1750.176054
803.697745
-452.311265
-1839.734193
-2986.190202
-3534.948886
-3413.471749
-2872.910909
-2319.929094
-2088.402116
-2261.798930
-2598.407357
-2671.939530
-2145.538602
-951.137629
706.565719
2449.476956
3855.779766
4632.339135
4713.075473
4218.472242
3353.475530
2353.835447
1451.078971
767.925336
238.046535
-345.242459
-1166.268919
-2236.708560
-3349.627936
-4170.157557
-4415.347607
-4003.468070
-3068.168639
-1847.186778
-585.215700
514.289023
1321.900829
1830.415553
2136.965221
2361.039613
2573.935128
2762.982370
2815.398885
2552.571050
1848.053338
754.759103
-474.172182
-1474.805942
-1921.215790
-1680.248872
-853.757183
297.667216
1473.685146
2368.740618
2715.285825
2377.435300
1476.666180
394.053983
-397.658975
-624.714401
-411.818886
-202.649664
-459.515431
-1364.507683
-2712.928748
-3984.588187
-4598.681200
-4209.656258
-2890.548694
-1060.442210
737.866576
2070.885633
2753.045590
2861.356493
2639.766296
2353.338608
2193.108029
2207.019521
2257.448680
2042.565809
1265.758022
-129.862750
-1841.721549
-3349.876356
-4207.420482
-4255.117027
-3642.514531
-2698.271998
-1760.736791
-1021.440348
-485.102640
-47.139055
394.550822
905.052902
1510.948072
2155.348264
2680.010256
2868.560659
2560.768894
1733.780366
575.897060
-535.780219
-1185.397221
-1164.033143
-569.813691
294.437762
1139.809333
1834.141846
2388.365758
2807.449461
2939.360217
2530.958554
1497.036579
141.659768
-995.356300
-1542.872886
-1583.862104
-1544.611823
-1873.022407
-2727.585499
-3833.797549
-4580.546577
-4388.518300
-3096.736882
-1064.168503
1072.239228
2735.407805
3642.138993
3855.531347
3651.082095
3305.778985
2971.406333
2681.749192
2365.511164
1835.135524
863.318426
-616.764977
-2361.911990
-3874.538347
-4649.855618
-4467.764122
-3520.292135
-2283.659846
-1226.386439
-566.584237
-223.516903
64.898141
540.124651
1249.859173
2005.551303
2510.339735
2549.341597
2091.504452
1252.094949
215.937199
-804.321702
-1586.097880
-1949.535614
-1826.071120
-1301.905968
-574.782081
159.545972
839.718573
1553.676226
2418.672938
3365.399666
4028.928160
3883.851170
2639.021038
599.993752
-1402.515867
-2551.207652
-2614.803044
-2057.846517
-1680.248872
-2049.897093
-3106.425242
-4136.372504
-4257.352802
-3031.899391
-759.854611
1770.049614
3758.399321
4770.460379
4844.737810
4332.496794
3623.507530
2949.048578
2364.517486
1794.643145
1061.805609
-31.240207
-1517.782516
-3128.037739
-4370.383677
-4799.900998
-4275.487426
-3027.427840
-1530.948750
-269.971350
496.154399
840.960670
1066.277160
1431.453830
1939.720135
2332.719790
2287.507440
1652.298769
566.705538
-619.994430
-1554.051764
-2037.972957
-2050.890771
-1692.669847
-1132.732286
-545.220160
-23.539202
462.617766
1037.460498
1823.459807
2828.068280
3808.331641
4248.531002
3586.493024
1682.854368
-885.306460
-3066.926541
-4012.411172
-3620.902034
-2557.169720
-1779.368254
-1899.603294
-2761.867391
-3532.216271
-3304.912426
-1741.111650
712.279368
3134.617947
4674.322031
4982.113796
4299.705419
3192.748111
2157.584040
1403.382427
870.274172
344.121663
-421.507247
-1559.268574
-2952.156730
-4206.923643
-4820.271398
-4454.349469
-3157.599660
-1366.743458
314.311323
1415.058143
1820.230354
1787.687399
1750.176054
1992.385070
2417.927679
2610.204375
2160.316654
1007.153318
-493.548903
-1802.719687
-2510.218433
-2505.746882
-1957.236618
-1173.224665
-438.896612
112.843105
527.206837
969.393554
1611.806390
2523.257549
3560.657396
4316.349526
4225.924827
2896.880482
507.581697
-2107.530418
-3874.041508
-4167.176523
-3223.679248
-1972.887047
-1398.044316
-1871.035051
-2878.872977
-3391.113993
-2600.146294
-498.765713
2119.824275
4177.979863
4947.583485
4403.296352
3119.464358
1837.619719
1023.052167
690.666871
517.021638
95.453740
-830.157330
-2213.357127
-3671.828032
-4627.249443
-4590.980196
-3457.193581
-1604.729343
279.532592
1560.383553
1984.435646
1785.700043
1486.851380
1520.139593
1909.164536
2252.728709
2026.666961
1000.197572
-554.660101
-2022.074109
-2827.698559
-2757.147420
-2016.857299
-1059.945371
-310.463729
64.898141
212.459326
449.948372
1042.180468
2040.330034
3240.941495
4223.937471
4467.885423
3566.867884
1536.286861
-1020.943509
-3120.088315
-3945.089486
-3369.501496
-2049.897093
-1018.459314
-1002.312046
-1918.731595
-2898.001279
-2882.350850
-1385.871760
1140.306172
3593.200351
4905.103750
4663.639992
3271.000255
1607.831678
461.872508
110.855749
269.595812
359.275253
-114.460741
-1278.057695
-2812.793389
-4099.357998
-4512.728052
-3744.118108
-1994.002705
77.815955
1672.420749
2294.711606
2021.698571
1402.637168
1048.887795
1214.086765
1644.846184
1788.681077
1207.876277
-69.745230
-1533.929784
-2519.161536
-2636.415541
-1985.804861
-1039.574972
-317.419475
-76.452556
-182.527685
-231.714746
163.023845
1122.668387
2440.285435
3690.332377
4380.193338
4083.083612
2606.478083
214.198263
-2308.004958
-3947.573681
-4055.884585
-2803.601867
-1128.260735
-167.374095
-523.856083
-1828.803735
-2949.920955
-2764.103166
-959.335472
1721.607811
3971.294836
4753.071013
3906.954184
2139.946255
483.485005
-360.396049
-351.204527
7.016397
74.089663
-528.079214
-1715.524441
-3010.286894
-3787.591521
-3585.129626
-2350.733112
-519.384531
1168.377576
2060.203594
1972.014670
1291.593650
693.896324
660.856530
1140.803011
1596.404381
1401.891910
316.298679
-1289.484993
-2631.447151
-3015.255284
-2297.571338
-962.068087
229.351852
734.637123
539.627812
100.918969
3.538524
582.852806
1752.163410
3097.106602
4104.944528
4342.681993
3551.962713
1748.933956
-632.663825
-2768.574717
-3793.553589
-3341.678512
-1848.677295
-350.210849
147.621836
-659.989970
-2105.294643
-2948.430438
-2243.664306
-35.463338
2641.505233
4445.279248
4577.438424
3224.297388
1336.060741
-45.896958
-419.023052
-13.354003
487.956556
443.986304
-369.339151
-1681.987808
-2915.887483
-3487.997600
-3079.347516
-1801.229170
-177.559294
1096.832759
1534.796344
1149.000855
422.373807
-35.711758
77.815955
557.017178
851.394290
485.472361
-552.424325
-1743.844265
-2380.295033
-2067.286459
-1010.509890
147.124997
788.047316
724.948762
273.570524
-13.602422
256.429578
1091.615950
2170.253434
3080.710915
3489.112579
3160.701995
1968.288378
40.553030
-2077.223239
-3542.401471
-3695.179466
-2548.971876
-875.121261
227.612916
41.546708
-1246.756838
-2589.215836
-2768.326298
-1267.127237
1325.378702
3689.338699
4634.823330
3843.110372
1994.869265
237.798116
-587.203056
-403.621043
209.975131
515.034282
87.504316
-988.648974
-2237.453818
-3073.882287
-3090.774813
-2238.695916
-849.534052
506.588019
1307.989337
1368.603696
936.850599
505.345921
451.687308
773.142146
1103.788505
983.553465
209.229873
-951.137629
-1871.780309
-1974.129145
-1163.536304
76.822277
1010.382772
1151.981889
567.699216
-204.637020
-542.735965
-136.321657
872.509947
2058.713077
2980.101016
3296.587464
2758.013980
1280.414772
-818.233194
-2740.254894
-3568.485519
-2906.695961
-1241.788448
296.673538
653.652365
-426.475637
-2158.456416
-3192.129971
-2535.557223
-275.933418
2448.234859
4198.847101
4172.266214
2667.092441
782.085248
-393.932682
-483.363703
78.561214
503.606984
247.734896
-693.526603
-1889.666513
-2784.970404
-2966.813481
-2319.183835
-1077.334737
251.958027
1131.363070
1306.001981
951.755769
523.232125
410.449671
667.067018
991.254470
952.749447
311.081869
-772.772425
-1769.183054
-2080.701112
-1444.001924
-157.685734
1078.449716
1622.736848
1315.193503
551.303529
-24.036041
53.222424
823.074466
1961.581051
3027.300722
3650.088417
3541.280675
2495.186145
577.139158
-1653.667985
-3266.407402
-3513.584809
-2387.002360
-697.749735
398.525534
140.666090
-1296.689158
-2839.374276
-3207.035141
-1811.165950
795.499901
3261.560314
4326.037887
3628.972760
1873.392127
242.766506
-458.273334
-259.040892
186.872117
197.802576
-472.433245
-1563.988544
-2552.946588
-2970.042935
-2605.859942
-1586.843139
-313.196343
711.285689
1137.821977
967.903037
529.442613
220.160331
221.154009
396.538178
426.100099
40.801449
-772.772425
-1702.855047
-2237.205399
-1975.868081
-943.685044
360.268931
1272.216929
1416.548660
943.806345
384.862462
246.989637
685.450061
1480.889312
2286.762181
2865.579625
3072.761491
2702.119592
1523.617466
-379.772770
-2374.084545
-3534.452047
-3290.504094
-1889.418094
-292.825944
418.647514
-235.192619
-1753.284206
-2925.327424
-2653.059648
-747.433636
1899.476175
3897.762662
4278.838181
3103.317090
1324.881863
40.304610
-266.493477
90.982189
408.710734
167.246977
-669.181492
-1733.907485
-2535.308803
-2710.941392
-2168.641616
-1122.795506
-11.118227
725.694021
888.905635
617.134698
240.530730
30.616250
42.788805
123.028305
34.094123
-390.951648
-1104.412462
-1784.336644
-1966.179721
-1369.476073
-172.839324
1040.193112
1681.115432
1569.326655
1015.599581
539.876232
501.122789
914.989682
1552.682548
2165.533464
2598.777078
2688.704938
2163.049269
820.341852
-1109.132433
-2867.445680
-3587.116982
-2917.129580
-1325.257401
133.958763
472.306127
-545.965418
-2149.761734
-3032.644650
-2274.468325
-22.048685
2598.031819
4241.575255
4225.179568
2896.632063
1270.726412
255.684320
88.994833
353.561604
429.329553
-41.425406
-981.941647
-2001.703710
-2639.148156
-2589.961094
-1856.378300
-760.599869
222.396106
744.325483
765.689561
521.244769
316.050259
317.789196
471.064029
560.246631
360.765770
-195.445499
-921.078869
-1413.446325
-1285.261861
-472.681665
642.721906
1462.257849
1599.385415
1143.287206
544.347783
240.779150
371.199389
777.613697
1231.227711
1628.698916
1957.606339
2078.089798
1643.107248
384.614042
-1454.435543
-3050.530854
-3505.386965
-2530.091994
-745.943119
650.422911
669.054374
-735.012661
-2520.900472
-3240.820194
-2090.637892
479.510293
3077.233042
4332.745213
3789.203339
2087.281320
393.060305
-445.603939
-368.345473
56.948717
169.234333
-340.522489
-1313.830104
-2291.609270
-2779.256756
-2501.523751
-1548.338115
-333.318323
649.926072
1104.036925
1049.384634
741.344449
476.032420
415.169641
508.575375
533.665744
240.033891
-445.852358
-1280.541891
-1783.094546
-1569.702193
-686.570857
386.352979
1086.150720
1173.594386
840.960670
488.701814
404.239183
615.395761
979.330334
1370.591052
1774.521165
2195.343804
2455.687444
2153.857747
965.418842
-920.085191
-2698.271998
-3415.707524
-2670.449013
-996.349978
402.500246
452.184147
-959.832311
-2793.665087
-3557.058222
-2404.391725
225.625560
2926.442403
4296.475966
3840.129338
2174.228146
472.554547
-378.779092
-284.131262
193.331024
363.498384
-116.944936
-1107.393497
-2144.296505
-2725.846563
-2564.125466
-1724.964383
-578.011534
403.990764
882.943566
795.499901
348.344795
-111.728126
-292.577525
-142.283725
106.632618
97.689516
-349.962430
-1034.606582
-1458.410255
-1207.009717
-308.227953
760.721171
1433.938026
1461.015751
1010.879611
471.809288
169.482752
224.880301
575.151802
1088.138076
1659.751354
2195.343804
2484.255687
2158.577718
958.711515
-883.070685
-2559.902334
-3152.631270
-2309.743894
-608.815553
736.376059
693.647905
-781.467108
-2605.363103
-3301.931391
-2086.663180
549.067754
3189.270238
4471.860135
3952.911792
2271.111753
578.878094
-267.983994
-180.043489
292.201987
466.592478
-9.876130
-1013.987763
-2092.873667
-2732.057050
-2618.032498
-1786.572419
-599.127192
451.438889
991.006051
932.130628
501.868048
101.664228
53.222424
356.294219
666.073340
551.055110
-122.410165
-1009.764632
-1504.367863
-1219.182273
-313.444763
626.823058
1043.919405
804.691423
226.619238
-217.554835
-233.950522
161.781747
745.567581
1284.637904
1697.014280
2054.986785
2392.588890
2474.567326
1851.779631
313.069225
-1676.522579
-3103.692628
-3137.229261
-1850.913071
-277.672354
315.553420
-588.445153
-2286.640880
-3332.983829
-2630.205054
-270.716608
2538.907978
4341.191476
4369.759719
2932.901310
1067.767677
-198.178113
-452.559685
-14.099261
419.641192
265.372680
-620.988108
-1902.087489
-2962.838769
-3240.323355
-2530.340413
-1113.107145
387.098237
1336.309161
1436.670640
893.625605
271.086329
89.988511
439.266333
908.530775
935.856921
290.711470
-713.648583
-1454.932382
-1486.233240
-858.477154
-39.934889
467.089317
472.802966
157.061777
-138.309013
-164.144641
122.034627
598.503235
1086.647559
1473.685146
1792.904208
2149.137776
2473.076809
2353.338608
1304.263045
-650.053190
-2691.067832
-3688.720559
-3103.941047
-1502.132088
-183.769782
-190.228689
-1464.372323
-2845.087924
-2958.615637
-1290.727090
1424.498084
3764.112969
4583.648912
3685.115567
1811.784091
93.963223
-661.977327
-402.130526
255.684320
500.129111
-137.563754
-1513.310965
-2963.087189
-3688.968978
-3217.965599
-1702.606627
146.628158
1466.977820
1753.653927
1145.771401
294.437762
-108.747092
168.489074
754.262264
1009.885933
572.667606
-354.433981
-1194.091903
-1452.945026
-1056.219079
-323.878382
316.298679
613.656825
579.374933
390.824530
254.442222
319.279713
619.370473
1048.639375
1428.224377
1673.414427
1891.029912
2200.063775
2407.245641
1970.275734
496.154399
-1671.554189
-3459.429357
-3835.039646
-2677.653179
-952.876565
16.456338
-407.595755
-1668.573155
-2467.241859
-1792.534487
306.113479
2774.658087
4305.915907
4167.546243
2594.057107
566.953958
-813.264804
-995.356300
-273.200803
463.859864
368.466774
-788.174434
-2464.757664
-3686.981622
-3658.413379
-2275.213583
-225.504259
1437.167479
1967.543119
1383.508866
375.919360
-226.001098
-50.120089
598.751654
1049.384634
835.992280
40.056191
-844.068823
-1328.238435
-1243.030545
-747.682055
-138.557432
335.923820
551.800368
511.556409
333.936463
212.707746
306.113479
613.408405
971.877749
1231.476130
1430.956991
1770.049614
2336.694502
2838.501899
2657.900920
1336.557580
-879.841231
-2995.878563
-3919.502277
-3291.994611
-1735.894841
-360.147630
33.845703
-548.946452
-1357.303517
-1461.888128
-433.431383
1324.881863
2855.394425
3304.040049
2493.447208
1020.319552
-180.788748
-511.435107
-119.429131
268.602134
-46.145377
-1170.492050
-2533.321447
-3305.657684
-2992.897529
-1766.698859
-320.152090
626.326219
788.047316
423.864324
51.483488
36.578318
360.268931
714.266724
782.333668
468.082995
-91.854566
-663.716263
-1046.779138
-1128.757574
-904.931601
-485.102640
-60.056869
203.019385
268.105295
252.951705
323.999683
555.278241
876.981498
1164.899703
1380.527832
1613.793746
1982.945129
2465.624224
2801.735812
2541.889012
1318.422956
-766.065099
-2968.800837
-4252.384412
-3969.683017
-2327.133259
-300.775368
955.482062
850.152192
-221.281127
-1164.033143
-1039.823392
210.720390
1802.592569
2777.639121
2686.717582
1786.196882
724.451923
23.412084
-255.066180
-431.195608
-820.468970
-1426.860978
-1979.345954
-2211.866610
-2066.541200
-1666.834219
-1168.504694
-644.339542
-92.351405
460.133571
892.631927
1071.245550
997.216538
817.360818
663.837564
522.983706
282.513626
-106.511316
-550.436969
-887.542236
-1037.090777
-1046.779138
-993.617364
-871.891807
-608.070294
-174.826680
340.395371
780.097892
1027.275298
1092.609628
1108.508476
1236.692940
1546.720480
1975.244124
2368.740618
2489.472496
1988.658777
572.667606
-1567.963256
-3536.439403
-4179.349078
-2988.177558
-614.280782
1488.838736
2047.285780
835.495441
-1176.454119
-2530.340413
-2304.278665
-655.766839
1433.689606
2861.356493
3012.643971
2001.825011
505.594340
-677.876175
-1082.054707
-762.090386
-178.304553
109.613652
-242.893624
-1154.096363
-2124.422944
-2504.753204
-1916.992659
-552.921164
898.842415
1708.441577
1610.315873
946.787379
343.376405
214.198263
515.282701
866.547879
859.840553
314.062903
-621.981786
-1545.605501
-2025.055143
-1853.645685
-1144.408003
-224.510581
574.903382
1063.792965
1233.215067
1190.735331
1078.698135
1017.090098
1074.723423
1229.488774
1368.106857
1361.151111
1189.990073
951.507349
689.424773
266.117939
-459.515431
-1307.868036
-1758.004176
-1386.120180
-339.031972
650.671331
756.001200
-312.947924
-2009.653134
-3248.521198
-3141.949231
-1611.188250
583.101226
2339.675536
2847.445001
2018.469118
523.977384
-630.676469
-781.467108
-49.126411
785.811541
870.771011
-116.696516
-1741.360070
-3090.526394
-3365.775204
-2379.052936
-636.141698
1019.574293
1907.674019
1859.480635
1236.692940
660.359691
583.349645
968.151456
1313.951405
1055.595122
36.578318
-1333.455245
-2350.981532
-2481.898610
-1669.318414
-324.126802
945.793701
1668.197617
1709.435255
1279.917933
760.969590
484.478683
536.646778
690.915290
555.526661
-62.292645
-864.439222
-1182.167767
-483.860542
1155.459762
3009.662937
4069.668959
3623.010691
1736.761400
-693.029764
-2458.298757
-2813.538647
-1952.516648
-875.121261
-685.080340
-1752.787367
-3364.036267
-4225.803525
-3460.174615
-1251.476809
1325.130283
3053.136350
3313.728409
2369.237457
1067.270838
211.962487
61.668688
277.545236
275.061041
-327.107836
-1430.090432
-2492.332229
-2871.917231
-2274.965164
-961.074409
455.910440
1416.548660
1690.803792
1386.241481
798.977774
230.593950
-155.946798
-382.505385
-582.234666
-846.801437
-1088.016775
-1054.231723
-536.277058
384.614042
1310.970371
1791.910530
1650.062994
1078.698135
448.209435
-3.665642
-315.680538
-677.876175
-1172.479406
-1618.143996
-1642.985946
-927.040937
551.303529
2424.138167
4091.033036
5000.000000
4835.794708
3551.217455
1405.866622
-977.221677
-2760.625293
-3355.093165
-2845.087924
-1951.274550
-1518.776195
-1910.533752
-2743.981186
-3163.810147
-2476.184961
-667.939395
1570.071914
3290.873815
3839.135660
3171.384034
1796.382081
425.851680
-447.591295
-750.166250
-732.280046
-706.444418
-843.820403
-1118.075535
-1350.596191
-1311.594328
-864.936061
-124.149101
541.615169
732.401347
329.961751
-384.989580
-919.588352
-917.104157
-391.696907
323.751264
848.164836
1001.439670
855.120582
618.625215
483.733424
516.773218
605.210561
502.116467
-17.825554
-955.360760
-2015.615202
-2755.656903
-2846.330022
-2223.045487
-1051.499108
387.843496
1786.942140
2871.790112
3487.622062
3650.585256
3510.476656
3230.259456
2862.598591
2284.526406
1255.324402
-363.128664
-2320.674352
-3953.038910
-4566.635084
-3954.281008
-2563.628627
-1202.289747
-519.136112
-613.038684
-980.451130
-893.752723
21.673147
1455.798942
2624.861126
2848.687099
2040.330034
765.441141
-155.698378
-207.618054
487.459717
1311.467210
1604.353805
1066.028741
-144.271081
-1570.447451
-2709.947714
-3209.767756
-2973.272388
-2162.927967
-1119.814472
-201.904406
393.805564
719.731953
985.043982
1347.239619
1751.418151
1958.600017
1732.786688
1040.689951
92.224286
-811.774287
-1474.805942
-1874.264504
-2098.090477
-2221.306551
-2213.108707
-1927.177858
-1229.864312
-173.584582
971.132490
1882.335230
2392.340470
2535.678524
2424.386586
2128.270538
1680.867012
1171.358610
761.714849
590.802230
673.277505
857.604777
835.495441
258.416934
-974.489062
-2471.961830
-3472.844010
-3363.539428
-2168.393196
-618.503913
303.380865
64.401302
-974.240643
-1787.566097
-1446.982958
200.286771
2440.285435
4193.381872
4698.667142
3927.076164
2455.190605
978.088236
-122.658584
-867.917095
-1487.972176
-2159.450094
-2846.826861
-3305.657684
-3239.826516
-2500.281653
-1210.239171
255.932739
1447.601098
2068.153018
2115.352724
1827.186100
1489.335575
1252.840207
1071.742389
779.352633
225.873979
-589.438831
-1472.818586
-2112.001969
-2253.849506
-1866.811919
-1153.847944
-425.978798
70.114951
261.397968
253.945383
217.179297
261.646388
388.091915
532.920486
630.052512
659.117594
673.277505
760.472751
952.004189
1156.950279
1232.221389
1117.451578
885.676181
650.174492
406.723378
-17.080295
-800.098571
-1844.205744
-2685.105764
-2772.301010
-1917.241078
-485.847898
813.137686
1389.222515
1138.567236
497.396497
109.116813
347.351117
1058.079317
1704.963704
1763.342287
1075.717101
-43.661182
-1022.930865
-1417.172618
-1189.123513
-669.181492
-281.647066
-282.143905
-669.926751
-1226.883278
-1621.870289
-1555.790701
-928.779873
64.898141
1011.624869
1515.419623
1450.333713
1032.492108
627.071478
450.445211
446.222079
411.443349
184.636342
-278.666032
-909.403152
-1546.102340
-1988.040637
-2094.364184
-1836.753159
-1281.535569
-544.226482
227.116077
890.892991
1356.927979
1597.149639
1609.819034
1388.974095
951.258930
387.098237
-145.761598
-513.919302
-685.577179
-689.551891
-485.102640
57.942395
1001.191250
2158.080879
3116.980163
3449.365458
2928.181340
1628.450497
-61.795806
-1555.293862
-2323.158547
-2199.197215
-1492.443727
-810.780609
-691.787667
-1224.647502
-1919.725273
-2008.907875
-1061.435888
616.886278
2165.533464
2787.575901
2251.983451
956.227320
-405.608399
-1266.878818
-1443.505085
-1123.292345
-676.634077
-427.469315
-471.439567
-630.924889
-601.859807
-216.064318
411.940188
964.922003
1142.541948
812.392427
47.011937
-903.192665
-1683.478325
-1987.046959
-1732.665387
-1107.145077
-417.035696
118.308334
464.605122
722.216148
995.974441
1274.452704
1408.599236
1213.838345
605.955820
-331.330967
-1367.240297
-2181.062591
-2464.012406
-2072.254849
-1118.323955
98.931613
1276.936899
2210.000555
2782.607511
2942.838091
2727.706800
2264.652846
1712.416289
1208.124697
842.948026
663.092306
645.702941
674.519603
544.347783
41.298288
-898.224274
-2045.673962
-2920.607453
-3033.886747
-2214.102385
-802.582766
437.278977
751.281230
-48.132733
-1361.775068
-2188.018337
-1837.995257
-387.722195
1436.173801
2769.192857
3114.495968
2557.042601
1586.219181
695.635261
62.413946
-471.191148
-1163.287885
-2104.797804
-3108.909437
-3807.216662
-3862.614211
-3158.344918
-1857.868817
-337.541455
960.450452
1725.334103
1943.943266
1906.431921
1968.288378
2222.173111
2383.148949
2017.972279
929.398014
-624.714401
-2048.654996
-2755.905323
-2508.231077
-1524.738263
-325.120480
568.692894
888.905635
712.030948
353.561604
160.291230
322.757586
793.015706
1325.130283
1613.545327
1483.870346
1009.389094
466.095639
131.474568
74.089663
90.485350
-117.938614
-644.836381
-1203.283425
-1302.402807
-652.785805
547.825656
1738.748756
2395.321505
2323.776687
1631.679950
567.450797
-524.601341
-1236.074799
-1311.842748
-919.588352
-603.847163
-870.401290
-1767.444118
-2829.934335
-3377.450921
-2951.659891
-1593.302046
184.139503
1689.561695
2420.411874
2307.629420
1722.601489
1219.303574
1127.388358
1294.823103
1229.240355
541.863588
-699.240252
-2021.577270
-2900.485474
-3068.417058
-2576.546441
-1685.962520
-726.814817
49.992971
597.012718
1063.792965
1613.296907
2224.657306
2666.844022
2691.437553
2253.970807
1539.267895
769.664273
25.896279
-718.865393
-1428.599915
-1936.866219
-2061.075971
-1764.214664
-1206.016039
-634.651181
-204.885440
97.689516
351.574248
549.813012
600.490591
478.765034
315.801840
310.585030
543.354105
874.000464
1047.894117
924.678043
607.694756
307.603996
113.091525
-63.286323
-310.215309
-544.971740
-553.169584
-199.668630
402.997086
920.951751
1017.090098
576.642319
-195.445499
-883.070685
-1087.519936
-688.806633
53.719263
629.307253
590.802230
-147.003696
-1210.984430
-1976.613340
-1969.409174
-1173.721504
-20.061329
905.798161
1193.219527
825.310242
164.762782
-300.030110
-315.928958
3.041685
366.230999
585.585421
638.001936
561.737148
373.932004
94.460062
-197.184435
-372.071766
-350.956108
-213.083283
-149.984730
-274.194481
-491.313128
-590.184090
-436.660837
-87.383015
269.347393
472.802966
520.499511
547.577237
671.786988
851.394290
903.065546
624.338863
-62.789484
-1007.528856
-1864.327724
-2320.922772
-2343.280527
-2143.302827
-1887.679157
-1522.005648
-914.123123
-91.357727
739.357093
1351.462750
1645.343023
1671.427071
1579.511855
1515.419623
1508.960716
1443.377967
1144.032465
527.455257
-282.640744
-957.596536
-1129.502832
-673.156204
160.539650
929.398014
1317.429278
1243.400266
757.740137
26.889957
-601.362968
-710.915969
-165.883578
701.348909
1284.141065
1116.209480
182.648986
-1049.760172
-1909.043235
-1959.472394
-1279.548213
-365.116020
237.301277
286.736758
-15.589778
-218.051674
-6.646676
521.493189
979.827173
1030.007913
605.955820
-117.441775
-871.891807
-1393.572765
-1473.067006
-1028.644514
-220.039030
519.754252
699.361553
160.291230
-726.566397
-1319.543753
-1226.386439
-572.794725
184.387922
660.359691
761.218010
606.204239
344.866922
88.001155
-70.242069
-81.172527
-21.551846
-68.503132
-339.280391
-774.014523
-1185.894060
-1369.227653
-1166.020499
-532.550765
373.683584
1197.194239
1563.364587
1345.749102
786.059960
306.113479
154.329162
236.307599
290.711470
183.145825
-0.684608
-82.911464
53.470844
432.807426
1020.567972
1739.742434
2418.176099
2787.327481
2630.574774
2017.972279
1318.422956
883.688825
679.736413
321.763908
-480.879508
-1554.300184
-2373.836126
-2530.588833
-2056.356000
-1363.514005
-903.192665
-849.037213
-994.362622
-959.087053
-514.912980
200.535190
772.893726
821.087110
305.119801
-428.462993
-912.135767
-903.192665
-527.830795
-148.494213
-105.766058
-480.631089
-1033.364484
-1372.457107
-1254.706262
-740.726309
-107.256575
370.950970
565.960280
521.741608
373.683584
266.117939
300.151411
506.588019
807.424037
1003.178606
883.688825
417.902256
-153.214183
-471.191148
-345.490879
71.853887
379.397233
220.160331
-437.654515
-1247.502097
-1720.244412
-1574.670583
-924.308322
-159.424671
350.083731
484.478683
385.359301
295.431440
380.142491
637.256677
915.734941
1012.121708
808.169296
368.466774
-93.096663
-356.172918
-336.050938
-107.753414
158.303874
316.050259
337.662756
336.172239
485.223941
906.046580
1583.238147
2330.980853
2832.291411
2794.780066
2141.436772
1062.550868
-128.372233
-1176.702538
-1948.790355
-2395.697042
-2518.167858
-2372.345609
-2086.166341
-1827.313218
-1696.892979
-1623.857645
-1389.101214
-821.711067
14.965821
803.200906
1172.103869
952.252608
319.528132
-283.634423
-422.749345
14.717401
705.820460
1120.929451
936.353760
260.155871
-499.014132
-962.316506
-998.337334
-715.884359
-310.712148
61.171849
317.043937
429.826392
442.744206
483.236585
687.934256
1061.308770
1428.721216
1551.440451
1301.530430
737.866576
29.374152
-658.996292
-1227.876956
-1628.826035
-1848.677295
-1904.571684
-1837.746837
-1698.880335
-1527.222458
-1322.524787
-1028.644514
-576.024178
42.788805
716.999338
1247.126559
1458.034717
1319.665054
963.679905
583.101226
319.031293
228.358174
304.871382
490.689170
679.487993
764.199044
711.285689
600.490591
568.941314
694.393163
919.709653
1101.801149
1140.057753
1044.664663
911.511809
838.724895
885.676181
1053.359346
1256.318080
1310.970371
1025.536362
382.378267
-390.206390
-982.935325
-1287.249217
-1473.812264
-1805.700721
-2377.810838
-3016.248962
-3364.036267
-3085.061165
-2098.587316
-689.551891
628.313575
1431.453830
1631.928370
1482.131409
1350.220653
1428.721216
1605.347483
1594.168605
1204.398404
474.790322
-404.614721
-1231.603248
-1847.932037
-2127.403978
-1996.735319
-1499.896312
-826.182618
-205.133859
253.200125
617.879956
1000.197572
1373.820506
1563.613006
1442.135869
1082.176008
679.487993
351.822668
52.725585
-333.566743
-843.571984
-1367.985556
-1728.193836
-1841.224710
-1809.427014
-1800.483912
-1827.064799
-1712.294988
-1285.261861
-575.775759
217.676136
898.097156
1372.578408
1613.793746
1593.920186
1341.029131
1019.077454
882.198308
1049.881473
1351.462750
1428.969635
1044.913083
305.865060
-405.856818
-727.808495
-569.565271
-124.894360
314.808162
559.998212
615.395761
639.989292
799.474613
1139.809333
1555.663582
1874.385805
1955.618983
1766.323321
1389.719354
914.492843
309.839772
-551.927486
-1671.802609
-2791.926151
-3534.700466
-3685.987944
-3334.722766
-2780.250434
-2322.164869
-2054.617064
-1805.203882
-1281.535569
-333.815162
894.122444
2029.647995
2694.418587
2746.089844
2375.199525
1946.179042
1678.382817
1483.373507
1094.348564
337.662756
-726.566397
-1833.026867
-2625.236664
-2789.690375
-2202.923507
-1045.537040
237.052857
1145.026143
1410.586592
1147.510338
739.605513
547.577237
679.487993
969.890393
1126.394680
926.416980
369.708872
-299.533271
-772.027167
-928.283034
-928.531454
-1052.244367
-1456.174480
-2055.362322
-2561.889690
-2655.295424
-2196.464600
-1344.882542
-451.069168
170.724850
422.622226
448.954694
520.251091
854.623743
1460.022073
2136.716801
2602.254951
2637.530521
2168.514498
1312.212469
360.020511
-354.930820
-665.455200
-677.379336
-653.034224
-782.460786
-1016.720378
-1103.915623
-778.237654
34.839381
1170.364932
2329.738756
3219.328998
3632.450633
3516.190305
2991.528313
2283.035889
1566.097201
901.078190
281.023109
-332.076226
-1010.509890
-1819.115374
-2686.347862
-3374.718306
-3613.449449
-3289.261997
-2546.736100
-1736.640099
-1184.403543
-921.824127
-650.550029
-28.756012
1015.848001
2222.173111
3158.714639
3443.154971
2943.831769
1877.615259
677.252217
-289.596491
-891.020109
-1214.959142
-1450.460831
-1776.138800
-2226.274941
-2632.192410
-2732.057050
-2372.097189
-1618.392415
-705.947579
65.394980
454.668342
418.150675
166.501718
33.597284
214.943521
610.178952
900.581351
779.104214
165.756460
-733.025305
-1566.969578
-2072.254849
-2210.376093
-2091.631570
-1828.058477
-1482.258527
-1101.183009
-702.221286
-209.108571
493.918624
1379.782574
2205.280584
2697.648040
2803.226329
2672.309251
2438.298079
2077.096120
1506.973360
768.422175
73.095985
-344.000362
-403.621043
-213.828542
53.222424
289.717792
488.701814
707.310977
1009.389094
1417.293919
1893.017268
2343.401828
2634.549487
2631.320033
2268.875977
1600.379093
766.434819
-66.018937
-732.528466
-1112.610306
-1221.666468
-1209.245493
-1222.660146
-1248.247355
-1164.033143
-962.813345
-859.719251
-1093.482004
-1622.367128
-2072.503268
-2029.278274
-1407.981096
-571.304208
-105.766058
-380.021190
-1230.112731
-2034.495084
-2162.431128
-1416.675779
-130.359589
1062.550868
1601.621190
1309.976693
500.377531
-254.569341
-545.468579
-378.033834
-66.267357
59.432912
-147.252115
-593.910383
-1003.305724
-1048.518074
-555.902198
329.464912
1169.371254
1488.590316
1137.821977
436.533718
-90.364049
-162.405705
66.140239
210.471970
11.984787
-469.452211
-924.805161
-1027.650836
-666.200458
2.048007
674.519603
1065.531902
1030.753171
635.269321
148.615514
-134.334301
-114.709160
52.477166
138.430314
44.776161
-157.437315
-320.400509
-343.255103
-221.032708
-13.602422
227.861335
489.695492
785.563121
1133.598846
1543.987866
1973.753607
2288.749537
2303.903127
1915.126604
1190.238492
344.618502
-391.448487
-881.828587
-1118.075535
-1170.243631
-1130.993349
-1078.328415
-1042.804426
-979.705872
-766.810357
-275.436579
512.550087
1422.759148
2121.066373
2294.960025
1869.168996
1066.277160
205.006741
-579.005212
-1375.189721
-2263.537866
-3108.164179
-3625.622005
-3631.087234
-3198.588878
-2600.891552
-2079.459014
-1613.920864
-935.735620
178.177435
1601.869610
2880.733215
3535.070187
3345.029267
2456.929541
1293.581006
333.439624
-158.679412
-245.874658
-202.649664
-294.564881
-616.268138
-1048.269655
-1333.206825
-1259.923072
-830.405750
-262.767184
166.750138
303.877704
197.057317
26.641538
-54.094801
-25.526558
40.304610
82.535926
56.203458
-74.962039
-286.367037
-432.934544
-339.031972
44.279322
562.730826
922.193848
860.834231
344.370083
-385.734838
-982.686906
-1210.239171
-1025.415060
-534.289702
57.942395
534.162583
794.257804
917.970717
1077.207618
1376.553120
1768.807516
2073.866667
2096.721261
1760.112834
1165.396542
529.194193
51.483488
-170.603548
-169.609870
-67.012615
-1.926705
-57.075835
-229.478971
-436.412417
-562.112686
-520.378209
-320.152090
-60.056869
145.386060
232.084467
206.000419
131.474568
106.384198
183.642664
294.437762
254.690642
-74.465200
-632.415406
-1179.931992
-1521.757229
-1688.446715
-1850.167812
-2067.783298
-2174.355265
-1945.064063
-1359.539293
-692.284506
-292.825944
-249.600951
-279.908130
1.302748
676.258539
1431.950669
1853.021728
1763.590707
1298.052557
733.643445
313.069225
163.520684
285.991499
560.495051
797.487257
831.769149
612.414727
239.040213
-109.243931
-309.221631
-382.505385
-453.553363
-628.689113
-912.881025
-1199.308713
-1326.499499
-1171.485728
-738.738953
-161.660446
376.416199
724.948762
825.061822
745.319161
643.715585
620.115732
601.484269
410.201251
-47.139055
-690.545569
-1334.448923
-1778.374576
-1867.557178
-1545.605501
-904.931601
-167.622514
443.986304
855.617421
1184.524844
1600.379093
2114.855885
2507.110281
2488.975657
1958.600017
1100.807471
249.473832
-338.783552
-612.293426
-679.615111
-666.945717
-609.809231
-474.420601
-278.914452
-138.557432
-172.342485
-366.854956
-570.310530
-630.179630
-516.155078
-324.623641
-165.635158
-64.031581
47.508776
245.499120
521.244769
775.129502
886.918279
819.099754
664.334403
574.406543
568.692894
428.832714
-108.001833
-1007.032017
-1863.085627
-2236.708560
-2011.888909
-1434.810402
-885.058041
-617.758655
-619.994430
-657.754195
-473.923762
19.437372
711.534109
1364.380565
1720.862552
1649.814574
1265.012763
869.032074
696.132100
706.814138
660.111272
390.576110
-10.124549
-267.487155
-193.954982
112.097847
325.241781
182.152147
-295.061720
-874.624422
-1375.686560
-1765.456762
-2009.156295
-1945.809321
-1434.810402
-590.432509
214.943521
620.364151
571.922348
348.593214
320.521810
624.835702
1066.028741
1316.684020
1199.926853
773.887404
208.484614
-341.019328
-759.357772
-984.177423
-1027.402416
-967.284896
-877.853875
-770.288230
-585.215700
-237.676814
282.762046
836.737539
1193.219527
1201.417370
906.543419
502.613306
197.057317
83.529604
107.626296
148.615514
156.813357
177.183757
238.791794
281.768368
249.225413
189.853151
186.375278
207.739356
104.148423
-230.224229
-702.966545
-1032.867645
-937.971395
-375.798058
395.047661
1019.822713
1339.041775
1447.849518
1513.680686
1614.787424
1720.365713
1720.614133
1442.881128
782.333668
-119.429131
-912.632606
-1323.518465
-1377.177077
-1330.474211
-1438.039856
-1749.557913
-2057.598098
-2033.749826
-1495.176342
-565.093720
437.278977
1223.278286
1653.292447
1739.990854
1618.265297
1478.901956
1425.243343
1385.496222
1206.137341
820.093432
294.686182
-261.276667
-781.218688
-1249.737872
-1662.611087
-1995.990061
-2206.898220
-2270.493612
-2200.439312
-2001.206871
-1631.558649
-1070.875829
-432.934544
57.445556
236.556018
145.137641
-22.048685
-105.269219
-106.262897
-138.805852
-288.602813
-528.576053
-748.675733
-832.889945
-715.387520
-415.545179
-29.252851
317.540776
544.099364
641.479809
650.919750
637.505097
683.959544
853.133226
1111.986349
1308.486176
1267.993797
944.054764
461.624088
26.144699
-200.662308
-168.119353
69.618112
401.754988
729.420313
1009.637513
1229.985613
1359.412174
1337.799678
1124.158905
757.988556
355.548960
33.348864
-174.578260
-294.813300
-331.827806
-244.384141
-41.176987
175.444820
300.151411
334.681722
349.835312
366.230999
347.599536
275.309461
156.813357
-58.814772
-457.279656
-1007.777276
-1496.170020
-1659.630053
-1411.210549
-930.021971
-572.546305
-613.783943
-1003.802564
-1367.488717
-1307.122777
-736.254758
53.470844
625.580961
715.260402
398.525534
26.393118
-22.048685
379.645652
1008.146996
1466.729400
1489.335575
1109.253734
579.126514
180.164791
55.706619
128.741954
133.710344
-196.190757
-888.535914
-1667.579477
-2136.595500
-2055.610742
-1484.742723
-719.362232
-82.663044
250.964349
293.195665
165.756460
32.355186
53.222424
294.934601
633.033546
807.424037
640.237711
218.421394
-161.412027
-235.937878
25.647860
422.125387
699.361553
735.133962
590.056972
415.418061
330.955429
365.237321
462.866186
520.002672
429.081133
147.870255
-258.295633
-631.173308
-815.500580
-759.606191
-535.531799
-273.946062
-64.280001
76.573858
166.750138
215.191941
221.650848
190.101571
130.480890
57.942395
11.239528
50.738229
210.223551
458.146215
710.043592
884.682503
941.322150
886.669859
752.274908
559.749792
311.081869
16.953177
-256.556697
-393.187424
-326.114158
-128.372233
15.959499
-4.907739
-99.307151
-61.547386
192.585766
512.550087
637.256677
413.430705
-83.159883
-594.158802
-846.056179
-735.757919
-392.193746
-74.713620
14.717401
-145.016339
-389.957970
-492.306806
-315.680538
81.045409
477.026098
641.728228
488.453395
117.066237
-283.634423
-553.666423
-623.720723
-527.830795
-403.621043
-434.673481
-723.585363
-1194.340323
-1629.074454
-1815.637501
-1695.402462
-1401.025350
-1141.675388
-1032.122387
-1023.924543
-987.655296
-839.845691
-585.960958
-266.245057
98.683194
487.956556
823.322886
992.248148
950.016832
788.544155
644.212424
545.589881
392.066627
96.695838
-278.914452
-556.150618
-582.483085
-330.337289
110.607330
605.210561
1021.313230
1241.661330
1200.672112
963.679905
737.618157
717.744597
890.892991
1031.001591
922.690687
559.749792
121.289368
-196.687596
-306.985856
-226.001098
0.557490
341.389049
756.249620
1154.217664
1417.790758
1484.367185
1394.936163
1256.566500
1159.186055
1119.935773
1070.997131
896.109800
517.021638
-21.800266
-541.245448
-828.418394
-788.671273
-540.003350
-339.280391
-364.619181
-551.430647
-662.971005
-542.984384
-267.735574
-71.484166
-128.869072
-418.277793
-758.115674
-959.335472
-945.175561
-762.338806
-537.022316
-430.450349
-565.838979
-913.626284
-1267.872496
-1386.120180
-1182.416187
-775.256620
-385.237999
-182.030846
-195.445499
-322.139446
-408.092594
-344.000362
-109.243931
220.408750
484.478683
524.722642
312.820806
-2.423544
-215.070640
-241.403107
-184.515041
-209.108571
-370.829668
-571.304208
-672.410946
-627.943855
-479.885830
-278.666032
-49.126411
159.297552
268.105295
242.518086
145.137641
90.236930
142.901865
270.589490
381.633008
409.952832
380.887750
390.079271
499.632272
646.448199
689.424773
562.233987
365.734160
282.016787
413.182285
702.591007
992.496568
1142.790367
1122.668387
998.955475
853.878485
714.763563
565.960280
406.723378
252.951705
105.142101
-76.452556
-328.598353
-612.541845
-792.397566
-726.814817
-427.469315
-76.700976
130.480890
158.303874
112.594686
92.721125
110.607330
141.411348
194.324702
306.610318
472.554547
618.625215
652.161848
531.429969
285.246241
-15.092939
-290.590169
-480.879508
-579.502051
-640.364830
-730.044271
-851.769827
-924.308322
-858.228734
-637.880635
-332.821484
-46.145377
140.169251
180.164791
63.656044
-170.106709
-441.380807
-664.461522
-793.639663
-832.889945
-810.532190
-761.096708
-703.960223
-630.179630
-507.460395
-315.680538
-72.229425
176.438498
381.881428
511.059570
547.328817
477.771356
294.437762
30.119411
-228.733712
-395.174780
-470.197470
-516.403497
-561.615847
-557.889555
-443.865002
-214.822220
68.127595
299.654572
381.881428
295.183021
106.632618
-100.300829
-281.398647
-415.545179
-471.439567
-430.450349
-308.724792
-139.302691
63.407624
310.833450
610.427371
932.875887
1200.423692
1323.888185
1264.764344
1070.997131
843.444865
669.054374
575.897060
528.448935
457.152537
299.654572
54.464522
-213.828542
-417.284115
-499.014132
-444.858680
-266.245057
2.296426
291.705148
525.219481
674.271183
789.040994
940.080052
1146.019821
1341.774390
1418.536016
1294.326264
973.616685
547.080398
129.735632
-208.860152
-461.005948
-637.880635
-732.031627
-733.273724
-656.512097
-523.110824
-317.171055
3.041685
417.902256
792.767287
947.284218
790.779931
383.620364
-125.639618
-607.325036
-997.840495
-1296.937578
-1533.432945
-1713.785505
-1782.846127
-1663.356346
-1349.105674
-943.188205
-578.756793
-325.368899
-178.304553
-115.454419
-127.626974
-193.706562
-278.666032
-353.191884
-416.290437
-464.732241
-471.936406
-417.035696
-323.133124
-261.525087
-292.329105
-406.602077
-525.843439
-550.436969
-439.890290
-256.059858
-124.894360
-141.290047
-282.143905
-414.551501
-389.461131
-148.991052
235.313921
627.568317
920.703331
1073.729745
1081.927589
955.482062
744.573903
541.366749
421.876968
379.894072
340.643790
242.021247
110.110491
47.508776
136.442958
349.090053
569.686572
711.534109
790.034672
862.076328
911.263390
849.655353
637.256677
355.797380
137.933475
43.782483
13.226884
-53.349543
-179.049811
-267.735574
-190.228689
75.828599
397.035017
592.044328
577.387577
419.889612
250.219091
151.596548
127.251436
154.329162
229.351852
349.090053
455.413601
447.712596
274.315783
2.544846
-209.605410
-229.478971
-34.469660
266.614778
479.261873
433.801104
105.887359
-353.440303
-723.585363
-880.089651
-865.929739
-810.532190
-779.976591
-724.827461
-584.222022
-405.111560
-312.202665
-359.153952
-464.235402
-514.167722
-490.071030
-468.706953
-506.466717
-572.546305
-605.834519
-610.554489
-642.600605
-695.513960
-663.964683
-463.241724
-162.405705
49.744551
37.820415
-155.946798
-368.345473
-460.260690
-426.227218
-344.745620
-246.123077
-79.433591
166.004879
363.746804
358.529994
155.322840
-71.484166
-160.418349
-117.441775
-61.547386
-71.732586
-111.231287
-99.803990
-13.850842
92.721125
153.832323
146.628158
87.255896
5.525880
-77.446235
-137.315335
-135.824818
-27.513914
193.579444
456.407279
651.168170
723.706665
734.388703
794.754643
944.551603
1100.062213
1122.171548
939.831633
614.153664
289.966211
77.567536
-21.800266
-67.757874
-83.159883
-31.488626
117.811495
338.408015
572.667606
776.620019
934.117984
1040.689951
1094.596984
1094.100145
1045.161502
958.463096
832.762827
640.734550
358.529994
9.997431
-320.897348
-530.811829
-552.921164
-408.837852
-213.331703
-104.772380
-145.016339
-279.162871
-405.111560
-467.713275
-500.007810
-586.209378
-769.046133
-980.699550
-1086.277839
-1015.478280
-841.584628
-700.482350
-655.766839
-652.785805
-592.668285
-435.667159
-231.466327
-69.993649
-19.316071
-104.523960
-319.903670
-625.211240
-915.613640
-1051.250689
-950.392370
-675.391980
-394.181102
-241.403107
-226.249517
-269.474511
-296.800656
-267.487155
-150.978408
58.687653
302.138767
460.630410
437.527397
244.257023
9.749011
-113.963902
-78.936752
12.978465
17.946855
-93.345083
-215.319059
-232.211585
-137.066915
-6.149837
91.230608
142.156607
182.152147
264.875841
430.820070
669.302793
912.753907
1068.512936
1069.506614
914.989682
672.780666
433.055845
252.703286
146.628158
118.805173
163.769104
232.332887
236.804438
123.276724
-66.515776
-218.796932
-224.262161
-58.069513
194.573122
397.531856
476.777678
477.522937
500.625950
597.261137
736.127640
849.655353
879.217274
792.270448
589.063294
312.323967
33.597284
-183.521363
-305.495339
-337.541455
-322.636285
-309.718470
-296.800656
-215.319059
-2.920383
310.336611
598.751654
741.344449
704.826782
548.570915
361.759448
202.274127
78.809633
-29.252851
-144.022661
-275.188159
-430.698769
-608.318714
-768.052455
-837.361496
-768.797713
-610.802909
-483.612123
-480.631089
-585.464119
-693.029764
-708.680193
-632.415406
-564.348462
-605.586099
-752.153606
-885.803299
-893.255884
-776.250298
-641.358508
-583.973602
-605.586099
-642.352186
-650.053190
-646.326898
-656.512097
-648.065834
-559.628491
-392.690585
-225.752678
-121.416487
-46.145377
59.184492
174.947981
209.229873
126.009339
7.761655
-33.475982
7.513236
27.138377
-59.808450
-205.879118
-264.009282
-127.130135
169.731172
491.434429
731.904508
881.453049
977.094558
1019.574293
971.132490
822.080788
629.555673
473.796644
386.352979
332.694366
261.149549
157.310196
58.936073
22.418406
83.529604
244.257023
473.548225
717.496177
914.989682
1025.287942
1042.180468
997.216538
920.206492
816.615559
677.749057
511.059570
352.071087
234.817082
165.259621
122.531466
72.847565
-9.379291
-120.422809
-217.554835
-246.123077
-189.483431
-73.223103
59.432912
174.202723
240.779150
249.473832
230.842369
231.836048
258.168515
267.856876
220.905589
115.824139
-31.737046
-225.007420
-475.414279
-767.307196
-1034.358162
-1193.843484
-1209.990752
-1125.528120
-1013.242505
-893.752723
-735.509500
-523.856083
-316.674216
-188.489753
-154.704700
-159.921510
-149.487891
-124.149101
-118.932292
-164.144641
-281.398647
-493.052064
-780.970269
-1054.728562
-1192.104547
-1142.172227
-967.533316
-768.052455
-595.400900
-433.679803
-257.798794
-79.185171
66.388658
156.068099
201.777288
218.421394
197.057317
116.072559
-13.850842
-138.309013
-201.159147
-202.152825
-186.750816
-174.329841
-113.218643
73.841243
392.066627
753.020166
1049.881473
1237.189779
1330.843932
1343.016487
1254.082305
1041.186790
731.656089
409.455993
177.432176
92.224286
133.710344
232.829726
328.968073
416.908578
529.442613
697.622617
913.002326
1123.413646
1261.286471
1286.376840
1213.589926
1083.666525
919.461234
722.464567
506.339599
292.201987
82.784345
-137.563754
-365.116020
-562.857945
-679.118272
-678.124594
-557.641135
-364.370761
-164.889900
5.029041
147.621836
258.168515
293.692504
222.396106
68.624434
-108.747092
-276.430257
-448.088134
-649.804771
-873.133905
-1070.627410
-1192.352967
-1225.392761
-1189.371933
-1104.412462
-981.941647
-844.068823
-725.572719
-653.282644
-622.727045
-601.114548
-544.474901
-438.648193
-329.840450
-297.297495
-382.505385
-543.729643
-689.055052
-752.402026
-734.018983
-685.080340
-644.091122
-610.057650
-576.272598
-559.380072
-563.106364
-536.277058
-410.079950
-183.024524
72.847565
281.271529
419.392773
507.333277
573.164445
628.065156
662.347047
659.117594
612.414727
531.429969
429.577972
320.024971
220.160331
154.577582
153.335484
238.294955
399.767632
583.349645
717.496177
768.422175
765.937980
762.211688
781.588409
798.977774
768.919014
661.104950
487.211297
307.107157
190.598410
174.202723
236.059179
316.795518
344.121663
273.570524
127.748275
-1.181447
-17.080295
95.702160
262.888485
382.129847
398.525534
327.974395
225.377140
142.653446
106.881037
120.792529
169.731172
216.185619
207.987775
107.874715
-65.273679
-244.632560
-353.688723
-358.160274
-275.684998
-162.405705
-72.974683
-22.297105
7.761655
21.424728
-14.347681
-125.888038
-273.946062
-370.581249
-363.625503
-286.118618
-216.809576
-199.917050
-219.045352
-241.154687
-252.581985
-265.251379
-287.360715
-303.756402
-296.055398
-277.672354
-304.998500
-403.869462
-507.708815
-496.529937
-334.560421
-133.837462
-49.126411
-119.677550
-234.447361
-259.289311
-169.858290
-56.578996
-7.640354
-22.545524
-42.915923
-43.909602
-48.877992
-68.503132
-60.553708
14.220562
130.232471
203.516224
176.438498
68.376014
-34.718080
-52.852704
25.151020
136.194539
195.566800
158.800713
40.056191
-99.803990
-186.502397
-167.125675
-43.412763
113.339944
207.987775
189.853151
105.142101
60.923429
127.251436
275.061041
406.723378
441.253689
366.727838
232.084467
113.091525
68.872853
122.283046
248.728574
380.639330
434.049523
346.854278
136.194539
-92.599824
-213.083283
-176.317197
-37.202275
101.167389
160.291230
115.824139
0.557490
-114.460741
-155.449959
-87.134595
71.605468
258.416934
394.550822
412.437027
297.667216
105.887359
-68.751552
-150.978408
-127.626974
-46.642216
10.742689
-13.850842
-123.155423
-270.716608
-394.429521
-453.304943
-439.641871
-383.250643
-336.547777
-340.025650
-386.976936
-413.806242
-353.191884
-193.209723
6.519558
167.495396
248.480154
246.244379
165.011201
18.940533
-149.736310
-284.379681
-362.383405
-414.303081
-481.873186
-566.584237
-622.975464
-597.388256
-473.675343
-279.659710
-65.025259
125.015661
259.162193
313.566064
280.277851
174.947981
30.864669
-121.664906
-267.238735
-404.117882
-529.818151
-630.428050
-681.602467
-651.792127
-514.664561
-270.965028
39.559352
353.561604
619.370473
804.194584
885.676181
853.878485
732.649767
580.617031
453.426245
364.740482
286.736758
195.069961
95.950579
17.946855
-18.819232
-7.888773
48.750873
140.666090
243.014925
329.464912
393.805564
446.967338
501.371209
551.303529
581.362289
582.107548
557.514017
519.008994
476.280839
428.335875
368.218355
290.463050
198.299415
104.148423
21.424728
-46.642216
-109.492350
-178.056133
-248.607272
-297.049076
-290.590169
-219.542191
-111.479706
-14.099261
31.858347
12.481626
-42.915923
-74.216781
-36.457016
48.750873
104.396842
59.929751
-101.542926
-329.592031
-532.302346
-618.255494
-550.685389
-370.829668
-168.119353
-23.290783
37.323576
46.018259
56.700297
95.950579
139.423992
144.392382
93.963223
-1.181447
-128.123813
-277.672354
-425.233540
-519.632951
-517.148756
-430.201930
-333.069904
-309.221631
-371.574927
-445.107100
-429.953510
-294.813300
-99.555570
54.216102
106.632618
67.133917
-8.634032
-75.955717
-130.359589
-191.222367
-259.537731
-303.756402
-297.794334
-252.085146
-205.133859
-166.628836
-103.778702
19.437372
180.661630
304.374543
329.216493
266.614778
187.617376
154.826001
172.712206
191.592088
156.564938
54.712941
-77.943074
-194.203401
-270.219769
-297.049076
-261.525087
-154.207861
8.010075
182.897405
335.426981
458.146215
554.036144
607.446337
580.617031
454.668342
262.888485
72.599146
-66.515776
-152.220505
-212.338025
-257.301955
-258.295633
-181.037168
-36.208597
109.365232
194.821541
211.714068
195.566800
176.935337
164.514362
154.329162
150.354450
164.017523
199.541512
230.097111
214.198263
139.175573
40.801449
-25.278139
-27.762334
27.635216
105.638940
163.769104
171.966947
131.722988
66.388658
4.780621
-40.431728
-68.254713
-80.675688
-77.943074
-68.006293
-69.993649
-103.281863
-169.361451
-248.358853
-326.610997
-401.882106
-472.184826
-521.123468
-526.588697
-478.395313
-377.288575
-228.236873
-37.450694
170.724850
353.064765
465.101961
492.924946
464.108283
422.870646
382.378267
302.387187
125.512500
-157.188895
-467.216436
-688.061374
-748.427314
-666.697297
-512.925624
-351.701366
-214.076961
-106.759736
-18.570812
70.611790
174.947981
286.239919
371.944648
392.563466
330.955429
206.994097
70.611790
-29.501270
-65.770518
-40.680148
16.456338
66.388658
80.300150
59.929751
28.877313
18.692113
55.706619
148.863933
270.837910
367.473096
394.550822
358.281575
306.858738
281.519948
283.010465
281.271529
251.461188
193.827863
123.028305
52.477166
-7.888773
-37.450694
-6.398256
96.198999
236.307599
347.102697
382.129847
351.822668
304.622962
274.315783
260.155871
248.728574
233.574984
210.720390
163.272265
71.853887
-72.477844
-239.167331
-362.880244
-382.256965
-306.489017
-208.363313
-151.723666
-126.881716
-84.650400
-11.863486
48.502454
46.515098
-19.067651
-107.753414
-190.973948
-284.379681
-417.035696
-577.514695
-698.991833
-717.871715
-628.440694
-488.828932
-367.351795
-301.769046
-291.832266
-307.234275
-303.259563
-236.931556
-113.467063
2.048007
20.927889
-96.077697
-297.545915
-478.643733
-556.399037
-523.856083
-443.616583
-395.423199
-427.469315
-523.110824
-605.834519
-581.489407
-410.825208
-145.264759
103.651584
247.734896
277.545236
246.244379
219.911911
246.244379
338.408015
477.274517
621.606249
728.426635
767.180078
731.904508
644.212424
543.105686
456.904118
389.582432
334.184883
281.271529
223.389784
156.068099
106.632618
120.544110
222.396106
382.626686
536.646778
635.517741
665.328081
635.766160
551.055110
414.921222
254.939061
120.792529
45.521420
15.462660
-16.086617
-91.109307
-210.847508
-328.846772
-376.046478
-312.451085
-157.437315
20.927889
147.870255
181.158469
129.984051
48.502454
-14.844520
-54.343221
-96.822956
-156.940476
-223.765322
-288.851232
-361.141308
-439.393451
-493.052064
-480.134250
-397.162136
-294.813300
-240.906268
-265.748218
-334.063582
-384.492741
-377.288575
-328.598353
-284.131262
-284.628101
-347.726654
-460.260690
-578.508373
-644.339542
-619.497591
-514.664561
-382.008546
-274.939740
-220.039030
-211.095927
-215.070640
-187.496075
-94.338761
53.967683
206.745678
306.858738
329.961751
293.444084
234.071823
180.661630
137.188217
95.453740
52.477166
14.965821
-8.634032
-11.366647
14.468982
72.102307
153.832323
251.958027
366.976257
504.103823
650.919750
767.925336
815.870301
781.588409
686.692159
559.252953
415.418061
270.589490
151.596548
82.784345
61.668688
66.637078
81.790667
112.097847
168.737494
250.219091
343.624824
433.552684
515.531121
589.063294
643.218746
649.926072
581.610709
440.011592
258.665354
82.784345
-48.877992
-115.205999
-127.130135
-125.888038
-154.704700
-218.051674
-282.889164
-308.973212
-280.156549
-205.879118
-101.294507
14.220562
114.830461
166.750138
147.124997
54.464522
-85.644078
-231.466327
-343.255103
-407.098916
-445.603939
-491.561547
-562.857945
-652.537385
-739.235792
-794.136502
-786.932337
-699.985511
-544.474901
-366.358117
-220.535869
-138.805852
-113.963902
-119.429131
-139.799530
-182.030846
-254.320921
-348.471913
-440.387129
-505.721459
-527.830795
-502.243586
-429.208252
-317.667895
-180.043489
-31.737046
106.881037
216.682458
284.997821
310.833450
296.921957
247.486476
169.979591
71.357048
-29.252851
-102.039765
-113.715482
-66.018937
2.793265
45.769839
42.788805
12.233206
-8.385612
18.195274
112.594686
260.652710
410.201251
500.129111
501.122789
436.036879
355.300541
301.890348
288.724114
304.622962
330.210171
345.115341
336.420659
297.418796
234.320243
163.023845
93.466384
24.654181
-37.699114
-61.050547
-15.341359
88.001155
193.331024
252.951705
253.200125
205.752000
133.710344
64.152883
13.226884
-26.768656
-74.465200
-139.054271
-210.599088
-267.238735
-287.857554
-261.276667
-195.445499
-110.982867
-31.985465
24.157342
45.521420
33.348864
0.060651
-33.972821
-55.833738
-72.726264
-99.058731
-137.563754
-164.144641
-150.978408
-93.593502
-23.539202
11.239528
-17.577134
-96.326117
-190.228689
-273.200803
-331.579387
-352.446625
-318.164734
-230.721068
-116.199677
-15.341359
44.776161
67.630756
88.497994
138.181895
207.490936
250.219091
224.631882
130.729310
1.551168
-117.193355
-191.222367
-206.624376
-162.405705
-60.305289
82.535926
230.345530
344.121663
408.710734
430.074811
411.691768
354.555282
269.844232
179.419532
94.460062
9.252172
-87.879854
-184.763460
-245.129399
-231.466327
-142.780564
-18.819232
95.205321
183.394244
253.945383
313.814484
353.064765
359.275253
324.744942
251.461188
154.080743
62.165527
8.010075
5.525880
42.291966
83.281184
96.447418
70.363370
23.908923
-9.876130
-12.608744
19.437372
72.599146
121.786207
139.920831
117.811495
71.108629
25.151020
-6.149837
-23.539202
-37.699114
-64.031581
-112.721804
-182.527685
-263.264023
-344.497201
-411.570467
-444.610261
-434.176642
-388.964292
-328.349933
-267.487155
-211.592766
-164.144641
-126.881716
-103.281863
-99.555570
-117.193355
-148.991052
-178.552972
-196.687596
-194.451821
-165.138319
-112.970224
-53.846382
-11.615066
7.264816
9.997431
3.786943
-12.608744
-36.705436
-60.305289
-77.943074
-89.121951
-90.364049
-69.496810
-20.309749
40.801449
83.778023
101.415808
121.040949
178.425854
268.850554
339.401693
332.694366
240.282311
118.059915
41.049869
38.068835
72.102307
78.561214
25.151020
-69.745230
-159.424671
-201.904406
-184.515041
-124.149101
-46.890636
27.883635
100.918969
176.935337
250.964349
300.151411
299.157733
237.798116
140.417670
48.999293
-8.385612
-41.425406
-77.446235
-119.429131
-148.991052
-153.711022
-153.711022
-173.087743
-207.866474
-233.453683
-227.491615
-193.209723
-153.462603
-129.614330
-118.932292
-90.860888
-18.570812
80.300150
149.609192
145.137641
75.828599
-16.831876
-102.039765
-177.559294
-248.110433
-305.992178
-333.566743
-317.667895
-263.760862
-185.260299
-93.841922
12.233206
138.430314
279.284173
414.672802
512.550087
558.507695
562.233987
535.653100
464.605122
323.999683
121.289368
-85.644078
-228.485293
-282.392325
-269.722930
-230.472649
-179.298231
-104.275541
9.749011
155.074421
300.399831
408.959154
461.872508
455.413601
393.060305
286.488338
160.788069
52.974005
-16.583456
-55.585318
-90.364049
-136.321657
-180.788748
-194.700240
-161.163607
-92.102985
-16.335037
40.056191
68.127595
82.784345
112.594686
173.457464
245.995959
281.519948
246.492798
140.169251
-0.436188
-128.869072
-208.363313
-237.925234
-242.396785
-243.887302
-248.358853
-248.607272
-247.862014
-253.078824
-264.257701
-264.754540
-229.727390
-148.245793
-40.680148
49.744551
93.714803
100.918969
96.695838
83.281184
28.628894
-94.835600
-262.518765
-404.863140
-460.509109
-423.494603
-337.044616
-250.346209
-190.477109
-161.908866
-149.736310
-129.614330
-77.694654
2.793265
81.293828
119.302012
99.676872
48.254034
6.519558
-2.920383
1.799587
-13.354003
-64.776840
-138.557432
-199.171791
-204.388601
-133.589042
0.557490
154.577582
295.431440
418.150675
530.933130
619.618893
653.403945
616.389439
523.728964
400.016051
263.882163
125.264080
3.538524
-79.930430
-109.492350
-90.612468
-44.654860
3.538524
42.788805
84.274862
140.417670
213.701424
286.985177
339.153273
353.313185
324.496522
258.913773
167.743816
66.388658
-21.800266
-75.210459
-86.140917
-72.477844
-56.578996
-48.629572
-40.680148
-26.023397
-8.882452
7.016397
26.889957
62.910785
110.358910
152.590226
167.495396
137.685056
53.222424
-77.446235
-221.777966
-343.006684
-417.780954
-445.603939
-438.896612
-419.271471
-405.359979
-404.614721
-412.067306
-414.303081
-394.181102
-339.777230
-255.066180
-165.635158
-105.020799
-94.587180
-127.130135
-176.068777
-214.325381
-235.192619
-254.817760
-288.105974
-335.057260
-374.555961
-381.511707
-340.522489
-254.072502
-138.060593
-17.080295
80.300150
134.455602
155.074421
170.228011
193.827863
206.745678
184.636342
133.213505
83.529604
61.917107
67.879175
82.784345
96.198999
112.346266
142.405026
188.362634
235.313921
258.665354
240.530730
185.133181
118.805173
78.064375
77.567536
94.211643
84.771701
34.342542
-26.023397
-45.648538
-1.926705
86.759057
182.400566
255.932739
298.412474
322.509166
345.363761
369.460453
376.664618
349.338473
293.692504
235.810760
202.025707
198.050995
200.535190
175.693240
114.582042
46.763517
10.245850
9.997431
20.182630
15.711079
-4.907739
-32.233885
-63.783162
-96.822956
-120.422809
-117.690194
-91.357727
-58.566352
-29.998109
3.290104
44.030903
67.630756
45.521420
-26.023397
-114.957580
-182.279265
-201.159147
-174.329841
-125.142779
-76.204137
-33.972821
7.761655
39.807771
40.056191
-0.684608
-54.591640
-78.439913
-58.814772
-31.488626
-50.865348
-136.073237
-249.849370
-338.038294
-375.052800
-376.543317
-366.109698
-349.217171
-323.878382
-297.297495
-279.411291
-258.792472
-203.891762
-98.561892
37.323576
162.775425
253.200125
309.342933
345.115341
366.479418
369.460453
349.338473
306.610318
249.225413
181.158469
108.868393
42.540386
-6.149837
-32.233885
-42.667504
-39.438050
-23.290783
7.264816
44.279322
86.262218
140.666090
215.688780
300.151411
360.268931
357.536316
275.806300
145.137641
25.647860
-37.202275
-52.852704
-65.273679
-108.250253
-178.056133
-242.645204
-271.958706
-257.301955
-214.573801
-172.839324
-151.475247
-159.673090
-199.917050
-267.735574
-341.516167
